Now running MotifSetReduce.pl with arguments -m cluster9.meme -l 5 -t 0.09 -c 0.5 ...



Consensus motifs at merging threshold 0.09:

DE	motif_train1_19 (10 positions) IC= 18.222
0.001	0.001	0.001	0.997	T	1.966
0.001	0.001	0.001	0.997	T	1.966
0.907	0.001	0.091	0.001	A	1.538
0.001	0.001	0.001	0.997	T	1.966
0.001	0.997	0.001	0.001	C	1.966
0.001	0.001	0.001	0.997	T	1.966
0.001	0.001	0.001	0.997	T	1.966
0.001	0.997	0.001	0.001	C	1.966
0.001	0.074	0.001	0.924	T	1.597
0.001	0.831	0.167	0.001	C	1.327
XX

DE	motif_train4_37m (9 positions) IC= 11.137
0.056	0.202	0.729	0.013	G	0.887
0.712	0.048	0.207	0.034	A	0.806
0.596	0.029	0.352	0.024	R	0.749
0.051	0.001	0.946	0.003	G	1.671
0.954	0.025	0.011	0.011	A	1.664
0.037	0.029	0.018	0.917	T	1.461
0.887	0.034	0.057	0.022	A	1.326
0.939	0.021	0.021	0.020	A	1.569
0.022	0.167	0.778	0.033	G	1.004
XX

DE	motif_10_13mmmmmm (6 positions) IC=  8.759
0.034	0.899	0.042	0.025	C	1.372
0.030	0.035	0.008	0.926	T	1.516
0.019	0.082	0.019	0.880	T	1.326
0.899	0.030	0.038	0.034	A	1.369
0.012	0.023	0.019	0.947	T	1.618
0.008	0.934	0.022	0.036	C	1.557
XX
