Now running MotifSetReduce.pl with arguments -m cluster6.meme -l 5 -t 0.09 -c 0.5 ...



Consensus motifs at merging threshold 0.09:

DE	motif_train1_7 (10 positions) IC= 10.229
0.061	0.092	0.094	0.753	T	0.808
0.024	0.022	0.123	0.831	T	1.156
0.014	0.040	0.881	0.065	G	1.311
0.069	0.135	0.681	0.115	G	0.608
0.057	0.076	0.839	0.028	G	1.125
0.869	0.040	0.078	0.013	A	1.270
0.674	0.136	0.163	0.027	A	0.658
0.079	0.085	0.054	0.782	T	0.904
0.028	0.014	0.119	0.839	T	1.191
0.020	0.033	0.850	0.097	G	1.199
XX

DE	motif_train7_5 (10 positions) IC=  9.283
0.088	0.027	0.240	0.645	T	0.649
0.001	0.001	0.016	0.982	T	1.859
0.001	0.001	0.594	0.404	K	1.005
0.001	0.188	0.761	0.050	G	1.021
0.194	0.296	0.411	0.099	N	0.164
0.621	0.034	0.311	0.034	A	0.717
0.283	0.228	0.278	0.210	N	0.012
0.010	0.103	0.007	0.880	T	1.383
0.001	0.001	0.233	0.765	T	1.195
0.001	0.001	0.809	0.189	G	1.278
XX

DE	motif_train4_6m (9 positions) IC=  5.567
0.215	0.730	0.035	0.020	C	0.910
0.623	0.275	0.084	0.019	A	0.652
0.566	0.124	0.146	0.164	N	0.328
0.241	0.139	0.173	0.448	N	0.153
0.015	0.248	0.118	0.619	T	0.619
0.018	0.736	0.116	0.132	C	0.827
0.088	0.736	0.135	0.041	C	0.788
0.317	0.623	0.050	0.011	C	0.764
0.621	0.228	0.075	0.075	A	0.526
XX

DE	motif_train2_34mm (5 positions) IC=  5.252
0.026	0.801	0.106	0.067	C	1.002
0.063	0.064	0.828	0.045	G	1.069
0.217	0.295	0.349	0.140	N	0.075
0.014	0.037	0.946	0.003	G	1.640
0.918	0.026	0.035	0.020	A	1.466
XX

DE	motif_train2_23mm (5 positions) IC=  4.932
0.026	0.129	0.092	0.753	T	0.859
0.015	0.041	0.913	0.031	G	1.444
0.062	0.723	0.068	0.147	C	0.743
0.049	0.048	0.755	0.147	G	0.862
0.817	0.067	0.060	0.056	A	1.024
XX

DE	motif_train3_41mm (5 positions) IC=  4.118
0.118	0.182	0.036	0.663	T	0.620
0.033	0.916	0.045	0.006	C	1.476
0.716	0.063	0.122	0.099	A	0.702
0.046	0.769	0.145	0.040	C	0.916
0.553	0.177	0.226	0.044	R	0.403
XX

DE	motif_10_35mmm (5 positions) IC=  3.991
0.028	0.064	0.062	0.846	T	1.148
0.034	0.738	0.067	0.161	C	0.824
0.201	0.260	0.455	0.084	N	0.213
0.029	0.913	0.048	0.011	C	1.453
0.534	0.180	0.230	0.055	R	0.353
XX
