Now running MotifSetReduce.pl with arguments -m cluster1.meme -l 5 -t 0.09 -c 0.5 ...



Consensus motifs at merging threshold 0.09:

DE	motif_10_17mm (9 positions) IC= 13.854
0.946	0.028	0.025	0.001	A	1.637
0.893	0.031	0.067	0.008	A	1.380
0.021	0.025	0.902	0.053	G	1.393
0.066	0.911	0.016	0.007	C	1.475
0.978	0.005	0.016	0.001	A	1.825
0.913	0.012	0.074	0.001	A	1.517
0.938	0.047	0.015	0.001	A	1.608
0.045	0.098	0.853	0.005	G	1.238
0.007	0.971	0.021	0.001	C	1.781
XX

DE	motif_10_9mmm (8 positions) IC= 10.734
0.026	0.805	0.105	0.063	C	1.018
0.054	0.026	0.096	0.824	T	1.080
0.881	0.066	0.027	0.027	A	1.299
0.023	0.044	0.916	0.017	G	1.461
0.015	0.017	0.904	0.064	G	1.424
0.023	0.064	0.869	0.043	G	1.248
0.039	0.033	0.013	0.915	T	1.458
0.011	0.012	0.010	0.968	T	1.745
XX

DE	motif_train1_73 (8 positions) IC=  9.831
0.001	0.997	0.001	0.001	C	1.966
0.469	0.529	0.001	0.001	M	0.982
0.786	0.212	0.001	0.001	A	1.233
0.582	0.416	0.001	0.001	M	0.999
0.499	0.374	0.001	0.126	M	0.582
0.001	0.997	0.001	0.001	C	1.966
0.314	0.684	0.001	0.001	C	1.081
0.376	0.622	0.001	0.001	C	1.023
XX

DE	motif_train1_37 (12 positions) IC=  9.782
0.071	0.087	0.770	0.072	G	0.859
0.048	0.780	0.080	0.092	C	0.902
0.081	0.073	0.068	0.778	T	0.885
0.040	0.098	0.785	0.077	G	0.927
0.073	0.108	0.090	0.729	T	0.732
0.047	0.067	0.816	0.070	G	1.023
0.055	0.752	0.111	0.082	C	0.813
0.083	0.132	0.070	0.715	T	0.702
0.039	0.140	0.741	0.080	G	0.808
0.064	0.130	0.073	0.733	T	0.759
0.057	0.095	0.767	0.081	G	0.855
0.071	0.191	0.104	0.634	T	0.516
XX

DE	motif_train4_73 (8 positions) IC=  7.855
0.001	0.001	0.671	0.327	G	1.066
0.009	0.001	0.989	0.001	G	1.903
0.379	0.001	0.619	0.001	G	1.021
0.633	0.001	0.098	0.268	A	0.735
0.087	0.153	0.268	0.493	K	0.267
0.001	0.038	0.483	0.478	K	0.795
0.043	0.040	0.784	0.133	G	0.957
0.289	0.001	0.709	0.001	G	1.111
XX

DE	motif_10_77mmmmmmmmmmmmmmmmmmmmmm (6 positions) IC=  6.588
0.850	0.052	0.051	0.047	A	1.154
0.816	0.032	0.102	0.050	A	1.049
0.026	0.893	0.017	0.063	C	1.365
0.008	0.876	0.067	0.048	C	1.303
0.076	0.806	0.072	0.046	C	0.990
0.097	0.088	0.085	0.729	T	0.728
XX

DE	motif_10_34m (8 positions) IC=  6.121
0.111	0.132	0.697	0.061	G	0.655
0.053	0.875	0.048	0.025	C	1.265
0.682	0.147	0.132	0.039	A	0.649
0.378	0.463	0.137	0.023	M	0.439
0.729	0.052	0.156	0.062	A	0.777
0.071	0.125	0.746	0.058	G	0.801
0.100	0.799	0.080	0.021	C	1.003
0.651	0.142	0.135	0.073	A	0.534
XX

DE	motif_train3_82m (8 positions) IC=  5.522
0.747	0.130	0.093	0.030	A	0.832
0.765	0.083	0.095	0.058	A	0.848
0.617	0.149	0.100	0.135	A	0.439
0.104	0.670	0.118	0.108	C	0.563
0.100	0.185	0.694	0.021	G	0.733
0.518	0.251	0.211	0.020	M	0.420
0.816	0.085	0.065	0.034	A	1.036
0.696	0.148	0.081	0.075	A	0.653
XX

DE	motif_10_2mm (7 positions) IC=  4.760
0.044	0.787	0.048	0.121	C	0.951
0.078	0.675	0.130	0.117	C	0.587
0.123	0.686	0.081	0.110	C	0.610
0.093	0.691	0.109	0.107	C	0.620
0.224	0.179	0.098	0.500	N	0.244
0.050	0.802	0.053	0.095	C	0.982
0.061	0.735	0.075	0.130	C	0.765
XX

DE	motif_train1_28mmmmmmm (5 positions) IC=  4.385
0.036	0.848	0.047	0.070	C	1.152
0.052	0.155	0.670	0.123	G	0.603
0.061	0.204	0.060	0.675	T	0.660
0.029	0.793	0.048	0.130	C	0.994
0.047	0.090	0.062	0.801	T	0.976
XX

DE	motif_10_31mmmmmm (5 positions) IC=  4.163
0.749	0.105	0.080	0.067	A	0.794
0.855	0.052	0.048	0.045	A	1.175
0.798	0.049	0.094	0.058	A	0.966
0.334	0.492	0.096	0.078	M	0.356
0.071	0.771	0.102	0.056	C	0.873
XX

DE	motif_train2_2m (6 positions) IC=  4.073
0.001	0.595	0.251	0.153	S	0.629
0.102	0.351	0.254	0.292	N	0.113
0.019	0.408	0.203	0.369	Y	0.364
0.001	0.284	0.221	0.495	Y	0.491
0.001	0.547	0.001	0.451	Y	0.986
0.001	0.892	0.001	0.106	C	1.490
XX

DE	motif_10_28mmm (5 positions) IC=  3.800
0.305	0.612	0.047	0.037	C	0.664
0.358	0.612	0.021	0.009	C	0.859
0.376	0.598	0.013	0.013	M	0.865
0.424	0.534	0.011	0.031	M	0.764
0.402	0.528	0.035	0.034	M	0.649
XX

DE	motif_train1_66mmmmmm (6 positions) IC=  3.609
0.066	0.683	0.124	0.127	C	0.614
0.122	0.126	0.107	0.645	T	0.500
0.122	0.167	0.106	0.605	T	0.417
0.628	0.131	0.176	0.066	A	0.496
0.071	0.102	0.128	0.699	T	0.653
0.052	0.788	0.070	0.090	C	0.928
XX

DE	motif_10_72mmm (5 positions) IC=  3.435
0.349	0.430	0.102	0.119	M	0.246
0.242	0.325	0.039	0.394	N	0.266
0.083	0.587	0.031	0.299	Y	0.575
0.048	0.897	0.023	0.031	C	1.366
0.193	0.758	0.031	0.017	C	0.981
XX

DE	motif_10_74mm (5 positions) IC=  3.392
0.053	0.701	0.146	0.100	C	0.677
0.076	0.097	0.703	0.124	G	0.658
0.057	0.330	0.065	0.548	Y	0.505
0.018	0.350	0.033	0.599	Y	0.761
0.069	0.100	0.082	0.748	T	0.791
XX

DE	motif_10_27mmmm (5 positions) IC=  3.099
0.045	0.564	0.201	0.190	S	0.412
0.089	0.245	0.088	0.578	Y	0.427
0.027	0.771	0.060	0.141	C	0.925
0.056	0.198	0.134	0.612	T	0.484
0.022	0.738	0.070	0.170	C	0.851
XX

DE	motif_train1_2mmm (5 positions) IC=  2.213
0.104	0.534	0.050	0.312	Y	0.437
0.123	0.457	0.076	0.344	Y	0.299
0.006	0.731	0.041	0.222	C	0.956
0.074	0.567	0.225	0.134	S	0.385
0.192	0.429	0.132	0.248	N	0.136
XX
