Now running MotifSetReduce.pl with arguments -m cluster10.meme -l 5 -t 0.09 -c 0.5 ...



Consensus motifs at merging threshold 0.09:

DE	motif_train4_16 (10 positions) IC= 11.616
0.022	0.001	0.156	0.821	T	1.217
0.001	0.190	0.808	0.001	G	1.276
0.010	0.853	0.005	0.132	C	1.314
0.090	0.126	0.748	0.036	G	0.825
0.126	0.033	0.811	0.030	G	1.064
0.432	0.273	0.088	0.207	N	0.187
0.021	0.902	0.049	0.028	C	1.391
0.001	0.059	0.107	0.833	T	1.185
0.001	0.140	0.858	0.001	G	1.393
0.027	0.967	0.001	0.005	C	1.764
XX

DE	motif_train8_36 (12 positions) IC=  9.828
0.043	0.817	0.072	0.068	C	1.030
0.110	0.680	0.104	0.106	C	0.589
0.096	0.045	0.819	0.040	G	1.052
0.048	0.816	0.096	0.040	C	1.040
0.708	0.094	0.120	0.078	A	0.673
0.084	0.058	0.808	0.050	G	0.997
0.069	0.656	0.146	0.129	C	0.548
0.075	0.739	0.091	0.095	C	0.760
0.115	0.644	0.138	0.103	C	0.500
0.094	0.080	0.777	0.049	G	0.892
0.056	0.818	0.086	0.040	C	1.040
0.719	0.078	0.123	0.080	A	0.707
XX

DE	motif_train4_40m (5 positions) IC=  5.767
0.031	0.017	0.068	0.884	T	1.324
0.009	0.377	0.607	0.006	G	0.925
0.027	0.950	0.008	0.015	C	1.639
0.289	0.085	0.420	0.206	N	0.186
0.004	0.035	0.956	0.006	G	1.694
XX

DE	motif_10_37mm (5 positions) IC=  3.129
0.085	0.141	0.100	0.674	T	0.584
0.068	0.180	0.716	0.037	G	0.771
0.153	0.595	0.213	0.039	S	0.483
0.653	0.112	0.127	0.108	A	0.519
0.102	0.100	0.740	0.058	G	0.772
XX
