Now running MotifSetReduce.pl with arguments -m cluster11.meme -l 5 -t 0.09 -c 0.5 ...



Consensus motifs at merging threshold 0.09:

DE	motif_train3_5mmmm (7 positions) IC=  6.850
0.063	0.828	0.024	0.085	C	1.092
0.183	0.648	0.083	0.086	C	0.543
0.094	0.040	0.835	0.031	G	1.120
0.009	0.932	0.019	0.041	C	1.548
0.525	0.294	0.065	0.116	M	0.377
0.081	0.053	0.813	0.053	G	1.014
0.028	0.844	0.040	0.088	C	1.155
XX

DE	motif_10_32mm (5 positions) IC=  5.441
0.104	0.813	0.033	0.049	C	1.040
0.204	0.635	0.085	0.076	C	0.532
0.110	0.042	0.815	0.033	G	1.055
0.013	0.955	0.017	0.015	C	1.665
0.099	0.836	0.015	0.050	C	1.149
XX
