Now running MotifSetReduce.pl with arguments -m cluster3.meme -l 5 -t 0.09 -c 0.5 ...



Consensus motifs at merging threshold 0.09:

DE	motif_train1_78 (8 positions) IC=  6.830
0.118	0.095	0.129	0.658	T	0.535
0.007	0.086	0.834	0.073	G	1.151
0.133	0.133	0.023	0.711	T	0.751
0.050	0.099	0.784	0.067	G	0.917
0.196	0.067	0.039	0.698	T	0.733
0.036	0.123	0.797	0.044	G	0.996
0.100	0.169	0.036	0.695	T	0.697
0.073	0.041	0.822	0.064	G	1.049
XX

DE	motif_10_10mmmm (5 positions) IC=  3.454
0.032	0.665	0.283	0.020	C	0.822
0.470	0.108	0.190	0.231	N	0.197
0.037	0.754	0.192	0.017	C	0.960
0.517	0.113	0.287	0.083	R	0.337
0.041	0.836	0.099	0.023	C	1.137
XX
