<!DOCTYPE HTML>
<html>
  <head>
    <meta charset="UTF-8">
    <title>TOMTOM</title>
    <script>
      // @JSON_VAR data
      var data = {
        "program": "Tomtom",
        "version": "4.11.1",
        "release": "Fri Jan 15 12:51:59 2016 -0800",
        "cmd": [
          "tomtom", "-thresh", "0.0001", "-evalue", "all_train.meme",
          "all_train.meme"
        ],
        "options": {
          "strands": "both",
          "distance_measure": "ed",
          "threshold_type": "evalue",
          "threshold_value": 0.0001,
          "background_source": "first_target"
        },
        "alphabet": {
          "name": "DNA",
          "like": "dna",
          "ncore": 4,
          "symbols": [
            {
              "symbol": "A",
              "name": "Adenine",
              "colour": "CC0000",
              "complement": "T"
            }, {
              "symbol": "C",
              "name": "Cytosine",
              "colour": "0000CC",
              "complement": "G"
            }, {
              "symbol": "G",
              "name": "Guanine",
              "colour": "FFB300",
              "complement": "C"
            }, {
              "symbol": "T",
              "aliases": "U",
              "name": "Thymine",
              "colour": "008000",
              "complement": "A"
            }, {
              "symbol": "N",
              "aliases": "X.",
              "name": "Any base",
              "equals": "ACGT"
            }, {
              "symbol": "V",
              "name": "Not T",
              "equals": "ACG"
            }, {
              "symbol": "H",
              "name": "Not G",
              "equals": "ACT"
            }, {
              "symbol": "D",
              "name": "Not C",
              "equals": "AGT"
            }, {
              "symbol": "B",
              "name": "Not A",
              "equals": "CGT"
            }, {
              "symbol": "M",
              "name": "Amino",
              "equals": "AC"
            }, {
              "symbol": "R",
              "name": "Purine",
              "equals": "AG"
            }, {
              "symbol": "W",
              "name": "Weak",
              "equals": "AT"
            }, {
              "symbol": "S",
              "name": "Strong",
              "equals": "CG"
            }, {
              "symbol": "Y",
              "name": "Pyrimidine",
              "equals": "CT"
            }, {
              "symbol": "K",
              "name": "Keto",
              "equals": "GT"
            }
          ]
        },
        "background": [0.25, 0.25, 0.25, 0.25],
        "query_dbs": [
          {
            "source": "all_train.meme",
            "name": "all train",
            "loaded": 955,
            "excluded": 10,
            "last_modified": "Sun Jul  3 23:19:51 2016"
          }
        ],
        "target_dbs": [
          {
            "source": "all_train.meme",
            "name": "all train",
            "loaded": 955,
            "excluded": 10,
            "last_modified": "Sun Jul  3 23:19:51 2016"
          }
        ],
        "queries": [
          {
            "db": 0,
            "id": "motif_10_1",
            "alt": "1-TATATADASV",
            "len": 10,
            "nsites": 20,
            "evalue": "1.0e-754",
            "pwm": [
              [0.0390547, 0.127612, 0.0529851, 0.780348], 
              [0.735572, 0.0569652, 0.00223881, 0.205224], 
              [0.0609453, 0.0460199, 0.0211443, 0.871891], 
              [0.813184, 0.0151741, 0.00721393, 0.164428], 
              [0.24602, 0.0360697, 0.0291045, 0.688806], 
              [0.919652, 0.0121891, 0.0599502, 0.00820896], 
              [0.240805, 0.162277, 0.238817, 0.358101], 
              [0.519652, 0.146517, 0.237065, 0.0967662], 
              [0.181343, 0.327612, 0.361443, 0.129602], 
              [0.26791, 0.325622, 0.311692, 0.0947761]
            ]
          }, {
            "db": 0,
            "id": "motif_10_10",
            "alt": "10-TCTCTCTCTC",
            "len": 10,
            "nsites": 20,
            "evalue": "1.0e-161",
            "pwm": [
              [0.0599502, 0.0868159, 0.05199, 0.801244], 
              [0.0300995, 0.823134, 0.0669154, 0.0798507], 
              [0.0539801, 0.0689055, 0.112687, 0.764428], 
              [0.050995, 0.841045, 0.0460199, 0.0619403], 
              [0.0738806, 0.0340796, 0.0788557, 0.813184], 
              [0.0699005, 0.784328, 0.105721, 0.0400498], 
              [0.0808458, 0.0738806, 0.141542, 0.703731], 
              [0.0539801, 0.839055, 0.0549751, 0.05199], 
              [0.0569652, 0.05, 0.0997512, 0.793284], 
              [0.0350746, 0.811194, 0.0529851, 0.100746]
            ]
          }, {
            "db": 0,
            "id": "motif_10_11",
            "alt": "11-TCCGTCCGTC",
            "len": 10,
            "nsites": 20,
            "evalue": "1.0e-138",
            "pwm": [
              [0.00721393, 0.106716, 0.141542, 0.744527], 
              [0.00223881, 0.920647, 0.050995, 0.0261194], 
              [0.00223881, 0.876866, 0.100746, 0.0201493], 
              [0.132587, 0.150498, 0.533582, 0.183333], 
              [0.0300995, 0.106716, 0.217164, 0.64602], 
              [0.00223881, 0.911692, 0.00223881, 0.0838308], 
              [0.00223881, 0.964428, 0.0151741, 0.0181592], 
              [0.0589552, 0.0967662, 0.721642, 0.122637], 
              [0.00223881, 0.191294, 0.0589552, 0.747512], 
              [0.00223881, 0.933582, 0.00223881, 0.0619403]
            ]
          }, {
            "db": 0,
            "id": "motif_10_12",
            "alt": "12-AGTGGACTGG",
            "len": 10,
            "nsites": 20,
            "evalue": "1.0e-120",
            "pwm": [
              [0.742537, 0.04801, 0.141542, 0.0679104], 
              [0.0430348, 0.128607, 0.744527, 0.0838308], 
              [0.128607, 0.05199, 0.0689055, 0.750498], 
              [0.0559701, 0.0629353, 0.820149, 0.0609453], 
              [0.0440299, 0.0470149, 0.886816, 0.0221393], 
              [0.876866, 0.0380597, 0.0599502, 0.0251244], 
              [0.123632, 0.637065, 0.173383, 0.0659204], 
              [0.0619403, 0.0718905, 0.0758706, 0.790299], 
              [0.0639303, 0.0400498, 0.86194, 0.0340796], 
              [0.0390547, 0.0450249, 0.86393, 0.05199]
            ]
          }, {
            "db": 0,
            "id": "motif_10_13",
            "alt": "13-CCGCACCGCA",
            "len": 10,
            "nsites": 20,
            "evalue": "1.0e-114",
            "pwm": [
              [0.05199, 0.808209, 0.0838308, 0.0559701], 
              [0.0868159, 0.756468, 0.0699005, 0.0868159], 
              [0.0758706, 0.0659204, 0.800249, 0.0579602], 
              [0.050995, 0.85, 0.0569652, 0.0420398], 
              [0.775373, 0.0390547, 0.091791, 0.0937811], 
              [0.0539801, 0.783333, 0.0957711, 0.0669154], 
              [0.0599502, 0.822139, 0.0669154, 0.050995], 
              [0.089801, 0.0619403, 0.791294, 0.0569652], 
              [0.0310945, 0.903731, 0.0350746, 0.0300995], 
              [0.683831, 0.138557, 0.0838308, 0.0937811]
            ]
          }, {
            "db": 0,
            "id": "motif_10_14",
            "alt": "14-CBGCCTGCCT",
            "len": 10,
            "nsites": 20,
            "evalue": "1.0e-107",
            "pwm": [
              [0.00522388, 0.6301, 0.00422886, 0.360448], 
              [0.121642, 0.288806, 0.227114, 0.362438], 
              [0.123632, 0.187313, 0.686816, 0.00223881], 
              [0.00223881, 0.627114, 0.203234, 0.167413], 
              [0.00323383, 0.65199, 0.010199, 0.334577], 
              [0.130597, 0.0977612, 0.186318, 0.585323], 
              [0.00323383, 0.00223881, 0.894776, 0.0997512], 
              [0.00223881, 0.85796, 0.00920398, 0.130597], 
              [0.198259, 0.551493, 0.011194, 0.239055], 
              [0.151493, 0.202239, 0.206219, 0.44005]
            ]
          }, {
            "db": 0,
            "id": "motif_10_15",
            "alt": "15-CTGTCCTGTC",
            "len": 10,
            "nsites": 20,
            "evalue": "1.0e-086",
            "pwm": [
              [0.00223881, 0.887811, 0.107711, 0.00223881], 
              [0.0181592, 0.0778607, 0.00223881, 0.901741], 
              [0.0131841, 0.137562, 0.773383, 0.0758706], 
              [0.0300995, 0.113682, 0.0330846, 0.823134], 
              [0.0320896, 0.654975, 0.127612, 0.185323], 
              [0.00223881, 0.833085, 0.135572, 0.0291045], 
              [0.00820896, 0.146517, 0.00223881, 0.843035], 
              [0.00223881, 0.191294, 0.781343, 0.0251244], 
              [0.0609453, 0.100746, 0.0649254, 0.773383], 
              [0.00920398, 0.720647, 0.105721, 0.164428]
            ]
          }, {
            "db": 0,
            "id": "motif_10_16",
            "alt": "16-TASTASTAGT",
            "len": 10,
            "nsites": 20,
            "evalue": "1.0e-075",
            "pwm": [
              [0.0858209, 0.164428, 0.0957711, 0.65398], 
              [0.687811, 0.0619403, 0.219154, 0.0310945], 
              [0.00223881, 0.532587, 0.45199, 0.0131841], 
              [0.0330846, 0.089801, 0.0768657, 0.800249], 
              [0.792289, 0.0161692, 0.159453, 0.0320896], 
              [0.00223881, 0.43806, 0.557463, 0.00223881], 
              [0.00223881, 0.175373, 0.00522388, 0.817164], 
              [0.782338, 0.0231343, 0.116667, 0.0778607], 
              [0.00223881, 0.303731, 0.674876, 0.0191542], 
              [0.168408, 0.209204, 0.131592, 0.490796]
            ]
          }, {
            "db": 0,
            "id": "motif_10_17",
            "alt": "17-ATGGATGGAT",
            "len": 10,
            "nsites": 20,
            "evalue": "1.0e-072",
            "pwm": [
              [0.722637, 0.0977612, 0.109701, 0.0699005], 
              [0.0589552, 0.04801, 0.145522, 0.747512], 
              [0.0470149, 0.100746, 0.730597, 0.121642], 
              [0.159453, 0.0211443, 0.801244, 0.0181592], 
              [0.907711, 0.0440299, 0.0221393, 0.0261194], 
              [0.0440299, 0.0460199, 0.0291045, 0.880846], 
              [0.0768657, 0.0589552, 0.730597, 0.133582], 
              [0.140547, 0.0400498, 0.810199, 0.00920398], 
              [0.850995, 0.0241294, 0.0699005, 0.0549751], 
              [0.0420398, 0.0549751, 0.113682, 0.789303]
            ]
          }, {
            "db": 0,
            "id": "motif_10_18",
            "alt": "18-CTAGCTAGCT",
            "len": 10,
            "nsites": 20,
            "evalue": "1.0e-071",
            "pwm": [
              [0.0987562, 0.774378, 0.0619403, 0.0649254], 
              [0.102736, 0.111692, 0.0609453, 0.724627], 
              [0.752488, 0.0878109, 0.0748756, 0.0848259], 
              [0.0340796, 0.05199, 0.876866, 0.0370647], 
              [0.0191542, 0.910697, 0.0241294, 0.0460199], 
              [0.088806, 0.05199, 0.0271144, 0.83209], 
              [0.686816, 0.0778607, 0.0858209, 0.149502], 
              [0.0360697, 0.0758706, 0.85398, 0.0340796], 
              [0.0549751, 0.821144, 0.049005, 0.0748756], 
              [0.0589552, 0.111692, 0.088806, 0.740547]
            ]
          }, {
            "db": 0,
            "id": "motif_10_19",
            "alt": "19-CTTATCTTCT",
            "len": 10,
            "nsites": 20,
            "evalue": "1.0e-058",
            "pwm": [
              [0.00223881, 0.993284, 0.00223881, 0.00223881], 
              [0.00223881, 0.00223881, 0.00223881, 0.993284], 
              [0.00223881, 0.00223881, 0.0330846, 0.962438], 
              [0.993284, 0.00223881, 0.00223881, 0.00223881], 
              [0.00223881, 0.00223881, 0.0947761, 0.900746], 
              [0.00223881, 0.934577, 0.00223881, 0.0609453], 
              [0.00223881, 0.00223881, 0.0330846, 0.962438], 
              [0.00223881, 0.334577, 0.00223881, 0.660945], 
              [0.00223881, 0.993284, 0.00223881, 0.00223881], 
              [0.00223881, 0.00223881, 0.00223881, 0.993284]
            ]
          }, {
            "db": 0,
            "id": "motif_10_2",
            "alt": "2-GGRAGGGGRR",
            "len": 10,
            "nsites": 20,
            "evalue": "1.0e-586",
            "pwm": [
              [0.23209, 0.00223881, 0.763433, 0.00223881], 
              [0.347512, 0.00223881, 0.64801, 0.00223881], 
              [0.483831, 0.00223881, 0.511692, 0.00223881], 
              [0.45597, 0.134577, 0.215174, 0.194279], 
              [0.150498, 0.198259, 0.419154, 0.23209], 
              [0.00920398, 0.167413, 0.579353, 0.24403], 
              [0.109701, 0.178358, 0.709701, 0.00223881], 
              [0.333582, 0.00223881, 0.66194, 0.00223881], 
              [0.399652, 0.0022398, 0.468378, 0.12973], 
              [0.438497, 0.00821593, 0.49527, 0.058017]
            ]
          }, {
            "db": 0,
            "id": "motif_10_20",
            "alt": "20-TCCAGACTCC",
            "len": 10,
            "nsites": 20,
            "evalue": "1.0e-047",
            "pwm": [
              [0.00223881, 0.00223881, 0.00223881, 0.993284], 
              [0.00223881, 0.993284, 0.00223881, 0.00223881], 
              [0.00223881, 0.689801, 0.00223881, 0.305721], 
              [0.752488, 0.00223881, 0.122637, 0.122637], 
              [0.00223881, 0.00223881, 0.993284, 0.00223881], 
              [0.788308, 0.00223881, 0.207214, 0.00223881], 
              [0.00223881, 0.993284, 0.00223881, 0.00223881], 
              [0.00223881, 0.00223881, 0.00223881, 0.993284], 
              [0.00223881, 0.993284, 0.00223881, 0.00223881], 
              [0.00223881, 0.993284, 0.00223881, 0.00223881]
            ]
          }, {
            "db": 0,
            "id": "motif_10_21",
            "alt": "21-CAGTCAGTCA",
            "len": 10,
            "nsites": 20,
            "evalue": "1.0e-045",
            "pwm": [
              [0.0320896, 0.901741, 0.0450249, 0.0211443], 
              [0.85597, 0.0201493, 0.0718905, 0.05199], 
              [0.0927861, 0.0768657, 0.787313, 0.0430348], 
              [0.0400498, 0.256965, 0.0967662, 0.606219], 
              [0.0121891, 0.876866, 0.0549751, 0.0559701], 
              [0.761443, 0.114677, 0.0549751, 0.0689055], 
              [0.146517, 0.0430348, 0.767413, 0.0430348], 
              [0.0370647, 0.165423, 0.0977612, 0.699751], 
              [0.0191542, 0.916667, 0.0450249, 0.0191542], 
              [0.801244, 0.049005, 0.090796, 0.0589552]
            ]
          }, {
            "db": 0,
            "id": "motif_10_22",
            "alt": "22-ATCATCATCA",
            "len": 10,
            "nsites": 20,
            "evalue": "1.0e-040",
            "pwm": [
              [0.875871, 0.0778607, 0.0440299, 0.00223881], 
              [0.0400498, 0.00223881, 0.113682, 0.84403], 
              [0.0440299, 0.951493, 0.00223881, 0.00223881], 
              [0.845025, 0.00223881, 0.0440299, 0.108706], 
              [0.0320896, 0.0559701, 0.0310945, 0.880846], 
              [0.0330846, 0.962438, 0.00223881, 0.00223881], 
              [0.940547, 0.00223881, 0.0549751, 0.00223881], 
              [0.00223881, 0.049005, 0.0340796, 0.914677], 
              [0.0559701, 0.926617, 0.00223881, 0.0151741], 
              [0.929602, 0.0261194, 0.0420398, 0.00223881]
            ]
          }, {
            "db": 0,
            "id": "motif_10_23",
            "alt": "23-TTACAAWTAC",
            "len": 10,
            "nsites": 20,
            "evalue": "1.0e-034",
            "pwm": [
              [0.139552, 0.310697, 0.00223881, 0.547512], 
              [0.00223881, 0.00223881, 0.00223881, 0.993284], 
              [0.993284, 0.00223881, 0.00223881, 0.00223881], 
              [0.00223881, 0.993284, 0.00223881, 0.00223881], 
              [0.856965, 0.138557, 0.00223881, 0.00223881], 
              [0.584328, 0.00223881, 0.00223881, 0.411194], 
              [0.452985, 0.00223881, 0.139552, 0.405224], 
              [0.00223881, 0.00223881, 0.00223881, 0.993284], 
              [0.993284, 0.00223881, 0.00223881, 0.00223881], 
              [0.00223881, 0.993284, 0.00223881, 0.00223881]
            ]
          }, {
            "db": 0,
            "id": "motif_10_24",
            "alt": "24-CCGCGCCTCC",
            "len": 10,
            "nsites": 20,
            "evalue": "1.0e-029",
            "pwm": [
              [0.00223881, 0.993284, 0.00223881, 0.00223881], 
              [0.00223881, 0.993284, 0.00223881, 0.00223881], 
              [0.26194, 0.00223881, 0.733582, 0.00223881], 
              [0.00223881, 0.993284, 0.00223881, 0.00223881], 
              [0.00223881, 0.00223881, 0.993284, 0.00223881], 
              [0.00223881, 0.993284, 0.00223881, 0.00223881], 
              [0.00223881, 0.829104, 0.00223881, 0.166418], 
              [0.00223881, 0.00223881, 0.00223881, 0.993284], 
              [0.00223881, 0.993284, 0.00223881, 0.00223881], 
              [0.00223881, 0.993284, 0.00223881, 0.00223881]
            ]
          }, {
            "db": 0,
            "id": "motif_10_25",
            "alt": "25-ACGCCGTGCC",
            "len": 10,
            "nsites": 20,
            "evalue": "1.0e-024",
            "pwm": [
              [0.993284, 0.00223881, 0.00223881, 0.00223881], 
              [0.00223881, 0.927612, 0.0460199, 0.0241294], 
              [0.0241294, 0.00223881, 0.971393, 0.00223881], 
              [0.00223881, 0.993284, 0.00223881, 0.00223881], 
              [0.00223881, 0.987313, 0.00223881, 0.00820896], 
              [0.00223881, 0.00223881, 0.993284, 0.00223881], 
              [0.00223881, 0.00223881, 0.00223881, 0.993284], 
              [0.00223881, 0.00223881, 0.993284, 0.00223881], 
              [0.00223881, 0.993284, 0.00223881, 0.00223881], 
              [0.00223881, 0.993284, 0.00223881, 0.00223881]
            ]
          }, {
            "db": 0,
            "id": "motif_10_26",
            "alt": "1-TWTATAWANNNV",
            "len": 12,
            "nsites": 20,
            "evalue": "1.0e-790",
            "pwm": [
              [0.133582, 0.195274, 0.167413, 0.503731], 
              [0.439055, 0.171393, 0.0619403, 0.327612], 
              [0.00522388, 0.00223881, 0.00223881, 0.990299], 
              [0.749502, 0.00223881, 0.00223881, 0.24602], 
              [0.281841, 0.00223881, 0.00223881, 0.713682], 
              [0.961443, 0.00223881, 0.00223881, 0.0340796], 
              [0.327286, 0.0887185, 0.183151, 0.400844], 
              [0.477342, 0.184512, 0.216384, 0.121762], 
              [0.25, 0.233085, 0.281841, 0.235075], 
              [0.284543, 0.253728, 0.295477, 0.166253], 
              [0.214179, 0.300746, 0.295771, 0.189303], 
              [0.226119, 0.317662, 0.300746, 0.155473]
            ]
          }, {
            "db": 0,
            "id": "motif_10_27",
            "alt": "2-CCCTTCCCCTCC",
            "len": 12,
            "nsites": 20,
            "evalue": "1.0e-490",
            "pwm": [
              [0.0151741, 0.753483, 0.0828358, 0.148507], 
              [0.010199, 0.766418, 0.090796, 0.132587], 
              [0.0350746, 0.759453, 0.0738806, 0.131592], 
              [0.0529851, 0.307711, 0.114677, 0.524627], 
              [0.0300995, 0.317662, 0.0211443, 0.631095], 
              [0.00223881, 0.882836, 0.00422886, 0.110697], 
              [0.011194, 0.755473, 0.119652, 0.113682], 
              [0.0430348, 0.711692, 0.0838308, 0.161443], 
              [0.0350746, 0.724627, 0.0599502, 0.180348], 
              [0.0748756, 0.050995, 0.0639303, 0.810199], 
              [0.00522388, 0.815174, 0.0231343, 0.156468], 
              [0.00323383, 0.885821, 0.0440299, 0.0669154]
            ]
          }, {
            "db": 0,
            "id": "motif_10_28",
            "alt": "3-CCMMMCCMMMMC",
            "len": 12,
            "nsites": 20,
            "evalue": "1.0e-383",
            "pwm": [
              [0.250995, 0.605224, 0.110697, 0.0330846], 
              [0.383333, 0.560448, 0.0539801, 0.00223881], 
              [0.473881, 0.478856, 0.0450249, 0.00223881], 
              [0.466915, 0.487811, 0.0430348, 0.00223881], 
              [0.379353, 0.426119, 0.136567, 0.0579602], 
              [0.335572, 0.488806, 0.114677, 0.0609453], 
              [0.364428, 0.607214, 0.0261194, 0.00223881], 
              [0.413184, 0.555473, 0.0291045, 0.00223881], 
              [0.401244, 0.540547, 0.00223881, 0.0559701], 
              [0.396868, 0.448558, 0.0926946, 0.0618797], 
              [0.307711, 0.454975, 0.181343, 0.0559701], 
              [0.347512, 0.525622, 0.0818408, 0.0450249]
            ]
          }, {
            "db": 0,
            "id": "motif_10_29",
            "alt": "4-CTCGTCTCGTCT",
            "len": 12,
            "nsites": 20,
            "evalue": "1.0e-274",
            "pwm": [
              [0.0350746, 0.84801, 0.0619403, 0.0549751], 
              [0.0251244, 0.0440299, 0.0350746, 0.895771], 
              [0.0370647, 0.86791, 0.0679104, 0.0271144], 
              [0.0738806, 0.123632, 0.777363, 0.0251244], 
              [0.0450249, 0.214179, 0.0997512, 0.641045], 
              [0.0320896, 0.900746, 0.0271144, 0.0400498], 
              [0.00920398, 0.0121891, 0.00920398, 0.969403], 
              [0.0241294, 0.900746, 0.0450249, 0.0300995], 
              [0.0579602, 0.100746, 0.779353, 0.0619403], 
              [0.0529851, 0.221144, 0.0440299, 0.681841], 
              [0.0370647, 0.876866, 0.0300995, 0.0559701], 
              [0.0410448, 0.0450249, 0.0788557, 0.835075]
            ]
          }, {
            "db": 0,
            "id": "motif_10_3",
            "alt": "3-CMCMMMCMMM",
            "len": 10,
            "nsites": 20,
            "evalue": "1.0e-298",
            "pwm": [
              [0.401244, 0.594279, 0.00223881, 0.00223881], 
              [0.450995, 0.413184, 0.133582, 0.00223881], 
              [0.411194, 0.584328, 0.00223881, 0.00223881], 
              [0.479851, 0.425124, 0.0927861, 0.00223881], 
              [0.426119, 0.569403, 0.00223881, 0.00223881], 
              [0.40762, 0.444473, 0.0968618, 0.0510448], 
              [0.325622, 0.544527, 0.127612, 0.00223881], 
              [0.421144, 0.484826, 0.091791, 0.00223881], 
              [0.45597, 0.539552, 0.00223881, 0.00223881], 
              [0.439055, 0.556468, 0.00223881, 0.00223881]
            ]
          }, {
            "db": 0,
            "id": "motif_10_30",
            "alt": "5-CATTCCCCACTC",
            "len": 12,
            "nsites": 20,
            "evalue": "1.0e-254",
            "pwm": [
              [0.00223881, 0.969403, 0.00920398, 0.0191542], 
              [0.817164, 0.0440299, 0.0679104, 0.0708955], 
              [0.059013, 0.21738, 0.256225, 0.467382], 
              [0.00223881, 0.0758706, 0.00223881, 0.919652], 
              [0.00223881, 0.86194, 0.0261194, 0.109701], 
              [0.089801, 0.670896, 0.144527, 0.0947761], 
              [0.0271144, 0.877861, 0.0261194, 0.0689055], 
              [0.0848259, 0.8301, 0.0828358, 0.00223881], 
              [0.887811, 0.00920398, 0.0350746, 0.0679104], 
              [0.0350746, 0.684826, 0.111692, 0.168408], 
              [0.00920398, 0.0271144, 0.0181592, 0.945522], 
              [0.00223881, 0.953483, 0.0261194, 0.0181592]
            ]
          }, {
            "db": 0,
            "id": "motif_10_31",
            "alt": "6-CACACACWCACA",
            "len": 12,
            "nsites": 20,
            "evalue": "1.0e-201",
            "pwm": [
              [0.0161692, 0.870896, 0.0748756, 0.0380597], 
              [0.688806, 0.0430348, 0.143532, 0.124627], 
              [0.0221393, 0.888806, 0.0599502, 0.0291045], 
              [0.660945, 0.0241294, 0.197264, 0.117662], 
              [0.0450249, 0.823134, 0.120647, 0.011194], 
              [0.708706, 0.0241294, 0.135572, 0.131592], 
              [0.0261194, 0.759453, 0.176368, 0.0380597], 
              [0.294483, 0.0300707, 0.237823, 0.437623], 
              [0.0221393, 0.85, 0.103731, 0.0241294], 
              [0.6699, 0.0261194, 0.202239, 0.101741], 
              [0.0360697, 0.872886, 0.0728856, 0.0181592], 
              [0.724627, 0.0878109, 0.109701, 0.0778607]
            ]
          }, {
            "db": 0,
            "id": "motif_10_32",
            "alt": "7-AAAACCCTAGYC",
            "len": 12,
            "nsites": 20,
            "evalue": "1.0e-174",
            "pwm": [
              [0.445576, 0.170229, 0.241799, 0.142396], 
              [0.769403, 0.0271144, 0.147512, 0.0559701], 
              [0.937562, 0.0191542, 0.0161692, 0.0271144], 
              [0.852985, 0.0291045, 0.0728856, 0.0450249], 
              [0.0649254, 0.883831, 0.0320896, 0.0191542], 
              [0.0291045, 0.901741, 0.0241294, 0.0450249], 
              [0.05199, 0.907711, 0.0241294, 0.0161692], 
              [0.110697, 0.0728856, 0.0271144, 0.789303], 
              [0.597264, 0.217164, 0.0728856, 0.112687], 
              [0.174378, 0.138557, 0.6301, 0.0569652], 
              [0.121642, 0.341542, 0.111692, 0.425124], 
              [0.108706, 0.626119, 0.129602, 0.135572]
            ]
          }, {
            "db": 0,
            "id": "motif_10_33",
            "alt": "8-GAGAGTGAGACG",
            "len": 12,
            "nsites": 20,
            "evalue": "1.0e-163",
            "pwm": [
              [0.0529851, 0.0281095, 0.898756, 0.0201493], 
              [0.740547, 0.113682, 0.0957711, 0.05], 
              [0.0420398, 0.0669154, 0.870896, 0.0201493], 
              [0.765423, 0.120647, 0.0858209, 0.0281095], 
              [0.0858209, 0.153483, 0.664925, 0.0957711], 
              [0.279572, 0.160289, 0.126492, 0.433647], 
              [0.0689055, 0.0798507, 0.825124, 0.0261194], 
              [0.801244, 0.090796, 0.0649254, 0.0430348], 
              [0.0838308, 0.0400498, 0.83408, 0.0420398], 
              [0.689801, 0.0858209, 0.176368, 0.04801], 
              [0.118657, 0.576368, 0.215174, 0.089801], 
              [0.100746, 0.0549751, 0.814179, 0.0300995]
            ]
          }, {
            "db": 0,
            "id": "motif_10_34",
            "alt": "9-TCGCAATTCGCA",
            "len": 12,
            "nsites": 20,
            "evalue": "1.0e-122",
            "pwm": [
              [0.0738806, 0.110697, 0.0738806, 0.741542], 
              [0.0699005, 0.753483, 0.0858209, 0.090796], 
              [0.0639303, 0.133582, 0.728607, 0.0738806], 
              [0.0659204, 0.828109, 0.0679104, 0.0380597], 
              [0.764428, 0.0937811, 0.100746, 0.0410448], 
              [0.695771, 0.0838308, 0.148507, 0.0718905], 
              [0.0808458, 0.134577, 0.129602, 0.654975], 
              [0.0450249, 0.115672, 0.0738806, 0.765423], 
              [0.0708955, 0.733582, 0.102736, 0.0927861], 
              [0.0778607, 0.129602, 0.730597, 0.0619403], 
              [0.0728856, 0.818159, 0.0649254, 0.0440299], 
              [0.757463, 0.0768657, 0.106716, 0.0589552]
            ]
          }, {
            "db": 0,
            "id": "motif_10_35",
            "alt": "10-CACTCCACTCCH",
            "len": 12,
            "nsites": 20,
            "evalue": "1.0e-117",
            "pwm": [
              [0.174378, 0.542537, 0.139552, 0.143532], 
              [0.513682, 0.161443, 0.151493, 0.173383], 
              [0.139552, 0.547512, 0.170398, 0.142537], 
              [0.123632, 0.138557, 0.188308, 0.549502], 
              [0.0957711, 0.572388, 0.189303, 0.142537], 
              [0.111692, 0.670896, 0.103731, 0.113682], 
              [0.607214, 0.135572, 0.175373, 0.0818408], 
              [0.162438, 0.569403, 0.109701, 0.158458], 
              [0.106716, 0.134577, 0.183333, 0.575373], 
              [0.088806, 0.540547, 0.2301, 0.140547], 
              [0.115672, 0.768408, 0.0758706, 0.0400498], 
              [0.351843, 0.289094, 0.147659, 0.211404]
            ]
          }, {
            "db": 0,
            "id": "motif_10_36",
            "alt": "11-GCGGCGGCGGCG",
            "len": 12,
            "nsites": 20,
            "evalue": "1.0e-093",
            "pwm": [
              [0.0340796, 0.0589552, 0.879851, 0.0271144], 
              [0.0599502, 0.84005, 0.0589552, 0.0410448], 
              [0.131592, 0.231095, 0.519652, 0.117662], 
              [0.00323383, 0.0330846, 0.961443, 0.00223881], 
              [0.00223881, 0.987313, 0.00223881, 0.00820896], 
              [0.171393, 0.183333, 0.493781, 0.151493], 
              [0.0310945, 0.0131841, 0.939552, 0.0161692], 
              [0.00223881, 0.985323, 0.00223881, 0.010199], 
              [0.0828358, 0.24801, 0.466915, 0.202239], 
              [0.0718905, 0.0430348, 0.772388, 0.112687], 
              [0.049005, 0.753483, 0.138557, 0.0589552], 
              [0.145378, 0.198062, 0.420725, 0.235835]
            ]
          }, {
            "db": 0,
            "id": "motif_10_37",
            "alt": "12-GCAGGCAGGCAG",
            "len": 12,
            "nsites": 20,
            "evalue": "1.0e-090",
            "pwm": [
              [0.107711, 0.226119, 0.66393, 0.00223881], 
              [0.115672, 0.6301, 0.24204, 0.0121891], 
              [0.502736, 0.323632, 0.126617, 0.0470149], 
              [0.146517, 0.0320896, 0.819154, 0.00223881], 
              [0.00223881, 0.0390547, 0.956468, 0.00223881], 
              [0.0380597, 0.940547, 0.0191542, 0.00223881], 
              [0.505721, 0.294776, 0.192289, 0.00721393], 
              [0.103731, 0.0181592, 0.875871, 0.00223881], 
              [0.0151741, 0.342537, 0.64005, 0.00223881], 
              [0.132587, 0.824129, 0.0410448, 0.00223881], 
              [0.572388, 0.140547, 0.258955, 0.0281095], 
              [0.0211443, 0.00920398, 0.962438, 0.00721393]
            ]
          }, {
            "db": 0,
            "id": "motif_10_38",
            "alt": "13-CTACTACTACTA",
            "len": 12,
            "nsites": 20,
            "evalue": "1.0e-086",
            "pwm": [
              [0.011194, 0.84005, 0.134577, 0.0141791], 
              [0.0151741, 0.05, 0.0360697, 0.898756], 
              [0.704726, 0.0669154, 0.214179, 0.0141791], 
              [0.00223881, 0.8699, 0.117662, 0.010199], 
              [0.0579602, 0.0390547, 0.0649254, 0.83806], 
              [0.891791, 0.00522388, 0.100746, 0.00223881], 
              [0.00522388, 0.600249, 0.389303, 0.00522388], 
              [0.0141791, 0.0141791, 0.010199, 0.961443], 
              [0.783333, 0.010199, 0.187313, 0.0191542], 
              [0.0231343, 0.690796, 0.271891, 0.0141791], 
              [0.110697, 0.05199, 0.136567, 0.700746], 
              [0.809204, 0.0360697, 0.0708955, 0.0838308]
            ]
          }, {
            "db": 0,
            "id": "motif_10_39",
            "alt": "14-AACCGAAACGAA",
            "len": 12,
            "nsites": 20,
            "evalue": "1.0e-081",
            "pwm": [
              [0.825124, 0.0201493, 0.0957711, 0.0589552], 
              [0.824129, 0.0300995, 0.0868159, 0.0589552], 
              [0.0778607, 0.802239, 0.0778607, 0.0420398], 
              [0.117662, 0.717662, 0.0679104, 0.0967662], 
              [0.0689055, 0.0589552, 0.83209, 0.0400498], 
              [0.881841, 0.0579602, 0.0579602, 0.00223881], 
              [0.976368, 0.00223881, 0.00223881, 0.0191542], 
              [0.760448, 0.117662, 0.049005, 0.0728856], 
              [0.108706, 0.783333, 0.0778607, 0.0300995], 
              [0.0868159, 0.0997512, 0.802239, 0.011194], 
              [0.881841, 0.00223881, 0.0957711, 0.0201493], 
              [0.881841, 0.104726, 0.00223881, 0.011194]
            ]
          }, {
            "db": 0,
            "id": "motif_10_4",
            "alt": "4-CCAADCCCAA",
            "len": 10,
            "nsites": 20,
            "evalue": "1.0e-271",
            "pwm": [
              [0.00223881, 0.914677, 0.04801, 0.0350746], 
              [0.221144, 0.654975, 0.113682, 0.010199], 
              [0.534577, 0.287811, 0.159453, 0.0181592], 
              [0.562438, 0.100746, 0.247015, 0.089801], 
              [0.26592, 0.118657, 0.293781, 0.321642], 
              [0.0470149, 0.502736, 0.202239, 0.24801], 
              [0.0659204, 0.762438, 0.0858209, 0.0858209], 
              [0.249005, 0.647015, 0.0868159, 0.0171642], 
              [0.607214, 0.314677, 0.0539801, 0.0241294], 
              [0.473358, 0.177539, 0.216384, 0.132719]
            ]
          }, {
            "db": 0,
            "id": "motif_10_40",
            "alt": "15-ATCCATCCATCC",
            "len": 12,
            "nsites": 20,
            "evalue": "1.0e-080",
            "pwm": [
              [0.548507, 0.203234, 0.0679104, 0.180348], 
              [0.0410448, 0.228109, 0.00820896, 0.722637], 
              [0.00820896, 0.890796, 0.0340796, 0.0669154], 
              [0.228109, 0.552488, 0.215174, 0.00422886], 
              [0.778358, 0.00223881, 0.143532, 0.0758706], 
              [0.00223881, 0.00223881, 0.0808458, 0.914677], 
              [0.00223881, 0.985323, 0.00223881, 0.010199], 
              [0.113682, 0.623134, 0.260945, 0.00223881], 
              [0.930597, 0.0569652, 0.00820896, 0.00422886], 
              [0.0410448, 0.0231343, 0.0758706, 0.85995], 
              [0.00223881, 0.920647, 0.0171642, 0.0599502], 
              [0.183151, 0.452534, 0.240805, 0.12351]
            ]
          }, {
            "db": 0,
            "id": "motif_10_41",
            "alt": "16-CTACAAATACVC",
            "len": 12,
            "nsites": 20,
            "evalue": "1.0e-069",
            "pwm": [
              [0.167413, 0.585323, 0.142537, 0.104726], 
              [0.179353, 0.0679104, 0.0201493, 0.732587], 
              [0.957463, 0.0291045, 0.00223881, 0.011194], 
              [0.0778607, 0.815174, 0.0679104, 0.0390547], 
              [0.957463, 0.0300995, 0.00223881, 0.010199], 
              [0.83607, 0.010199, 0.00223881, 0.151493], 
              [0.805224, 0.0400498, 0.143532, 0.011194], 
              [0.105721, 0.011194, 0.0201493, 0.862935], 
              [0.900746, 0.04801, 0.011194, 0.0400498], 
              [0.133582, 0.683831, 0.171393, 0.011194], 
              [0.259213, 0.292082, 0.31499, 0.133715], 
              [0.165423, 0.65199, 0.133582, 0.049005]
            ]
          }, {
            "db": 0,
            "id": "motif_10_42",
            "alt": "17-CCAAATCTCTCC",
            "len": 12,
            "nsites": 20,
            "evalue": "1.0e-056",
            "pwm": [
              [0.088806, 0.795274, 0.0450249, 0.0708955], 
              [0.0599502, 0.799254, 0.0957711, 0.0450249], 
              [0.8699, 0.0390547, 0.0390547, 0.05199], 
              [0.809204, 0.0460199, 0.0997512, 0.0450249], 
              [0.887811, 0.0330846, 0.0211443, 0.0579602], 
              [0.0579602, 0.050995, 0.0450249, 0.84602], 
              [0.0330846, 0.808209, 0.0390547, 0.119652], 
              [0.0390547, 0.0470149, 0.0141791, 0.899751], 
              [0.0330846, 0.86393, 0.0450249, 0.0579602], 
              [0.0758706, 0.0987562, 0.0708955, 0.754478], 
              [0.050995, 0.850995, 0.0460199, 0.05199], 
              [0.0639303, 0.794279, 0.0708955, 0.0708955]
            ]
          }, {
            "db": 0,
            "id": "motif_10_43",
            "alt": "18-GCTAGCTAGCTA",
            "len": 12,
            "nsites": 20,
            "evalue": "1.0e-054",
            "pwm": [
              [0.0788557, 0.0758706, 0.779353, 0.0659204], 
              [0.0718905, 0.808209, 0.0758706, 0.0440299], 
              [0.124627, 0.100746, 0.119652, 0.654975], 
              [0.682836, 0.102736, 0.0927861, 0.121642], 
              [0.0420398, 0.0430348, 0.871891, 0.0430348], 
              [0.0440299, 0.881841, 0.0370647, 0.0370647], 
              [0.118657, 0.0878109, 0.0778607, 0.715672], 
              [0.672886, 0.112687, 0.0977612, 0.116667], 
              [0.0420398, 0.0470149, 0.873881, 0.0370647], 
              [0.0748756, 0.788308, 0.0569652, 0.0798507], 
              [0.122637, 0.091791, 0.126617, 0.658955], 
              [0.580348, 0.163433, 0.142537, 0.113682]
            ]
          }, {
            "db": 0,
            "id": "motif_10_44",
            "alt": "19-CTATCTATCTAT",
            "len": 12,
            "nsites": 20,
            "evalue": "1.0e-042",
            "pwm": [
              [0.0579602, 0.83607, 0.0699005, 0.0360697], 
              [0.0141791, 0.102736, 0.0689055, 0.814179], 
              [0.780348, 0.0808458, 0.103731, 0.0350746], 
              [0.0241294, 0.0251244, 0.0699005, 0.880846], 
              [0.0121891, 0.938557, 0.0350746, 0.0141791], 
              [0.0121891, 0.0718905, 0.0350746, 0.880846], 
              [0.791294, 0.04801, 0.091791, 0.0689055], 
              [0.0121891, 0.0798507, 0.0251244, 0.882836], 
              [0.0350746, 0.870896, 0.0350746, 0.0589552], 
              [0.0689055, 0.126617, 0.0579602, 0.746517], 
              [0.757463, 0.0589552, 0.0699005, 0.113682], 
              [0.0579602, 0.0798507, 0.04801, 0.814179]
            ]
          }, {
            "db": 0,
            "id": "motif_10_45",
            "alt": "20-TCTCGAACCTTC",
            "len": 12,
            "nsites": 20,
            "evalue": "1.0e-040",
            "pwm": [
              [0.0669154, 0.117662, 0.0271144, 0.788308], 
              [0.00223881, 0.904726, 0.0529851, 0.0400498], 
              [0.0151741, 0.0927861, 0.0281095, 0.86393], 
              [0.0271144, 0.751493, 0.0768657, 0.144527], 
              [0.0549751, 0.0927861, 0.798259, 0.0539801], 
              [0.825124, 0.0798507, 0.0549751, 0.0400498], 
              [0.692786, 0.0669154, 0.105721, 0.134577], 
              [0.0669154, 0.799254, 0.0937811, 0.0400498], 
              [0.0141791, 0.902736, 0.0549751, 0.0281095], 
              [0.0400498, 0.0808458, 0.0400498, 0.839055], 
              [0.0271144, 0.0400498, 0.0271144, 0.905721], 
              [0.0141791, 0.929602, 0.0281095, 0.0281095]
            ]
          }, {
            "db": 0,
            "id": "motif_10_46",
            "alt": "21-TCCATTCCATYT",
            "len": 12,
            "nsites": 20,
            "evalue": "1.0e-039",
            "pwm": [
              [0.00223881, 0.220149, 0.127612, 0.65], 
              [0.00223881, 0.993284, 0.00223881, 0.00223881], 
              [0.00223881, 0.993284, 0.00223881, 0.00223881], 
              [0.714677, 0.00223881, 0.280846, 0.00223881], 
              [0.100746, 0.00223881, 0.00223881, 0.894776], 
              [0.00223881, 0.00223881, 0.00223881, 0.993284], 
              [0.00223881, 0.804229, 0.191294, 0.00223881], 
              [0.00223881, 0.993284, 0.00223881, 0.00223881], 
              [0.591294, 0.00223881, 0.217164, 0.189303], 
              [0.195274, 0.0370647, 0.197264, 0.570398], 
              [0.0320896, 0.513682, 0.0659204, 0.388308], 
              [0.00223881, 0.0310945, 0.00223881, 0.964428]
            ]
          }, {
            "db": 0,
            "id": "motif_10_47",
            "alt": "22-TGGAAGTGGAAA",
            "len": 12,
            "nsites": 20,
            "evalue": "1.0e-039",
            "pwm": [
              [0.102736, 0.0957711, 0.0669154, 0.734577], 
              [0.0201493, 0.0420398, 0.876866, 0.0609453], 
              [0.0589552, 0.187313, 0.750498, 0.00323383], 
              [0.781343, 0.0758706, 0.0927861, 0.05], 
              [0.685821, 0.0858209, 0.156468, 0.0718905], 
              [0.161443, 0.120647, 0.594279, 0.123632], 
              [0.149502, 0.0689055, 0.05, 0.731592], 
              [0.0957711, 0.0390547, 0.788308, 0.0768657], 
              [0.011194, 0.106716, 0.866915, 0.0151741], 
              [0.797264, 0.0669154, 0.125622, 0.010199], 
              [0.785323, 0.0868159, 0.105721, 0.0221393], 
              [0.580348, 0.0589552, 0.215174, 0.145522]
            ]
          }, {
