Now running MotifSetReduce.pl with arguments -m cluster1.meme -l 5 -t 0.09 -c 0.5 ...



Consensus motifs at merging threshold 0.09:

DE	motif_train1_2t (8 positions) IC= 10.948
0.030	0.906	0.063	0.001	C	1.458
0.839	0.028	0.056	0.077	A	1.125
0.108	0.085	0.745	0.062	G	0.786
0.001	0.997	0.001	0.001	C	1.966
0.997	0.001	0.001	0.001	A	1.966
0.001	0.001	0.997	0.001	G	1.966
0.452	0.463	0.001	0.084	M	0.658
0.623	0.001	0.375	0.001	A	1.024
XX

DE	motif_train10_1mmt (7 positions) IC= 10.821
0.005	0.953	0.031	0.011	C	1.672
0.984	0.007	0.007	0.001	A	1.865
0.006	0.016	0.960	0.018	G	1.700
0.005	0.907	0.086	0.002	C	1.516
0.950	0.001	0.047	0.002	A	1.693
0.042	0.020	0.926	0.012	G	1.515
0.102	0.139	0.744	0.015	G	0.861
XX

DE	motif_train10_27mt (8 positions) IC=  4.710
0.041	0.641	0.143	0.175	C	0.558
0.066	0.647	0.115	0.171	C	0.540
0.118	0.133	0.161	0.588	N	0.374
0.049	0.674	0.120	0.156	C	0.618
0.052	0.747	0.074	0.127	C	0.807
0.132	0.124	0.126	0.619	T	0.436
0.043	0.279	0.527	0.151	S	0.392
0.051	0.806	0.076	0.068	C	0.985
XX
