Now running MotifSetReduce.pl with arguments -m cluster2.meme -l 5 -t 0.09 -c 0.5 ...



Consensus motifs at merging threshold 0.09:

DE	motif_train1_34m (10 positions) IC=  8.291
0.036	0.758	0.122	0.083	C	0.856
0.047	0.348	0.568	0.038	S	0.620
0.087	0.254	0.477	0.182	N	0.235
0.001	0.973	0.025	0.001	C	1.809
0.048	0.279	0.664	0.008	G	0.828
0.066	0.273	0.533	0.128	S	0.367
0.004	0.904	0.068	0.024	C	1.444
0.071	0.237	0.674	0.019	G	0.746
0.089	0.264	0.502	0.145	S	0.279
0.009	0.796	0.169	0.025	C	1.108
XX

DE	motif_train10_32m (6 positions) IC=  3.653
0.068	0.077	0.194	0.661	T	0.599
0.060	0.691	0.179	0.070	C	0.674
0.074	0.129	0.691	0.106	G	0.629
0.132	0.149	0.117	0.601	T	0.401
0.020	0.738	0.141	0.100	C	0.831
0.050	0.169	0.630	0.151	G	0.519
XX
