>TATATADASS	1-TATATADASS	5.218172	-1907.776966	0	T:4745.0(19.47%),B:1809.6(7.28%),P:1e-828	Tpos:31.4,Tstd:10.7,Bpos:48.8,Bstd:35.1,StrandBias:-0.2,Multiplicity:1.56
0.052	0.062	0.080	0.806
0.666	0.030	0.026	0.278
0.078	0.026	0.012	0.884
0.822	0.002	0.012	0.164
0.261	0.024	0.060	0.655
0.857	0.018	0.096	0.029
0.228	0.154	0.260	0.359
0.448	0.201	0.245	0.107
0.195	0.271	0.399	0.135
0.200	0.286	0.405	0.109
>GGGGAGGGGA	2-GGGGAGGGGA	4.143731	-1007.446288	0	T:15642.0(64.20%),B:12415.3(49.95%),P:1e-437	Tpos:55.8,Tstd:26.1,Bpos:50.0,Bstd:32.1,StrandBias:-1.8,Multiplicity:1.85
0.113	0.184	0.665	0.038
0.198	0.036	0.741	0.025
0.206	0.058	0.723	0.013
0.354	0.024	0.599	0.023
0.764	0.196	0.017	0.023
0.163	0.195	0.594	0.048
0.129	0.050	0.744	0.077
0.108	0.228	0.657	0.007
0.140	0.012	0.830	0.018
0.774	0.010	0.198	0.018
>CMMMCMCCCC	3-CMMMCMCCCC	4.931454	-806.653899	0	T:8879.0(36.44%),B:6181.8(24.87%),P:1e-350	Tpos:54.0,Tstd:25.7,Bpos:48.8,Bstd:29.7,StrandBias:2.4,Multiplicity:1.24
0.300	0.517	0.001	0.182
0.444	0.554	0.001	0.001
0.429	0.447	0.001	0.123
0.399	0.472	0.001	0.128
0.354	0.513	0.001	0.132
0.425	0.573	0.001	0.001
0.418	0.580	0.001	0.001
0.320	0.497	0.001	0.182
0.356	0.510	0.001	0.133
0.381	0.531	0.001	0.087
>CGTTTCGTTT	4-CGTTTCGTTT	4.919132	-577.155782	0	T:6200.0(25.45%),B:4189.8(16.86%),P:1e-250	Tpos:48.8,Tstd:26.6,Bpos:49.9,Bstd:32.0,StrandBias:-0.4,Multiplicity:1.19
0.058	0.700	0.133	0.109
0.091	0.109	0.650	0.150
0.096	0.154	0.112	0.638
0.038	0.104	0.071	0.787
0.030	0.099	0.112	0.759
0.050	0.691	0.142	0.117
0.105	0.123	0.629	0.143
0.109	0.115	0.118	0.658
0.040	0.122	0.078	0.760
0.045	0.118	0.112	0.725
>CCAAWTCCCA	5-CCAAWTCCCA	5.891649	-526.236475	0	T:2167.0(8.89%),B:1034.6(4.16%),P:1e-228	Tpos:51.3,Tstd:27.3,Bpos:50.5,Bstd:29.2,StrandBias:1.7,Multiplicity:1.05
0.125	0.661	0.060	0.154
0.274	0.661	0.020	0.045
0.506	0.238	0.181	0.075
0.637	0.136	0.120	0.107
0.298	0.066	0.206	0.430
0.001	0.117	0.189	0.693
0.085	0.602	0.122	0.191
0.159	0.644	0.093	0.104
0.267	0.512	0.109	0.112
0.674	0.220	0.020	0.086
>AAACCCTAGY	6-AAACCCTAGY	8.774554	-398.501935	0	T:733.0(3.01%),B:216.2(0.87%),P:1e-173	Tpos:54.1,Tstd:27.3,Bpos:53.7,Bstd:31.5,StrandBias:0.8,Multiplicity:1.02
0.742	0.023	0.158	0.077
0.916	0.028	0.038	0.018
0.871	0.014	0.094	0.021
0.086	0.809	0.052	0.053
0.017	0.926	0.026	0.031
0.033	0.908	0.044	0.015
0.070	0.046	0.034	0.850
0.792	0.124	0.033	0.051
0.102	0.090	0.773	0.035
0.063	0.333	0.188	0.417
>CACACRCACA	7-CACACRCACA	6.606214	-321.821237	0	T:2099.0(8.61%),B:1192.4(4.80%),P:1e-139	Tpos:54.5,Tstd:26.7,Bpos:49.6,Bstd:28.7,StrandBias:1.2,Multiplicity:1.09
0.046	0.871	0.050	0.033
0.693	0.033	0.242	0.032
0.013	0.785	0.201	0.001
0.643	0.045	0.169	0.143
0.065	0.564	0.356	0.015
0.419	0.081	0.332	0.168
0.001	0.959	0.038	0.002
0.673	0.019	0.277	0.031
0.088	0.811	0.100	0.001
0.785	0.038	0.132	0.045
>CCCATCCATC	8-CCCATCCATC	7.672855	-300.767884	0	T:930.0(3.82%),B:382.4(1.54%),P:1e-130	Tpos:54.1,Tstd:27.4,Bpos:48.4,Bstd:23.7,StrandBias:2.0,Multiplicity:1.02
0.095	0.725	0.053	0.127
0.071	0.661	0.072	0.196
0.119	0.689	0.183	0.009
0.764	0.001	0.146	0.089
0.001	0.001	0.001	0.997
0.001	0.886	0.001	0.112
0.001	0.882	0.108	0.009
0.804	0.001	0.180	0.015
0.135	0.020	0.082	0.763
0.017	0.824	0.001	0.158
>GCKGCDGCKK	9-GCKGCDGCKK	7.019516	-289.672307	0	T:3447.0(14.15%),B:2332.7(9.38%),P:1e-125	Tpos:57.8,Tstd:26.3,Bpos:51.6,Bstd:30.9,StrandBias:-0.6,Multiplicity:1.10
0.001	0.173	0.825	0.001
0.001	0.930	0.001	0.068
0.198	0.167	0.353	0.282
0.001	0.001	0.997	0.001
0.001	0.699	0.039	0.261
0.209	0.163	0.289	0.339
0.158	0.051	0.512	0.279
0.001	0.781	0.001	0.217
0.001	0.230	0.330	0.440
0.001	0.001	0.553	0.445
>CTCATCACTC	10-CTCATCACTC	6.885800	-267.466270	0	T:1592.0(6.53%),B:873.7(3.51%),P:1e-116	Tpos:55.1,Tstd:26.5,Bpos:49.3,Bstd:27.3,StrandBias:1.5,Multiplicity:1.03
0.062	0.767	0.058	0.113
0.061	0.053	0.055	0.831
0.051	0.837	0.060	0.052
0.682	0.133	0.088	0.097
0.025	0.091	0.064	0.820
0.032	0.918	0.012	0.038
0.788	0.114	0.030	0.068
0.105	0.742	0.108	0.045
0.102	0.042	0.051	0.805
0.039	0.810	0.097	0.054
>TCTCTCTCTC	11-TCTCTCTCTC	7.003558	-265.060024	0	T:1933.0(7.93%),B:1136.1(4.57%),P:1e-115	Tpos:57.0,Tstd:27.0,Bpos:48.8,Bstd:32.3,StrandBias:1.2,Multiplicity:1.03
0.052	0.081	0.053	0.814
0.055	0.811	0.082	0.052
0.077	0.047	0.115	0.761
0.047	0.800	0.083	0.070
0.080	0.061	0.068	0.791
0.044	0.843	0.088	0.025
0.082	0.071	0.120	0.727
0.066	0.790	0.066	0.078
0.056	0.063	0.071	0.810
0.056	0.853	0.032	0.059
>AGGCAGGCAG	12-AGGCAGGCAG	6.561612	-236.118283	0	T:798.0(3.28%),B:343.6(1.38%),P:1e-102	Tpos:53.3,Tstd:27.1,Bpos:45.2,Bstd:30.5,StrandBias:-0.2,Multiplicity:1.01
0.506	0.198	0.148	0.148
0.206	0.027	0.648	0.119
0.138	0.209	0.562	0.091
0.165	0.700	0.109	0.026
0.522	0.168	0.155	0.155
0.162	0.127	0.638	0.073
0.120	0.214	0.565	0.101
0.135	0.665	0.091	0.109
0.503	0.133	0.200	0.164
0.148	0.129	0.668	0.055
>GSTGCACTGC	13-GSTGCACTGC	8.432455	-215.078231	0	T:804.0(3.30%),B:364.0(1.46%),P:1e-93	Tpos:56.3,Tstd:26.6,Bpos:50.5,Bstd:31.3,StrandBias:-0.1,Multiplicity:1.07
0.155	0.020	0.504	0.321
0.001	0.566	0.432	0.001
0.127	0.246	0.001	0.626
0.026	0.001	0.972	0.001
0.022	0.812	0.165	0.001
0.486	0.001	0.227	0.287
0.001	0.601	0.397	0.001
0.152	0.001	0.001	0.846
0.053	0.191	0.755	0.001
0.001	0.997	0.001	0.001
>TACTAGTAGT	14-TACTAGTAGT	5.354543	-178.497336	0	T:1662.0(6.82%),B:1046.7(4.21%),P:1e-77	Tpos:47.5,Tstd:26.0,Bpos:49.9,Bstd:28.0,StrandBias:0.0,Multiplicity:1.08
0.115	0.195	0.097	0.593
0.813	0.022	0.107	0.058
0.010	0.599	0.339	0.052
0.048	0.100	0.016	0.836
0.784	0.033	0.092	0.091
0.001	0.379	0.619	0.001
0.006	0.097	0.018	0.879
0.941	0.022	0.009	0.028
0.006	0.297	0.671	0.026
0.119	0.220	0.049	0.612
>CTAGCTAGCT	15-CTAGCTAGCT	6.419462	-164.483840	0	T:672.0(2.76%),B:316.7(1.27%),P:1e-71	Tpos:57.4,Tstd:27.9,Bpos:52.5,Bstd:28.4,StrandBias:0.0,Multiplicity:1.03
0.113	0.639	0.134	0.114
0.139	0.172	0.139	0.550
0.505	0.170	0.157	0.168
0.108	0.121	0.650	0.121
0.100	0.672	0.112	0.116
0.138	0.168	0.141	0.553
0.505	0.154	0.181	0.160
0.102	0.128	0.646	0.124
0.103	0.676	0.102	0.119
0.132	0.135	0.130	0.603
>AGTCCAGTCC	16-AGTCCAGTCC	7.530137	-157.340771	0	T:445.0(1.83%),B:174.1(0.70%),P:1e-68	Tpos:53.2,Tstd:27.2,Bpos:48.9,Bstd:27.7,StrandBias:1.4,Multiplicity:1.06
0.806	0.062	0.068	0.064
0.105	0.074	0.760	0.061
0.032	0.129	0.058	0.781
0.025	0.888	0.040	0.047
0.038	0.844	0.068	0.050
0.833	0.045	0.068	0.054
0.088	0.021	0.830	0.061
0.129	0.126	0.086	0.659
0.035	0.817	0.084	0.064
0.042	0.784	0.099	0.075
>CCATTCCACT	17-CCATTCCACT	9.791111	-135.501036	0	T:224.0(0.92%),B:61.5(0.25%),P:1e-58	Tpos:53.4,Tstd:26.8,Bpos:56.0,Bstd:29.9,StrandBias:1.7,Multiplicity:1.00
0.001	0.978	0.001	0.020
0.045	0.953	0.001	0.001
0.978	0.001	0.001	0.020
0.011	0.193	0.036	0.760
0.003	0.001	0.094	0.902
0.001	0.983	0.015	0.001
0.003	0.993	0.003	0.001
0.907	0.001	0.046	0.046
0.046	0.821	0.094	0.039
0.077	0.151	0.032	0.740
>GACTGACTGA	18-GACTGACTGA	7.844846	-131.921883	0	T:418.0(1.72%),B:174.2(0.70%),P:1e-57	Tpos:55.1,Tstd:26.7,Bpos:47.9,Bstd:23.8,StrandBias:-0.7,Multiplicity:1.02
0.087	0.048	0.854	0.011
0.789	0.081	0.088	0.042
0.048	0.754	0.109	0.089
0.118	0.045	0.151	0.686
0.030	0.025	0.941	0.004
0.694	0.077	0.186	0.043
0.031	0.879	0.026	0.064
0.109	0.089	0.165	0.637
0.014	0.030	0.950	0.006
0.819	0.058	0.096	0.027
>TGATGATGAT	19-TGATGATGAT	8.101611	-130.133301	0	T:461.0(1.89%),B:203.4(0.82%),P:1e-56	Tpos:53.7,Tstd:26.6,Bpos:51.0,Bstd:21.8,StrandBias:-0.8,Multiplicity:1.03
0.110	0.148	0.200	0.542
0.034	0.009	0.955	0.002
0.789	0.095	0.078	0.038
0.001	0.138	0.001	0.860
0.001	0.001	0.886	0.112
0.751	0.212	0.025	0.012
0.018	0.129	0.001	0.852
0.015	0.005	0.975	0.005
0.637	0.187	0.083	0.093
0.010	0.114	0.102	0.774
>CTACAAATAM	20-CTACAAATAM	10.296040	-79.549969	0	T:81.0(0.33%),B:14.2(0.06%),P:1e-34	Tpos:34.0,Tstd:15.3,Bpos:45.8,Bstd:22.4,StrandBias:2.4,Multiplicity:1.00
0.258	0.605	0.001	0.136
0.172	0.001	0.128	0.699
0.707	0.021	0.271	0.001
0.001	0.968	0.030	0.001
0.900	0.009	0.090	0.001
0.903	0.031	0.001	0.065
0.825	0.031	0.090	0.054
0.001	0.002	0.001	0.996
0.968	0.030	0.001	0.001
0.433	0.354	0.212	0.001
>CTTTGCTTTG	21-CTTTGCTTTG	8.442976	-70.773021	0	T:76.0(0.31%),B:14.8(0.06%),P:1e-30	Tpos:58.5,Tstd:25.2,Bpos:24.8,Bstd:24.6,StrandBias:-1.3,Multiplicity:1.09
0.001	0.993	0.005	0.001
0.001	0.001	0.001	0.997
0.001	0.001	0.001	0.997
0.001	0.091	0.001	0.907
0.001	0.001	0.997	0.001
0.001	0.997	0.001	0.001
0.001	0.001	0.001	0.997
0.001	0.001	0.001	0.997
0.001	0.001	0.001	0.997
0.001	0.001	0.997	0.001
>RGCAKTCAGC	22-RGCAKTCAGC	9.422373	-69.058825	0	T:44.0(0.18%),B:4.6(0.02%),P:1e-29	Tpos:55.3,Tstd:24.6,Bpos:52.1,Bstd:21.0,StrandBias:0.8,Multiplicity:1.03
0.493	0.001	0.505	0.001
0.044	0.070	0.593	0.293
0.124	0.671	0.122	0.083
0.837	0.089	0.037	0.037
0.001	0.001	0.498	0.500
0.081	0.086	0.063	0.770
0.074	0.861	0.014	0.051
0.836	0.090	0.058	0.016
0.089	0.124	0.743	0.044
0.188	0.689	0.077	0.046
>TGGGCCTGGA	23-TGGGCCTGGA	11.840802	-57.257989	0	T:35.0(0.14%),B:3.4(0.01%),P:1e-24	Tpos:37.5,Tstd:29.3,Bpos:68.5,Bstd:3.6,StrandBias:-1.9,Multiplicity:1.00
0.001	0.001	0.001	0.997
0.001	0.001	0.997	0.001
0.001	0.001	0.997	0.001
0.001	0.001	0.997	0.001
0.001	0.997	0.001	0.001
0.001	0.997	0.001	0.001
0.001	0.001	0.001	0.997
0.001	0.136	0.862	0.001
0.001	0.001	0.997	0.001
0.997	0.001	0.001	0.001
>ATGAATGAAT	24-ATGAATGAAT	7.763948	-56.293613	0	T:72.0(0.30%),B:16.3(0.07%),P:1e-24	Tpos:49.4,Tstd:28.9,Bpos:45.3,Bstd:19.7,StrandBias:-0.6,Multiplicity:1.00
0.900	0.076	0.006	0.018
0.001	0.001	0.053	0.945
0.006	0.018	0.975	0.001
0.947	0.018	0.034	0.001
0.993	0.001	0.005	0.001
0.001	0.001	0.001	0.997
0.005	0.001	0.993	0.001
0.997	0.001	0.001	0.001
0.965	0.001	0.001	0.033
0.001	0.001	0.001	0.997
>TTCTTTCTTG	25-TTCTTTCTTG	12.437352	-13.060388	0	T:39.0(0.16%),B:17.1(0.07%),P:1e-5	Tpos:43.6,Tstd:26.3,Bpos:95.0,Bstd:0.0,StrandBias:-0.2,Multiplicity:1.04
0.001	0.001	0.001	0.997
0.001	0.001	0.001	0.997
0.001	0.997	0.001	0.001
0.001	0.001	0.001	0.997
0.001	0.001	0.001	0.997
0.001	0.001	0.001	0.997
0.001	0.691	0.001	0.307
0.001	0.001	0.001	0.997
0.001	0.001	0.001	0.997
0.001	0.001	0.802	0.196
>TATATAWANVSV	1-TATATAWANVSV	4.973308	-1919.437807	0	T:4862.0(19.95%),B:1877.4(7.55%),P:1e-833	Tpos:31.6,Tstd:10.9,Bpos:49.3,Bstd:34.2,StrandBias:0.1,Multiplicity:1.20
0.088	0.169	0.117	0.626
0.535	0.159	0.041	0.265
0.063	0.037	0.003	0.897
0.789	0.006	0.009	0.196
0.224	0.044	0.029	0.703
0.847	0.036	0.086	0.031
0.293	0.131	0.166	0.410
0.563	0.154	0.193	0.090
0.207	0.261	0.276	0.257
0.320	0.247	0.319	0.115
0.192	0.362	0.296	0.151
0.255	0.305	0.309	0.131
>CCCCCCCCCCCC	2-CCCCCCCCCCCC	5.321561	-1064.995607	0	T:8833.0(36.25%),B:5751.7(23.14%),P:1e-462	Tpos:56.8,Tstd:25.7,Bpos:49.4,Bstd:31.5,StrandBias:2.4,Multiplicity:1.34
0.076	0.609	0.115	0.200
0.097	0.654	0.080	0.169
0.128	0.678	0.082	0.112
0.234	0.425	0.148	0.193
0.118	0.597	0.104	0.181
0.089	0.657	0.095	0.159
0.132	0.461	0.190	0.216
0.094	0.680	0.097	0.129
0.107	0.712	0.074	0.107
0.228	0.384	0.156	0.232
0.087	0.679	0.102	0.132
0.082	0.734	0.086	0.098
>CCAYTCCACTCC	3-CCAYTCCACTCC	5.541676	-987.173721	0	T:6749.0(27.70%),B:4072.3(16.38%),P:1e-428	Tpos:55.1,Tstd:26.9,Bpos:50.2,Bstd:28.6,StrandBias:2.2,Multiplicity:1.08
0.040	0.774	0.099	0.087
0.146	0.710	0.083	0.061
0.618	0.131	0.138	0.113
0.158	0.283	0.204	0.355
0.062	0.278	0.108	0.552
0.011	0.794	0.063	0.132
0.090	0.835	0.043	0.032
0.590	0.132	0.164	0.114
0.238	0.434	0.122	0.207
0.099	0.201	0.168	0.532
0.029	0.607	0.181	0.183
0.061	0.784	0.084	0.071
>TCKTCTCBTCTC	4-TCKTCTCBTCTC	1.592696	-973.015182	0	T:10581.0(43.43%),B:7472.5(30.06%),P:1e-422	Tpos:56.0,Tstd:25.5,Bpos:49.3,Bstd:32.5,StrandBias:1.5,Multiplicity:1.22
0.001	0.225	0.001	0.773
0.001	0.903	0.001	0.095
0.001	0.216	0.347	0.436
0.001	0.291	0.001	0.707
0.001	0.791	0.021	0.187
0.001	0.036	0.001	0.962
0.001	0.987	0.001	0.011
0.001	0.354	0.323	0.322
0.001	0.189	0.001	0.809
0.001	0.818	0.001	0.180
0.001	0.073	0.027	0.899
0.001	0.997	0.001	0.001
>CAAACCAAAMCM	5-CAAACCAAAMCM	6.299239	-720.329191	0	T:3370.0(13.83%),B:1718.2(6.91%),P:1e-312	Tpos:54.4,Tstd:25.0,Bpos:49.5,Bstd:29.6,StrandBias:2.1,Multiplicity:1.06
0.353	0.645	0.001	0.001
0.588	0.391	0.020	0.001
0.629	0.369	0.001	0.001
0.766	0.220	0.013	0.001
0.213	0.587	0.199	0.001
0.191	0.807	0.001	0.001
0.730	0.268	0.001	0.001
0.642	0.356	0.001	0.001
0.801	0.195	0.003	0.001
0.364	0.417	0.218	0.001
0.194	0.804	0.001	0.001
0.535	0.463	0.001	0.001
>CHAAACCCTARC	6-CHAAACCCTARC	8.696529	-371.280107	0	T:696.0(2.86%),B:208.6(0.84%),P:1e-161	Tpos:56.1,Tstd:27.0,Bpos:50.9,Bstd:31.8,StrandBias:1.3,Multiplicity:1.03
0.152	0.429	0.217	0.202
0.267	0.348	0.185	0.200
0.627	0.037	0.155	0.181
0.881	0.042	0.066	0.011
0.818	0.059	0.110	0.013
0.162	0.796	0.017	0.025
0.023	0.946	0.023	0.008
0.034	0.940	0.013	0.013
0.063	0.169	0.108	0.660
0.623	0.204	0.044	0.129
0.304	0.158	0.433	0.105
0.259	0.417	0.124	0.200
>ACACRCACACAC	7-ACACRCACACAC	6.291490	-309.808823	0	T:2222.0(9.12%),B:1302.8(5.24%),P:1e-134	Tpos:56.3,Tstd:25.8,Bpos:48.4,Bstd:29.5,StrandBias:1.2,Multiplicity:1.07
0.467	0.119	0.269	0.145
0.014	0.940	0.036	0.010
0.816	0.020	0.104	0.060
0.006	0.804	0.160	0.030
0.381	0.004	0.497	0.118
0.013	0.830	0.126	0.031
0.658	0.075	0.198	0.069
0.016	0.789	0.160	0.035
0.624	0.027	0.279	0.070
0.030	0.865	0.088	0.017
0.814	0.026	0.128	0.032
0.064	0.757	0.156	0.023
>ACCACACCGCAC	8-ACCACACCGCAC	7.535351	-249.744632	0	T:796.0(3.27%),B:332.7(1.34%),P:1e-108	Tpos:55.1,Tstd:25.5,Bpos:50.5,Bstd:28.6,StrandBias:1.6,Multiplicity:1.01
0.741	0.031	0.149	0.079
0.037	0.830	0.108	0.025
0.049	0.863	0.050	0.038
0.696	0.001	0.159	0.144
0.055	0.889	0.031	0.025
0.913	0.043	0.026	0.018
0.019	0.882	0.037	0.062
0.086	0.737	0.093	0.084
0.076	0.025	0.695	0.204
0.061	0.908	0.012	0.019
0.821	0.025	0.111	0.043
0.025	0.875	0.032	0.068
>TCGATTCGATTG	9-TCGATTCGATTG	7.205472	-239.828672	0	T:813.0(3.34%),B:350.6(1.41%),P:1e-104	Tpos:55.2,Tstd:26.8,Bpos:49.6,Bstd:25.5,StrandBias:-0.7,Multiplicity:1.02
0.078	0.136	0.089	0.697
0.014	0.762	0.126	0.098
0.009	0.008	0.977	0.006
0.625	0.168	0.140	0.067
0.045	0.137	0.098	0.720
0.001	0.069	0.186	0.744
0.001	0.789	0.028	0.182
0.081	0.048	0.857	0.014
0.473	0.176	0.263	0.087
0.039	0.137	0.109	0.715
0.008	0.173	0.078	0.741
0.011	0.166	0.663	0.160
>CTACTACTACTA	10-CTACTACTACTA	6.543083	-214.297960	0	T:1145.0(4.70%),B:602.3(2.42%),P:1e-93	Tpos:49.9,Tstd:25.8,Bpos:49.4,Bstd:28.0,StrandBias:-0.0,Multiplicity:1.06
0.017	0.731	0.228	0.024
0.050	0.031	0.014	0.905
0.629	0.036	0.310	0.025
0.001	0.762	0.230	0.007
0.191	0.065	0.066	0.678
0.850	0.005	0.120	0.025
0.002	0.741	0.255	0.002
0.005	0.021	0.005	0.969
0.708	0.035	0.232	0.025
0.010	0.667	0.313	0.010
0.239	0.086	0.100	0.575
0.735	0.036	0.153	0.076
>TCCATCCATCCA	11-TCCATCCATCCA	8.413909	-213.138369	0	T:485.0(1.99%),B:166.4(0.67%),P:1e-92	Tpos:54.2,Tstd:27.1,Bpos:49.0,Bstd:26.3,StrandBias:2.2,Multiplicity:1.01
0.055	0.061	0.038	0.846
0.038	0.887	0.037	0.038
0.042	0.818	0.094	0.046
0.908	0.013	0.050	0.029
0.042	0.034	0.190	0.734
0.025	0.895	0.017	0.063
0.054	0.829	0.075	0.042
0.748	0.057	0.170	0.025
0.046	0.042	0.070	0.842
0.025	0.861	0.080	0.034
0.017	0.847	0.078	0.058
0.800	0.074	0.071	0.055
>CACTCGCCACTC	12-CACTCGCCACTC	8.781867	-186.159263	0	T:352.0(1.44%),B:106.3(0.43%),P:1e-80	Tpos:57.3,Tstd:24.2,Bpos:49.0,Bstd:29.0,StrandBias:1.7,Multiplicity:1.02
0.068	0.867	0.039	0.026
0.788	0.020	0.134	0.058
0.039	0.812	0.078	0.071
0.039	0.032	0.019	0.910
0.001	0.829	0.119	0.051
0.108	0.077	0.726	0.089
0.032	0.775	0.071	0.122
0.090	0.839	0.045	0.026
0.828	0.020	0.114	0.038
0.033	0.840	0.113	0.014
0.020	0.007	0.052	0.921
0.032	0.868	0.099	0.001
>TCCCAAGTCCCA	13-TCCCAAGTCCCA	12.230040	-177.174127	0	T:89.0(0.37%),B:6.0(0.02%),P:1e-76	Tpos:62.1,Tstd:21.0,Bpos:13.5,Bstd:5.9,StrandBias:2.2,Multiplicity:1.02
0.001	0.001	0.001	0.997
0.001	0.997	0.001	0.001
0.001	0.989	0.001	0.009
0.028	0.962	0.009	0.001
0.997	0.001	0.001	0.001
0.828	0.001	0.118	0.053
0.053	0.244	0.446	0.257
0.001	0.001	0.001	0.997
0.001	0.997	0.001	0.001
0.001	0.997	0.001	0.001
0.009	0.989	0.001	0.001
0.970	0.010	0.010	0.010
>GCTAGCTAGCTA	14-GCTAGCTAGCTA	7.655283	-168.673458	0	T:658.0(2.70%),B:303.8(1.22%),P:1e-73	Tpos:57.5,Tstd:27.1,Bpos:51.8,Bstd:27.6,StrandBias:-0.1,Multiplicity:1.03
0.070	0.063	0.811	0.056
0.051	0.839	0.067	0.043
0.122	0.115	0.106	0.657
0.651	0.086	0.102	0.161
0.035	0.036	0.893	0.036
0.033	0.897	0.041	0.029
0.115	0.107	0.077	0.701
0.637	0.097	0.107	0.159
0.038	0.043	0.884	0.035
0.056	0.825	0.053	0.066
0.123	0.107	0.110	0.660
0.548	0.130	0.160	0.162
>TCCAAATTCCAA	15-TCCAAATTCCAA	10.181429	-137.717055	0	T:104.0(0.43%),B:12.4(0.05%),P:1e-59	Tpos:54.8,Tstd:24.4,Bpos:37.3,Bstd:26.7,StrandBias:1.5,Multiplicity:1.01
0.039	0.031	0.047	0.883
0.024	0.890	0.031	0.055
0.114	0.846	0.016	0.024
0.775	0.070	0.124	0.031
0.897	0.024	0.032	0.047
0.808	0.066	0.055	0.071
0.095	0.037	0.092	0.776
0.031	0.078	0.031	0.860
0.024	0.882	0.047	0.047
0.137	0.785	0.039	0.039
0.812	0.071	0.085	0.032
0.803	0.063	0.063	0.071
>TGCGACTGCGAG	16-TGCGACTGCGAG	11.300996	-124.764548	0	T:91.0(0.37%),B:10.4(0.04%),P:1e-54	Tpos:54.4,Tstd:25.6,Bpos:40.5,Bstd:12.2,StrandBias:-0.3,Multiplicity:1.00
0.020	0.331	0.020	0.629
0.001	0.010	0.825	0.164
0.211	0.758	0.030	0.001
0.103	0.132	0.764	0.001
0.585	0.153	0.252	0.010
0.114	0.661	0.102	0.123
0.020	0.201	0.010	0.769
0.010	0.001	0.813	0.176
0.010	0.755	0.133	0.102
0.001	0.001	0.978	0.020
0.844	0.001	0.145	0.010
0.020	0.180	0.790	0.010
>RAGGCAGRCAGG	17-RAGGCAGRCAGG	10.733079	-110.635929	0	T:125.0(0.51%),B:24.5(0.10%),P:1e-48	Tpos:51.0,Tstd:24.5,Bpos:53.7,Bstd:20.6,StrandBias:0.1,Multiplicity:1.00
0.527	0.001	0.471	0.001
0.997	0.001	0.001	0.001
0.001	0.001	0.997	0.001
0.001	0.109	0.843	0.047
0.144	0.692	0.163	0.001
0.735	0.035	0.132	0.098
0.001	0.412	0.586	0.001
0.538	0.047	0.414	0.001
0.046	0.921	0.032	0.001
0.843	0.110	0.032	0.015
0.112	0.001	0.824	0.063
0.096	0.354	0.549	0.001
>CTGCAGGCTGCA	18-CTGCAGGCTGCA	11.843056	-92.493754	0	T:76.0(0.31%),B:10.5(0.04%),P:1e-40	Tpos:51.6,Tstd:21.8,Bpos:48.4,Bstd:30.5,StrandBias:-0.1,Multiplicity:1.02
0.001	0.904	0.094	0.001
0.001	0.001	0.046	0.952
0.046	0.001	0.952	0.001
0.094	0.904	0.001	0.001
0.997	0.001	0.001	0.001
0.001	0.133	0.772	0.094
0.047	0.101	0.513	0.339
0.001	0.767	0.185	0.047
0.013	0.001	0.047	0.939
0.001	0.094	0.904	0.001
0.001	0.904	0.001	0.094
0.997	0.001	0.001	0.001
>TCTCGGDCTCTC	19-TCTCGGDCTCTC	9.396490	-88.334775	0	T:83.0(0.34%),B:13.1(0.05%),P:1e-38	Tpos:56.5,Tstd:25.9,Bpos:42.4,Bstd:17.7,StrandBias:0.7,Multiplicity:1.00
0.071	0.224	0.146	0.559
0.036	0.772	0.089	0.103
0.071	0.147	0.167	0.615
0.028	0.798	0.108	0.066
0.173	0.159	0.419	0.249
0.158	0.281	0.501	0.060
0.310	0.146	0.241	0.303
0.098	0.687	0.120	0.095
0.061	0.099	0.066	0.774
0.001	0.841	0.044	0.114
0.051	0.206	0.276	0.466
0.056	0.674	0.159	0.111
>AAAGCGCACGCG	20-AAAGCGCACGCG	10.541083	-80.761636	0	T:44.0(0.18%),B:3.4(0.01%),P:1e-35	Tpos:47.1,Tstd:28.7,Bpos:5.0,Bstd:0.0,StrandBias:-0.3,Multiplicity:1.00
0.880	0.051	0.068	0.001
0.826	0.051	0.122	0.001
0.833	0.038	0.077	0.052
0.078	0.038	0.883	0.001
0.076	0.835	0.051	0.038
0.090	0.063	0.846	0.001
0.048	0.824	0.127	0.001
0.720	0.052	0.068	0.160
0.057	0.829	0.076	0.038
0.052	0.052	0.882	0.014
0.077	0.830	0.092	0.001
0.064	0.078	0.820	0.038
>GCAGACTCGCAG	21-GCAGACTCGCAG	8.936971	-74.455859	0	T:54.0(0.22%),B:6.1(0.02%),P:1e-32	Tpos:57.0,Tstd:24.4,Bpos:59.5,Bstd:30.0,StrandBias:-0.4,Multiplicity:1.03
0.089	0.114	0.702	0.095
0.103	0.705	0.119	0.073
0.624	0.132	0.138	0.106
0.113	0.104	0.717	0.066
0.600	0.164	0.129	0.107
0.123	0.636	0.142	0.099
0.118	0.128	0.149	0.605
0.113	0.648	0.129	0.110
0.101	0.109	0.701	0.089
0.100	0.702	0.122	0.076
0.650	0.124	0.115	0.111
0.100	0.099	0.708	0.093
>TTGCGTTGCTTG	22-TTGCGTTGCTTG	10.847942	-70.933525	0	T:68.0(0.28%),B:11.9(0.05%),P:1e-30	Tpos:57.0,Tstd:28.0,Bpos:67.5,Bstd:13.6,StrandBias:-0.3,Multiplicity:1.00
0.016	0.037	0.048	0.899
0.037	0.048	0.048	0.867
0.005	0.021	0.942	0.032
0.078	0.799	0.059	0.064
0.125	0.177	0.605	0.093
0.042	0.131	0.058	0.769
0.021	0.027	0.074	0.878
0.037	0.031	0.900	0.032
0.027	0.884	0.016	0.073
0.114	0.124	0.037	0.725
0.021	0.043	0.053	0.883
0.042	0.059	0.862	0.037
>AGCACAGCACCC	23-AGCACAGCACCC	10.793002	-58.325779	0	T:61.0(0.25%),B:11.9(0.05%),P:1e-25	Tpos:60.0,Tstd:22.3,Bpos:50.2,Bstd:27.4,StrandBias:0.9,Multiplicity:1.00
0.842	0.048	0.035	0.075
0.014	0.027	0.911	0.048
0.048	0.864	0.061	0.027
0.890	0.041	0.034	0.035
0.068	0.779	0.133	0.020
0.830	0.068	0.075	0.027
0.020	0.014	0.904	0.062
0.062	0.863	0.034	0.041
0.842	0.028	0.061	0.069
0.089	0.766	0.097	0.048
0.120	0.784	0.068	0.028
0.133	0.738	0.068	0.061
>ACTCGCCGCCGC	24-ACTCGCCGCCGC	10.205044	-57.710285	0	T:130.0(0.53%),B:46.0(0.18%),P:1e-25	Tpos:60.7,Tstd:28.3,Bpos:50.7,Bstd:22.9,StrandBias:1.6,Multiplicity:1.00
0.676	0.124	0.125	0.075
0.097	0.698	0.122	0.083
0.087	0.099	0.152	0.662
0.087	0.726	0.111	0.076
0.062	0.068	0.816	0.054
0.070	0.772	0.083	0.075
0.086	0.774	0.072	0.068
0.077	0.042	0.804	0.077
0.066	0.765	0.081	0.088
0.081	0.727	0.103	0.089
0.064	0.069	0.800	0.067
0.049	0.780	0.107	0.064
>CCATCACCCATC	25-CCATCACCCATC	8.129321	-27.346557	0	T:37.0(0.15%),B:9.4(0.04%),P:1e-11	Tpos:47.2,Tstd:26.7,Bpos:43.4,Bstd:8.8,StrandBias:2.3,Multiplicity:1.04
0.146	0.538	0.164	0.152
0.154	0.668	0.061	0.117
0.585	0.151	0.126	0.138
0.132	0.125	0.190	0.553
0.080	0.684	0.124	0.112
0.597	0.071	0.180	0.152
0.138	0.538	0.169	0.155
0.130	0.628	0.112	0.130
0.168	0.625	0.123	0.084
0.560	0.153	0.164	0.123
0.064	0.207	0.194	0.535
0.156	0.473	0.174	0.196
>TATATA	1-TATATA	5.380139	-1739.715375	0	T:4684.0(19.22%),B:1868.4(7.52%),P:1e-755	Tpos:31.4,Tstd:10.9,Bpos:49.7,Bstd:37.6,StrandBias:0.6,Multiplicity:1.15
0.001	0.034	0.001	0.964
0.997	0.001	0.001	0.001
0.098	0.001	0.001	0.900
0.997	0.001	0.001	0.001
0.384	0.026	0.024	0.566
0.997	0.001	0.001	0.001
>CACWCC	2-CACWCC	5.130760	-704.809888	0	T:12146.0(49.85%),B:9455.0(38.04%),P:1e-306	Tpos:53.9,Tstd:27.3,Bpos:49.5,Bstd:30.9,StrandBias:1.9,Multiplicity:1.46
0.001	0.997	0.001	0.001
0.732	0.266	0.001	0.001
0.192	0.622	0.001	0.185
0.459	0.001	0.001	0.539
0.001	0.997	0.001	0.001
0.354	0.644	0.001	0.001
>GACGGG	3-GACGGG	4.569733	-493.431110	0	T:10213.0(41.92%),B:8038.4(32.34%),P:1e-214	Tpos:52.3,Tstd:27.9,Bpos:49.9,Bstd:29.9,StrandBias:-1.5,Multiplicity:1.31
0.047	0.001	0.951	0.001
0.868	0.001	0.130	0.001
0.001	0.882	0.001	0.116
0.001	0.001	0.872	0.126
0.105	0.001	0.893	0.001
0.157	0.001	0.841	0.001
>TCTCTC	4-TCTCTC	4.293121	-409.768029	0	T:11357.0(46.61%),B:9360.9(37.66%),P:1e-177	Tpos:56.1,Tstd:27.3,Bpos:49.6,Bstd:32.2,StrandBias:1.4,Multiplicity:1.39
0.001	0.295	0.001	0.703
0.001	0.997	0.001	0.001
0.044	0.001	0.129	0.826
0.001	0.997	0.001	0.001
0.001	0.001	0.074	0.924
0.001	0.997	0.001	0.001
>GCWGTG	5-GCWGTG	4.671597	-365.572240	0	T:10459.0(42.93%),B:8600.3(34.60%),P:1e-158	Tpos:52.7,Tstd:28.1,Bpos:49.4,Bstd:30.4,StrandBias:-1.1,Multiplicity:1.13
0.001	0.001	0.997	0.001
0.264	0.734	0.001	0.001
0.570	0.001	0.001	0.428
0.001	0.001	0.997	0.001
0.001	0.233	0.001	0.765
0.001	0.001	0.997	0.001
>AAGCAR	6-AAGCAR	4.526088	-327.446648	0	T:8973.0(36.83%),B:7270.8(29.25%),P:1e-142	Tpos:52.8,Tstd:27.6,Bpos:49.8,Bstd:31.5,StrandBias:-0.1,Multiplicity:1.30
0.747	0.074	0.001	0.178
0.500	0.166	0.333	0.001
0.054	0.101	0.757	0.088
0.001	0.897	0.101	0.001
0.603	0.001	0.218	0.178
0.499	0.092	0.408	0.001
>CGCSTC	7-CGCSTC	5.360278	-318.989045	0	T:6054.0(24.85%),B:4565.8(18.37%),P:1e-138	Tpos:53.1,Tstd:28.9,Bpos:50.8,Bstd:31.2,StrandBias:0.8,Multiplicity:1.11
0.001	0.766	0.001	0.232
0.056	0.001	0.942	0.001
0.016	0.709	0.007	0.268
0.013	0.500	0.461	0.026
0.022	0.001	0.248	0.729
0.011	0.737	0.233	0.019
>CAAACC	8-CAAACC	5.708327	-316.537811	0	T:6008.0(24.66%),B:4529.5(18.22%),P:1e-137	Tpos:50.1,Tstd:27.8,Bpos:50.4,Bstd:31.8,StrandBias:1.6,Multiplicity:1.10
0.195	0.803	0.001	0.001
0.601	0.397	0.001	0.001
0.997	0.001	0.001	0.001
0.841	0.157	0.001	0.001
0.001	0.751	0.001	0.247
0.001	0.997	0.001	0.001
>CACCAC	9-CACCAC	1.187271	-313.055866	0	T:9061.0(37.19%),B:7395.6(29.75%),P:1e-135	Tpos:54.7,Tstd:27.9,Bpos:49.8,Bstd:29.3,StrandBias:1.2,Multiplicity:1.27
0.001	0.997	0.001	0.001
0.997	0.001	0.001	0.001
0.001	0.801	0.001	0.197
0.001	0.997	0.001	0.001
0.810	0.001	0.188	0.001
0.001	0.997	0.001	0.001
>CMTTYC	10-CMTTYC	4.858520	-298.593038	0	T:8005.0(32.85%),B:6429.7(25.87%),P:1e-129	Tpos:51.8,Tstd:27.6,Bpos:50.1,Bstd:33.5,StrandBias:1.1,Multiplicity:1.20
0.001	0.899	0.099	0.001
0.342	0.303	0.165	0.189
0.001	0.134	0.174	0.691
0.150	0.113	0.001	0.736
0.001	0.422	0.082	0.494
0.055	0.844	0.100	0.001
>TCGTKT	11-TCGTKT	1.812106	-288.022549	0	T:8002.0(32.84%),B:6456.2(25.97%),P:1e-125	Tpos:50.7,Tstd:28.1,Bpos:50.2,Bstd:30.3,StrandBias:0.2,Multiplicity:1.16
0.001	0.015	0.001	0.983
0.001	0.997	0.001	0.001
0.001	0.001	0.997	0.001
0.092	0.001	0.001	0.906
0.001	0.111	0.498	0.391
0.001	0.001	0.001	0.997
>AMMCCY	12-AMMCCY	5.607897	-267.203566	0	T:3721.0(15.27%),B:2609.1(10.50%),P:1e-116	Tpos:52.6,Tstd:26.3,Bpos:50.1,Bstd:32.3,StrandBias:1.7,Multiplicity:1.14
0.792	0.206	0.001	0.001
0.550	0.448	0.001	0.001
0.450	0.548	0.001	0.001
0.001	0.997	0.001	0.001
0.243	0.755	0.001	0.001
0.115	0.451	0.001	0.433
>CCGCAG	13-CCGCAG	5.712597	-232.544096	0	T:6933.0(28.45%),B:5609.9(22.57%),P:1e-100	Tpos:57.9,Tstd:27.8,Bpos:50.3,Bstd:31.2,StrandBias:0.9,Multiplicity:1.30
0.001	0.888	0.001	0.110
0.001	0.997	0.001	0.001
0.001	0.001	0.997	0.001
0.001	0.997	0.001	0.001
0.772	0.226	0.001	0.001
0.120	0.001	0.878	0.001
>TTATTA	14-TTATTA	6.165672	-232.148166	0	T:1263.0(5.18%),B:669.7(2.69%),P:1e-100	Tpos:37.3,Tstd:22.7,Bpos:50.2,Bstd:35.3,StrandBias:-0.1,Multiplicity:1.08
0.001	0.001	0.001	0.997
0.001	0.001	0.001	0.997
0.997	0.001	0.001	0.001
0.001	0.001	0.001	0.997
0.118	0.001	0.001	0.880
0.997	0.001	0.001	0.001
>GCAGGC	15-GCAGGC	6.520296	-199.474809	0	T:4205.0(17.26%),B:3189.1(12.83%),P:1e-86	Tpos:49.6,Tstd:28.5,Bpos:48.3,Bstd:29.9,StrandBias:-0.2,Multiplicity:1.06
0.273	0.001	0.725	0.001
0.001	0.689	0.001	0.309
0.889	0.109	0.001	0.001
0.001	0.001	0.997	0.001
0.001	0.001	0.997	0.001
0.001	0.997	0.001	0.001
>GATCGA	16-GATCGA	6.239174	-152.659936	0	T:3658.0(15.01%),B:2822.8(11.36%),P:1e-66	Tpos:53.6,Tstd:28.3,Bpos:49.3,Bstd:26.9,StrandBias:-0.9,Multiplicity:1.13
0.001	0.001	0.997	0.001
0.997	0.001	0.001	0.001
0.001	0.001	0.001	0.997
0.001	0.587	0.285	0.127
0.001	0.001	0.997	0.001
0.997	0.001	0.001	0.001
>GCTGCT	17-GCTGCT	3.131062	-135.630603	0	T:6813.0(27.96%),B:5831.8(23.46%),P:1e-58	Tpos:54.4,Tstd:27.8,Bpos:50.3,Bstd:31.4,StrandBias:-0.2,Multiplicity:1.24
0.001	0.001	0.997	0.001
0.001	0.997	0.001	0.001
0.055	0.001	0.001	0.943
0.001	0.001	0.997	0.001
0.001	0.997	0.001	0.001
0.085	0.001	0.006	0.908
>CTACTA	18-CTACTA	7.152315	-108.329305	0	T:1251.0(5.13%),B:830.9(3.34%),P:1e-47	Tpos:46.6,Tstd:27.1,Bpos:50.5,Bstd:29.3,StrandBias:0.3,Multiplicity:1.20
0.001	0.912	0.086	0.001
0.001	0.001	0.001	0.997
0.997	0.001	0.001	0.001
0.001	0.652	0.346	0.001
0.001	0.001	0.001	0.997
0.997	0.001	0.001	0.001
>TTTGTA	19-TTTGTA	7.064868	-64.388288	0	T:2314.0(9.50%),B:1878.3(7.56%),P:1e-27	Tpos:42.2,Tstd:26.2,Bpos:50.3,Bstd:32.1,StrandBias:-0.8,Multiplicity:1.10
0.001	0.001	0.001	0.997
0.001	0.001	0.001	0.997
0.001	0.001	0.001	0.997
0.001	0.001	0.997	0.001
0.001	0.001	0.001	0.997
0.708	0.001	0.001	0.290
>AGCTAG	20-AGCTAG	6.177716	-34.721248	0	T:1459.0(5.99%),B:1206.4(4.85%),P:1e-15	Tpos:56.5,Tstd:29.1,Bpos:50.7,Bstd:30.0,StrandBias:-0.0,Multiplicity:1.25
0.700	0.100	0.100	0.100
0.100	0.100	0.700	0.100
0.100	0.700	0.100	0.100
0.100	0.100	0.100	0.700
0.700	0.100	0.100	0.100
0.100	0.100	0.700	0.100
>ATTAAT	21-ATTAAT	8.174311	-29.382241	0	T:316.0(1.30%),B:209.0(0.84%),P:1e-12	Tpos:37.3,Tstd:25.3,Bpos:49.6,Bstd:31.4,StrandBias:0.0,Multiplicity:1.04
0.944	0.001	0.001	0.054
0.001	0.001	0.001	0.997
0.017	0.001	0.001	0.981
0.997	0.001	0.001	0.001
0.997	0.001	0.001	0.001
0.054	0.001	0.001	0.944
>TATAWANM	1-TATAWANM	5.246060	-1660.678025	0	T:3928.0(16.12%),B:1436.0(5.78%),P:1e-721	Tpos:31.5,Tstd:10.2,Bpos:49.6,Bstd:37.0,StrandBias:0.7,Multiplicity:1.10
0.046	0.197	0.093	0.664
0.633	0.218	0.099	0.050
0.315	0.067	0.001	0.617
0.805	0.042	0.034	0.119
0.406	0.058	0.001	0.535
0.637	0.120	0.187	0.056
0.314	0.235	0.220	0.232
0.437	0.374	0.189	0.001
>VYTAATAA	2-VYTAATAA	4.815844	-1069.753729	0	T:5719.0(23.47%),B:3148.6(12.67%),P:1e-464	Tpos:35.4,Tstd:21.1,Bpos:49.6,Bstd:34.6,StrandBias:0.1,Multiplicity:1.09
0.254	0.398	0.347	0.001
0.102	0.350	0.199	0.350
0.001	0.001	0.001	0.997
0.644	0.001	0.001	0.354
0.596	0.001	0.001	0.402
0.358	0.001	0.001	0.640
0.768	0.001	0.001	0.230
0.997	0.001	0.001	0.001
>CCMATCCC	3-CCMATCCC	5.319607	-1039.800052	0	T:9707.0(39.84%),B:6567.8(26.42%),P:1e-451	Tpos:54.5,Tstd:26.6,Bpos:49.7,Bstd:31.0,StrandBias:2.4,Multiplicity:1.46
0.001	0.678	0.001	0.320
0.001	0.997	0.001	0.001
0.431	0.567	0.001	0.001
0.624	0.168	0.083	0.125
0.318	0.159	0.001	0.522
0.001	0.717	0.001	0.281
0.001	0.997	0.001	0.001
0.266	0.732	0.001	0.001
>CYCGYCTC	4-CYCGYCTC	4.672384	-886.657371	0	T:10800.0(44.33%),B:7820.3(31.46%),P:1e-385	Tpos:56.5,Tstd:26.8,Bpos:50.2,Bstd:32.5,StrandBias:1.7,Multiplicity:1.40
0.023	0.631	0.168	0.178
0.094	0.362	0.184	0.360
0.051	0.809	0.021	0.119
0.095	0.266	0.436	0.203
0.052	0.416	0.090	0.443
0.078	0.676	0.051	0.195
0.156	0.075	0.262	0.507
0.042	0.761	0.012	0.185
>TATAAATA	5-TATAAATA	6.740499	-877.649857	0	T:2170.0(8.91%),B:796.0(3.20%),P:1e-381	Tpos:33.2,Tstd:15.2,Bpos:48.4,Bstd:33.1,StrandBias:1.1,Multiplicity:1.03
0.058	0.001	0.001	0.940
0.890	0.001	0.001	0.108
0.001	0.265	0.001	0.733
0.825	0.001	0.001	0.173
0.934	0.064	0.001	0.001
0.706	0.001	0.229	0.064
0.152	0.120	0.109	0.619
0.557	0.001	0.355	0.087
>TYCGYTTC	6-TYCGYTTC	5.727611	-661.694850	0	T:5265.0(21.61%),B:3269.4(13.15%),P:1e-287	Tpos:53.1,Tstd:27.4,Bpos:50.8,Bstd:31.8,StrandBias:0.8,Multiplicity:1.14
0.001	0.026	0.039	0.934
0.076	0.397	0.036	0.491
0.017	0.890	0.092	0.001
0.183	0.131	0.632	0.054
0.016	0.388	0.186	0.409
0.036	0.001	0.001	0.962
0.012	0.316	0.065	0.607
0.042	0.776	0.016	0.166
>CACACCAC	7-CACACCAC	6.392963	-548.160007	0	T:3113.0(12.78%),B:1702.1(6.85%),P:1e-238	Tpos:54.2,Tstd:27.0,Bpos:48.4,Bstd:30.0,StrandBias:1.9,Multiplicity:1.09
0.207	0.728	0.023	0.042
0.594	0.254	0.080	0.072
0.095	0.823	0.076	0.006
0.640	0.168	0.075	0.117
0.088	0.712	0.125	0.075
0.073	0.836	0.029	0.062
0.765	0.045	0.174	0.016
0.045	0.904	0.008	0.043
>AAACCCTA	8-AAACCCTA	7.280255	-401.680359	0	T:1032.0(4.24%),B:382.7(1.54%),P:1e-174	Tpos:53.8,Tstd:27.3,Bpos:50.4,Bstd:31.4,StrandBias:0.9,Multiplicity:1.04
0.868	0.001	0.130	0.001
0.997	0.001	0.001	0.001
0.997	0.001	0.001	0.001
0.001	0.997	0.001	0.001
0.001	0.997	0.001	0.001
0.001	0.970	0.028	0.001
0.001	0.001	0.001	0.997
0.925	0.073	0.001	0.001
>GCCGCAGC	9-GCCGCAGC	6.448579	-359.264080	0	T:4343.0(17.82%),B:2968.5(11.94%),P:1e-156	Tpos:58.4,Tstd:27.2,Bpos:51.2,Bstd:31.1,StrandBias:0.8,Multiplicity:1.10
0.077	0.066	0.816	0.041
0.001	0.970	0.001	0.028
0.155	0.804	0.022	0.019
0.022	0.001	0.976	0.001
0.001	0.997	0.001	0.001
0.619	0.241	0.027	0.113
0.032	0.001	0.945	0.022
0.001	0.922	0.030	0.047
>ACACACAC	10-ACACACAC	4.642586	-345.668307	0	T:6382.0(26.19%),B:4801.7(19.32%),P:1e-150	Tpos:53.9,Tstd:27.0,Bpos:50.1,Bstd:29.4,StrandBias:1.4,Multiplicity:1.20
0.817	0.001	0.125	0.057
0.097	0.832	0.070	0.001
0.617	0.070	0.167	0.146
0.049	0.836	0.114	0.001
0.689	0.044	0.129	0.138
0.134	0.757	0.092	0.017
0.617	0.142	0.115	0.126
0.061	0.833	0.105	0.001
>YCTCTCTC	11-YCTCTCTC	4.970652	-324.437525	0	T:5140.0(21.10%),B:3732.2(15.02%),P:1e-140	Tpos:54.9,Tstd:27.2,Bpos:48.4,Bstd:32.4,StrandBias:1.0,Multiplicity:1.13
0.060	0.303	0.204	0.432
0.129	0.680	0.083	0.108
0.091	0.070	0.187	0.652
0.061	0.624	0.123	0.192
0.137	0.072	0.233	0.558
0.082	0.630	0.091	0.197
0.046	0.124	0.170	0.660
0.073	0.571	0.036	0.320
>CTCCCGTC	12-CTCCCGTC	6.908515	-323.780047	0	T:2334.0(9.58%),B:1371.1(5.52%),P:1e-140	Tpos:52.8,Tstd:28.1,Bpos:50.0,Bstd:28.7,StrandBias:1.2,Multiplicity:1.01
0.001	0.774	0.224	0.001
0.001	0.285	0.001	0.713
0.001	0.827	0.001	0.171
0.001	0.608	0.001	0.390
0.001	0.997	0.001	0.001
0.170	0.001	0.828	0.001
0.001	0.001	0.001	0.997
0.147	0.578	0.001	0.274
>CACCGCAC	13-CACCGCAC	5.964649	-254.582621	0	T:2851.0(11.70%),B:1894.5(7.62%),P:1e-110	Tpos:53.5,Tstd:26.9,Bpos:50.5,Bstd:29.1,StrandBias:1.4,Multiplicity:1.06
0.001	0.997	0.001	0.001
0.932	0.001	0.040	0.027
0.042	0.911	0.001	0.046
0.001	0.844	0.154	0.001
0.106	0.001	0.892	0.001
0.075	0.904	0.001	0.020
0.743	0.081	0.023	0.153
0.034	0.917	0.032	0.017
>YTGCYTGC	14-YTGCYTGC	7.495307	-235.774826	0	T:1533.0(6.29%),B:866.2(3.48%),P:1e-102	Tpos:56.3,Tstd:27.4,Bpos:48.0,Bstd:31.5,StrandBias:0.3,Multiplicity:1.11
0.001	0.481	0.001	0.517
0.141	0.151	0.001	0.707
0.001	0.001	0.997	0.001
0.079	0.822	0.098	0.001
0.001	0.546	0.001	0.452
0.001	0.035	0.114	0.850
0.001	0.001	0.997	0.001
0.001	0.997	0.001	0.001
>CAAAACCC	15-CAAAACCC	8.775795	-223.022212	0	T:729.0(2.99%),B:308.8(1.24%),P:1e-96	Tpos:49.2,Tstd:25.2,Bpos:49.7,Bstd:34.3,StrandBias:1.9,Multiplicity:1.02
0.001	0.937	0.001	0.061
0.997	0.001	0.001	0.001
0.997	0.001	0.001	0.001
0.997	0.001	0.001	0.001
0.949	0.049	0.001	0.001
0.144	0.657	0.198	0.001
0.001	0.997	0.001	0.001
0.217	0.781	0.001	0.001
>CTGGVCTG	16-CTGGVCTG	7.358435	-195.588000	0	T:1889.0(7.75%),B:1202.0(4.84%),P:1e-84	Tpos:51.1,Tstd:28.7,Bpos:48.2,Bstd:30.3,StrandBias:-0.4,Multiplicity:1.09
0.001	0.698	0.300	0.001
0.253	0.001	0.002	0.744
0.001	0.001	0.971	0.027
0.001	0.265	0.460	0.274
0.270	0.364	0.330	0.036
0.001	0.997	0.001	0.001
0.001	0.001	0.001	0.997
0.001	0.103	0.895	0.001
>CAAAGCAA	17-CAAAGCAA	8.773714	-184.037818	0	T:620.0(2.54%),B:266.7(1.07%),P:1e-79	Tpos:54.9,Tstd:26.8,Bpos:49.0,Bstd:29.8,StrandBias:1.0,Multiplicity:1.04
0.001	0.997	0.001	0.001
0.577	0.185	0.237	0.001
0.997	0.001	0.001	0.001
0.824	0.174	0.001	0.001
0.001	0.001	0.997	0.001
0.001	0.997	0.001	0.001
0.997	0.001	0.001	0.001
0.997	0.001	0.001	0.001
>TACTACTA	18-TACTACTA	6.599062	-172.256308	0	T:853.0(3.50%),B:435.5(1.75%),P:1e-74	Tpos:44.0,Tstd:25.6,Bpos:50.6,Bstd:27.2,StrandBias:0.3,Multiplicity:1.06
0.016	0.027	0.029	0.928
0.892	0.022	0.064	0.022
0.008	0.957	0.034	0.001
0.023	0.092	0.001	0.884
0.902	0.001	0.096	0.001
0.001	0.847	0.127	0.025
0.001	0.047	0.001	0.951
0.893	0.018	0.039	0.050
>TCGATTCG	19-TCGATTCG	7.355876	-146.737978	0	T:709.0(2.91%),B:358.4(1.44%),P:1e-63	Tpos:54.9,Tstd:27.0,Bpos:48.3,Bstd:27.8,StrandBias:0.1,Multiplicity:1.04
0.001	0.083	0.001	0.915
0.001	0.997	0.001	0.001
0.130	0.001	0.868	0.001
0.862	0.091	0.023	0.024
0.043	0.159	0.068	0.730
0.001	0.048	0.001	0.950
0.016	0.870	0.001	0.113
0.001	0.034	0.907	0.058
>TAGCTAGC	20-TAGCTAGC	8.665381	-127.165612	0	T:325.0(1.33%),B:120.5(0.48%),P:1e-55	Tpos:55.7,Tstd:29.4,Bpos:48.3,Bstd:27.7,StrandBias:0.2,Multiplicity:1.14
0.001	0.001	0.001	0.997
0.997	0.001	0.001	0.001
0.001	0.001	0.997	0.001
0.001	0.997	0.001	0.001
0.001	0.001	0.001	0.997
0.997	0.001	0.001	0.001
0.001	0.099	0.899	0.001
0.001	0.910	0.001	0.088
>CATCATMA	21-CATCATMA	6.355240	-102.979248	0	T:561.0(2.30%),B:297.2(1.20%),P:1e-44	Tpos:50.4,Tstd:26.9,Bpos:48.8,Bstd:26.7,StrandBias:0.8,Multiplicity:1.01
0.001	0.594	0.001	0.404
0.965	0.001	0.033	0.001
0.001	0.001	0.001	0.997
0.001	0.997	0.001	0.001
0.997	0.001	0.001	0.001
0.001	0.035	0.001	0.963
0.331	0.443	0.001	0.225
0.997	0.001	0.001	0.001
>GGGTTTAT	22-GGGTTTAT	8.236954	-100.701032	0	T:119.0(0.49%),B:24.5(0.10%),P:1e-43	Tpos:42.5,Tstd:21.9,Bpos:47.3,Bstd:25.8,StrandBias:-2.0,Multiplicity:1.00
0.100	0.100	0.700	0.100
0.100	0.100	0.700	0.100
0.100	0.100	0.700	0.100
0.100	0.100	0.100	0.700
0.100	0.100	0.100	0.700
0.100	0.100	0.100	0.700
0.700	0.100	0.100	0.100
0.100	0.100	0.100	0.700
>GCCKTTTT	23-GCCKTTTT	8.436429	-92.651667	0	T:587.0(2.41%),B:328.7(1.32%),P:1e-40	Tpos:43.8,Tstd:24.8,Bpos:53.5,Bstd:31.6,StrandBias:-0.4,Multiplicity:1.02
0.001	0.001	0.997	0.001
0.001	0.997	0.001	0.001
0.001	0.997	0.001	0.001
0.001	0.165	0.423	0.411
0.001	0.001	0.001	0.997
0.001	0.001	0.001	0.997
0.248	0.001	0.001	0.750
0.001	0.001	0.317	0.681
>CGKWTAAA	24-CGKWTAAA	8.557801	-47.512897	0	T:31.0(0.13%),B:3.9(0.02%),P:1e-20	Tpos:30.0,Tstd:18.9,Bpos:63.2,Bstd:20.7,StrandBias:0.4,Multiplicity:1.00
0.001	0.988	0.010	0.001
0.001	0.010	0.988	0.001
0.001	0.001	0.516	0.482
0.482	0.001	0.001	0.516
0.217	0.001	0.001	0.781
0.527	0.001	0.254	0.218
0.997	0.001	0.001	0.001
0.745	0.001	0.001	0.253
>TAAAACCG	25-TAAAACCG	8.236954	-44.098538	0	T:70.0(0.29%),B:19.7(0.08%),P:1e-19	Tpos:40.3,Tstd:21.6,Bpos:52.4,Bstd:31.6,StrandBias:0.2,Multiplicity:1.00
0.100	0.100	0.100	0.700
0.700	0.100	0.100	0.100
0.700	0.100	0.100	0.100
0.700	0.100	0.100	0.100
0.700	0.100	0.100	0.100
0.100	0.700	0.100	0.100
0.100	0.700	0.100	0.100
0.100	0.100	0.700	0.100
