>TATATAKRVG	1-TATATAKRVG	5.559698	-1837.526505	0	T:4338.0(17.80%),B:1590.8(6.41%),P:1e-798	Tpos:31.1,Tstd:9.7,Bpos:50.9,Bstd:35.6,StrandBias:-0.1,Multiplicity:1.65
0.005	0.001	0.001	0.993
0.789	0.001	0.001	0.209
0.011	0.001	0.001	0.987
0.901	0.001	0.001	0.097
0.251	0.001	0.001	0.747
0.993	0.001	0.005	0.001
0.216	0.115	0.279	0.390
0.445	0.186	0.303	0.067
0.232	0.335	0.302	0.132
0.232	0.251	0.401	0.116
>GGAGGGGDGG	2-GGAGGGGDGG	5.028814	-1063.312663	0	T:11314.0(46.44%),B:8002.2(32.25%),P:1e-461	Tpos:55.1,Tstd:26.0,Bpos:50.1,Bstd:32.3,StrandBias:-2.3,Multiplicity:1.49
0.083	0.001	0.894	0.022
0.132	0.011	0.856	0.001
0.514	0.100	0.185	0.201
0.162	0.194	0.484	0.160
0.021	0.028	0.735	0.216
0.127	0.057	0.773	0.043
0.263	0.054	0.677	0.006
0.297	0.118	0.270	0.314
0.137	0.006	0.798	0.059
0.148	0.004	0.784	0.064
>SCTATWWATA	3-SCTATWWATA	7.419352	-896.233429	0	T:1622.0(6.66%),B:476.6(1.92%),P:1e-389	Tpos:36.3,Tstd:19.5,Bpos:45.5,Bstd:32.4,StrandBias:0.4,Multiplicity:1.01
0.001	0.336	0.413	0.250
0.001	0.997	0.001	0.001
0.221	0.001	0.001	0.777
0.719	0.001	0.279	0.001
0.106	0.313	0.096	0.485
0.470	0.027	0.001	0.502
0.537	0.001	0.001	0.461
0.590	0.001	0.362	0.047
0.282	0.001	0.001	0.716
0.997	0.001	0.001	0.001
>CTCTCGTCTC	4-CTCTCGTCTC	5.031638	-881.154275	0	T:9524.0(39.09%),B:6635.4(26.74%),P:1e-382	Tpos:56.2,Tstd:26.4,Bpos:49.6,Bstd:30.5,StrandBias:1.3,Multiplicity:1.22
0.049	0.524	0.220	0.207
0.049	0.178	0.068	0.705
0.009	0.770	0.132	0.089
0.024	0.192	0.200	0.584
0.076	0.866	0.022	0.036
0.131	0.271	0.459	0.139
0.137	0.110	0.088	0.665
0.008	0.833	0.102	0.057
0.047	0.029	0.060	0.864
0.009	0.796	0.093	0.102
>TYCCCATTCC	5-TYCCCATTCC	6.375869	-728.959099	0	T:4122.0(16.92%),B:2271.0(9.15%),P:1e-316	Tpos:53.8,Tstd:27.5,Bpos:49.2,Bstd:32.1,StrandBias:1.7,Multiplicity:1.10
0.194	0.153	0.077	0.576
0.001	0.420	0.049	0.530
0.001	0.565	0.089	0.345
0.001	0.853	0.145	0.001
0.261	0.509	0.229	0.001
0.459	0.165	0.232	0.143
0.215	0.031	0.246	0.508
0.001	0.220	0.001	0.778
0.001	0.639	0.011	0.349
0.001	0.997	0.001	0.001
>MAACCMAMCC	6-MAACCMAMCC	2.201671	-706.451115	0	T:6758.0(27.74%),B:4458.5(17.97%),P:1e-306	Tpos:52.7,Tstd:26.0,Bpos:50.7,Bstd:29.6,StrandBias:1.9,Multiplicity:1.14
0.514	0.484	0.001	0.001
0.773	0.225	0.001	0.001
0.662	0.336	0.001	0.001
0.412	0.586	0.001	0.001
0.306	0.692	0.001	0.001
0.509	0.489	0.001	0.001
0.916	0.082	0.001	0.001
0.477	0.521	0.001	0.001
0.268	0.730	0.001	0.001
0.330	0.668	0.001	0.001
>TCTCTCTCTC	7-TCTCTCTCTC	4.770028	-509.337166	0	T:8733.0(35.84%),B:6592.0(26.56%),P:1e-221	Tpos:56.5,Tstd:26.2,Bpos:49.9,Bstd:32.2,StrandBias:1.2,Multiplicity:1.19
0.089	0.124	0.118	0.669
0.063	0.713	0.115	0.109
0.086	0.119	0.116	0.679
0.059	0.742	0.108	0.091
0.111	0.118	0.122	0.649
0.059	0.736	0.103	0.102
0.092	0.117	0.105	0.686
0.047	0.746	0.099	0.108
0.084	0.105	0.124	0.687
0.069	0.694	0.103	0.134
>CACACRCACA	8-CACACRCACA	6.905187	-342.301098	0	T:1836.0(7.54%),B:970.5(3.91%),P:1e-148	Tpos:55.6,Tstd:26.0,Bpos:51.5,Bstd:29.8,StrandBias:1.3,Multiplicity:1.08
0.086	0.869	0.044	0.001
0.583	0.027	0.341	0.049
0.015	0.881	0.099	0.005
0.776	0.040	0.128	0.056
0.121	0.580	0.284	0.015
0.361	0.071	0.359	0.209
0.001	0.940	0.058	0.001
0.553	0.045	0.329	0.073
0.054	0.855	0.090	0.001
0.917	0.041	0.022	0.020
>CCGCCGCCGC	9-CCGCCGCCGC	6.672352	-336.313248	0	T:4708.0(19.32%),B:3322.7(13.39%),P:1e-146	Tpos:59.6,Tstd:26.9,Bpos:49.5,Bstd:30.9,StrandBias:1.0,Multiplicity:1.11
0.080	0.826	0.057	0.037
0.083	0.780	0.071	0.066
0.087	0.121	0.744	0.048
0.052	0.803	0.068	0.077
0.121	0.755	0.047	0.077
0.064	0.046	0.848	0.042
0.061	0.864	0.042	0.033
0.075	0.807	0.050	0.068
0.107	0.075	0.728	0.090
0.039	0.845	0.054	0.062
>CTAGGGTTTK	10-CTAGGGTTTK	9.138587	-324.472413	0	T:720.0(2.96%),B:242.6(0.98%),P:1e-140	Tpos:53.0,Tstd:27.4,Bpos:51.0,Bstd:29.0,StrandBias:-1.0,Multiplicity:1.02
0.001	0.599	0.158	0.242
0.223	0.015	0.153	0.609
0.964	0.001	0.033	0.002
0.001	0.001	0.996	0.002
0.001	0.001	0.997	0.001
0.152	0.058	0.725	0.065
0.001	0.033	0.001	0.965
0.001	0.001	0.001	0.997
0.274	0.139	0.001	0.586
0.133	0.085	0.464	0.318
>AAGCGAAGCM	11-AAGCGAAGCM	8.525086	-196.486497	0	T:574.0(2.36%),B:228.1(0.92%),P:1e-85	Tpos:54.9,Tstd:27.0,Bpos:52.7,Bstd:25.7,StrandBias:0.4,Multiplicity:1.03
0.881	0.088	0.030	0.001
0.680	0.044	0.275	0.001
0.192	0.065	0.742	0.001
0.001	0.997	0.001	0.001
0.133	0.089	0.777	0.001
0.894	0.001	0.104	0.001
0.914	0.055	0.030	0.001
0.038	0.001	0.960	0.001
0.118	0.880	0.001	0.001
0.426	0.336	0.237	0.001
>TGCCTGCCTG	12-TGCCTGCCTG	8.305269	-186.591500	0	T:712.0(2.92%),B:324.2(1.31%),P:1e-81	Tpos:54.0,Tstd:26.8,Bpos:47.5,Bstd:27.6,StrandBias:-0.5,Multiplicity:1.01
0.001	0.212	0.033	0.754
0.001	0.001	0.930	0.068
0.129	0.714	0.154	0.003
0.001	0.802	0.014	0.183
0.001	0.068	0.037	0.894
0.033	0.001	0.965	0.001
0.166	0.634	0.191	0.009
0.015	0.795	0.001	0.189
0.127	0.095	0.030	0.748
0.010	0.105	0.772	0.113
>ACTACTAGTA	13-ACTACTAGTA	5.804001	-175.394462	0	T:1150.0(4.72%),B:649.5(2.62%),P:1e-76	Tpos:46.8,Tstd:25.5,Bpos:47.9,Bstd:27.5,StrandBias:0.1,Multiplicity:1.07
0.545	0.061	0.228	0.166
0.042	0.602	0.320	0.036
0.085	0.092	0.048	0.775
0.781	0.056	0.138	0.025
0.027	0.626	0.330	0.017
0.101	0.096	0.025	0.778
0.779	0.046	0.076	0.099
0.088	0.293	0.584	0.035
0.087	0.201	0.061	0.651
0.587	0.118	0.135	0.160
>CTAGCTAGCT	14-CTAGCTAGCT	8.798825	-139.705591	0	T:383.0(1.57%),B:147.2(0.59%),P:1e-60	Tpos:57.0,Tstd:28.8,Bpos:46.2,Bstd:27.7,StrandBias:0.1,Multiplicity:1.03
0.001	0.822	0.163	0.014
0.001	0.064	0.064	0.871
0.902	0.041	0.042	0.015
0.001	0.040	0.936	0.023
0.001	0.989	0.005	0.005
0.028	0.001	0.001	0.970
0.963	0.001	0.035	0.001
0.024	0.001	0.946	0.029
0.001	0.958	0.001	0.040
0.106	0.019	0.018	0.857
>CCACAGTCCA	15-CCACAGTCCA	9.414205	-133.341756	0	T:269.0(1.10%),B:85.1(0.34%),P:1e-57	Tpos:47.2,Tstd:26.7,Bpos:50.5,Bstd:23.4,StrandBias:1.6,Multiplicity:1.03
0.001	0.990	0.008	0.001
0.001	0.960	0.003	0.036
0.952	0.003	0.036	0.009
0.114	0.793	0.057	0.036
0.897	0.001	0.081	0.021
0.001	0.135	0.863	0.001
0.001	0.244	0.111	0.644
0.003	0.971	0.001	0.025
0.001	0.988	0.003	0.008
0.996	0.001	0.001	0.002
>TGCAGTGCAG	16-TGCAGTGCAG	6.326136	-119.388015	0	T:1138.0(4.67%),B:718.2(2.89%),P:1e-51	Tpos:53.8,Tstd:27.3,Bpos:48.4,Bstd:28.7,StrandBias:-0.2,Multiplicity:1.08
0.113	0.100	0.211	0.576
0.030	0.265	0.666	0.039
0.077	0.805	0.057	0.061
0.685	0.070	0.082	0.163
0.179	0.177	0.500	0.145
0.096	0.204	0.182	0.518
0.086	0.236	0.571	0.107
0.082	0.798	0.071	0.049
0.622	0.082	0.029	0.267
0.175	0.177	0.508	0.140
>CGGCCGGCCG	17-CGGCCGGCCG	7.795012	-108.978774	0	T:627.0(2.57%),B:338.5(1.36%),P:1e-47	Tpos:53.0,Tstd:28.7,Bpos:46.8,Bstd:31.0,StrandBias:0.1,Multiplicity:1.02
0.038	0.875	0.011	0.076
0.056	0.131	0.756	0.057
0.055	0.086	0.769	0.090
0.054	0.818	0.113	0.015
0.100	0.763	0.056	0.081
0.060	0.108	0.695	0.137
0.062	0.113	0.794	0.031
0.031	0.917	0.042	0.010
0.054	0.833	0.072	0.041
0.080	0.078	0.785	0.057
>TCACTCGTCA	18-TCACTCGTCA	8.737703	-108.524636	0	T:165.0(0.68%),B:42.4(0.17%),P:1e-47	Tpos:51.4,Tstd:25.8,Bpos:50.0,Bstd:22.3,StrandBias:0.8,Multiplicity:1.01
0.004	0.001	0.001	0.994
0.001	0.942	0.056	0.001
0.997	0.001	0.001	0.001
0.057	0.840	0.102	0.001
0.001	0.001	0.041	0.957
0.165	0.775	0.034	0.026
0.118	0.014	0.854	0.014
0.014	0.026	0.057	0.903
0.001	0.994	0.004	0.001
0.923	0.001	0.075	0.001
>TTGCAGTTGC	19-TTGCAGTTGC	9.136848	-95.767143	0	T:209.0(0.86%),B:70.6(0.28%),P:1e-41	Tpos:53.6,Tstd:27.9,Bpos:54.6,Bstd:26.5,StrandBias:-0.4,Multiplicity:1.03
0.001	0.008	0.001	0.990
0.001	0.001	0.001	0.997
0.001	0.204	0.794	0.001
0.036	0.962	0.001	0.001
0.775	0.223	0.001	0.001
0.001	0.027	0.971	0.001
0.069	0.001	0.148	0.782
0.007	0.022	0.001	0.970
0.012	0.155	0.832	0.001
0.001	0.890	0.108	0.001
>CAAAAGGCCA	20-CAAAAGGCCA	9.696743	-83.837904	0	T:124.0(0.51%),B:31.6(0.13%),P:1e-36	Tpos:44.1,Tstd:24.5,Bpos:46.4,Bstd:25.6,StrandBias:1.1,Multiplicity:1.00
0.050	0.840	0.109	0.001
0.996	0.001	0.001	0.002
0.971	0.027	0.001	0.001
0.988	0.010	0.001	0.001
0.854	0.078	0.051	0.017
0.026	0.001	0.972	0.001
0.009	0.064	0.899	0.028
0.001	0.873	0.109	0.017
0.036	0.909	0.046	0.009
0.824	0.032	0.143	0.001
>ATCAAACCGC	21-ATCAAACCGC	9.335897	-77.662361	0	T:80.0(0.33%),B:14.6(0.06%),P:1e-33	Tpos:53.6,Tstd:25.3,Bpos:45.2,Bstd:17.8,StrandBias:0.8,Multiplicity:1.02
0.894	0.010	0.086	0.010
0.001	0.010	0.122	0.867
0.028	0.849	0.122	0.001
0.903	0.010	0.086	0.001
0.989	0.001	0.001	0.009
0.951	0.010	0.029	0.010
0.086	0.859	0.054	0.001
0.001	0.837	0.001	0.161
0.010	0.028	0.961	0.001
0.001	0.970	0.001	0.028
>ATCATCATCA	22-ATCATCATCA	10.013569	-75.953626	0	T:112.0(0.46%),B:29.0(0.12%),P:1e-32	Tpos:53.4,Tstd:25.5,Bpos:58.7,Bstd:18.4,StrandBias:0.8,Multiplicity:1.01
0.779	0.084	0.136	0.001
0.001	0.041	0.001	0.957
0.001	0.997	0.001	0.001
0.950	0.001	0.048	0.001
0.028	0.090	0.036	0.846
0.020	0.966	0.013	0.001
0.939	0.001	0.059	0.001
0.001	0.090	0.042	0.867
0.049	0.937	0.001	0.013
0.925	0.029	0.018	0.028
>CCTTATAATA	23-CCTTATAATA	7.160377	-61.396537	0	T:91.0(0.37%),B:23.5(0.09%),P:1e-26	Tpos:36.2,Tstd:20.0,Bpos:45.9,Bstd:34.9,StrandBias:0.4,Multiplicity:1.02
0.077	0.722	0.112	0.089
0.092	0.737	0.075	0.096
0.104	0.099	0.082	0.715
0.120	0.099	0.083	0.698
0.698	0.105	0.080	0.117
0.143	0.071	0.061	0.725
0.649	0.165	0.065	0.121
0.713	0.096	0.057	0.134
0.109	0.083	0.112	0.696
0.649	0.139	0.110	0.102
>ATCAATCAAT	24-ATCAATCAAT	8.984938	-54.787533	0	T:59.0(0.24%),B:11.1(0.04%),P:1e-23	Tpos:43.8,Tstd:25.8,Bpos:56.2,Bstd:20.8,StrandBias:1.0,Multiplicity:1.00
0.961	0.001	0.001	0.037
0.001	0.053	0.001	0.945
0.001	0.997	0.001	0.001
0.603	0.001	0.395	0.001
0.748	0.001	0.250	0.001
0.001	0.001	0.001	0.997
0.001	0.997	0.001	0.001
0.997	0.001	0.001	0.001
0.997	0.001	0.001	0.001
0.001	0.250	0.001	0.748
>ATGATTGAAT	25-ATGATTGAAT	9.441602	-53.159507	0	T:70.0(0.29%),B:16.5(0.07%),P:1e-23	Tpos:43.5,Tstd:26.8,Bpos:43.8,Bstd:24.8,StrandBias:-0.7,Multiplicity:1.00
0.951	0.047	0.001	0.001
0.001	0.001	0.001	0.997
0.017	0.001	0.965	0.017
0.997	0.001	0.001	0.001
0.062	0.001	0.006	0.931
0.001	0.001	0.001	0.997
0.020	0.001	0.978	0.001
0.902	0.096	0.001	0.001
0.585	0.001	0.001	0.413
0.001	0.001	0.413	0.585
>TATATAWANVNV	1-TATATAWANVNV	5.311838	-1725.817475	0	T:4970.0(20.40%),B:2062.5(8.31%),P:1e-749	Tpos:31.6,Tstd:10.6,Bpos:50.8,Bstd:34.9,StrandBias:0.1,Multiplicity:1.20
0.113	0.213	0.147	0.527
0.485	0.183	0.049	0.283
0.001	0.001	0.001	0.997
0.824	0.001	0.001	0.174
0.295	0.001	0.001	0.703
0.997	0.001	0.001	0.001
0.321	0.101	0.187	0.391
0.493	0.190	0.226	0.091
0.238	0.246	0.276	0.240
0.288	0.262	0.300	0.150
0.209	0.315	0.289	0.187
0.242	0.296	0.314	0.148
>CCCCCCCCCCCC	2-CCCCCCCCCCCC	3.765904	-1203.615966	0	T:10533.0(43.23%),B:7070.4(28.49%),P:1e-522	Tpos:55.2,Tstd:25.2,Bpos:49.9,Bstd:30.1,StrandBias:2.6,Multiplicity:1.31
0.069	0.832	0.001	0.098
0.192	0.806	0.001	0.001
0.325	0.672	0.002	0.001
0.339	0.565	0.011	0.085
0.312	0.479	0.001	0.208
0.252	0.624	0.003	0.121
0.126	0.871	0.002	0.001
0.274	0.661	0.011	0.054
0.321	0.590	0.006	0.083
0.224	0.666	0.004	0.106
0.250	0.610	0.026	0.114
0.160	0.838	0.001	0.001
>CTCYYCTCCTCC	3-CTCYYCTCCTCC	4.141137	-1040.380725	0	T:10305.0(42.29%),B:7100.1(28.61%),P:1e-451	Tpos:57.4,Tstd:25.8,Bpos:49.7,Bstd:33.0,StrandBias:1.6,Multiplicity:1.24
0.001	0.825	0.035	0.139
0.001	0.272	0.011	0.716
0.001	0.852	0.001	0.146
0.001	0.379	0.186	0.434
0.001	0.558	0.025	0.416
0.001	0.974	0.001	0.024
0.001	0.211	0.114	0.674
0.001	0.800	0.001	0.198
0.001	0.805	0.010	0.184
0.001	0.229	0.095	0.675
0.001	0.921	0.001	0.077
0.001	0.749	0.002	0.248
>CACACGCACACA	4-CACACGCACACA	5.313355	-331.854310	0	T:2657.0(10.90%),B:1612.4(6.50%),P:1e-144	Tpos:55.6,Tstd:25.9,Bpos:49.4,Bstd:29.6,StrandBias:1.3,Multiplicity:1.07
0.028	0.912	0.025	0.035
0.794	0.056	0.128	0.022
0.036	0.905	0.040	0.019
0.821	0.016	0.107	0.056
0.053	0.803	0.122	0.022
0.217	0.003	0.733	0.047
0.025	0.807	0.134	0.034
0.845	0.048	0.079	0.028
0.025	0.880	0.080	0.015
0.787	0.045	0.149	0.019
0.043	0.885	0.059	0.013
0.837	0.052	0.089	0.022
>SCTGCCTGCCTB	5-SCTGCCTGCCTB	6.752480	-303.956890	0	T:1225.0(5.03%),B:573.5(2.31%),P:1e-132	Tpos:54.9,Tstd:26.7,Bpos:48.7,Bstd:29.6,StrandBias:0.3,Multiplicity:1.02
0.100	0.345	0.374	0.181
0.052	0.681	0.159	0.108
0.112	0.245	0.165	0.478
0.037	0.162	0.668	0.133
0.043	0.579	0.287	0.091
0.056	0.658	0.088	0.198
0.097	0.229	0.206	0.468
0.047	0.166	0.635	0.152
0.039	0.633	0.220	0.108
0.065	0.606	0.125	0.204
0.106	0.223	0.237	0.435
0.114	0.336	0.307	0.243
>TGCTTTGCTTTC	6-TGCTTTGCTTTC	8.562698	-288.634352	0	T:799.0(3.28%),B:308.1(1.24%),P:1e-125	Tpos:52.6,Tstd:26.1,Bpos:48.6,Bstd:29.7,StrandBias:-0.7,Multiplicity:1.02
0.030	0.140	0.072	0.758
0.001	0.011	0.708	0.280
0.001	0.523	0.356	0.120
0.001	0.219	0.009	0.771
0.001	0.055	0.001	0.943
0.001	0.169	0.013	0.817
0.001	0.067	0.704	0.228
0.001	0.544	0.358	0.097
0.001	0.271	0.001	0.727
0.001	0.117	0.029	0.853
0.016	0.085	0.341	0.558
0.001	0.524	0.320	0.155
>BCTCTCTCTCTC	7-BCTCTCTCTCTC	7.580318	-247.816371	0	T:1323.0(5.43%),B:695.2(2.80%),P:1e-107	Tpos:58.5,Tstd:25.4,Bpos:49.3,Bstd:31.3,StrandBias:1.1,Multiplicity:1.03
0.062	0.279	0.264	0.395
0.044	0.491	0.312	0.153
0.039	0.001	0.051	0.909
0.016	0.868	0.026	0.090
0.042	0.001	0.063	0.894
0.004	0.980	0.008	0.008
0.061	0.001	0.133	0.805
0.004	0.953	0.004	0.039
0.053	0.001	0.039	0.907
0.046	0.904	0.038	0.012
0.020	0.117	0.270	0.593
0.086	0.810	0.044	0.060
>AAAACCCTAGCS	8-AAAACCCTAGCS	10.113676	-223.487417	0	T:451.0(1.85%),B:142.6(0.57%),P:1e-97	Tpos:55.8,Tstd:27.2,Bpos:51.2,Bstd:27.6,StrandBias:0.7,Multiplicity:1.01
0.413	0.175	0.206	0.206
0.766	0.014	0.112	0.108
0.969	0.007	0.010	0.014
0.982	0.001	0.010	0.007
0.038	0.928	0.024	0.010
0.003	0.991	0.003	0.003
0.010	0.969	0.014	0.007
0.038	0.048	0.017	0.897
0.829	0.105	0.021	0.045
0.066	0.024	0.889	0.021
0.232	0.477	0.112	0.179
0.194	0.324	0.357	0.126
>CTASTASTASTA	9-CTASTASTASTA	7.201385	-198.357196	0	T:508.0(2.08%),B:187.0(0.75%),P:1e-86	Tpos:47.3,Tstd:25.4,Bpos:44.8,Bstd:26.2,StrandBias:0.1,Multiplicity:1.03
0.036	0.554	0.354	0.056
0.100	0.064	0.060	0.776
0.674	0.075	0.141	0.110
0.025	0.503	0.448	0.024
0.074	0.088	0.082	0.756
0.803	0.046	0.105	0.046
0.015	0.546	0.433	0.006
0.013	0.031	0.045	0.911
0.780	0.076	0.080	0.064
0.018	0.442	0.505	0.035
0.113	0.174	0.072	0.641
0.678	0.093	0.112	0.117
>TTSCHGTBSCMG	10-TTSCHGTBSCMG	8.282643	-181.652399	0	T:69.0(0.28%),B:2.9(0.01%),P:1e-78	Tpos:54.4,Tstd:27.1,Bpos:33.5,Bstd:6.7,StrandBias:-0.4,Multiplicity:1.03
0.193	0.265	0.020	0.522
0.015	0.236	0.262	0.488
0.008	0.418	0.560	0.014
0.121	0.543	0.164	0.172
0.343	0.257	0.170	0.229
0.015	0.255	0.714	0.016
0.196	0.240	0.022	0.542
0.174	0.236	0.230	0.360
0.007	0.420	0.556	0.017
0.104	0.572	0.215	0.109
0.480	0.349	0.156	0.014
0.020	0.188	0.777	0.015
>GAGAGTCCGAGA	11-GAGAGTCCGAGA	11.043400	-163.988903	0	T:64.0(0.26%),B:2.9(0.01%),P:1e-71	Tpos:63.2,Tstd:24.4,Bpos:29.0,Bstd:0.0,StrandBias:-1.3,Multiplicity:1.02
0.041	0.053	0.888	0.018
0.715	0.156	0.099	0.030
0.035	0.012	0.952	0.001
0.899	0.018	0.053	0.030
0.054	0.042	0.857	0.047
0.157	0.102	0.112	0.629
0.031	0.822	0.065	0.082
0.119	0.722	0.059	0.100
0.024	0.053	0.911	0.012
0.846	0.030	0.088	0.036
0.036	0.030	0.910	0.024
0.864	0.053	0.053	0.030
>YAGCTAGCTAGC	12-YAGCTAGCTAGC	8.642710	-147.433934	0	T:475.0(1.95%),B:199.4(0.80%),P:1e-64	Tpos:59.0,Tstd:26.7,Bpos:51.4,Bstd:25.6,StrandBias:0.2,Multiplicity:1.02
0.170	0.370	0.147	0.313
0.516	0.093	0.083	0.308
0.084	0.035	0.832	0.049
0.012	0.917	0.062	0.009
0.160	0.154	0.155	0.531
0.616	0.058	0.049	0.277
0.012	0.005	0.982	0.001
0.003	0.952	0.041	0.004
0.162	0.206	0.049	0.583
0.524	0.082	0.074	0.320
0.039	0.051	0.860	0.050
0.046	0.832	0.060	0.062
>TSSAGACTSSAG	13-TSSAGACTSSAG	8.235232	-146.019279	0	T:503.0(2.06%),B:218.7(0.88%),P:1e-63	Tpos:56.8,Tstd:25.1,Bpos:49.0,Bstd:31.6,StrandBias:-0.2,Multiplicity:1.04
0.034	0.008	0.062	0.896
0.027	0.431	0.390	0.152
0.008	0.468	0.474	0.051
0.585	0.084	0.270	0.061
0.006	0.202	0.787	0.005
0.467	0.217	0.071	0.244
0.018	0.663	0.218	0.101
0.033	0.004	0.084	0.879
0.041	0.422	0.420	0.116
0.005	0.467	0.502	0.026
0.754	0.003	0.234	0.009
0.003	0.284	0.708	0.005
>TACAAATACAAA	14-TACAAATACAAA	10.270525	-143.308473	0	T:58.0(0.24%),B:2.6(0.01%),P:1e-62	Tpos:36.1,Tstd:23.0,Bpos:28.2,Bstd:14.4,StrandBias:1.8,Multiplicity:1.07
0.122	0.028	0.054	0.796
0.838	0.054	0.036	0.072
0.046	0.881	0.055	0.018
0.937	0.018	0.027	0.018
0.900	0.036	0.028	0.036
0.890	0.037	0.063	0.010
0.140	0.027	0.037	0.796
0.807	0.054	0.081	0.058
0.099	0.802	0.072	0.027
0.802	0.072	0.072	0.054
0.793	0.098	0.028	0.081
0.774	0.072	0.108	0.046
>CKCGACTCGACT	15-CKCGACTCGACT	9.656300	-142.558438	0	T:48.0(0.20%),B:1.6(0.01%),P:1e-61	Tpos:56.1,Tstd:24.9,Bpos:79.9,Bstd:8.5,StrandBias:0.7,Multiplicity:1.00
0.138	0.622	0.021	0.219
0.100	0.059	0.407	0.433
0.031	0.781	0.037	0.151
0.043	0.043	0.882	0.032
0.589	0.051	0.043	0.317
0.027	0.762	0.037	0.174
0.008	0.016	0.391	0.585
0.012	0.772	0.179	0.037
0.023	0.263	0.528	0.186
0.471	0.191	0.081	0.258
0.029	0.644	0.160	0.167
0.020	0.239	0.247	0.494
>TCGCVASTCGCR	16-TCGCVASTCGCR	10.343684	-114.804712	0	T:56.0(0.23%),B:3.2(0.01%),P:1e-49	Tpos:59.6,Tstd:26.4,Bpos:40.6,Bstd:19.1,StrandBias:0.3,Multiplicity:1.02
0.037	0.148	0.072	0.743
0.037	0.802	0.065	0.096
0.047	0.104	0.711	0.138
0.003	0.961	0.032	0.004
0.281	0.319	0.365	0.035
0.592	0.111	0.178	0.119
0.161	0.383	0.242	0.215
0.041	0.109	0.074	0.776
0.073	0.780	0.062	0.085
0.059	0.135	0.718	0.088
0.006	0.896	0.063	0.035
0.328	0.103	0.436	0.133
>GGACTGACTGAC	17-GGACTGACTGAC	9.673045	-113.219335	0	T:61.0(0.25%),B:4.3(0.02%),P:1e-49	Tpos:59.8,Tstd:24.8,Bpos:43.2,Bstd:27.8,StrandBias:-0.8,Multiplicity:1.02
0.069	0.095	0.715	0.121
0.094	0.073	0.782	0.051
0.762	0.097	0.088	0.053
0.048	0.750	0.122	0.080
0.082	0.099	0.132	0.687
0.058	0.070	0.835	0.037
0.707	0.114	0.126	0.053
0.075	0.717	0.132	0.076
0.101	0.111	0.138	0.650
0.028	0.067	0.883	0.022
0.749	0.087	0.118	0.046
0.067	0.765	0.095	0.073
>CTCGCRGTCTCG	18-CTCGCRGTCTCG	12.009946	-109.705929	0	T:69.0(0.28%),B:6.4(0.03%),P:1e-47	Tpos:56.9,Tstd:25.1,Bpos:57.5,Bstd:10.3,StrandBias:0.8,Multiplicity:1.00
0.029	0.776	0.167	0.028
0.029	0.029	0.002	0.940
0.014	0.943	0.014	0.029
0.078	0.043	0.798	0.081
0.029	0.804	0.166	0.001
0.485	0.032	0.469	0.015
0.085	0.155	0.704	0.056
0.029	0.137	0.015	0.819
0.014	0.971	0.001	0.014
0.001	0.014	0.384	0.601
0.014	0.958	0.014	0.014
0.317	0.001	0.667	0.015
>ATTCCGATTCCG	19-ATTCCGATTCCG	10.872355	-100.989357	0	T:37.0(0.15%),B:1.9(0.01%),P:1e-43	Tpos:46.8,Tstd:29.0,Bpos:67.8,Bstd:17.9,StrandBias:1.3,Multiplicity:1.03
0.719	0.110	0.069	0.102
0.044	0.076	0.052	0.828
0.026	0.026	0.150	0.798
0.026	0.921	0.027	0.026
0.026	0.905	0.009	0.060
0.068	0.061	0.836	0.035
0.763	0.119	0.074	0.044
0.034	0.069	0.043	0.854
0.026	0.051	0.167	0.756
0.001	0.913	0.026	0.060
0.017	0.898	0.068	0.017
0.071	0.052	0.825	0.052
>TGAATGAATGAA	20-TGAATGAATGAA	10.363025	-85.270453	0	T:40.0(0.16%),B:2.7(0.01%),P:1e-37	Tpos:53.5,Tstd:25.4,Bpos:34.8,Bstd:35.7,StrandBias:-1.2,Multiplicity:1.00
0.063	0.100	0.296	0.541
0.144	0.028	0.724	0.104
0.658	0.148	0.171	0.023
0.732	0.040	0.061	0.167
0.174	0.040	0.053	0.733
0.049	0.030	0.794	0.127
0.735	0.036	0.193	0.036
0.680	0.077	0.127	0.116
0.222	0.030	0.141	0.607
0.148	0.045	0.788	0.019
0.889	0.034	0.045	0.032
0.648	0.127	0.174	0.051
>TCCGTTCCGTCC	21-TCCGTTCCGTCC	11.078565	-84.173597	0	T:62.0(0.25%),B:7.6(0.03%),P:1e-36	Tpos:56.7,Tstd:29.9,Bpos:33.3,Bstd:4.7,StrandBias:1.2,Multiplicity:1.00
0.064	0.041	0.051	0.844
0.001	0.880	0.025	0.094
0.036	0.848	0.066	0.050
0.119	0.076	0.764	0.041
0.051	0.085	0.051	0.813
0.015	0.090	0.056	0.839
0.015	0.899	0.031	0.055
0.036	0.903	0.041	0.020
0.076	0.040	0.818	0.066
0.046	0.101	0.045	0.808
0.051	0.755	0.041	0.153
0.046	0.842	0.041	0.071
>CGAAGCCAGCCA	22-CGAAGCCAGCCA	11.499525	-80.695389	0	T:44.0(0.18%),B:3.7(0.01%),P:1e-35	Tpos:55.5,Tstd:23.8,Bpos:36.0,Bstd:0.0,StrandBias:1.2,Multiplicity:1.00
0.110	0.851	0.001	0.038
0.038	0.038	0.886	0.038
0.851	0.110	0.038	0.001
0.961	0.037	0.001	0.001
0.001	0.038	0.923	0.038
0.001	0.923	0.038	0.038
0.001	0.961	0.037	0.001
0.961	0.037	0.001	0.001
0.001	0.001	0.997	0.001
0.001	0.961	0.001	0.037
0.001	0.961	0.037	0.001
0.788	0.001	0.210	0.001
>CAGCAGTCAGCA	23-CAGCAGTCAGCA	10.719503	-78.134353	0	T:93.0(0.38%),B:19.7(0.08%),P:1e-33	Tpos:58.1,Tstd:26.3,Bpos:37.7,Bstd:22.5,StrandBias:1.1,Multiplicity:1.05
0.001	0.944	0.054	0.001
0.989	0.009	0.001	0.001
0.001	0.009	0.981	0.009
0.009	0.989	0.001	0.001
0.981	0.009	0.001	0.009
0.029	0.122	0.820	0.029
0.028	0.345	0.001	0.626
0.009	0.962	0.028	0.001
0.970	0.001	0.028	0.001
0.009	0.009	0.981	0.001
0.001	0.989	0.009	0.001
0.981	0.009	0.009	0.001
>CGTTGCACTTGC	24-CGTTGCACTTGC	9.435826	-67.013913	0	T:54.0(0.22%),B:7.0(0.03%),P:1e-29	Tpos:53.2,Tstd:26.5,Bpos:53.9,Bstd:16.6,StrandBias:0.3,Multiplicity:1.00
0.062	0.608	0.215	0.115
0.134	0.140	0.531	0.195
0.001	0.180	0.049	0.770
0.051	0.143	0.161	0.645
0.032	0.075	0.822	0.071
0.047	0.643	0.183	0.127
0.669	0.122	0.111	0.098
0.137	0.625	0.089	0.149
0.127	0.061	0.050	0.762
0.094	0.051	0.087	0.768
0.001	0.072	0.806	0.121
0.152	0.606	0.063	0.179
>CGACCCCACCGC	25-CGACCCCACCGC	12.350728	-42.267907	0	T:49.0(0.20%),B:10.3(0.04%),P:1e-18	Tpos:49.4,Tstd:26.3,Bpos:52.8,Bstd:16.3,StrandBias:1.1,Multiplicity:1.00
0.001	0.997	0.001	0.001
0.290	0.001	0.707	0.002
0.949	0.001	0.025	0.025
0.002	0.631	0.342	0.025
0.001	0.867	0.131	0.001
0.001	0.949	0.025	0.025
0.025	0.836	0.138	0.001
0.678	0.001	0.320	0.001
0.001	0.972	0.025	0.002
0.001	0.726	0.272	0.001
0.001	0.001	0.997	0.001
0.049	0.948	0.002	0.001
>TATATA	1-TATATA	5.447693	-1680.301666	0	T:4697.0(19.28%),B:1910.5(7.70%),P:1e-729	Tpos:31.1,Tstd:10.6,Bpos:50.6,Bstd:37.6,StrandBias:-0.4,Multiplicity:1.17
0.001	0.029	0.001	0.969
0.628	0.001	0.001	0.370
0.098	0.001	0.001	0.900
0.980	0.001	0.018	0.001
0.001	0.025	0.001	0.973
0.997	0.001	0.001	0.001
>CCCDCC	2-CCCDCC	0.528234	-528.919130	0	T:14934.0(61.29%),B:12648.7(50.97%),P:1e-229	Tpos:53.1,Tstd:27.5,Bpos:49.9,Bstd:32.1,StrandBias:1.9,Multiplicity:1.76
0.001	0.997	0.001	0.001
0.001	0.997	0.001	0.001
0.002	0.996	0.001	0.001
0.298	0.003	0.314	0.385
0.001	0.701	0.001	0.297
0.001	0.997	0.001	0.001
>CACCGC	3-CACCGC	5.334035	-497.189066	0	T:9545.0(39.18%),B:7380.7(29.74%),P:1e-215	Tpos:57.7,Tstd:27.9,Bpos:49.6,Bstd:30.3,StrandBias:1.1,Multiplicity:1.40
0.039	0.959	0.001	0.001
0.547	0.203	0.249	0.001
0.203	0.659	0.001	0.137
0.365	0.594	0.001	0.040
0.318	0.097	0.584	0.001
0.001	0.927	0.001	0.071
>TCGTCT	4-TCGTCT	3.783077	-481.609996	0	T:9020.0(37.02%),B:6920.1(27.89%),P:1e-209	Tpos:53.0,Tstd:27.9,Bpos:49.7,Bstd:31.3,StrandBias:0.8,Multiplicity:1.22
0.001	0.161	0.001	0.837
0.001	0.997	0.001	0.001
0.001	0.001	0.997	0.001
0.001	0.225	0.001	0.773
0.001	0.911	0.001	0.087
0.001	0.001	0.001	0.997
>TCTCTC	5-TCTCTC	4.733358	-450.542464	0	T:8752.0(35.92%),B:6739.9(27.16%),P:1e-195	Tpos:55.9,Tstd:27.1,Bpos:50.1,Bstd:32.7,StrandBias:1.5,Multiplicity:1.27
0.001	0.237	0.001	0.761
0.001	0.997	0.001	0.001
0.131	0.001	0.001	0.867
0.001	0.997	0.001	0.001
0.001	0.001	0.096	0.902
0.001	0.997	0.001	0.001
>AAAACC	6-AAAACC	3.697572	-356.355019	0	T:3179.0(13.05%),B:1996.6(8.05%),P:1e-154	Tpos:50.7,Tstd:26.7,Bpos:50.9,Bstd:34.1,StrandBias:1.6,Multiplicity:1.09
0.997	0.001	0.001	0.001
0.997	0.001	0.001	0.001
0.997	0.001	0.001	0.001
0.988	0.010	0.001	0.001
0.001	0.997	0.001	0.001
0.001	0.997	0.001	0.001
>CGCAGC	7-CGCAGC	4.025302	-350.841119	0	T:11745.0(48.20%),B:9893.1(39.87%),P:1e-152	Tpos:53.9,Tstd:28.0,Bpos:50.2,Bstd:30.8,StrandBias:0.4,Multiplicity:1.37
0.207	0.791	0.001	0.001
0.001	0.001	0.997	0.001
0.001	0.997	0.001	0.001
0.836	0.001	0.001	0.162
0.001	0.001	0.807	0.191
0.001	0.865	0.001	0.133
>CAGTCC	8-CAGTCC	7.124677	-271.581174	0	T:2514.0(10.32%),B:1586.2(6.39%),P:1e-117	Tpos:54.1,Tstd:27.6,Bpos:49.5,Bstd:30.0,StrandBias:1.8,Multiplicity:1.06
0.001	0.997	0.001	0.001
0.997	0.001	0.001	0.001
0.001	0.001	0.648	0.350
0.001	0.001	0.001	0.997
0.001	0.997	0.001	0.001
0.121	0.877	0.001	0.001
>TCACTC	9-TCACTC	5.180975	-257.746392	0	T:5330.0(21.88%),B:4050.2(16.32%),P:1e-111	Tpos:50.5,Tstd:27.6,Bpos:50.3,Bstd:29.5,StrandBias:0.9,Multiplicity:1.06
0.001	0.264	0.126	0.609
0.001	0.734	0.016	0.249
0.972	0.026	0.001	0.001
0.001	0.597	0.401	0.001
0.300	0.001	0.003	0.696
0.001	0.558	0.126	0.315
>AGGCAG	10-AGGCAG	5.126154	-251.117795	0	T:7833.0(32.15%),B:6394.3(25.77%),P:1e-109	Tpos:53.1,Tstd:27.7,Bpos:50.6,Bstd:32.3,StrandBias:-0.8,Multiplicity:1.14
0.997	0.001	0.001	0.001
0.001	0.072	0.926	0.001
0.238	0.001	0.760	0.001
0.240	0.758	0.001	0.001
0.997	0.001	0.001	0.001
0.001	0.001	0.997	0.001
>CGAGAC	11-CGAGAC	5.902789	-247.396626	0	T:3957.0(16.24%),B:2851.3(11.49%),P:1e-107	Tpos:52.8,Tstd:28.4,Bpos:51.6,Bstd:30.7,StrandBias:0.1,Multiplicity:1.06
0.001	0.997	0.001	0.001
0.001	0.001	0.997	0.001
0.997	0.001	0.001	0.001
0.135	0.001	0.863	0.001
0.997	0.001	0.001	0.001
0.001	0.670	0.328	0.001
>CACGCA	12-CACGCA	5.684338	-243.614204	0	T:4409.0(18.10%),B:3258.2(13.13%),P:1e-105	Tpos:52.9,Tstd:27.6,Bpos:49.0,Bstd:29.8,StrandBias:1.0,Multiplicity:1.19
0.172	0.775	0.001	0.052
0.819	0.001	0.047	0.133
0.076	0.547	0.376	0.001
0.379	0.001	0.554	0.066
0.047	0.691	0.209	0.053
0.790	0.208	0.001	0.001
>GCCTGC	13-GCCTGC	6.045962	-213.047376	0	T:5490.0(22.53%),B:4316.0(17.39%),P:1e-92	Tpos:51.9,Tstd:28.7,Bpos:49.2,Bstd:31.4,StrandBias:-0.0,Multiplicity:1.11
0.001	0.001	0.997	0.001
0.051	0.947	0.001	0.001
0.001	0.997	0.001	0.001
0.001	0.001	0.186	0.812
0.238	0.001	0.760	0.001
0.001	0.775	0.001	0.223
>AAGCAA	14-AAGCAA	5.369429	-208.154780	0	T:5528.0(22.69%),B:4364.9(17.59%),P:1e-90	Tpos:49.5,Tstd:27.9,Bpos:50.3,Bstd:33.2,StrandBias:0.3,Multiplicity:1.23
0.997	0.001	0.001	0.001
0.912	0.086	0.001	0.001
0.196	0.001	0.802	0.001
0.231	0.767	0.001	0.001
0.997	0.001	0.001	0.001
0.997	0.001	0.001	0.001
>CCAATC	15-CCAATC	5.969719	-161.723859	0	T:5064.0(20.78%),B:4076.8(16.43%),P:1e-70	Tpos:52.7,Tstd:28.4,Bpos:50.9,Bstd:28.0,StrandBias:1.0,Multiplicity:1.16
0.001	0.658	0.001	0.340
0.252	0.746	0.001	0.001
0.614	0.001	0.384	0.001
0.997	0.001	0.001	0.001
0.001	0.001	0.001	0.997
0.001	0.987	0.001	0.011
>CTACTA	16-CTACTA	5.737502	-129.495811	0	T:1535.0(6.30%),B:1025.0(4.13%),P:1e-56	Tpos:45.9,Tstd:26.6,Bpos:48.6,Bstd:28.4,StrandBias:0.2,Multiplicity:1.24
0.001	0.888	0.110	0.001
0.001	0.001	0.001	0.997
0.997	0.001	0.001	0.001
0.001	0.697	0.301	0.001
0.001	0.001	0.001	0.997
0.997	0.001	0.001	0.001
>TCCGCT	17-TCCGCT	6.177716	-129.184802	0	T:1597.0(6.55%),B:1076.6(4.34%),P:1e-56	Tpos:55.2,Tstd:28.0,Bpos:49.3,Bstd:31.8,StrandBias:1.0,Multiplicity:1.04
0.100	0.100	0.100	0.700
0.100	0.700	0.100	0.100
0.100	0.700	0.100	0.100
0.100	0.100	0.700	0.100
0.100	0.700	0.100	0.100
0.100	0.100	0.100	0.700
>TYAWYA	18-TYAWYA	5.509854	-72.712564	0	T:2367.0(9.71%),B:1894.7(7.64%),P:1e-31	Tpos:46.2,Tstd:26.8,Bpos:51.8,Bstd:29.8,StrandBias:0.5,Multiplicity:1.15
0.151	0.001	0.001	0.847
0.001	0.469	0.001	0.529
0.828	0.001	0.001	0.170
0.345	0.001	0.170	0.484
0.192	0.470	0.001	0.337
0.997	0.001	0.001	0.001
>TATGTA	19-TATGTA	7.311189	-59.992744	0	T:1360.0(5.58%),B:1030.2(4.15%),P:1e-26	Tpos:37.8,Tstd:22.5,Bpos:48.9,Bstd:30.9,StrandBias:-1.0,Multiplicity:1.06
0.001	0.001	0.001	0.997
0.627	0.001	0.001	0.371
0.001	0.001	0.001	0.997
0.001	0.001	0.997	0.001
0.001	0.001	0.001	0.997
0.997	0.001	0.001	0.001
>TAGCTA	20-TAGCTA	6.177716	-56.508036	0	T:621.0(2.55%),B:407.9(1.64%),P:1e-24	Tpos:53.9,Tstd:29.5,Bpos:49.0,Bstd:30.7,StrandBias:0.0,Multiplicity:1.16
0.100	0.100	0.100	0.700
0.700	0.100	0.100	0.100
0.100	0.100	0.700	0.100
0.100	0.700	0.100	0.100
0.100	0.100	0.100	0.700
0.700	0.100	0.100	0.100
>TATATATA	1-TATATATA	5.409746	-1425.927820	0	T:4048.0(16.61%),B:1645.7(6.63%),P:1e-619	Tpos:31.3,Tstd:10.6,Bpos:50.9,Bstd:36.8,StrandBias:0.5,Multiplicity:1.05
0.041	0.176	0.140	0.643
0.561	0.273	0.099	0.067
0.106	0.058	0.015	0.821
0.905	0.015	0.001	0.079
0.197	0.045	0.001	0.757
0.958	0.006	0.035	0.001
0.247	0.129	0.040	0.584
0.771	0.091	0.095	0.043
>CCCATCCC	2-CCCATCCC	4.808736	-1140.699670	0	T:10717.0(43.99%),B:7329.6(29.54%),P:1e-495	Tpos:53.7,Tstd:26.8,Bpos:49.9,Bstd:31.7,StrandBias:2.3,Multiplicity:1.53
0.033	0.827	0.001	0.139
0.041	0.851	0.057	0.051
0.171	0.770	0.042	0.017
0.608	0.172	0.121	0.099
0.176	0.163	0.072	0.589
0.029	0.795	0.002	0.174
0.070	0.770	0.072	0.088
0.096	0.791	0.058	0.055
>STTTTAAA	3-STTTTAAA	5.201940	-886.424068	0	T:4140.0(16.99%),B:2124.5(8.56%),P:1e-384	Tpos:33.3,Tstd:17.3,Bpos:50.2,Bstd:34.7,StrandBias:0.0,Multiplicity:1.04
0.006	0.515	0.454	0.025
0.038	0.236	0.260	0.466
0.208	0.031	0.096	0.665
0.135	0.001	0.001	0.863
0.310	0.001	0.001	0.688
0.745	0.001	0.001	0.253
0.890	0.001	0.001	0.108
0.633	0.039	0.001	0.327
>CTYCGYCT	4-CTYCGYCT	5.214272	-815.474426	0	T:9376.0(38.48%),B:6608.4(26.63%),P:1e-354	Tpos:54.1,Tstd:27.5,Bpos:50.0,Bstd:30.9,StrandBias:1.1,Multiplicity:1.22
0.032	0.612	0.001	0.355
0.001	0.330	0.165	0.504
0.001	0.442	0.040	0.517
0.001	0.949	0.049	0.001
0.001	0.001	0.956	0.042
0.019	0.424	0.001	0.556
0.001	0.549	0.142	0.308
0.001	0.216	0.001	0.782
>TCCAGTCC	5-TCCAGTCC	5.459996	-711.549617	0	T:4255.0(17.46%),B:2392.7(9.64%),P:1e-309	Tpos:52.9,Tstd:27.9,Bpos:50.8,Bstd:31.3,StrandBias:1.3,Multiplicity:1.07
0.001	0.001	0.001	0.997
0.094	0.724	0.001	0.181
0.001	0.997	0.001	0.001
0.612	0.146	0.241	0.001
0.001	0.040	0.718	0.241
0.001	0.001	0.001	0.997
0.001	0.862	0.001	0.136
0.001	0.997	0.001	0.001
>CMCACCAC	6-CMCACCAC	5.455537	-675.411448	0	T:6470.0(26.55%),B:4258.3(17.16%),P:1e-293	Tpos:54.2,Tstd:27.0,Bpos:50.5,Bstd:29.7,StrandBias:1.8,Multiplicity:1.15
0.285	0.713	0.001	0.001
0.492	0.455	0.001	0.052
0.336	0.565	0.073	0.026
0.567	0.228	0.147	0.058
0.077	0.716	0.117	0.090
0.059	0.809	0.001	0.131
0.773	0.013	0.116	0.098
0.192	0.750	0.032	0.026
>YCTCTCTC	7-YCTCTCTC	4.978978	-531.012278	0	T:8227.0(33.77%),B:6078.0(24.49%),P:1e-230	Tpos:56.3,Tstd:26.4,Bpos:50.2,Bstd:33.2,StrandBias:1.4,Multiplicity:1.23
0.083	0.373	0.161	0.383
0.035	0.641	0.158	0.166
0.167	0.186	0.061	0.586
0.031	0.870	0.075	0.024
0.142	0.115	0.162	0.581
0.030	0.869	0.010	0.091
0.035	0.210	0.180	0.575
0.031	0.594	0.014	0.361
>CCGCCKSC	8-CCGCCKSC	6.415009	-440.906790	0	T:5540.0(22.74%),B:3847.9(15.51%),P:1e-191	Tpos:58.4,Tstd:27.3,Bpos:49.7,Bstd:31.1,StrandBias:1.2,Multiplicity:1.19
0.001	0.821	0.001	0.177
0.099	0.598	0.036	0.267
0.252	0.001	0.746	0.001
0.001	0.997	0.001	0.001
0.335	0.663	0.001	0.001
0.216	0.139	0.378	0.266
0.001	0.568	0.430	0.001
0.024	0.754	0.001	0.221
>AAACCCTA	9-AAACCCTA	7.923700	-377.878535	0	T:1181.0(4.85%),B:488.1(1.97%),P:1e-164	Tpos:53.5,Tstd:26.7,Bpos:51.0,Bstd:31.5,StrandBias:1.1,Multiplicity:1.04
0.913	0.001	0.085	0.001
0.997	0.001	0.001	0.001
0.997	0.001	0.001	0.001
0.001	0.997	0.001	0.001
0.001	0.997	0.001	0.001
0.001	0.997	0.001	0.001
0.001	0.001	0.001	0.997
0.716	0.164	0.047	0.073
>CACACACA	10-CACACACA	5.122094	-319.843017	0	T:4498.0(18.46%),B:3172.9(12.79%),P:1e-138	Tpos:54.9,Tstd:26.4,Bpos:49.4,Bstd:29.8,StrandBias:1.6,Multiplicity:1.15
0.118	0.800	0.054	0.028
0.696	0.064	0.124	0.116
0.103	0.775	0.094	0.028
0.714	0.071	0.072	0.143
0.079	0.807	0.069	0.045
0.671	0.023	0.205	0.101
0.082	0.785	0.111	0.022
0.752	0.147	0.040	0.061
>GACTGACG	11-GACTGACG	5.884205	-295.255433	0	T:2383.0(9.78%),B:1446.6(5.83%),P:1e-128	Tpos:53.1,Tstd:27.5,Bpos:51.3,Bstd:27.1,StrandBias:-1.1,Multiplicity:1.07
0.096	0.028	0.800	0.076
0.897	0.067	0.021	0.015
0.049	0.737	0.139	0.075
0.058	0.049	0.287	0.606
0.088	0.050	0.861	0.001
0.603	0.179	0.217	0.001
0.092	0.659	0.067	0.182
0.053	0.050	0.843	0.054
>CGAATCGA	12-CGAATCGA	6.241246	-231.343033	0	T:1741.0(7.15%),B:1030.3(4.15%),P:1e-100	Tpos:53.3,Tstd:27.4,Bpos:48.9,Bstd:27.4,StrandBias:-0.1,Multiplicity:1.05
0.066	0.892	0.041	0.001
0.124	0.001	0.874	0.001
0.924	0.001	0.074	0.001
0.516	0.084	0.197	0.203
0.168	0.001	0.059	0.772
0.001	0.768	0.001	0.230
0.001	0.125	0.873	0.001
0.745	0.001	0.213	0.041
>GCAMCGCA	13-GCAMCGCA	3.128934	-215.942318	0	T:2112.0(8.67%),B:1348.9(5.44%),P:1e-93	Tpos:53.9,Tstd:27.9,Bpos:50.0,Bstd:29.4,StrandBias:0.2,Multiplicity:1.10
0.001	0.001	0.997	0.001
0.001	0.997	0.001	0.001
0.997	0.001	0.001	0.001
0.493	0.355	0.008	0.144
0.203	0.509	0.001	0.287
0.001	0.001	0.997	0.001
0.001	0.997	0.001	0.001
0.997	0.001	0.001	0.001
>CTAGTACC	14-CTAGTACC	5.758192	-165.858523	0	T:1171.0(4.81%),B:677.1(2.73%),P:1e-72	Tpos:46.0,Tstd:26.0,Bpos:48.5,Bstd:28.4,StrandBias:0.1,Multiplicity:1.06
0.177	0.618	0.204	0.001
0.001	0.001	0.001	0.997
0.997	0.001	0.001	0.001
0.001	0.355	0.643	0.001
0.001	0.001	0.001	0.997
0.997	0.001	0.001	0.001
0.001	0.597	0.401	0.001
0.072	0.681	0.001	0.246
>TGCCTGCC	15-TGCCTGCC	8.172444	-159.744190	0	T:749.0(3.07%),B:373.6(1.51%),P:1e-69	Tpos:50.6,Tstd:27.1,Bpos:47.0,Bstd:28.3,StrandBias:0.2,Multiplicity:1.03
0.001	0.001	0.001	0.997
0.001	0.001	0.997	0.001
0.001	0.997	0.001	0.001
0.001	0.997	0.001	0.001
0.001	0.001	0.001	0.997
0.001	0.001	0.663	0.335
0.001	0.862	0.136	0.001
0.001	0.902	0.096	0.001
>CATCCATC	16-CATCCATC	8.620592	-153.869466	0	T:501.0(2.06%),B:211.7(0.85%),P:1e-66	Tpos:59.9,Tstd:25.9,Bpos:49.1,Bstd:24.7,StrandBias:2.0,Multiplicity:1.03
0.001	0.997	0.001	0.001
0.997	0.001	0.001	0.001
0.001	0.001	0.001	0.997
0.001	0.870	0.001	0.128
0.001	0.997	0.001	0.001
0.997	0.001	0.001	0.001
0.001	0.325	0.001	0.673
0.001	0.997	0.001	0.001
>CCAACGCA	17-CCAACGCA	10.088493	-149.353680	0	T:374.0(1.53%),B:136.2(0.55%),P:1e-64	Tpos:52.0,Tstd:27.3,Bpos:56.9,Bstd:26.7,StrandBias:1.4,Multiplicity:1.00
0.001	0.997	0.001	0.001
0.001	0.997	0.001	0.001
0.997	0.001	0.001	0.001
0.997	0.001	0.001	0.001
0.001	0.997	0.001	0.001
0.001	0.375	0.623	0.001
0.001	0.997	0.001	0.001
0.997	0.001	0.001	0.001
>TTGCTTGC	18-TTGCTTGC	6.627318	-137.816839	0	T:679.0(2.79%),B:345.2(1.39%),P:1e-59	Tpos:52.7,Tstd:27.5,Bpos:49.5,Bstd:31.9,StrandBias:-0.7,Multiplicity:1.10
0.001	0.001	0.001	0.997
0.001	0.001	0.001	0.997
0.001	0.001	0.997	0.001
0.001	0.877	0.001	0.121
0.001	0.001	0.001	0.997
0.001	0.001	0.001	0.997
0.001	0.001	0.997	0.001
0.001	0.901	0.001	0.097
>TAGCTAGC	19-TAGCTAGC	7.696453	-118.261646	0	T:743.0(3.05%),B:413.6(1.67%),P:1e-51	Tpos:55.1,Tstd:29.4,Bpos:48.4,Bstd:28.4,StrandBias:0.2,Multiplicity:1.14
0.001	0.114	0.001	0.884
0.997	0.001	0.001	0.001
0.001	0.001	0.997	0.001
0.001	0.944	0.054	0.001
0.001	0.001	0.066	0.932
0.997	0.001	0.001	0.001
0.001	0.101	0.897	0.001
0.090	0.849	0.001	0.060
>CTACAAAT	20-CTACAAAT	7.525448	-110.287292	0	T:328.0(1.35%),B:132.9(0.54%),P:1e-47	Tpos:36.9,Tstd:19.9,Bpos:47.8,Bstd:28.3,StrandBias:1.1,Multiplicity:1.00
0.001	0.997	0.001	0.001
0.001	0.001	0.001	0.997
0.997	0.001	0.001	0.001
0.001	0.997	0.001	0.001
0.855	0.001	0.001	0.143
0.771	0.001	0.001	0.227
0.885	0.001	0.113	0.001
0.001	0.001	0.001	0.997
>TCGCAGTC	21-TCGCAGTC	8.326617	-108.608600	0	T:419.0(1.72%),B:192.3(0.78%),P:1e-47	Tpos:52.5,Tstd:26.3,Bpos:52.0,Bstd:26.3,StrandBias:1.0,Multiplicity:1.02
0.177	0.001	0.001	0.821
0.001	0.997	0.001	0.001
0.102	0.001	0.896	0.001
0.001	0.997	0.001	0.001
0.997	0.001	0.001	0.001
0.001	0.001	0.866	0.132
0.001	0.001	0.118	0.880
0.001	0.997	0.001	0.001
>ATCAATCA	22-ATCAATCA	6.463350	-107.581242	0	T:765.0(3.14%),B:443.4(1.79%),P:1e-46	Tpos:50.5,Tstd:28.4,Bpos:52.4,Bstd:25.4,StrandBias:0.8,Multiplicity:1.06
0.947	0.001	0.051	0.001
0.111	0.001	0.001	0.887
0.001	0.997	0.001	0.001
0.914	0.001	0.084	0.001
0.859	0.139	0.001	0.001
0.001	0.075	0.001	0.923
0.001	0.997	0.001	0.001
0.752	0.048	0.199	0.001
>CCTGTCCT	23-CCTGTCCT	7.899900	-98.635551	0	T:705.0(2.89%),B:409.1(1.65%),P:1e-42	Tpos:51.1,Tstd:27.7,Bpos:48.2,Bstd:28.2,StrandBias:1.0,Multiplicity:1.02
0.091	0.907	0.001	0.001
0.001	0.997	0.001	0.001
0.001	0.072	0.001	0.926
0.001	0.001	0.997	0.001
0.001	0.210	0.001	0.788
0.118	0.880	0.001	0.001
0.081	0.917	0.001	0.001
0.001	0.001	0.001	0.997
>GAGATGAG	24-GAGATGAG	7.532021	-77.228295	0	T:704.0(2.89%),B:439.3(1.77%),P:1e-33	Tpos:51.5,Tstd:26.1,Bpos:50.2,Bstd:26.1,StrandBias:-1.8,Multiplicity:1.03
0.001	0.001	0.997	0.001
0.659	0.236	0.001	0.104
0.055	0.001	0.943	0.001
0.907	0.001	0.001	0.091
0.001	0.001	0.001	0.997
0.121	0.001	0.877	0.001
0.997	0.001	0.001	0.001
0.001	0.001	0.997	0.001
>CGGCCGGC	25-CGGCCGGC	8.213919	-55.687946	0	T:668.0(2.74%),B:447.3(1.80%),P:1e-24	Tpos:52.8,Tstd:28.5,Bpos:49.1,Bstd:31.1,StrandBias:0.1,Multiplicity:1.05
0.001	0.997	0.001	0.001
0.001	0.001	0.997	0.001
0.001	0.281	0.717	0.001
0.001	0.997	0.001	0.001
0.001	0.997	0.001	0.001
0.001	0.001	0.997	0.001
0.001	0.001	0.997	0.001
0.001	0.918	0.001	0.080
