>TATATADVVS	1-TATATADVVS	6.201519	-1845.428915	0	T:3963.0(16.26%),B:1358.8(5.48%),P:1e-801	Tpos:31.2,Tstd:9.9,Bpos:49.1,Bstd:35.4,StrandBias:-0.1,Multiplicity:1.64
0.016	0.026	0.005	0.953
0.686	0.001	0.001	0.312
0.019	0.001	0.001	0.979
0.865	0.001	0.001	0.133
0.264	0.001	0.001	0.734
0.982	0.001	0.016	0.001
0.201	0.161	0.311	0.327
0.344	0.220	0.311	0.125
0.252	0.314	0.306	0.128
0.220	0.293	0.376	0.110
>NYYCCRTTCC	2-NYYCCRTTCC	5.940184	-1168.391645	0	T:7502.0(30.79%),B:4467.7(18.02%),P:1e-507	Tpos:53.2,Tstd:27.4,Bpos:50.1,Bstd:30.6,StrandBias:1.8,Multiplicity:1.14
0.255	0.282	0.198	0.265
0.156	0.250	0.196	0.398
0.001	0.468	0.001	0.530
0.001	0.997	0.001	0.001
0.062	0.816	0.121	0.001
0.389	0.236	0.374	0.001
0.208	0.145	0.219	0.427
0.001	0.215	0.001	0.783
0.001	0.727	0.001	0.271
0.001	0.997	0.001	0.001
>CCCMCCCCCC	3-CCCMCCCCCC	4.471514	-1114.138916	0	T:10114.0(41.51%),B:6810.2(27.47%),P:1e-483	Tpos:54.7,Tstd:25.8,Bpos:49.7,Bstd:30.9,StrandBias:2.5,Multiplicity:1.38
0.201	0.613	0.001	0.185
0.304	0.595	0.069	0.032
0.332	0.549	0.093	0.026
0.348	0.345	0.133	0.174
0.249	0.497	0.075	0.179
0.228	0.513	0.030	0.229
0.222	0.561	0.086	0.131
0.242	0.625	0.061	0.072
0.291	0.545	0.058	0.106
0.325	0.560	0.069	0.046
>YYCTCCYYTC	4-YYCTCCYYTC	5.472950	-988.177631	0	T:11533.0(47.33%),B:8322.3(33.57%),P:1e-429	Tpos:55.9,Tstd:26.0,Bpos:49.9,Bstd:32.6,StrandBias:1.4,Multiplicity:1.46
0.001	0.400	0.220	0.378
0.002	0.511	0.001	0.486
0.001	0.463	0.262	0.274
0.001	0.288	0.161	0.550
0.001	0.845	0.001	0.153
0.001	0.460	0.298	0.242
0.120	0.405	0.141	0.334
0.001	0.449	0.227	0.324
0.001	0.001	0.060	0.938
0.001	0.653	0.001	0.345
>AAACCAAACC	5-AAACCAAACC	4.981069	-612.262869	0	T:6266.0(25.72%),B:4178.9(16.85%),P:1e-265	Tpos:48.8,Tstd:26.2,Bpos:49.9,Bstd:30.9,StrandBias:1.3,Multiplicity:1.18
0.791	0.118	0.089	0.002
0.789	0.044	0.166	0.001
0.654	0.088	0.130	0.128
0.179	0.643	0.006	0.172
0.136	0.650	0.206	0.008
0.667	0.166	0.149	0.018
0.770	0.124	0.105	0.001
0.715	0.097	0.103	0.085
0.109	0.676	0.062	0.153
0.173	0.672	0.153	0.002
>AAAACCCTAG	6-AAAACCCTAG	7.514365	-388.922336	0	T:900.0(3.69%),B:311.8(1.26%),P:1e-168	Tpos:54.4,Tstd:27.1,Bpos:48.3,Bstd:33.6,StrandBias:1.1,Multiplicity:1.02
0.631	0.085	0.178	0.106
0.974	0.001	0.024	0.001
0.997	0.001	0.001	0.001
0.974	0.001	0.024	0.001
0.013	0.967	0.001	0.019
0.001	0.991	0.007	0.001
0.008	0.987	0.004	0.001
0.031	0.001	0.001	0.967
0.840	0.079	0.001	0.080
0.056	0.119	0.824	0.001
>ATAAATAGSG	7-ATAAATAGSG	7.621413	-374.919285	0	T:698.0(2.86%),B:207.8(0.84%),P:1e-162	Tpos:34.8,Tstd:17.4,Bpos:47.1,Bstd:31.8,StrandBias:-0.0,Multiplicity:1.01
0.777	0.001	0.001	0.221
0.001	0.014	0.001	0.984
0.842	0.001	0.001	0.156
0.863	0.001	0.135	0.001
0.845	0.001	0.153	0.001
0.115	0.001	0.001	0.883
0.927	0.001	0.071	0.001
0.087	0.028	0.884	0.001
0.274	0.434	0.291	0.001
0.046	0.332	0.560	0.062
>ACACACACAC	8-ACACACACAC	4.476270	-349.986100	0	T:4739.0(19.45%),B:3319.8(13.39%),P:1e-151	Tpos:54.3,Tstd:26.8,Bpos:49.8,Bstd:29.2,StrandBias:1.2,Multiplicity:1.10
0.763	0.049	0.069	0.119
0.080	0.808	0.068	0.044
0.800	0.019	0.072	0.109
0.073	0.807	0.083	0.037
0.776	0.037	0.109	0.078
0.049	0.808	0.111	0.032
0.791	0.023	0.113	0.073
0.079	0.807	0.105	0.009
0.827	0.030	0.076	0.067
0.049	0.812	0.107	0.032
>CGCCGCCGCC	9-CGCCGCCGCC	7.065227	-319.788476	0	T:3546.0(14.55%),B:2356.3(9.50%),P:1e-138	Tpos:61.4,Tstd:26.8,Bpos:49.2,Bstd:30.2,StrandBias:1.0,Multiplicity:1.11
0.087	0.771	0.054	0.088
0.075	0.118	0.750	0.057
0.064	0.844	0.058	0.034
0.063	0.765	0.068	0.104
0.066	0.047	0.792	0.095
0.057	0.757	0.108	0.078
0.054	0.872	0.027	0.047
0.031	0.080	0.795	0.094
0.041	0.846	0.079	0.034
0.059	0.807	0.058	0.076
>GGCAGGCAGC	10-GGCAGGCAGC	7.610528	-291.057002	0	T:1492.0(6.12%),B:772.4(3.12%),P:1e-126	Tpos:54.0,Tstd:26.7,Bpos:49.6,Bstd:29.5,StrandBias:-0.0,Multiplicity:1.04
0.246	0.114	0.550	0.090
0.149	0.046	0.804	0.001
0.076	0.882	0.019	0.023
0.759	0.156	0.060	0.025
0.008	0.092	0.899	0.001
0.001	0.107	0.771	0.121
0.001	0.997	0.001	0.001
0.824	0.001	0.167	0.008
0.007	0.008	0.984	0.001
0.110	0.552	0.208	0.130
>TCTCTCTCTC	11-TCTCTCTCTC	6.853235	-276.265240	0	T:2589.0(10.63%),B:1638.3(6.61%),P:1e-119	Tpos:56.7,Tstd:26.8,Bpos:50.3,Bstd:31.5,StrandBias:1.3,Multiplicity:1.03
0.075	0.121	0.071	0.733
0.033	0.833	0.091	0.043
0.052	0.057	0.099	0.792
0.044	0.833	0.065	0.058
0.067	0.038	0.082	0.813
0.048	0.798	0.087	0.067
0.040	0.095	0.099	0.766
0.076	0.806	0.077	0.041
0.041	0.079	0.121	0.759
0.044	0.869	0.040	0.047
>TASTAGTAGT	12-TASTAGTAGT	5.959121	-192.723623	0	T:1161.0(4.76%),B:636.2(2.57%),P:1e-83	Tpos:45.8,Tstd:25.4,Bpos:53.0,Bstd:27.0,StrandBias:-0.2,Multiplicity:1.06
0.089	0.100	0.124	0.687
0.761	0.046	0.106	0.087
0.034	0.481	0.438	0.047
0.060	0.086	0.056	0.798
0.761	0.037	0.127	0.075
0.018	0.391	0.578	0.013
0.010	0.174	0.049	0.767
0.869	0.035	0.071	0.025
0.031	0.208	0.696	0.065
0.170	0.190	0.101	0.539
>TKGATGRRTG	13-TKGATGRRTG	7.754033	-189.074446	0	T:425.0(1.74%),B:144.1(0.58%),P:1e-82	Tpos:53.1,Tstd:27.1,Bpos:49.6,Bstd:24.6,StrandBias:-2.4,Multiplicity:1.01
0.047	0.160	0.248	0.545
0.061	0.048	0.442	0.448
0.234	0.055	0.665	0.046
0.772	0.157	0.041	0.030
0.061	0.029	0.023	0.887
0.164	0.035	0.769	0.032
0.423	0.015	0.559	0.003
0.352	0.052	0.402	0.194
0.043	0.284	0.007	0.666
0.045	0.033	0.782	0.140
>TCGCSACTCG	14-TCGCSACTCG	8.464237	-166.212176	0	T:336.0(1.38%),B:106.7(0.43%),P:1e-72	Tpos:55.6,Tstd:26.9,Bpos:42.3,Bstd:25.4,StrandBias:0.4,Multiplicity:1.07
0.127	0.001	0.001	0.871
0.001	0.997	0.001	0.001
0.048	0.061	0.886	0.005
0.225	0.472	0.180	0.123
0.184	0.410	0.380	0.026
0.817	0.024	0.001	0.158
0.082	0.715	0.130	0.073
0.072	0.001	0.152	0.775
0.021	0.915	0.037	0.027
0.052	0.101	0.846	0.001
>CGCASTCGCA	15-CGCASTCGCA	9.706627	-165.377165	0	T:265.0(1.09%),B:71.0(0.29%),P:1e-71	Tpos:53.3,Tstd:27.0,Bpos:44.3,Bstd:27.5,StrandBias:0.5,Multiplicity:1.05
0.001	0.696	0.055	0.248
0.001	0.001	0.997	0.001
0.001	0.997	0.001	0.001
0.997	0.001	0.001	0.001
0.001	0.516	0.431	0.052
0.001	0.128	0.001	0.870
0.001	0.646	0.001	0.352
0.001	0.001	0.997	0.001
0.001	0.997	0.001	0.001
0.997	0.001	0.001	0.001
>CTAGCTAGCT	16-CTAGCTAGCT	6.978359	-155.210216	0	T:1147.0(4.71%),B:672.7(2.71%),P:1e-67	Tpos:58.6,Tstd:27.2,Bpos:48.9,Bstd:29.2,StrandBias:0.2,Multiplicity:1.05
0.131	0.690	0.171	0.008
0.215	0.122	0.122	0.541
0.716	0.112	0.064	0.108
0.001	0.007	0.964	0.028
0.001	0.996	0.002	0.001
0.199	0.001	0.001	0.799
0.777	0.125	0.032	0.066
0.001	0.017	0.954	0.028
0.120	0.848	0.001	0.031
0.091	0.020	0.111	0.778
>TGCAGTGCAG	17-TGCAGTGCAG	7.410462	-147.118800	0	T:814.0(3.34%),B:432.3(1.74%),P:1e-63	Tpos:54.9,Tstd:27.2,Bpos:51.0,Bstd:29.6,StrandBias:-0.3,Multiplicity:1.09
0.120	0.080	0.098	0.702
0.023	0.034	0.903	0.040
0.021	0.831	0.098	0.050
0.808	0.058	0.087	0.047
0.077	0.094	0.706	0.123
0.093	0.111	0.053	0.743
0.044	0.079	0.849	0.028
0.027	0.875	0.042	0.056
0.828	0.045	0.055	0.072
0.067	0.076	0.754	0.103
>AAATTTCCAA	18-AAATTTCCAA	7.288326	-137.804313	0	T:542.0(2.22%),B:250.3(1.01%),P:1e-59	Tpos:44.3,Tstd:25.5,Bpos:47.3,Bstd:31.6,StrandBias:0.8,Multiplicity:1.04
0.883	0.060	0.030	0.027
0.893	0.015	0.044	0.048
0.822	0.037	0.047	0.094
0.088	0.074	0.033	0.805
0.124	0.082	0.037	0.757
0.058	0.153	0.059	0.730
0.060	0.739	0.155	0.046
0.064	0.779	0.066	0.091
0.741	0.198	0.025	0.036
0.853	0.079	0.001	0.067
>CCGGCCGGCK	19-CCGGCCGGCK	8.646325	-123.096257	0	T:643.0(2.64%),B:334.4(1.35%),P:1e-53	Tpos:51.0,Tstd:28.4,Bpos:49.6,Bstd:31.5,StrandBias:0.2,Multiplicity:1.02
0.001	0.997	0.001	0.001
0.001	0.628	0.001	0.370
0.001	0.001	0.919	0.079
0.037	0.181	0.781	0.001
0.001	0.928	0.045	0.026
0.001	0.876	0.016	0.107
0.001	0.012	0.782	0.205
0.001	0.171	0.827	0.001
0.040	0.909	0.050	0.001
0.035	0.026	0.418	0.521
>CAGRCCACAA	20-CAGRCCACAA	10.421959	-120.516829	0	T:146.0(0.60%),B:30.5(0.12%),P:1e-52	Tpos:51.9,Tstd:25.3,Bpos:48.1,Bstd:27.3,StrandBias:1.4,Multiplicity:1.00
0.001	0.997	0.001	0.001
0.752	0.001	0.010	0.237
0.001	0.001	0.997	0.001
0.495	0.001	0.503	0.001
0.001	0.997	0.001	0.001
0.001	0.995	0.003	0.001
0.608	0.001	0.390	0.001
0.006	0.748	0.237	0.009
0.997	0.001	0.001	0.001
0.601	0.001	0.397	0.001
>CTACAAATAV	21-CTACAAATAV	10.939616	-104.980043	0	T:58.0(0.24%),B:4.5(0.02%),P:1e-45	Tpos:34.0,Tstd:10.9,Bpos:58.8,Bstd:34.1,StrandBias:5.4,Multiplicity:1.00
0.080	0.839	0.001	0.080
0.353	0.001	0.001	0.645
0.606	0.353	0.001	0.040
0.039	0.959	0.001	0.001
0.959	0.039	0.001	0.001
0.997	0.001	0.001	0.001
0.997	0.001	0.001	0.001
0.033	0.001	0.033	0.933
0.919	0.040	0.040	0.001
0.359	0.287	0.353	0.001
>ACAGCACAGC	22-ACAGCACAGC	8.634428	-100.149351	0	T:222.0(0.91%),B:75.4(0.30%),P:1e-43	Tpos:54.4,Tstd:26.9,Bpos:53.4,Bstd:32.9,StrandBias:0.9,Multiplicity:1.06
0.867	0.034	0.098	0.001
0.001	0.927	0.071	0.001
0.983	0.015	0.001	0.001
0.059	0.016	0.853	0.072
0.072	0.925	0.002	0.001
0.997	0.001	0.001	0.001
0.084	0.880	0.035	0.001
0.878	0.086	0.001	0.035
0.115	0.001	0.869	0.015
0.059	0.842	0.027	0.072
>TGCGTTGCTT	23-TGCGTTGCTT	9.387385	-97.888936	0	T:211.0(0.87%),B:70.0(0.28%),P:1e-42	Tpos:54.8,Tstd:27.7,Bpos:56.2,Bstd:30.1,StrandBias:-1.2,Multiplicity:1.02
0.004	0.001	0.039	0.956
0.004	0.001	0.959	0.036
0.001	0.997	0.001	0.001
0.036	0.030	0.619	0.315
0.022	0.001	0.001	0.976
0.004	0.001	0.067	0.928
0.001	0.035	0.963	0.001
0.012	0.965	0.001	0.022
0.001	0.012	0.248	0.739
0.036	0.037	0.037	0.890
>ATCATCATCA	24-ATCATCATCA	9.522218	-72.608045	0	T:41.0(0.17%),B:3.8(0.02%),P:1e-31	Tpos:45.8,Tstd:24.6,Bpos:32.0,Bstd:14.5,StrandBias:0.5,Multiplicity:1.03
0.997	0.001	0.001	0.001
0.001	0.001	0.001	0.997
0.001	0.902	0.001	0.096
0.997	0.001	0.001	0.001
0.001	0.001	0.001	0.997
0.139	0.855	0.001	0.005
0.997	0.001	0.001	0.001
0.001	0.001	0.001	0.997
0.001	0.997	0.001	0.001
0.997	0.001	0.001	0.001
>AGCCGCCAGC	25-AGCCGCCAGC	9.774653	-18.183963	0	T:51.0(0.21%),B:21.3(0.09%),P:1e-7	Tpos:57.8,Tstd:28.1,Bpos:46.5,Bstd:33.5,StrandBias:1.1,Multiplicity:1.03
0.997	0.001	0.001	0.001
0.065	0.001	0.933	0.001
0.021	0.977	0.001	0.001
0.001	0.997	0.001	0.001
0.001	0.001	0.997	0.001
0.001	0.997	0.001	0.001
0.001	0.874	0.001	0.124
0.997	0.001	0.001	0.001
0.001	0.001	0.997	0.001
0.001	0.997	0.001	0.001
>TATATAWANVVV	1-TATATAWANVVV	5.011328	-1814.901191	0	T:4739.0(19.45%),B:1855.0(7.48%),P:1e-788	Tpos:31.5,Tstd:10.7,Bpos:50.0,Bstd:35.1,StrandBias:-0.0,Multiplicity:1.22
0.133	0.159	0.131	0.577
0.532	0.134	0.052	0.282
0.089	0.034	0.010	0.867
0.768	0.002	0.006	0.224
0.257	0.034	0.058	0.651
0.815	0.015	0.115	0.055
0.306	0.128	0.192	0.374
0.530	0.150	0.205	0.115
0.242	0.236	0.293	0.229
0.288	0.256	0.325	0.132
0.212	0.327	0.295	0.166
0.246	0.290	0.319	0.144
>CCTTCCCTTCCC	2-CCTTCCCTTCCC	4.395882	-1129.330989	0	T:14172.0(58.16%),B:10666.2(43.02%),P:1e-490	Tpos:56.5,Tstd:25.5,Bpos:50.5,Bstd:32.3,StrandBias:2.1,Multiplicity:1.51
0.057	0.706	0.094	0.143
0.067	0.718	0.082	0.133
0.093	0.226	0.095	0.586
0.059	0.274	0.091	0.576
0.042	0.724	0.083	0.151
0.059	0.701	0.093	0.147
0.074	0.721	0.073	0.132
0.087	0.258	0.098	0.557
0.066	0.248	0.101	0.585
0.045	0.722	0.083	0.150
0.062	0.695	0.082	0.161
0.073	0.708	0.079	0.140
>CCMMMCCMMMCC	3-CCMMMCCMMMCC	5.125965	-908.249106	0	T:6716.0(27.56%),B:4134.4(16.67%),P:1e-394	Tpos:54.5,Tstd:25.4,Bpos:49.1,Bstd:29.5,StrandBias:2.3,Multiplicity:1.14
0.231	0.654	0.067	0.048
0.379	0.537	0.047	0.037
0.454	0.493	0.031	0.022
0.499	0.442	0.036	0.024
0.482	0.441	0.052	0.025
0.364	0.549	0.053	0.034
0.362	0.558	0.047	0.033
0.423	0.525	0.028	0.024
0.412	0.518	0.028	0.042
0.476	0.426	0.065	0.033
0.369	0.521	0.077	0.033
0.353	0.530	0.079	0.038
>WCACTCACWCAC	4-WCACTCACWCAC	5.924049	-414.684955	0	T:2508.0(10.29%),B:1391.0(5.61%),P:1e-180	Tpos:57.4,Tstd:26.5,Bpos:49.8,Bstd:28.7,StrandBias:1.8,Multiplicity:1.05
0.367	0.086	0.098	0.450
0.074	0.756	0.093	0.077
0.598	0.110	0.130	0.162
0.103	0.721	0.103	0.073
0.241	0.074	0.263	0.422
0.077	0.749	0.115	0.059
0.599	0.108	0.145	0.148
0.091	0.721	0.115	0.073
0.383	0.056	0.177	0.384
0.069	0.767	0.097	0.067
0.505	0.102	0.149	0.244
0.090	0.708	0.117	0.085
>AAACCCTAGCCC	5-AAACCCTAGCCC	4.287880	-344.399064	0	T:964.0(3.96%),B:375.0(1.51%),P:1e-149	Tpos:54.4,Tstd:26.5,Bpos:50.7,Bstd:32.8,StrandBias:1.2,Multiplicity:1.04
0.995	0.001	0.003	0.001
0.997	0.001	0.001	0.001
0.997	0.001	0.001	0.001
0.001	0.997	0.001	0.001
0.001	0.997	0.001	0.001
0.001	0.997	0.001	0.001
0.001	0.008	0.001	0.990
0.997	0.001	0.001	0.001
0.288	0.001	0.710	0.001
0.130	0.552	0.078	0.240
0.060	0.825	0.114	0.001
0.068	0.707	0.224	0.001
>CACTCCACTCCA	6-CACTCCACTCCA	7.635891	-343.337245	0	T:890.0(3.65%),B:330.1(1.33%),P:1e-149	Tpos:59.2,Tstd:25.8,Bpos:51.8,Bstd:29.9,StrandBias:1.9,Multiplicity:1.01
0.143	0.621	0.116	0.120
0.493	0.191	0.161	0.155
0.119	0.674	0.141	0.066
0.135	0.091	0.160	0.614
0.014	0.770	0.184	0.032
0.090	0.753	0.128	0.029
0.715	0.012	0.160	0.113
0.121	0.670	0.177	0.032
0.095	0.090	0.168	0.647
0.036	0.682	0.198	0.084
0.067	0.825	0.091	0.017
0.596	0.144	0.121	0.139
>GAAACGAAACGA	7-GAAACGAAACGA	7.911111	-269.700152	0	T:544.0(2.23%),B:171.7(0.69%),P:1e-117	Tpos:51.7,Tstd:25.2,Bpos:50.8,Bstd:28.1,StrandBias:-0.6,Multiplicity:1.00
0.106	0.061	0.807	0.026
0.858	0.061	0.061	0.020
0.721	0.055	0.193	0.031
0.853	0.046	0.051	0.050
0.056	0.849	0.020	0.075
0.038	0.055	0.876	0.031
0.925	0.025	0.040	0.010
0.744	0.030	0.191	0.035
0.865	0.030	0.055	0.050
0.031	0.850	0.041	0.078
0.061	0.036	0.857	0.046
0.806	0.085	0.094	0.015
>GCVGCSGCNGCB	8-GCVGCSGCNGCB	5.478931	-256.061422	0	T:5019.0(20.60%),B:3770.9(15.21%),P:1e-111	Tpos:58.1,Tstd:26.3,Bpos:49.4,Bstd:30.7,StrandBias:0.0,Multiplicity:1.12
0.062	0.138	0.737	0.063
0.081	0.786	0.058	0.075
0.232	0.359	0.274	0.135
0.001	0.001	0.997	0.001
0.001	0.994	0.004	0.001
0.155	0.354	0.311	0.180
0.001	0.001	0.997	0.001
0.001	0.997	0.001	0.001
0.180	0.312	0.302	0.206
0.052	0.049	0.807	0.092
0.050	0.736	0.104	0.110
0.160	0.284	0.335	0.221
>STCTCBWGTCTC	9-STCTCBWGTCTC	8.426946	-234.786334	0	T:740.0(3.04%),B:306.4(1.24%),P:1e-101	Tpos:56.1,Tstd:25.4,Bpos:53.4,Bstd:30.0,StrandBias:1.0,Multiplicity:1.06
0.113	0.326	0.393	0.167
0.028	0.028	0.068	0.876
0.001	0.883	0.094	0.022
0.001	0.005	0.034	0.960
0.062	0.825	0.045	0.068
0.051	0.267	0.285	0.397
0.386	0.191	0.136	0.287
0.040	0.258	0.622	0.080
0.034	0.034	0.028	0.904
0.001	0.955	0.028	0.016
0.001	0.001	0.077	0.921
0.062	0.807	0.034	0.097
>CTGCCTGCCTGC	10-CTGCCTGCCTGC	8.866095	-212.059536	0	T:483.0(1.98%),B:165.7(0.67%),P:1e-92	Tpos:52.7,Tstd:27.1,Bpos:51.1,Bstd:28.2,StrandBias:0.1,Multiplicity:1.01
0.092	0.807	0.086	0.015
0.095	0.055	0.082	0.768
0.005	0.005	0.921	0.069
0.070	0.779	0.121	0.030
0.072	0.828	0.084	0.016
0.034	0.005	0.133	0.828
0.030	0.005	0.964	0.001
0.040	0.869	0.047	0.044
0.005	0.826	0.080	0.089
0.114	0.010	0.080	0.796
0.010	0.102	0.834	0.054
0.001	0.727	0.130	0.142
>TASTASTASTAS	11-TASTASTASTAS	7.057263	-162.412972	0	T:570.0(2.34%),B:249.4(1.01%),P:1e-70	Tpos:46.5,Tstd:25.0,Bpos:54.1,Bstd:25.8,StrandBias:-0.0,Multiplicity:1.04
0.117	0.106	0.076	0.701
0.700	0.093	0.104	0.103
0.021	0.525	0.418	0.036
0.063	0.073	0.071	0.793
0.847	0.030	0.091	0.032
0.015	0.526	0.444	0.015
0.064	0.102	0.013	0.821
0.736	0.071	0.120	0.073
0.021	0.430	0.522	0.027
0.075	0.106	0.087	0.732
0.742	0.070	0.100	0.088
0.052	0.387	0.508	0.053
>TCGCAGTTGCAG	12-TCGCAGTTGCAG	12.904447	-137.432132	0	T:75.0(0.31%),B:5.0(0.02%),P:1e-59	Tpos:60.7,Tstd:25.1,Bpos:25.2,Bstd:13.8,StrandBias:-0.2,Multiplicity:1.06
0.190	0.001	0.001	0.808
0.001	0.751	0.001	0.247
0.001	0.001	0.997	0.001
0.001	0.997	0.001	0.001
0.808	0.001	0.190	0.001
0.001	0.206	0.792	0.001
0.001	0.001	0.001	0.997
0.001	0.183	0.001	0.815
0.001	0.001	0.997	0.001
0.001	0.997	0.001	0.001
0.997	0.001	0.001	0.001
0.001	0.001	0.997	0.001
>TCCAAATTTCCC	13-TCCAAATTTCCC	9.552593	-110.203971	0	T:48.0(0.20%),B:2.8(0.01%),P:1e-47	Tpos:44.8,Tstd:26.9,Bpos:73.0,Bstd:26.3,StrandBias:2.7,Multiplicity:1.00
0.078	0.105	0.078	0.739
0.070	0.765	0.076	0.089
0.078	0.825	0.045	0.052
0.751	0.113	0.071	0.065
0.742	0.102	0.074	0.082
0.787	0.083	0.053	0.077
0.100	0.110	0.061	0.729
0.064	0.115	0.065	0.756
0.058	0.127	0.083	0.732
0.087	0.731	0.081	0.101
0.089	0.723	0.080	0.108
0.140	0.719	0.060	0.081
>TGCAGACTGCAG	14-TGCAGACTGCAG	12.366606	-108.181952	0	T:64.0(0.26%),B:5.2(0.02%),P:1e-46	Tpos:49.7,Tstd:23.8,Bpos:40.8,Bstd:14.1,StrandBias:-0.4,Multiplicity:1.04
0.033	0.001	0.001	0.965
0.001	0.006	0.987	0.006
0.001	0.997	0.001	0.001
0.993	0.001	0.005	0.001
0.001	0.034	0.959	0.006
0.772	0.127	0.001	0.100
0.006	0.866	0.127	0.001
0.001	0.005	0.001	0.993
0.001	0.006	0.987	0.006
0.005	0.993	0.001	0.001
0.993	0.005	0.001	0.001
0.005	0.001	0.993	0.001
>GCTAGCTAGCTA	15-GCTAGCTAGCTA	7.780859	-92.244809	0	T:423.0(1.74%),B:209.7(0.85%),P:1e-40	Tpos:58.3,Tstd:27.4,Bpos:51.2,Bstd:28.7,StrandBias:0.1,Multiplicity:1.03
0.106	0.097	0.734	0.063
0.057	0.851	0.054	0.038
0.038	0.038	0.073	0.851
0.851	0.042	0.069	0.038
0.023	0.025	0.937	0.015
0.017	0.935	0.030	0.018
0.035	0.044	0.033	0.888
0.890	0.020	0.055	0.035
0.020	0.053	0.904	0.023
0.040	0.886	0.018	0.056
0.127	0.140	0.075	0.658
0.620	0.138	0.151	0.091
>CTCTCGCCGTCT	16-CTCTCGCCGTCT	8.593205	-84.518161	0	T:118.0(0.48%),B:28.4(0.11%),P:1e-36	Tpos:55.3,Tstd:25.8,Bpos:39.9,Bstd:21.7,StrandBias:1.3,Multiplicity:1.00
0.073	0.544	0.281	0.102
0.088	0.127	0.118	0.667
0.043	0.689	0.147	0.121
0.112	0.115	0.143	0.630
0.071	0.520	0.285	0.124
0.097	0.102	0.668	0.133
0.083	0.605	0.149	0.163
0.159	0.589	0.116	0.136
0.082	0.193	0.593	0.132
0.075	0.220	0.178	0.527
0.041	0.743	0.095	0.121
0.130	0.145	0.154	0.571
>ACTTGCTTGCTT	17-ACTTGCTTGCTT	12.491173	-83.217593	0	T:54.0(0.22%),B:5.4(0.02%),P:1e-36	Tpos:58.8,Tstd:25.2,Bpos:49.4,Bstd:5.3,StrandBias:-0.6,Multiplicity:1.00
0.896	0.001	0.100	0.003
0.132	0.866	0.001	0.001
0.045	0.001	0.001	0.953
0.045	0.001	0.001	0.953
0.001	0.001	0.997	0.001
0.001	0.997	0.001	0.001
0.001	0.001	0.045	0.953
0.001	0.001	0.045	0.953
0.001	0.045	0.909	0.045
0.001	0.822	0.045	0.132
0.045	0.001	0.045	0.909
0.045	0.133	0.045	0.777
>TMATCATCATCA	18-TMATCATCATCA	9.695338	-81.378777	0	T:49.0(0.20%),B:4.0(0.02%),P:1e-35	Tpos:50.9,Tstd:24.2,Bpos:46.8,Bstd:17.4,StrandBias:1.0,Multiplicity:1.02
0.268	0.244	0.016	0.472
0.332	0.390	0.114	0.164
0.522	0.134	0.046	0.298
0.022	0.242	0.166	0.570
0.252	0.706	0.016	0.026
0.644	0.026	0.020	0.310
0.024	0.036	0.030	0.910
0.130	0.846	0.010	0.014
0.730	0.042	0.190	0.038
0.024	0.288	0.036	0.652
0.244	0.706	0.034	0.016
0.516	0.246	0.016	0.222
>AAATAAAATCAA	19-AAATAAAATCAA	11.165061	-74.333354	0	T:54.0(0.22%),B:6.9(0.03%),P:1e-32	Tpos:36.1,Tstd:21.0,Bpos:45.0,Bstd:9.9,StrandBias:1.9,Multiplicity:1.02
0.740	0.001	0.258	0.001
0.893	0.105	0.001	0.001
0.739	0.173	0.001	0.087
0.001	0.172	0.001	0.826
0.874	0.038	0.001	0.087
0.997	0.001	0.001	0.001
0.869	0.129	0.001	0.001
0.911	0.001	0.001	0.087
0.130	0.087	0.001	0.782
0.126	0.786	0.087	0.001
0.868	0.087	0.044	0.001
0.746	0.191	0.062	0.001
>ACCAGTCACCAC	20-ACCAGTCACCAC	9.356981	-69.914513	0	T:52.0(0.21%),B:6.0(0.02%),P:1e-30	Tpos:60.5,Tstd:23.1,Bpos:53.7,Bstd:17.8,StrandBias:2.3,Multiplicity:1.00
0.974	0.001	0.001	0.024
0.001	0.997	0.001	0.001
0.001	0.997	0.001	0.001
0.925	0.025	0.025	0.025
0.025	0.025	0.925	0.025
0.001	0.001	0.024	0.974
0.024	0.974	0.001	0.001
0.951	0.024	0.024	0.001
0.001	0.974	0.024	0.001
0.001	0.997	0.001	0.001
0.974	0.024	0.001	0.001
0.024	0.951	0.024	0.001
>ATCCATCCATCC	21-ATCCATCCATCC	11.669760	-66.335598	0	T:76.0(0.31%),B:15.8(0.06%),P:1e-28	Tpos:45.2,Tstd:25.0,Bpos:44.1,Bstd:13.3,StrandBias:2.6,Multiplicity:1.00
0.848	0.038	0.113	0.001
0.038	0.113	0.001	0.848
0.001	0.960	0.038	0.001
0.038	0.923	0.038	0.001
0.997	0.001	0.001	0.001
0.001	0.001	0.001	0.997
0.001	0.997	0.001	0.001
0.001	0.886	0.112	0.001
0.960	0.001	0.038	0.001
0.039	0.070	0.145	0.746
0.113	0.848	0.001	0.038
0.001	0.844	0.154	0.001
>CGAGGCGACGAA	22-CGAGGCGACGAA	8.328120	-64.896711	0	T:62.0(0.25%),B:10.3(0.04%),P:1e-28	Tpos:56.9,Tstd:27.2,Bpos:43.4,Bstd:14.8,StrandBias:-0.4,Multiplicity:1.00
0.158	0.528	0.202	0.112
0.140	0.140	0.652	0.068
0.581	0.169	0.130	0.120
0.139	0.152	0.638	0.071
0.150	0.167	0.580	0.103
0.180	0.597	0.108	0.115
0.133	0.163	0.644	0.060
0.543	0.151	0.181	0.125
0.161	0.551	0.171	0.117
0.136	0.165	0.645	0.054
0.570	0.176	0.186	0.068
0.470	0.198	0.206	0.125
>TTTTCACTGCTC	23-TTTTCACTGCTC	10.043529	-61.218945	0	T:60.0(0.25%),B:10.4(0.04%),P:1e-26	Tpos:56.6,Tstd:24.3,Bpos:37.7,Bstd:14.1,StrandBias:1.9,Multiplicity:1.00
0.069	0.075	0.081	0.775
0.046	0.140	0.090	0.724
0.053	0.138	0.094	0.715
0.061	0.116	0.150	0.673
0.053	0.785	0.084	0.078
0.616	0.069	0.106	0.209
0.038	0.796	0.079	0.087
0.071	0.076	0.067	0.786
0.060	0.106	0.757	0.077
0.050	0.791	0.072	0.087
0.070	0.053	0.066	0.811
0.060	0.775	0.079	0.086
>TCGCGATTCGCG	24-TCGCGATTCGCG	10.592295	-56.300769	0	T:30.0(0.12%),B:2.9(0.01%),P:1e-24	Tpos:65.1,Tstd:26.7,Bpos:47.8,Bstd:19.9,StrandBias:0.3,Multiplicity:1.04
0.115	0.043	0.008	0.834
0.021	0.815	0.083	0.081
0.086	0.108	0.685	0.121
0.064	0.804	0.051	0.081
0.074	0.121	0.804	0.001
0.723	0.147	0.098	0.032
0.109	0.124	0.227	0.540
0.015	0.114	0.175	0.696
0.045	0.723	0.108	0.124
0.090	0.142	0.674	0.094
0.075	0.797	0.026	0.102
0.074	0.106	0.812	0.008
>CGCCTCTTCTTC	25-CGCCTCTTCTTC	10.233654	-55.931364	0	T:144.0(0.59%),B:54.8(0.22%),P:1e-24	Tpos:59.1,Tstd:27.2,Bpos:58.0,Bstd:11.9,StrandBias:1.4,Multiplicity:1.00
0.048	0.807	0.085	0.060
0.084	0.084	0.808	0.024
0.102	0.747	0.087	0.064
0.060	0.767	0.097	0.076
0.061	0.036	0.061	0.842
0.001	0.873	0.012	0.114
0.133	0.012	0.072	0.783
0.001	0.001	0.144	0.854
0.012	0.854	0.109	0.025
0.073	0.072	0.039	0.816
0.001	0.013	0.084	0.902
0.001	0.915	0.001	0.083
>TATATA	1-TATATA	5.591595	-1690.007766	0	T:4683.0(19.22%),B:1893.2(7.64%),P:1e-733	Tpos:31.3,Tstd:11.0,Bpos:49.2,Bstd:37.5,StrandBias:-0.4,Multiplicity:1.17
0.001	0.001	0.001	0.997
0.643	0.001	0.001	0.355
0.109	0.001	0.001	0.889
0.983	0.001	0.015	0.001
0.001	0.042	0.001	0.956
0.997	0.001	0.001	0.001
>CCCTCC	2-CCCTCC	5.723238	-567.693596	0	T:11361.0(46.62%),B:8956.4(36.12%),P:1e-246	Tpos:53.0,Tstd:27.6,Bpos:50.1,Bstd:32.1,StrandBias:1.9,Multiplicity:1.51
0.001	0.997	0.001	0.001
0.001	0.997	0.001	0.001
0.002	0.996	0.001	0.001
0.292	0.003	0.260	0.445
0.001	0.707	0.001	0.291
0.001	0.997	0.001	0.001
>TCTCTC	3-TCTCTC	5.423094	-498.837167	0	T:8948.0(36.72%),B:6808.3(27.46%),P:1e-216	Tpos:55.6,Tstd:27.1,Bpos:49.8,Bstd:32.7,StrandBias:1.5,Multiplicity:1.32
0.001	0.258	0.001	0.740
0.001	0.997	0.001	0.001
0.217	0.001	0.113	0.669
0.001	0.997	0.001	0.001
0.001	0.001	0.001	0.997
0.001	0.997	0.001	0.001
>TCGTCT	4-TCGTCT	4.228312	-488.413299	0	T:8705.0(35.72%),B:6604.7(26.64%),P:1e-212	Tpos:52.8,Tstd:27.8,Bpos:50.0,Bstd:30.7,StrandBias:0.8,Multiplicity:1.20
0.001	0.093	0.001	0.905
0.085	0.913	0.001	0.001
0.001	0.001	0.997	0.001
0.001	0.220	0.001	0.778
0.001	0.902	0.001	0.096
0.001	0.001	0.001	0.997
>CATTCC	5-CATTCC	5.744909	-408.646913	0	T:5992.0(24.59%),B:4303.1(17.35%),P:1e-177	Tpos:53.6,Tstd:27.7,Bpos:50.9,Bstd:31.0,StrandBias:1.6,Multiplicity:1.13
0.001	0.997	0.001	0.001
0.861	0.137	0.001	0.001
0.001	0.001	0.332	0.666
0.001	0.001	0.001	0.997
0.001	0.844	0.001	0.154
0.001	0.997	0.001	0.001
>AAACCC	6-AAACCC	7.720555	-396.505495	0	T:2316.0(9.50%),B:1266.6(5.11%),P:1e-172	Tpos:53.1,Tstd:26.5,Bpos:50.8,Bstd:33.5,StrandBias:1.7,Multiplicity:1.08
0.997	0.001	0.001	0.001
0.997	0.001	0.001	0.001
0.855	0.143	0.001	0.001
0.001	0.858	0.140	0.001
0.001	0.997	0.001	0.001
0.142	0.757	0.099	0.002
>CACTGC	7-CACTGC	1.481983	-348.967863	0	T:8728.0(35.82%),B:6960.7(28.07%),P:1e-151	Tpos:54.0,Tstd:28.1,Bpos:50.3,Bstd:29.6,StrandBias:1.2,Multiplicity:1.26
0.001	0.997	0.001	0.001
0.997	0.001	0.001	0.001
0.001	0.993	0.001	0.005
0.018	0.042	0.001	0.939
0.026	0.001	0.972	0.001
0.001	0.997	0.001	0.001
>CASRCA	8-CASRCA	4.252413	-313.634572	0	T:11694.0(47.99%),B:9945.2(40.11%),P:1e-136	Tpos:52.4,Tstd:27.6,Bpos:50.1,Bstd:30.1,StrandBias:1.0,Multiplicity:1.44
0.105	0.856	0.001	0.038
0.872	0.001	0.057	0.070
0.185	0.419	0.305	0.091
0.356	0.091	0.418	0.134
0.057	0.760	0.145	0.038
0.740	0.258	0.001	0.001
>GGTTGG	9-GGTTGG	5.104785	-247.179223	0	T:6356.0(26.08%),B:5014.9(20.23%),P:1e-107	Tpos:51.4,Tstd:27.7,Bpos:50.0,Bstd:30.8,StrandBias:-1.7,Multiplicity:1.18
0.001	0.001	0.997	0.001
0.193	0.001	0.642	0.164
0.001	0.001	0.001	0.997
0.001	0.001	0.001	0.997
0.001	0.001	0.787	0.211
0.001	0.001	0.997	0.001
>GCCGCC	10-GCCGCC	5.873589	-235.838648	0	T:8076.0(33.14%),B:6667.1(26.89%),P:1e-102	Tpos:57.2,Tstd:28.1,Bpos:50.2,Bstd:31.7,StrandBias:0.6,Multiplicity:1.42
0.001	0.001	0.997	0.001
0.001	0.997	0.001	0.001
0.001	0.997	0.001	0.001
0.001	0.001	0.997	0.001
0.001	0.821	0.177	0.001
0.149	0.743	0.001	0.107
>KCCGYT	11-KCCGYT	4.807835	-216.296303	0	T:6321.0(25.94%),B:5071.8(20.46%),P:1e-93	Tpos:51.7,Tstd:28.2,Bpos:49.6,Bstd:31.3,StrandBias:0.8,Multiplicity:1.11
0.146	0.164	0.321	0.369
0.001	0.705	0.251	0.043
0.201	0.679	0.001	0.119
0.001	0.001	0.997	0.001
0.043	0.471	0.001	0.486
0.145	0.068	0.001	0.786
>TTATTA	12-TTATTA	6.662846	-209.848164	0	T:1267.0(5.20%),B:695.6(2.81%),P:1e-91	Tpos:37.3,Tstd:22.3,Bpos:51.5,Bstd:35.7,StrandBias:-0.1,Multiplicity:1.08
0.001	0.001	0.001	0.997
0.001	0.001	0.001	0.997
0.997	0.001	0.001	0.001
0.001	0.001	0.001	0.997
0.194	0.001	0.001	0.804
0.997	0.001	0.001	0.001
>WGGCAG	13-WGGCAG	4.573363	-204.130277	0	T:12130.0(49.78%),B:10760.8(43.40%),P:1e-88	Tpos:51.5,Tstd:28.0,Bpos:50.2,Bstd:30.7,StrandBias:-0.4,Multiplicity:1.25
0.496	0.001	0.001	0.502
0.239	0.152	0.414	0.196
0.265	0.001	0.733	0.001
0.160	0.838	0.001	0.001
0.757	0.001	0.001	0.241
0.220	0.001	0.778	0.001
>MYSGCA	14-MYSGCA	5.306731	-190.899923	0	T:5057.0(20.75%),B:3977.5(16.04%),P:1e-82	Tpos:51.6,Tstd:27.9,Bpos:50.3,Bstd:30.5,StrandBias:0.9,Multiplicity:1.09
0.454	0.311	0.234	0.001
0.252	0.437	0.001	0.311
0.001	0.566	0.432	0.001
0.001	0.001	0.997	0.001
0.001	0.765	0.233	0.001
0.997	0.001	0.001	0.001
>GATSGA	15-GATSGA	5.409860	-185.516542	0	T:5191.0(21.30%),B:4116.2(16.60%),P:1e-80	Tpos:54.1,Tstd:28.3,Bpos:49.9,Bstd:27.9,StrandBias:-0.8,Multiplicity:1.16
0.001	0.001	0.997	0.001
0.997	0.001	0.001	0.001
0.001	0.125	0.001	0.873
0.001	0.500	0.442	0.058
0.001	0.001	0.997	0.001
0.997	0.001	0.001	0.001
>GACTGS	16-GACTGS	7.558302	-179.760044	0	T:2612.0(10.72%),B:1830.4(7.38%),P:1e-78	Tpos:55.2,Tstd:28.3,Bpos:52.7,Bstd:28.1,StrandBias:-0.8,Multiplicity:1.02
0.001	0.001	0.997	0.001
0.997	0.001	0.001	0.001
0.001	0.997	0.001	0.001
0.001	0.001	0.001	0.997
0.001	0.001	0.997	0.001
0.001	0.475	0.523	0.001
>AAGTGA	17-AAGTGA	6.112602	-96.633623	0	T:2600.0(10.67%),B:2026.7(8.17%),P:1e-41	Tpos:51.2,Tstd:27.3,Bpos:51.4,Bstd:32.8,StrandBias:-0.7,Multiplicity:1.06
0.997	0.001	0.001	0.001
0.798	0.002	0.199	0.001
0.001	0.089	0.764	0.146
0.264	0.160	0.097	0.479
0.309	0.001	0.689	0.001
0.997	0.001	0.001	0.001
>CTACTA	18-CTACTA	7.331925	-83.157887	0	T:1224.0(5.02%),B:855.3(3.45%),P:1e-36	Tpos:46.4,Tstd:26.8,Bpos:50.8,Bstd:29.6,StrandBias:0.3,Multiplicity:1.21
0.001	0.897	0.101	0.001
0.001	0.001	0.001	0.997
0.997	0.001	0.001	0.001
0.001	0.577	0.421	0.001
0.001	0.001	0.001	0.997
0.997	0.001	0.001	0.001
>CGGTTT	19-CGGTTT	6.177716	-63.095807	0	T:995.0(4.08%),B:705.4(2.84%),P:1e-27	Tpos:46.6,Tstd:28.6,Bpos:49.2,Bstd:31.8,StrandBias:-0.4,Multiplicity:1.04
0.100	0.700	0.100	0.100
0.100	0.100	0.700	0.100
0.100	0.100	0.700	0.100
0.100	0.100	0.100	0.700
0.100	0.100	0.100	0.700
0.100	0.100	0.100	0.700
>GATGAT	20-GATGAT	6.519522	-53.988368	0	T:1051.0(4.31%),B:775.3(3.13%),P:1e-23	Tpos:52.3,Tstd:27.8,Bpos:50.4,Bstd:23.9,StrandBias:-1.0,Multiplicity:1.10
0.123	0.149	0.708	0.020
0.974	0.022	0.003	0.001
0.148	0.001	0.001	0.850
0.001	0.122	0.763	0.114
0.604	0.007	0.231	0.158
0.234	0.004	0.149	0.613
>AGCTAG	21-AGCTAG	6.177716	-28.976262	0	T:1440.0(5.91%),B:1210.3(4.88%),P:1e-12	Tpos:56.3,Tstd:29.3,Bpos:50.0,Bstd:30.0,StrandBias:-0.0,Multiplicity:1.24
0.700	0.100	0.100	0.100
0.100	0.100	0.700	0.100
0.100	0.700	0.100	0.100
0.100	0.100	0.100	0.700
0.700	0.100	0.100	0.100
0.100	0.100	0.700	0.100
>TATAWAKM	1-TATAWAKM	3.073638	-1506.112137	0	T:4654.0(19.10%),B:1993.5(8.04%),P:1e-654	Tpos:31.5,Tstd:11.3,Bpos:50.1,Bstd:36.6,StrandBias:0.0,Multiplicity:1.07
0.001	0.001	0.001	0.997
0.793	0.001	0.001	0.205
0.001	0.001	0.001	0.997
0.997	0.001	0.001	0.001
0.471	0.001	0.001	0.527
0.987	0.001	0.011	0.001
0.162	0.095	0.413	0.331
0.447	0.387	0.012	0.154
>CCCATYCC	2-CCCATYCC	5.687661	-1090.558920	0	T:8510.0(34.92%),B:5420.7(21.86%),P:1e-473	Tpos:54.7,Tstd:26.6,Bpos:50.2,Bstd:31.7,StrandBias:2.4,Multiplicity:1.40
0.001	0.660	0.001	0.338
0.001	0.997	0.001	0.001
0.311	0.687	0.001	0.001
0.433	0.208	0.205	0.154
0.219	0.102	0.001	0.678
0.001	0.542	0.001	0.456
0.001	0.997	0.001	0.001
0.029	0.969	0.001	0.001
>CTCGTCTC	3-CTCGTCTC	5.221618	-762.075527	0	T:9119.0(37.42%),B:6458.3(26.05%),P:1e-330	Tpos:55.9,Tstd:26.5,Bpos:50.1,Bstd:31.7,StrandBias:1.6,Multiplicity:1.32
0.034	0.758	0.083	0.125
0.066	0.224	0.060	0.650
0.051	0.873	0.023	0.053
0.059	0.221	0.592	0.128
0.089	0.228	0.061	0.622
0.029	0.835	0.020	0.116
0.079	0.026	0.046	0.849
0.035	0.822	0.022	0.121
>MMMCMCMC	4-MMMCMCMC	5.123795	-545.981957	0	T:6071.0(24.91%),B:4119.1(16.61%),P:1e-237	Tpos:53.1,Tstd:26.4,Bpos:50.0,Bstd:29.9,StrandBias:2.0,Multiplicity:1.13
0.544	0.417	0.001	0.038
0.480	0.508	0.011	0.001
0.399	0.400	0.106	0.095
0.312	0.633	0.054	0.001
0.451	0.422	0.092	0.035
0.300	0.659	0.040	0.001
0.388	0.494	0.060	0.058
0.364	0.580	0.055	0.001
>CCGCCGSC	5-CCGCCGSC	6.418713	-544.579456	0	T:6798.0(27.90%),B:4758.1(19.19%),P:1e-236	Tpos:56.7,Tstd:27.7,Bpos:49.9,Bstd:31.1,StrandBias:0.7,Multiplicity:1.25
0.001	0.997	0.001	0.001
0.001	0.539	0.254	0.206
0.001	0.020	0.978	0.001
0.001	0.997	0.001	0.001
0.272	0.526	0.001	0.201
0.001	0.100	0.582	0.317
0.001	0.527	0.471	0.001
0.032	0.848	0.001	0.119
>CACACCRC	6-CACACCRC	6.338973	-494.560093	0	T:3274.0(13.44%),B:1883.3(7.60%),P:1e-214	Tpos:54.7,Tstd:27.2,Bpos:51.0,Bstd:29.9,StrandBias:1.8,Multiplicity:1.07
0.001	0.997	0.001	0.001
0.774	0.121	0.036	0.069
0.025	0.846	0.128	0.001
0.643	0.037	0.067	0.253
0.033	0.612	0.137	0.218
0.098	0.840	0.015	0.047
0.429	0.184	0.387	0.001
0.012	0.972	0.001	0.015
>AAGCAAAC	7-AAGCAAAC	5.908548	-459.574984	0	T:3890.0(15.96%),B:2420.3(9.76%),P:1e-199	Tpos:50.5,Tstd:27.1,Bpos:49.2,Bstd:31.3,StrandBias:0.6,Multiplicity:1.17
0.980	0.018	0.001	0.001
0.870	0.128	0.001	0.001
0.226	0.132	0.461	0.182
0.001	0.774	0.224	0.001
0.564	0.104	0.331	0.001
0.817	0.181	0.001	0.001
0.725	0.043	0.135	0.097
0.262	0.632	0.105	0.001
>ATAAATAC	8-ATAAATAC	5.948386	-454.382550	0	T:1616.0(6.63%),B:715.9(2.89%),P:1e-197	Tpos:34.9,Tstd:19.1,Bpos:49.7,Bstd:34.0,StrandBias:0.9,Multiplicity:1.04
0.896	0.034	0.001	0.069
0.001	0.154	0.001	0.844
0.966	0.001	0.001	0.032
0.950	0.048	0.001	0.001
0.997	0.001	0.001	0.001
0.001	0.009	0.001	0.989
0.860	0.045	0.039	0.056
0.129	0.775	0.058	0.038
>AAACCCTA	9-AAACCCTA	7.866630	-366.513631	0	T:1138.0(4.67%),B:468.3(1.89%),P:1e-159	Tpos:53.9,Tstd:27.3,Bpos:48.1,Bstd:33.0,StrandBias:0.9,Multiplicity:1.03
0.938	0.001	0.060	0.001
0.997	0.001	0.001	0.001
0.997	0.001	0.001	0.001
0.001	0.997	0.001	0.001
0.001	0.997	0.001	0.001
0.001	0.938	0.060	0.001
0.001	0.001	0.001	0.997
0.718	0.198	0.001	0.083
>WCWCWCTC	10-WCWCWCTC	6.675306	-322.878764	0	T:2123.0(8.71%),B:1206.3(4.87%),P:1e-140	Tpos:56.0,Tstd:26.9,Bpos:49.2,Bstd:30.9,StrandBias:1.5,Multiplicity:1.04
0.371	0.001	0.184	0.444
0.116	0.691	0.192	0.001
0.341	0.001	0.184	0.475
0.001	0.871	0.127	0.001
0.419	0.001	0.018	0.562
0.001	0.907	0.001	0.091
0.368	0.094	0.001	0.537
0.049	0.949	0.001	0.001
>ACAAAACC	11-ACAAAACC	6.684728	-293.543673	0	T:1645.0(6.75%),B:881.3(3.55%),P:1e-127	Tpos:47.6,Tstd:25.9,Bpos:52.9,Bstd:31.5,StrandBias:1.2,Multiplicity:1.02
0.493	0.096	0.162	0.249
0.001	0.599	0.001	0.399
0.663	0.335	0.001	0.001
0.997	0.001	0.001	0.001
0.840	0.001	0.157	0.002
0.749	0.001	0.153	0.097
0.203	0.770	0.001	0.026
0.001	0.632	0.366	0.001
>TCCGGTCC	12-TCCGGTCC	7.349057	-293.046083	0	T:1218.0(5.00%),B:577.8(2.33%),P:1e-127	Tpos:50.2,Tstd:28.8,Bpos:52.5,Bstd:31.7,StrandBias:1.0,Multiplicity:1.02
0.001	0.048	0.001	0.950
0.085	0.840	0.001	0.074
0.001	0.997	0.001	0.001
0.180	0.098	0.721	0.001
0.001	0.076	0.922	0.001
0.001	0.001	0.001	0.997
0.001	0.818	0.001	0.180
0.001	0.943	0.001	0.055
>CACTCGCA	13-CACTCGCA	4.881354	-270.696828	0	T:4646.0(19.07%),B:3403.0(13.72%),P:1e-117	Tpos:53.6,Tstd:27.1,Bpos:49.7,Bstd:30.4,StrandBias:0.9,Multiplicity:1.13
0.100	0.823	0.076	0.001
0.878	0.013	0.098	0.011
0.023	0.859	0.054	0.064
0.097	0.090	0.001	0.812
0.001	0.859	0.041	0.099
0.001	0.001	0.987	0.011
0.001	0.985	0.001	0.013
0.878	0.016	0.040	0.066
>CWTCCRTC	14-CWTCCRTC	7.882750	-227.093665	0	T:955.0(3.92%),B:454.2(1.83%),P:1e-98	Tpos:56.4,Tstd:26.6,Bpos:51.8,Bstd:30.4,StrandBias:1.8,Multiplicity:1.07
0.004	0.778	0.001	0.217
0.461	0.001	0.008	0.530
0.001	0.001	0.001	0.997
0.001	0.784	0.001	0.214
0.148	0.686	0.165	0.001
0.366	0.001	0.392	0.241
0.003	0.001	0.001	0.995
0.001	0.763	0.001	0.235
>GCAACGCA	15-GCAACGCA	6.365039	-224.219805	0	T:2028.0(8.32%),B:1266.6(5.11%),P:1e-97	Tpos:54.6,Tstd:27.8,Bpos:49.2,Bstd:29.2,StrandBias:0.3,Multiplicity:1.10
0.099	0.085	0.789	0.027
0.064	0.791	0.105	0.040
0.808	0.122	0.011	0.059
0.489	0.148	0.226	0.136
0.133	0.615	0.076	0.176
0.060	0.028	0.827	0.085
0.104	0.803	0.055	0.038
0.881	0.039	0.074	0.006
>TAGMTAGM	16-TAGMTAGM	7.800193	-214.802304	0	T:1070.0(4.39%),B:546.6(2.20%),P:1e-93	Tpos:51.7,Tstd:28.6,Bpos:51.9,Bstd:28.8,StrandBias:0.0,Multiplicity:1.11
0.001	0.317	0.001	0.681
0.997	0.001	0.001	0.001
0.246	0.001	0.752	0.001
0.527	0.471	0.001	0.001
0.001	0.001	0.001	0.997
0.997	0.001	0.001	0.001
0.001	0.001	0.997	0.001
0.427	0.571	0.001	0.001
>CCTGCCCT	17-CCTGCCCT	8.782705	-184.676315	0	T:876.0(3.60%),B:438.8(1.77%),P:1e-80	Tpos:51.8,Tstd:28.2,Bpos:52.3,Bstd:31.3,StrandBias:1.3,Multiplicity:1.04
0.001	0.997	0.001	0.001
0.001	0.997	0.001	0.001
0.001	0.001	0.001	0.997
0.050	0.001	0.778	0.171
0.001	0.731	0.001	0.267
0.001	0.997	0.001	0.001
0.001	0.997	0.001	0.001
0.001	0.001	0.190	0.808
>CAGTCTCC	18-CAGTCTCC	7.718421	-154.855794	0	T:710.0(2.91%),B:350.7(1.41%),P:1e-67	Tpos:56.4,Tstd:26.9,Bpos:55.8,Bstd:31.3,StrandBias:1.2,Multiplicity:1.01
0.001	0.997	0.001	0.001
0.997	0.001	0.001	0.001
0.001	0.111	0.887	0.001
0.001	0.001	0.001	0.997
0.001	0.997	0.001	0.001
0.181	0.056	0.001	0.762
0.142	0.856	0.001	0.001
0.001	0.817	0.181	0.001
>CTGGACTG	19-CTGGACTG	7.312167	-143.446235	0	T:871.0(3.57%),B:478.7(1.93%),P:1e-62	Tpos:52.2,Tstd:27.5,Bpos:50.4,Bstd:29.7,StrandBias:-1.0,Multiplicity:1.05
0.053	0.794	0.152	0.001
0.001	0.001	0.104	0.894
0.001	0.001	0.971	0.027
0.062	0.026	0.899	0.013
0.803	0.140	0.038	0.019
0.001	0.997	0.001	0.001
0.001	0.001	0.055	0.943
0.001	0.123	0.838	0.038
>TACTACTA	20-TACTACTA	6.678193	-134.711267	0	T:710.0(2.91%),B:370.5(1.49%),P:1e-58	Tpos:44.0,Tstd:25.3,Bpos:52.4,Bstd:28.8,StrandBias:0.4,Multiplicity:1.05
0.010	0.041	0.032	0.917
0.916	0.044	0.019	0.021
0.001	0.951	0.019	0.029
0.001	0.042	0.015	0.942
0.918	0.001	0.080	0.001
0.040	0.813	0.146	0.001
0.001	0.059	0.001	0.939
0.863	0.001	0.113	0.023
>ATCATCAC	21-ATCATCAC	6.778075	-117.002074	0	T:846.0(3.47%),B:492.7(1.99%),P:1e-50	Tpos:53.2,Tstd:26.5,Bpos:50.7,Bstd:23.4,StrandBias:1.1,Multiplicity:1.03
0.932	0.066	0.001	0.001
0.036	0.048	0.019	0.897
0.001	0.971	0.016	0.012
0.997	0.001	0.001	0.001
0.012	0.001	0.016	0.971
0.019	0.938	0.021	0.022
0.850	0.001	0.148	0.001
0.056	0.533	0.070	0.341
>AGACAGAC	22-AGACAGAC	8.887791	-89.846510	0	T:424.0(1.74%),B:212.1(0.86%),P:1e-39	Tpos:52.8,Tstd:28.6,Bpos:47.3,Bstd:28.6,StrandBias:-0.4,Multiplicity:1.06
0.997	0.001	0.001	0.001
0.001	0.177	0.682	0.140
0.997	0.001	0.001	0.001
0.001	0.997	0.001	0.001
0.997	0.001	0.001	0.001
0.001	0.001	0.997	0.001
0.997	0.001	0.001	0.001
0.001	0.833	0.165	0.001
>ATCGATCG	23-ATCGATCG	8.638305	-86.926701	0	T:491.0(2.02%),B:263.8(1.06%),P:1e-37	Tpos:53.2,Tstd:29.4,Bpos:51.7,Bstd:26.2,StrandBias:0.4,Multiplicity:1.07
0.650	0.314	0.035	0.001
0.001	0.001	0.001	0.997
0.001	0.997	0.001	0.001
0.381	0.001	0.617	0.001
0.997	0.001	0.001	0.001
0.001	0.001	0.001	0.997
0.001	0.997	0.001	0.001
0.353	0.001	0.645	0.001
>CAGCCAGC	24-CAGCCAGC	8.665381	-73.891113	0	T:641.0(2.63%),B:394.4(1.59%),P:1e-32	Tpos:53.2,Tstd:28.4,Bpos:50.0,Bstd:31.2,StrandBias:1.4,Multiplicity:1.09
0.001	0.997	0.001	0.001
0.819	0.179	0.001	0.001
0.001	0.001	0.997	0.001
0.110	0.888	0.001	0.001
0.001	0.997	0.001	0.001
0.997	0.001	0.001	0.001
0.001	0.001	0.997	0.001
0.001	0.997	0.001	0.001
>ATTAATAA	25-ATTAATAA	6.505809	-47.609657	0	T:642.0(2.63%),B:441.7(1.78%),P:1e-20	Tpos:36.3,Tstd:23.3,Bpos:49.6,Bstd:34.0,StrandBias:0.2,Multiplicity:1.03
0.712	0.250	0.037	0.001
0.068	0.001	0.076	0.855
0.001	0.001	0.001	0.997
0.997	0.001	0.001	0.001
0.791	0.001	0.001	0.207
0.047	0.030	0.001	0.922
0.912	0.015	0.001	0.072
0.915	0.001	0.083	0.001
