>TATATADASV	1-TATATADASV	5.534213	-1738.445936	0	T:4169.0(17.10%),B:1538.8(6.20%),P:1e-754	Tpos:31.3,Tstd:10.0,Bpos:51.2,Bstd:36.3,StrandBias:-0.1,Multiplicity:1.44
0.038	0.127	0.052	0.783
0.738	0.056	0.001	0.205
0.060	0.045	0.020	0.875
0.816	0.014	0.006	0.164
0.246	0.035	0.028	0.691
0.923	0.011	0.059	0.007
0.241	0.162	0.239	0.359
0.521	0.146	0.237	0.096
0.181	0.328	0.362	0.129
0.268	0.326	0.312	0.094
>GGRAGGGGRR	2-GGRAGGGGRR	5.655846	-1350.221212	0	T:8991.0(36.89%),B:5509.4(22.21%),P:1e-586	Tpos:55.6,Tstd:25.9,Bpos:49.3,Bstd:32.0,StrandBias:-2.3,Multiplicity:1.42
0.232	0.001	0.766	0.001
0.348	0.001	0.650	0.001
0.485	0.001	0.513	0.001
0.457	0.134	0.215	0.194
0.150	0.198	0.420	0.232
0.008	0.167	0.581	0.244
0.109	0.178	0.712	0.001
0.334	0.001	0.664	0.001
0.400	0.001	0.469	0.129
0.439	0.007	0.496	0.057
>CMCMMMCMMM	3-CMCMMMCMMM	5.451541	-687.928786	0	T:6360.0(26.09%),B:4142.6(16.70%),P:1e-298	Tpos:52.9,Tstd:26.0,Bpos:50.2,Bstd:30.0,StrandBias:2.1,Multiplicity:1.13
0.402	0.596	0.001	0.001
0.452	0.414	0.133	0.001
0.412	0.586	0.001	0.001
0.481	0.426	0.092	0.001
0.427	0.571	0.001	0.001
0.408	0.445	0.096	0.050
0.326	0.546	0.127	0.001
0.422	0.486	0.091	0.001
0.457	0.541	0.001	0.001
0.440	0.558	0.001	0.001
>CCAADCCCAA	4-CCAADCCCAA	6.142518	-626.203332	0	T:2750.0(11.28%),B:1354.5(5.46%),P:1e-271	Tpos:49.4,Tstd:26.8,Bpos:49.1,Bstd:29.5,StrandBias:1.7,Multiplicity:1.07
0.001	0.918	0.047	0.034
0.221	0.657	0.113	0.009
0.536	0.288	0.159	0.017
0.564	0.100	0.247	0.089
0.266	0.118	0.294	0.322
0.046	0.504	0.202	0.248
0.065	0.765	0.085	0.085
0.249	0.649	0.086	0.016
0.609	0.315	0.053	0.023
0.474	0.177	0.216	0.132
>CGTCTCGTCT	5-CGTCTCGTCT	6.883719	-506.180489	0	T:3316.0(13.61%),B:1903.0(7.67%),P:1e-219	Tpos:56.0,Tstd:26.6,Bpos:50.0,Bstd:30.8,StrandBias:1.5,Multiplicity:1.12
0.006	0.718	0.119	0.157
0.055	0.277	0.535	0.133
0.041	0.316	0.074	0.569
0.001	0.747	0.047	0.205
0.001	0.164	0.031	0.804
0.003	0.936	0.046	0.015
0.066	0.248	0.536	0.150
0.059	0.102	0.001	0.838
0.001	0.909	0.037	0.053
0.076	0.198	0.067	0.659
>NAAACCCTAG	6-NAAACCCTAG	8.411229	-466.716318	0	T:966.0(3.96%),B:310.4(1.25%),P:1e-202	Tpos:54.2,Tstd:27.1,Bpos:52.6,Bstd:29.7,StrandBias:1.1,Multiplicity:1.02
0.208	0.319	0.239	0.234
0.860	0.001	0.138	0.001
0.997	0.001	0.001	0.001
0.933	0.001	0.065	0.001
0.001	0.997	0.001	0.001
0.001	0.997	0.001	0.001
0.001	0.997	0.001	0.001
0.001	0.001	0.001	0.997
0.726	0.168	0.001	0.105
0.206	0.162	0.631	0.001
>CACACDCACA	7-CACACDCACA	6.094300	-431.059727	0	T:2870.0(11.78%),B:1648.1(6.64%),P:1e-187	Tpos:54.9,Tstd:26.7,Bpos:50.4,Bstd:29.2,StrandBias:1.4,Multiplicity:1.09
0.030	0.904	0.048	0.018
0.722	0.048	0.136	0.094
0.073	0.752	0.142	0.033
0.615	0.118	0.179	0.088
0.064	0.671	0.216	0.049
0.347	0.011	0.283	0.359
0.011	0.857	0.123	0.009
0.547	0.129	0.237	0.087
0.036	0.934	0.022	0.008
0.687	0.122	0.089	0.102
>CCGCCGCCGC	8-CCGCCGCCGC	6.927963	-408.574358	0	T:3851.0(15.80%),B:2465.7(9.94%),P:1e-177	Tpos:58.9,Tstd:26.5,Bpos:50.6,Bstd:30.6,StrandBias:1.0,Multiplicity:1.09
0.196	0.648	0.001	0.155
0.286	0.579	0.028	0.107
0.018	0.004	0.977	0.001
0.001	0.794	0.001	0.204
0.341	0.510	0.001	0.148
0.097	0.001	0.880	0.022
0.001	0.994	0.004	0.001
0.175	0.495	0.015	0.315
0.306	0.030	0.576	0.088
0.001	0.997	0.001	0.001
>CGTTTCGTTT	9-CGTTTCGTTT	6.192609	-398.808209	0	T:2248.0(9.22%),B:1213.0(4.89%),P:1e-173	Tpos:50.9,Tstd:26.5,Bpos:49.8,Bstd:30.6,StrandBias:-0.3,Multiplicity:1.10
0.022	0.502	0.250	0.226
0.139	0.165	0.585	0.111
0.165	0.278	0.093	0.464
0.010	0.016	0.072	0.902
0.003	0.240	0.144	0.613
0.002	0.566	0.273	0.159
0.202	0.024	0.577	0.197
0.188	0.233	0.145	0.434
0.008	0.002	0.024	0.966
0.020	0.267	0.015	0.698
>TCTCTCTCTC	10-TCTCTCTCTC	6.344164	-372.907354	0	T:3593.0(14.74%),B:2308.9(9.31%),P:1e-161	Tpos:56.7,Tstd:26.2,Bpos:48.7,Bstd:33.3,StrandBias:1.3,Multiplicity:1.07
0.059	0.086	0.051	0.804
0.029	0.826	0.066	0.079
0.053	0.068	0.112	0.767
0.050	0.844	0.045	0.061
0.073	0.033	0.078	0.816
0.069	0.787	0.105	0.039
0.080	0.073	0.141	0.706
0.053	0.842	0.054	0.051
0.056	0.049	0.099	0.796
0.034	0.814	0.052	0.100
>TCCGTCCGTC	11-TCCGTCCGTC	7.497268	-319.363581	0	T:1584.0(6.50%),B:810.2(3.27%),P:1e-138	Tpos:54.2,Tstd:28.2,Bpos:51.4,Bstd:29.8,StrandBias:1.5,Multiplicity:1.02
0.006	0.106	0.141	0.747
0.001	0.924	0.050	0.025
0.001	0.880	0.100	0.019
0.132	0.150	0.535	0.183
0.029	0.106	0.217	0.648
0.001	0.915	0.001	0.083
0.001	0.968	0.014	0.017
0.058	0.096	0.724	0.122
0.001	0.191	0.058	0.750
0.001	0.937	0.001	0.061
>AGTGGACTGG	12-AGTGGACTGG	7.152435	-277.486683	0	T:1221.0(5.01%),B:593.8(2.39%),P:1e-120	Tpos:53.7,Tstd:27.3,Bpos:51.5,Bstd:29.1,StrandBias:-1.6,Multiplicity:1.05
0.745	0.047	0.141	0.067
0.042	0.128	0.747	0.083
0.128	0.051	0.068	0.753
0.055	0.062	0.823	0.060
0.043	0.046	0.890	0.021
0.880	0.037	0.059	0.024
0.123	0.639	0.173	0.065
0.061	0.071	0.075	0.793
0.063	0.039	0.865	0.033
0.038	0.044	0.867	0.051
>CCGCACCGCA	13-CCGCACCGCA	6.563474	-263.553775	0	T:2899.0(11.89%),B:1914.9(7.72%),P:1e-114	Tpos:55.6,Tstd:27.2,Bpos:48.6,Bstd:29.7,StrandBias:1.3,Multiplicity:1.11
0.051	0.811	0.083	0.055
0.086	0.759	0.069	0.086
0.075	0.065	0.803	0.057
0.050	0.853	0.056	0.041
0.778	0.038	0.091	0.093
0.053	0.786	0.095	0.066
0.059	0.825	0.066	0.050
0.089	0.061	0.794	0.056
0.030	0.907	0.034	0.029
0.686	0.138	0.083	0.093
>CBGCCTGCCT	14-CBGCCTGCCT	7.069102	-247.900785	0	T:1235.0(5.07%),B:631.5(2.55%),P:1e-107	Tpos:55.4,Tstd:26.4,Bpos:50.2,Bstd:29.1,StrandBias:0.5,Multiplicity:1.02
0.004	0.632	0.003	0.361
0.121	0.289	0.227	0.363
0.123	0.187	0.689	0.001
0.001	0.629	0.203	0.167
0.002	0.654	0.009	0.335
0.130	0.097	0.186	0.587
0.002	0.001	0.898	0.099
0.001	0.861	0.008	0.130
0.198	0.553	0.010	0.239
0.151	0.202	0.206	0.441
>CTGTCCTGTC	15-CTGTCCTGTC	7.571868	-198.601844	0	T:1012.0(4.15%),B:521.1(2.10%),P:1e-86	Tpos:53.8,Tstd:27.3,Bpos:51.0,Bstd:29.6,StrandBias:0.6,Multiplicity:1.06
0.001	0.891	0.107	0.001
0.017	0.077	0.001	0.905
0.012	0.137	0.776	0.075
0.029	0.113	0.032	0.826
0.031	0.657	0.127	0.185
0.001	0.836	0.135	0.028
0.007	0.146	0.001	0.846
0.001	0.191	0.784	0.024
0.060	0.100	0.064	0.776
0.008	0.723	0.105	0.164
>TASTASTAGT	16-TASTASTAGT	6.138191	-173.326979	0	T:1114.0(4.57%),B:624.8(2.52%),P:1e-75	Tpos:46.6,Tstd:25.7,Bpos:50.2,Bstd:27.2,StrandBias:-0.2,Multiplicity:1.06
0.085	0.164	0.095	0.656
0.690	0.061	0.219	0.030
0.001	0.534	0.453	0.012
0.032	0.089	0.076	0.803
0.795	0.015	0.159	0.031
0.001	0.439	0.559	0.001
0.001	0.175	0.004	0.820
0.785	0.022	0.116	0.077
0.001	0.304	0.677	0.018
0.168	0.209	0.131	0.492
>ATGGATGGAT	17-ATGGATGGAT	8.031880	-166.343606	0	T:428.0(1.76%),B:158.4(0.64%),P:1e-72	Tpos:51.8,Tstd:26.5,Bpos:52.0,Bstd:26.7,StrandBias:-2.4,Multiplicity:1.02
0.725	0.097	0.109	0.069
0.058	0.047	0.145	0.750
0.046	0.100	0.733	0.121
0.159	0.020	0.804	0.017
0.911	0.043	0.021	0.025
0.043	0.045	0.028	0.884
0.076	0.058	0.733	0.133
0.140	0.039	0.813	0.008
0.854	0.023	0.069	0.054
0.041	0.054	0.113	0.792
>CTAGCTAGCT	18-CTAGCTAGCT	7.066665	-163.792667	0	T:1109.0(4.55%),B:632.7(2.55%),P:1e-71	Tpos:56.7,Tstd:27.7,Bpos:47.1,Bstd:29.3,StrandBias:0.1,Multiplicity:1.05
0.098	0.777	0.061	0.064
0.102	0.111	0.060	0.727
0.755	0.087	0.074	0.084
0.033	0.051	0.880	0.036
0.018	0.914	0.023	0.045
0.088	0.051	0.026	0.835
0.689	0.077	0.085	0.149
0.035	0.075	0.857	0.033
0.054	0.824	0.048	0.074
0.058	0.111	0.088	0.743
>CTTATCTTCT	19-CTTATCTTCT	10.453420	-133.757343	0	T:83.0(0.34%),B:7.8(0.03%),P:1e-58	Tpos:49.2,Tstd:25.2,Bpos:45.8,Bstd:17.1,StrandBias:1.0,Multiplicity:1.00
0.001	0.997	0.001	0.001
0.001	0.001	0.001	0.997
0.001	0.001	0.032	0.966
0.997	0.001	0.001	0.001
0.001	0.001	0.094	0.904
0.001	0.938	0.001	0.060
0.001	0.001	0.032	0.966
0.001	0.335	0.001	0.663
0.001	0.997	0.001	0.001
0.001	0.001	0.001	0.997
>TCCAGACTCC	20-TCCAGACTCC	11.135550	-109.427418	0	T:100.0(0.41%),B:16.0(0.06%),P:1e-47	Tpos:59.8,Tstd:24.6,Bpos:31.1,Bstd:14.4,StrandBias:0.6,Multiplicity:1.01
0.001	0.001	0.001	0.997
0.001	0.997	0.001	0.001
0.001	0.692	0.001	0.306
0.755	0.001	0.122	0.122
0.001	0.001	0.997	0.001
0.791	0.001	0.207	0.001
0.001	0.997	0.001	0.001
0.001	0.001	0.001	0.997
0.001	0.997	0.001	0.001
0.001	0.997	0.001	0.001
>CAGTCAGTCA	21-CAGTCAGTCA	8.740145	-105.592090	0	T:234.0(0.96%),B:79.0(0.32%),P:1e-45	Tpos:53.9,Tstd:26.0,Bpos:53.7,Bstd:24.7,StrandBias:1.3,Multiplicity:1.01
0.031	0.905	0.044	0.020
0.859	0.019	0.071	0.051
0.092	0.076	0.790	0.042
0.039	0.257	0.096	0.608
0.011	0.880	0.054	0.055
0.764	0.114	0.054	0.068
0.146	0.042	0.770	0.042
0.036	0.165	0.097	0.702
0.018	0.920	0.044	0.018
0.804	0.048	0.090	0.058
>ATCATCATCA	22-ATCATCATCA	8.464709	-92.209242	0	T:232.0(0.95%),B:85.8(0.35%),P:1e-40	Tpos:51.7,Tstd:26.7,Bpos:54.1,Bstd:20.0,StrandBias:0.5,Multiplicity:1.01
0.879	0.077	0.043	0.001
0.039	0.001	0.113	0.847
0.043	0.955	0.001	0.001
0.848	0.001	0.043	0.108
0.031	0.055	0.030	0.884
0.032	0.966	0.001	0.001
0.944	0.001	0.054	0.001
0.001	0.048	0.033	0.918
0.055	0.930	0.001	0.014
0.933	0.025	0.041	0.001
>TTACAAWTAC	23-TTACAAWTAC	10.586719	-78.324327	0	T:72.0(0.30%),B:11.4(0.05%),P:1e-34	Tpos:33.8,Tstd:15.3,Bpos:65.9,Bstd:14.4,StrandBias:2.3,Multiplicity:1.00
0.139	0.311	0.001	0.549
0.001	0.001	0.001	0.997
0.997	0.001	0.001	0.001
0.001	0.997	0.001	0.001
0.860	0.138	0.001	0.001
0.586	0.001	0.001	0.412
0.454	0.001	0.139	0.406
0.001	0.001	0.001	0.997
0.997	0.001	0.001	0.001
0.001	0.997	0.001	0.001
>CCGCGCCTCC	24-CCGCGCCTCC	11.736614	-69.069061	0	T:105.0(0.43%),B:27.2(0.11%),P:1e-29	Tpos:50.7,Tstd:28.9,Bpos:56.1,Bstd:20.0,StrandBias:1.5,Multiplicity:1.00
0.001	0.997	0.001	0.001
0.001	0.997	0.001	0.001
0.262	0.001	0.736	0.001
0.001	0.997	0.001	0.001
0.001	0.001	0.997	0.001
0.001	0.997	0.001	0.001
0.001	0.832	0.001	0.166
0.001	0.001	0.001	0.997
0.001	0.997	0.001	0.001
0.001	0.997	0.001	0.001
>ACGCCGTGCC	25-ACGCCGTGCC	13.736056	-56.161221	0	T:24.0(0.10%),B:1.7(0.01%),P:1e-24	Tpos:43.7,Tstd:20.3,Bpos:30.4,Bstd:9.9,StrandBias:1.2,Multiplicity:1.00
0.997	0.001	0.001	0.001
0.001	0.931	0.045	0.023
0.023	0.001	0.975	0.001
0.001	0.997	0.001	0.001
0.001	0.991	0.001	0.007
0.001	0.001	0.997	0.001
0.001	0.001	0.001	0.997
0.001	0.001	0.997	0.001
0.001	0.997	0.001	0.001
0.001	0.997	0.001	0.001
>TWTATAWANNNV	1-TWTATAWANNNV	5.440491	-1819.361516	0	T:4382.0(17.98%),B:1626.7(6.56%),P:1e-790	Tpos:31.3,Tstd:10.1,Bpos:50.4,Bstd:35.4,StrandBias:0.0,Multiplicity:1.12
0.133	0.195	0.167	0.505
0.440	0.171	0.061	0.328
0.004	0.001	0.001	0.994
0.752	0.001	0.001	0.246
0.282	0.001	0.001	0.716
0.965	0.001	0.001	0.033
0.328	0.088	0.183	0.402
0.478	0.184	0.216	0.121
0.250	0.233	0.282	0.235
0.285	0.254	0.296	0.166
0.214	0.301	0.296	0.189
0.226	0.318	0.301	0.155
>CCCTTCCCCTCC	2-CCCTTCCCCTCC	5.630197	-1129.578265	0	T:8963.0(36.77%),B:5765.0(23.24%),P:1e-490	Tpos:56.6,Tstd:25.5,Bpos:49.8,Bstd:32.1,StrandBias:2.2,Multiplicity:1.33
0.014	0.756	0.082	0.148
0.009	0.769	0.090	0.132
0.034	0.762	0.073	0.131
0.052	0.308	0.114	0.526
0.029	0.318	0.020	0.633
0.001	0.886	0.003	0.110
0.010	0.758	0.119	0.113
0.042	0.714	0.083	0.161
0.034	0.727	0.059	0.180
0.074	0.050	0.063	0.813
0.004	0.818	0.022	0.156
0.002	0.889	0.043	0.066
>CCMMMCCMMMMC	3-CCMMMCCMMMMC	5.082507	-882.447746	0	T:7739.0(31.75%),B:5041.6(20.32%),P:1e-383	Tpos:54.5,Tstd:25.3,Bpos:49.8,Bstd:29.1,StrandBias:2.3,Multiplicity:1.18
0.251	0.607	0.110	0.032
0.384	0.562	0.053	0.001
0.475	0.480	0.044	0.001
0.468	0.489	0.042	0.001
0.380	0.427	0.136	0.057
0.336	0.490	0.114	0.060
0.365	0.609	0.025	0.001
0.414	0.557	0.028	0.001
0.402	0.542	0.001	0.055
0.398	0.450	0.092	0.061
0.308	0.456	0.181	0.055
0.348	0.527	0.081	0.044
>CTCGTCTCGTCT	4-CTCGTCTCGTCT	4.046640	-632.725993	0	T:6965.0(28.58%),B:4753.1(19.16%),P:1e-274	Tpos:54.8,Tstd:26.2,Bpos:49.4,Bstd:29.2,StrandBias:1.0,Multiplicity:1.11
0.034	0.851	0.061	0.054
0.024	0.043	0.034	0.899
0.036	0.871	0.067	0.026
0.073	0.123	0.780	0.024
0.044	0.214	0.099	0.643
0.031	0.904	0.026	0.039
0.008	0.011	0.008	0.973
0.023	0.904	0.044	0.029
0.057	0.100	0.782	0.061
0.052	0.221	0.043	0.684
0.036	0.880	0.029	0.055
0.040	0.044	0.078	0.838
>CATTCCCCACTC	5-CATTCCCCACTC	5.513715	-586.667287	0	T:2770.0(11.37%),B:1405.7(5.67%),P:1e-254	Tpos:56.3,Tstd:25.6,Bpos:49.8,Bstd:29.2,StrandBias:2.1,Multiplicity:1.08
0.001	0.973	0.008	0.018
0.820	0.043	0.067	0.070
0.058	0.217	0.256	0.468
0.001	0.075	0.001	0.923
0.001	0.865	0.025	0.109
0.089	0.673	0.144	0.094
0.026	0.881	0.025	0.068
0.084	0.833	0.082	0.001
0.891	0.008	0.034	0.067
0.034	0.687	0.111	0.168
0.008	0.026	0.017	0.949
0.001	0.957	0.025	0.017
>CACACACWCACA	6-CACACACWCACA	6.437839	-464.165083	0	T:1851.0(7.59%),B:866.7(3.49%),P:1e-201	Tpos:57.2,Tstd:26.2,Bpos:49.1,Bstd:28.6,StrandBias:1.6,Multiplicity:1.06
0.015	0.874	0.074	0.037
0.691	0.042	0.143	0.124
0.021	0.892	0.059	0.028
0.663	0.023	0.197	0.117
0.044	0.826	0.120	0.010
0.711	0.023	0.135	0.131
0.025	0.762	0.176	0.037
0.295	0.029	0.238	0.439
0.021	0.853	0.103	0.023
0.672	0.025	0.202	0.101
0.035	0.876	0.072	0.017
0.727	0.087	0.109	0.077
>AAAACCCTAGYC	7-AAAACCCTAGYC	8.277560	-401.010883	0	T:916.0(3.76%),B:314.8(1.27%),P:1e-174	Tpos:54.0,Tstd:26.6,Bpos:52.4,Bstd:29.3,StrandBias:1.0,Multiplicity:1.02
0.447	0.170	0.242	0.142
0.772	0.026	0.147	0.055
0.941	0.018	0.015	0.026
0.856	0.028	0.072	0.044
0.064	0.887	0.031	0.018
0.028	0.905	0.023	0.044
0.051	0.911	0.023	0.015
0.110	0.072	0.026	0.792
0.599	0.217	0.072	0.112
0.174	0.138	0.632	0.056
0.121	0.342	0.111	0.426
0.108	0.628	0.129	0.135
>GAGAGTGAGACG	8-GAGAGTGAGACG	7.420440	-376.525289	0	T:2082.0(8.54%),B:1114.8(4.49%),P:1e-163	Tpos:56.7,Tstd:26.5,Bpos:48.9,Bstd:29.4,StrandBias:-1.5,Multiplicity:1.02
0.052	0.027	0.902	0.019
0.743	0.113	0.095	0.049
0.041	0.066	0.874	0.019
0.768	0.120	0.085	0.027
0.085	0.153	0.667	0.095
0.280	0.160	0.126	0.435
0.068	0.079	0.828	0.025
0.804	0.090	0.064	0.042
0.083	0.039	0.837	0.041
0.692	0.085	0.176	0.047
0.118	0.578	0.215	0.089
0.100	0.054	0.817	0.029
>TCGCAATTCGCA	9-TCGCAATTCGCA	6.826392	-281.439634	0	T:940.0(3.86%),B:401.8(1.62%),P:1e-122	Tpos:55.3,Tstd:26.2,Bpos:48.2,Bstd:30.3,StrandBias:1.1,Multiplicity:1.03
0.073	0.110	0.073	0.744
0.069	0.756	0.085	0.090
0.063	0.133	0.731	0.073
0.065	0.831	0.067	0.037
0.767	0.093	0.100	0.040
0.698	0.083	0.148	0.071
0.080	0.134	0.129	0.657
0.044	0.115	0.073	0.768
0.070	0.736	0.102	0.092
0.077	0.129	0.733	0.061
0.072	0.821	0.064	0.043
0.760	0.076	0.106	0.058
>CACTCCACTCCH	10-CACTCCACTCCH	6.826948	-271.642083	0	T:795.0(3.26%),B:316.3(1.27%),P:1e-117	Tpos:61.4,Tstd:25.2,Bpos:50.7,Bstd:29.4,StrandBias:2.0,Multiplicity:1.01
0.174	0.544	0.139	0.143
0.515	0.161	0.151	0.173
0.139	0.549	0.170	0.142
0.123	0.138	0.188	0.551
0.095	0.574	0.189	0.142
0.111	0.673	0.103	0.113
0.609	0.135	0.175	0.081
0.162	0.571	0.109	0.158
0.106	0.134	0.183	0.577
0.088	0.542	0.230	0.140
0.115	0.771	0.075	0.039
0.352	0.289	0.147	0.211
>GCGGCGGCGGCG	11-GCGGCGGCGGCG	8.569815	-215.456494	0	T:1619.0(6.64%),B:956.1(3.85%),P:1e-93	Tpos:60.6,Tstd:25.1,Bpos:51.0,Bstd:31.1,StrandBias:-0.5,Multiplicity:1.04
0.033	0.058	0.883	0.026
0.059	0.843	0.058	0.040
0.131	0.231	0.521	0.117
0.002	0.032	0.965	0.001
0.001	0.991	0.001	0.007
0.171	0.183	0.495	0.151
0.030	0.012	0.943	0.015
0.001	0.989	0.001	0.009
0.082	0.248	0.468	0.202
0.071	0.042	0.775	0.112
0.048	0.756	0.138	0.058
0.145	0.198	0.422	0.236
>GCAGGCAGGCAG	12-GCAGGCAGGCAG	8.376920	-209.248304	0	T:1186.0(4.87%),B:636.8(2.57%),P:1e-90	Tpos:54.4,Tstd:27.5,Bpos:47.8,Bstd:29.8,StrandBias:-0.2,Multiplicity:1.02
0.107	0.226	0.666	0.001
0.115	0.632	0.242	0.011
0.504	0.324	0.126	0.046
0.146	0.031	0.822	0.001
0.001	0.038	0.960	0.001
0.037	0.944	0.018	0.001
0.507	0.295	0.192	0.006
0.103	0.017	0.879	0.001
0.014	0.343	0.642	0.001
0.132	0.827	0.040	0.001
0.574	0.140	0.259	0.027
0.020	0.008	0.966	0.006
>CTACTACTACTA	13-CTACTACTACTA	6.511468	-198.354257	0	T:877.0(3.60%),B:426.3(1.72%),P:1e-86	Tpos:49.3,Tstd:25.7,Bpos:50.8,Bstd:26.8,StrandBias:-0.0,Multiplicity:1.06
0.010	0.843	0.134	0.013
0.014	0.049	0.035	0.902
0.707	0.066	0.214	0.013
0.001	0.873	0.117	0.009
0.057	0.038	0.064	0.841
0.895	0.004	0.100	0.001
0.004	0.602	0.390	0.004
0.013	0.013	0.009	0.965
0.786	0.009	0.187	0.018
0.022	0.693	0.272	0.013
0.110	0.051	0.136	0.703
0.812	0.035	0.070	0.083
>AACCGAAACGAA	14-AACCGAAACGAA	8.373986	-188.618881	0	T:273.0(1.12%),B:66.8(0.27%),P:1e-81	Tpos:50.6,Tstd:27.2,Bpos:53.4,Bstd:25.9,StrandBias:0.4,Multiplicity:1.01
0.828	0.019	0.095	0.058
0.827	0.029	0.086	0.058
0.077	0.805	0.077	0.041
0.117	0.720	0.067	0.096
0.068	0.058	0.835	0.039
0.885	0.057	0.057	0.001
0.980	0.001	0.001	0.018
0.763	0.117	0.048	0.072
0.108	0.786	0.077	0.029
0.086	0.099	0.805	0.010
0.885	0.001	0.095	0.019
0.885	0.104	0.001	0.010
>ATCCATCCATCC	15-ATCCATCCATCC	9.264078	-185.902436	0	T:315.0(1.29%),B:87.7(0.35%),P:1e-80	Tpos:54.6,Tstd:27.0,Bpos:52.4,Bstd:25.8,StrandBias:1.8,Multiplicity:1.01
0.550	0.203	0.067	0.180
0.040	0.228	0.007	0.725
0.007	0.894	0.033	0.066
0.228	0.554	0.215	0.003
0.781	0.001	0.143	0.075
0.001	0.001	0.080	0.918
0.001	0.989	0.001	0.009
0.113	0.625	0.261	0.001
0.934	0.056	0.007	0.003
0.040	0.022	0.075	0.863
0.001	0.924	0.016	0.059
0.183	0.454	0.241	0.123
>CTACAAATACVC	16-CTACAAATACVC	10.092537	-159.165911	0	T:77.0(0.32%),B:4.7(0.02%),P:1e-69	Tpos:35.5,Tstd:12.5,Bpos:74.0,Bstd:10.2,StrandBias:4.8,Multiplicity:1.00
0.167	0.587	0.142	0.104
0.179	0.067	0.019	0.735
0.961	0.028	0.001	0.010
0.077	0.818	0.067	0.038
0.961	0.029	0.001	0.009
0.839	0.009	0.001	0.151
0.808	0.039	0.143	0.010
0.105	0.010	0.019	0.866
0.904	0.047	0.010	0.039
0.133	0.686	0.171	0.010
0.259	0.292	0.315	0.133
0.165	0.654	0.133	0.048
>CCAAATCTCTCC	17-CCAAATCTCTCC	9.806603	-129.912273	0	T:97.0(0.40%),B:11.1(0.04%),P:1e-56	Tpos:50.9,Tstd:26.5,Bpos:55.3,Bstd:17.7,StrandBias:2.6,Multiplicity:1.00
0.088	0.798	0.044	0.070
0.059	0.802	0.095	0.044
0.873	0.038	0.038	0.051
0.812	0.045	0.099	0.044
0.891	0.032	0.020	0.057
0.057	0.050	0.044	0.849
0.032	0.811	0.038	0.119
0.038	0.046	0.013	0.903
0.032	0.867	0.044	0.057
0.075	0.098	0.070	0.757
0.050	0.854	0.045	0.051
0.063	0.797	0.070	0.070
>GCTAGCTAGCTA	18-GCTAGCTAGCTA	7.856658	-125.493847	0	T:519.0(2.13%),B:245.8(0.99%),P:1e-54	Tpos:57.6,Tstd:27.2,Bpos:46.6,Bstd:27.5,StrandBias:0.0,Multiplicity:1.03
0.078	0.075	0.782	0.065
0.071	0.811	0.075	0.043
0.124	0.100	0.119	0.657
0.685	0.102	0.092	0.121
0.041	0.042	0.875	0.042
0.043	0.885	0.036	0.036
0.118	0.087	0.077	0.718
0.675	0.112	0.097	0.116
0.041	0.046	0.877	0.036
0.074	0.791	0.056	0.079
0.122	0.091	0.126	0.661
0.582	0.163	0.142	0.113
>CTATCTATCTAT	19-CTATCTATCTAT	10.149785	-96.961936	0	T:55.0(0.23%),B:4.0(0.02%),P:1e-42	Tpos:39.6,Tstd:24.2,Bpos:53.7,Bstd:23.1,StrandBias:0.4,Multiplicity:1.00
0.057	0.839	0.069	0.035
0.013	0.102	0.068	0.817
0.783	0.080	0.103	0.034
0.023	0.024	0.069	0.884
0.011	0.942	0.034	0.013
0.011	0.071	0.034	0.884
0.794	0.047	0.091	0.068
0.011	0.079	0.024	0.886
0.034	0.874	0.034	0.058
0.068	0.126	0.057	0.749
0.760	0.058	0.069	0.113
0.057	0.079	0.047	0.817
>TCTCGAACCTTC	20-TCTCGAACCTTC	10.394882	-94.319823	0	T:54.0(0.22%),B:4.7(0.02%),P:1e-40	Tpos:47.0,Tstd:23.2,Bpos:34.8,Bstd:28.2,StrandBias:1.1,Multiplicity:1.00
0.066	0.117	0.026	0.791
0.001	0.908	0.052	0.039
0.014	0.092	0.027	0.867
0.026	0.754	0.076	0.144
0.054	0.092	0.801	0.053
0.828	0.079	0.054	0.039
0.695	0.066	0.105	0.134
0.066	0.802	0.093	0.039
0.013	0.906	0.054	0.027
0.039	0.080	0.039	0.842
0.026	0.039	0.026	0.909
0.013	0.933	0.027	0.027
>TCCATTCCATYT	21-TCCATTCCATYT	10.703925	-90.693050	0	T:90.0(0.37%),B:15.9(0.06%),P:1e-39	Tpos:48.3,Tstd:27.4,Bpos:38.0,Bstd:17.2,StrandBias:1.3,Multiplicity:1.00
0.001	0.220	0.127	0.652
0.001	0.997	0.001	0.001
0.001	0.997	0.001	0.001
0.717	0.001	0.281	0.001
0.100	0.001	0.001	0.898
0.001	0.001	0.001	0.997
0.001	0.807	0.191	0.001
0.001	0.997	0.001	0.001
0.593	0.001	0.217	0.189
0.195	0.036	0.197	0.572
0.031	0.515	0.065	0.389
0.001	0.030	0.001	0.968
>TGGAAGTGGAAA	22-TGGAAGTGGAAA	10.603405	-90.293275	0	T:75.0(0.31%),B:10.5(0.04%),P:1e-39	Tpos:58.3,Tstd:24.6,Bpos:64.0,Bstd:6.5,StrandBias:-2.0,Multiplicity:1.00
0.102	0.095	0.066	0.737
0.019	0.041	0.880	0.060
0.058	0.187	0.753	0.002
0.784	0.075	0.092	0.049
0.688	0.085	0.156	0.071
0.161	0.120	0.596	0.123
0.149	0.068	0.049	0.734
0.095	0.038	0.791	0.076
0.010	0.106	0.870	0.014
0.800	0.066	0.125	0.009
0.788	0.086	0.105	0.021
0.582	0.058	0.215	0.145
>TTATCTTCTCCC	23-TTATCTTCTCCC	11.560088	-84.193366	0	T:78.0(0.32%),B:12.8(0.05%),P:1e-36	Tpos:44.6,Tstd:22.4,Bpos:32.2,Bstd:6.2,StrandBias:2.1,Multiplicity:1.00
0.001	0.027	0.001	0.971
0.001	0.001	0.001	0.997
0.862	0.027	0.080	0.031
0.001	0.001	0.001	0.997
0.001	0.971	0.001	0.027
0.027	0.027	0.001	0.945
0.001	0.241	0.027	0.731
0.027	0.971	0.001	0.001
0.001	0.001	0.027	0.971
0.001	0.657	0.001	0.341
0.001	0.971	0.027	0.001
0.001	0.971	0.001	0.027
>AGCGAAGGCAAA	24-AGCGAAGGCAAA	11.127315	-76.358468	0	T:47.0(0.19%),B:4.2(0.02%),P:1e-33	Tpos:59.2,Tstd:27.7,Bpos:52.4,Bstd:2.9,StrandBias:1.4,Multiplicity:1.00
0.853	0.062	0.054	0.031
0.055	0.031	0.899	0.015
0.085	0.704	0.165	0.046
0.048	0.166	0.747	0.039
0.923	0.031	0.031	0.015
0.860	0.031	0.078	0.031
0.071	0.031	0.821	0.077
0.031	0.070	0.837	0.062
0.085	0.837	0.039	0.039
0.869	0.046	0.062	0.023
0.847	0.076	0.046	0.031
0.823	0.062	0.069	0.046
>CCCCGCGACCCC	25-CCCCGCGACCCC	10.399520	-41.338185	0	T:68.0(0.28%),B:19.9(0.08%),P:1e-17	Tpos:56.5,Tstd:29.0,Bpos:52.4,Bstd:20.8,StrandBias:3.0,Multiplicity:1.00
0.063	0.805	0.088	0.044
0.056	0.850	0.050	0.044
0.038	0.873	0.057	0.032
0.038	0.845	0.092	0.025
0.086	0.038	0.845	0.031
0.032	0.904	0.032	0.032
0.037	0.031	0.827	0.105
0.716	0.075	0.114	0.095
0.038	0.859	0.058	0.045
0.045	0.818	0.111	0.026
0.050	0.855	0.045	0.050
0.060	0.820	0.057	0.063
>TATATA	1-TATATA	5.494248	-1624.168886	0	T:4680.0(19.20%),B:1933.1(7.79%),P:1e-705	Tpos:31.2,Tstd:10.8,Bpos:50.6,Bstd:37.7,StrandBias:-0.4,Multiplicity:1.17
0.001	0.001	0.001	0.997
0.648	0.001	0.001	0.350
0.100	0.001	0.001	0.898
0.981	0.001	0.017	0.001
0.001	0.034	0.025	0.940
0.997	0.001	0.001	0.001
>AAGCGA	2-AAGCGA	2.615448	-605.350912	0	T:13793.0(56.59%),B:11288.4(45.50%),P:1e-262	Tpos:52.1,Tstd:27.7,Bpos:50.2,Bstd:31.8,StrandBias:-0.3,Multiplicity:1.43
0.997	0.001	0.001	0.001
0.891	0.001	0.107	0.001
0.071	0.001	0.927	0.001
0.001	0.997	0.001	0.001
0.342	0.001	0.656	0.001
0.899	0.001	0.099	0.001
>CCACTC	3-CCACTC	4.043573	-556.475871	0	T:13520.0(55.47%),B:11126.0(44.85%),P:1e-241	Tpos:55.0,Tstd:27.3,Bpos:49.9,Bstd:31.9,StrandBias:1.6,Multiplicity:1.51
0.001	0.840	0.001	0.158
0.001	0.997	0.001	0.001
0.585	0.001	0.259	0.155
0.001	0.997	0.001	0.001
0.152	0.001	0.002	0.845
0.001	0.997	0.001	0.001
>CCCTCC	4-CCCTCC	5.285477	-535.931535	0	T:11736.0(48.15%),B:9397.9(37.88%),P:1e-232	Tpos:53.1,Tstd:27.5,Bpos:49.8,Bstd:31.7,StrandBias:1.9,Multiplicity:1.55
0.001	0.997	0.001	0.001
0.001	0.997	0.001	0.001
0.001	0.996	0.001	0.002
0.223	0.097	0.224	0.455
0.001	0.779	0.001	0.219
0.001	0.997	0.001	0.001
>CRCAKC	5-CRCAKC	1.967310	-462.901191	0	T:10596.0(43.47%),B:8461.8(34.11%),P:1e-201	Tpos:57.1,Tstd:28.1,Bpos:49.7,Bstd:31.2,StrandBias:1.0,Multiplicity:1.38
0.001	0.997	0.001	0.001
0.558	0.001	0.440	0.001
0.001	0.997	0.001	0.001
0.991	0.007	0.001	0.001
0.001	0.001	0.572	0.426
0.001	0.997	0.001	0.001
>CADTTC	6-CADTTC	4.615446	-411.438712	0	T:10482.0(43.01%),B:8480.9(34.19%),P:1e-178	Tpos:53.2,Tstd:27.9,Bpos:50.4,Bstd:31.3,StrandBias:1.5,Multiplicity:1.26
0.001	0.894	0.104	0.001
0.534	0.304	0.123	0.039
0.287	0.044	0.271	0.398
0.038	0.124	0.001	0.837
0.038	0.352	0.044	0.566
0.045	0.774	0.180	0.001
>AAAACC	7-AAAACC	3.792883	-376.614610	0	T:3178.0(13.04%),B:1964.5(7.92%),P:1e-163	Tpos:50.6,Tstd:26.7,Bpos:51.2,Bstd:32.6,StrandBias:1.6,Multiplicity:1.09
0.997	0.001	0.001	0.001
0.997	0.001	0.001	0.001
0.997	0.001	0.001	0.001
0.987	0.011	0.001	0.001
0.001	0.997	0.001	0.001
0.001	0.997	0.001	0.001
>CCAATC	8-CCAATC	4.764187	-367.979803	0	T:9963.0(40.88%),B:8093.4(32.62%),P:1e-159	Tpos:52.0,Tstd:28.0,Bpos:49.6,Bstd:29.5,StrandBias:1.3,Multiplicity:1.19
0.001	0.802	0.053	0.144
0.257	0.741	0.001	0.001
0.622	0.099	0.278	0.001
0.852	0.001	0.146	0.001
0.206	0.102	0.001	0.691
0.001	0.891	0.001	0.107
>GCCTGC	9-GCCTGC	5.686189	-287.654785	0	T:5167.0(21.20%),B:3829.3(15.44%),P:1e-124	Tpos:52.0,Tstd:27.8,Bpos:50.2,Bstd:29.8,StrandBias:-0.0,Multiplicity:1.17
0.001	0.001	0.997	0.001
0.183	0.815	0.001	0.001
0.001	0.997	0.001	0.001
0.001	0.001	0.001	0.997
0.107	0.001	0.891	0.001
0.001	0.898	0.001	0.100
>CACACA	10-CACACA	6.107162	-222.127067	0	T:3757.0(15.41%),B:2730.8(11.01%),P:1e-96	Tpos:53.1,Tstd:27.6,Bpos:48.9,Bstd:30.3,StrandBias:1.1,Multiplicity:1.12
0.001	0.997	0.001	0.001
0.997	0.001	0.001	0.001
0.001	0.997	0.001	0.001
0.760	0.001	0.238	0.001
0.001	0.997	0.001	0.001
0.852	0.001	0.001	0.146
>TTATTA	11-TTATTA	6.652483	-182.417058	0	T:1265.0(5.19%),B:728.0(2.93%),P:1e-79	Tpos:36.9,Tstd:22.4,Bpos:49.6,Bstd:35.2,StrandBias:-0.0,Multiplicity:1.08
0.001	0.001	0.001	0.997
0.001	0.001	0.001	0.997
0.997	0.001	0.001	0.001
0.001	0.001	0.001	0.997
0.192	0.001	0.001	0.806
0.997	0.001	0.001	0.001
>GATGGA	12-GATGGA	6.397566	-154.517573	0	T:4426.0(18.16%),B:3508.7(14.14%),P:1e-67	Tpos:54.4,Tstd:28.4,Bpos:50.4,Bstd:29.1,StrandBias:-1.1,Multiplicity:1.14
0.001	0.001	0.997	0.001
0.997	0.001	0.001	0.001
0.001	0.353	0.001	0.645
0.001	0.230	0.768	0.001
0.001	0.001	0.997	0.001
0.997	0.001	0.001	0.001
>CCACCA	13-CCACCA	6.177716	-139.537168	0	T:3044.0(12.49%),B:2302.3(9.28%),P:1e-60	Tpos:55.4,Tstd:27.9,Bpos:50.7,Bstd:29.6,StrandBias:1.5,Multiplicity:1.21
0.100	0.700	0.100	0.100
0.100	0.700	0.100	0.100
0.700	0.100	0.100	0.100
0.100	0.700	0.100	0.100
0.100	0.700	0.100	0.100
0.700	0.100	0.100	0.100
>AMSGCA	14-AMSGCA	5.688211	-134.549088	0	T:3257.0(13.36%),B:2506.0(10.10%),P:1e-58	Tpos:50.9,Tstd:28.1,Bpos:49.9,Bstd:30.8,StrandBias:0.2,Multiplicity:1.06
0.997	0.001	0.001	0.001
0.403	0.477	0.001	0.119
0.001	0.526	0.472	0.001
0.001	0.226	0.772	0.001
0.119	0.721	0.159	0.001
0.613	0.001	0.159	0.227
>GTCTCG	15-GTCTCG	6.177716	-94.441317	0	T:1273.0(5.22%),B:873.3(3.52%),P:1e-41	Tpos:54.3,Tstd:28.2,Bpos:49.4,Bstd:29.0,StrandBias:0.3,Multiplicity:1.03
0.100	0.100	0.700	0.100
0.100	0.100	0.100	0.700
0.100	0.700	0.100	0.100
0.100	0.100	0.100	0.700
0.100	0.700	0.100	0.100
0.100	0.100	0.700	0.100
>GCARST	16-GCARST	5.689288	-87.669348	0	T:3881.0(15.92%),B:3235.0(13.04%),P:1e-38	Tpos:52.6,Tstd:27.7,Bpos:49.2,Bstd:32.3,StrandBias:-0.0,Multiplicity:1.09
0.001	0.001	0.821	0.177
0.001	0.997	0.001	0.001
0.611	0.376	0.001	0.012
0.574	0.001	0.424	0.001
0.213	0.425	0.362	0.001
0.197	0.001	0.001	0.801
>CTACTA	17-CTACTA	4.952196	-83.480478	0	T:1759.0(7.22%),B:1316.1(5.31%),P:1e-36	Tpos:45.9,Tstd:26.7,Bpos:50.1,Bstd:29.2,StrandBias:-0.0,Multiplicity:1.24
0.001	0.906	0.092	0.001
0.001	0.001	0.001	0.997
0.997	0.001	0.001	0.001
0.001	0.618	0.380	0.001
0.001	0.001	0.001	0.997
0.997	0.001	0.001	0.001
>TTTTAA	18-TTTTAA	6.497966	-69.808256	0	T:1024.0(4.20%),B:715.7(2.88%),P:1e-30	Tpos:30.9,Tstd:19.1,Bpos:49.8,Bstd:35.9,StrandBias:-0.3,Multiplicity:1.03
0.001	0.001	0.003	0.995
0.019	0.003	0.001	0.977
0.001	0.098	0.001	0.900
0.277	0.153	0.104	0.466
0.743	0.001	0.153	0.103
0.900	0.001	0.001	0.098
>TGACTG	19-TGACTG	7.200122	-51.658179	0	T:1762.0(7.23%),B:1416.1(5.71%),P:1e-22	Tpos:48.8,Tstd:27.7,Bpos:52.2,Bstd:28.3,StrandBias:-0.6,Multiplicity:1.04
0.332	0.001	0.001	0.666
0.001	0.001	0.997	0.001
0.997	0.001	0.001	0.001
0.001	0.997	0.001	0.001
0.001	0.001	0.001	0.997
0.001	0.001	0.997	0.001
>AGCTAG	20-AGCTAG	6.177716	-34.643327	0	T:1479.0(6.07%),B:1222.6(4.93%),P:1e-15	Tpos:56.0,Tstd:29.0,Bpos:49.0,Bstd:29.9,StrandBias:-0.0,Multiplicity:1.24
0.700	0.100	0.100	0.100
0.100	0.100	0.700	0.100
0.100	0.700	0.100	0.100
0.100	0.100	0.100	0.700
0.700	0.100	0.100	0.100
0.100	0.100	0.700	0.100
>CTGTAC	21-CTGTAC	7.801867	-18.190504	0	T:622.0(2.55%),B:503.1(2.03%),P:1e-7	Tpos:47.1,Tstd:28.8,Bpos:47.8,Bstd:29.2,StrandBias:0.5,Multiplicity:1.05
0.001	0.997	0.001	0.001
0.392	0.001	0.001	0.606
0.001	0.001	0.997	0.001
0.001	0.001	0.001	0.997
0.997	0.001	0.001	0.001
0.001	0.997	0.001	0.001
>TATATAWA	1-TATATAWA	5.187464	-1632.051397	0	T:5182.0(21.26%),B:2268.0(9.14%),P:1e-708	Tpos:31.7,Tstd:11.5,Bpos:50.3,Bstd:36.4,StrandBias:0.5,Multiplicity:1.05
0.095	0.206	0.161	0.538
0.557	0.318	0.062	0.063
0.031	0.042	0.001	0.926
0.657	0.039	0.007	0.297
0.218	0.051	0.001	0.730
0.997	0.001	0.001	0.001
0.509	0.058	0.001	0.432
0.617	0.190	0.127	0.066
>CCCMHCCC	2-CCCMHCCC	4.763337	-1113.908614	0	T:10841.0(44.48%),B:7478.9(30.15%),P:1e-483	Tpos:54.9,Tstd:26.6,Bpos:49.4,Bstd:31.5,StrandBias:2.4,Multiplicity:1.55
0.082	0.672	0.003	0.243
0.198	0.674	0.060	0.068
0.249	0.612	0.122	0.017
0.406	0.271	0.106	0.217
0.264	0.316	0.023	0.397
0.016	0.633	0.004	0.347
0.052	0.781	0.045	0.122
0.012	0.779	0.097	0.112
>GSARGCRR	3-GSARGCRR	4.086133	-717.328277	0	T:9381.0(38.49%),B:6779.4(27.33%),P:1e-311	Tpos:56.9,Tstd:27.3,Bpos:50.7,Bstd:31.0,StrandBias:-0.9,Multiplicity:1.29
0.147	0.226	0.496	0.130
0.153	0.321	0.436	0.090
0.535	0.258	0.095	0.112
0.271	0.192	0.375	0.162
0.230	0.087	0.581	0.102
0.154	0.704	0.076	0.066
0.301	0.139	0.388	0.172
0.366	0.060	0.500	0.074
>CMCACCMC	4-CMCACCMC	5.499452	-693.988863	0	T:7439.0(30.52%),B:5068.9(20.43%),P:1e-301	Tpos:54.0,Tstd:27.0,Bpos:50.5,Bstd:29.6,StrandBias:2.0,Multiplicity:1.14
0.198	0.800	0.001	0.001
0.562	0.430	0.001	0.007
0.364	0.625	0.010	0.001
0.522	0.364	0.113	0.001
0.225	0.659	0.091	0.025
0.345	0.653	0.001	0.001
0.391	0.402	0.159	0.047
0.077	0.921	0.001	0.001
>TCTCTCTC	5-TCTCTCTC	4.779907	-544.896906	0	T:8372.0(34.35%),B:6179.0(24.91%),P:1e-236	Tpos:56.1,Tstd:26.7,Bpos:49.7,Bstd:32.8,StrandBias:1.4,Multiplicity:1.23
0.110	0.167	0.075	0.648
0.032	0.819	0.053	0.096
0.147	0.076	0.137	0.640
0.046	0.840	0.061	0.053
0.118	0.069	0.108	0.705
0.045	0.833	0.044	0.078
0.091	0.053	0.118	0.738
0.044	0.778	0.044	0.134
>TTCGCTTC	6-TTCGCTTC	4.779177	-496.788939	0	T:4539.0(18.62%),B:2899.3(11.69%),P:1e-215	Tpos:51.9,Tstd:27.7,Bpos:49.8,Bstd:31.4,StrandBias:0.3,Multiplicity:1.11
0.001	0.080	0.016	0.903
0.009	0.071	0.001	0.919
0.001	0.914	0.049	0.036
0.032	0.034	0.895	0.039
0.088	0.737	0.021	0.154
0.039	0.001	0.001	0.959
0.001	0.001	0.027	0.971
0.008	0.913	0.026	0.053
>AAACCCTA	7-AAACCCTA	7.711961	-445.197270	0	T:1287.0(5.28%),B:510.6(2.06%),P:1e-193	Tpos:52.9,Tstd:27.0,Bpos:51.5,Bstd:31.9,StrandBias:1.0,Multiplicity:1.03
0.907	0.001	0.091	0.001
0.997	0.001	0.001	0.001
0.997	0.001	0.001	0.001
0.001	0.997	0.001	0.001
0.001	0.997	0.001	0.001
0.001	0.997	0.001	0.001
0.052	0.001	0.001	0.946
0.734	0.219	0.001	0.046
>GCAGCYGC	8-GCAGCYGC	7.139601	-354.624473	0	T:4496.0(18.45%),B:3101.9(12.50%),P:1e-154	Tpos:55.9,Tstd:27.9,Bpos:49.5,Bstd:32.0,StrandBias:0.7,Multiplicity:1.08
0.001	0.275	0.723	0.001
0.001	0.997	0.001	0.001
0.590	0.402	0.007	0.001
0.001	0.001	0.997	0.001
0.001	0.665	0.001	0.333
0.139	0.341	0.154	0.365
0.149	0.001	0.776	0.074
0.003	0.995	0.001	0.001
>TCCVGTCY	9-TCCVGTCY	6.323604	-341.726559	0	T:2045.0(8.39%),B:1125.7(4.54%),P:1e-148	Tpos:54.2,Tstd:27.8,Bpos:50.4,Bstd:29.1,StrandBias:0.9,Multiplicity:1.06
0.186	0.001	0.001	0.812
0.001	0.591	0.062	0.346
0.001	0.533	0.091	0.375
0.241	0.350	0.382	0.027
0.227	0.063	0.709	0.001
0.184	0.026	0.097	0.693
0.001	0.997	0.001	0.001
0.123	0.363	0.043	0.471
>CACACACA	10-CACACACA	4.792894	-289.075736	0	T:5053.0(20.73%),B:3724.2(15.01%),P:1e-125	Tpos:52.8,Tstd:27.0,Bpos:49.3,Bstd:29.8,StrandBias:1.2,Multiplicity:1.13
0.106	0.792	0.037	0.065
0.717	0.055	0.161	0.067
0.094	0.744	0.103	0.059
0.757	0.042	0.127	0.074
0.071	0.759	0.102	0.068
0.660	0.051	0.226	0.063
0.115	0.773	0.080	0.032
0.799	0.053	0.107	0.041
>TTATTAAN	11-TTATTAAN	5.700261	-287.175887	0	T:2200.0(9.03%),B:1312.6(5.29%),P:1e-124	Tpos:36.1,Tstd:21.6,Bpos:49.0,Bstd:33.6,StrandBias:-0.0,Multiplicity:1.07
0.016	0.001	0.001	0.982
0.252	0.001	0.001	0.746
0.997	0.001	0.001	0.001
0.304	0.001	0.001	0.694
0.385	0.001	0.072	0.542
0.762	0.074	0.001	0.163
0.476	0.137	0.276	0.111
0.199	0.340	0.247	0.214
>CCAAACMA	12-CCAAACMA	6.769164	-244.596541	0	T:2161.0(8.87%),B:1342.7(5.41%),P:1e-106	Tpos:51.3,Tstd:27.4,Bpos:49.4,Bstd:29.9,StrandBias:1.5,Multiplicity:1.09
0.394	0.602	0.001	0.003
0.091	0.845	0.063	0.001
0.892	0.106	0.001	0.001
0.932	0.001	0.066	0.001
0.803	0.081	0.115	0.001
0.001	0.997	0.001	0.001
0.492	0.506	0.001	0.001
0.997	0.001	0.001	0.001
>GCAACGCA	13-GCAACGCA	5.963624	-239.919336	0	T:2571.0(10.55%),B:1683.8(6.79%),P:1e-104	Tpos:54.7,Tstd:27.8,Bpos:49.2,Bstd:30.3,StrandBias:0.5,Multiplicity:1.10
0.001	0.084	0.886	0.029
0.030	0.859	0.001	0.110
0.997	0.001	0.001	0.001
0.604	0.198	0.142	0.056
0.084	0.802	0.001	0.113
0.001	0.025	0.949	0.025
0.001	0.997	0.001	0.001
0.946	0.033	0.020	0.001
>ACAAATAC	14-ACAAATAC	9.224162	-188.508383	0	T:362.0(1.49%),B:111.0(0.45%),P:1e-81	Tpos:35.4,Tstd:17.9,Bpos:50.6,Bstd:28.7,StrandBias:2.3,Multiplicity:1.00
0.997	0.001	0.001	0.001
0.001	0.840	0.001	0.158
0.997	0.001	0.001	0.001
0.997	0.001	0.001	0.001
0.997	0.001	0.001	0.001
0.001	0.001	0.001	0.997
0.997	0.001	0.001	0.001
0.001	0.997	0.001	0.001
>CGTCCGTC	15-CGTCCGTC	5.957697	-174.652472	0	T:1862.0(7.64%),B:1212.2(4.89%),P:1e-75	Tpos:51.4,Tstd:28.2,Bpos:50.6,Bstd:30.2,StrandBias:0.8,Multiplicity:1.06
0.001	0.997	0.001	0.001
0.093	0.001	0.905	0.001
0.001	0.116	0.131	0.752
0.001	0.997	0.001	0.001
0.001	0.997	0.001	0.001
0.001	0.001	0.997	0.001
0.001	0.001	0.095	0.903
0.091	0.845	0.001	0.063
>TTCCTTCC	16-TTCCTTCC	8.432202	-162.681931	0	T:903.0(3.70%),B:480.9(1.94%),P:1e-70	Tpos:53.5,Tstd:27.6,Bpos:49.5,Bstd:33.3,StrandBias:1.2,Multiplicity:1.05
0.001	0.001	0.001	0.997
0.001	0.001	0.291	0.707
0.001	0.997	0.001	0.001
0.138	0.860	0.001	0.001
0.001	0.117	0.001	0.881
0.001	0.001	0.001	0.997
0.001	0.997	0.001	0.001
0.001	0.997	0.001	0.001
>GTGATGAG	17-GTGATGAG	7.365430	-153.966873	0	T:1028.0(4.22%),B:583.5(2.35%),P:1e-66	Tpos:49.6,Tstd:26.1,Bpos:50.3,Bstd:27.7,StrandBias:-1.7,Multiplicity:1.04
0.207	0.001	0.691	0.101
0.200	0.005	0.184	0.611
0.001	0.001	0.997	0.001
0.993	0.005	0.001	0.001
0.001	0.141	0.009	0.849
0.377	0.053	0.569	0.001
0.847	0.050	0.001	0.102
0.001	0.001	0.849	0.149
>TATAAGTA	18-TATAAGTA	8.578486	-147.274250	0	T:348.0(1.43%),B:122.3(0.49%),P:1e-63	Tpos:35.1,Tstd:16.2,Bpos:48.2,Bstd:37.9,StrandBias:0.3,Multiplicity:1.01
0.001	0.001	0.001	0.997
0.882	0.001	0.001	0.116
0.001	0.001	0.001	0.997
0.997	0.001	0.001	0.001
0.815	0.001	0.001	0.183
0.001	0.001	0.997	0.001
0.001	0.127	0.001	0.871
0.997	0.001	0.001	0.001
>CATYCATC	19-CATYCATC	9.287913	-144.807753	0	T:491.0(2.01%),B:211.1(0.85%),P:1e-62	Tpos:56.0,Tstd:27.2,Bpos:48.5,Bstd:25.1,StrandBias:2.2,Multiplicity:1.11
0.001	0.997	0.001	0.001
0.997	0.001	0.001	0.001
0.001	0.001	0.001	0.997
0.001	0.432	0.001	0.566
0.001	0.991	0.007	0.001
0.997	0.001	0.001	0.001
0.001	0.001	0.001	0.997
0.001	0.607	0.001	0.391
>ACTACTAG	20-ACTACTAG	5.800022	-113.770360	0	T:1253.0(5.14%),B:820.7(3.31%),P:1e-49	Tpos:47.2,Tstd:26.2,Bpos:50.2,Bstd:28.4,StrandBias:0.1,Multiplicity:1.06
0.697	0.045	0.136	0.122
0.095	0.701	0.156	0.048
0.050	0.014	0.027	0.909
0.857	0.027	0.064	0.052
0.101	0.546	0.319	0.034
0.042	0.092	0.058	0.808
0.818	0.098	0.045	0.039
0.076	0.189	0.667	0.068
>TAGCTAGC	21-TAGCTAGC	8.830563	-105.351516	0	T:539.0(2.21%),B:278.4(1.12%),P:1e-45	Tpos:56.5,Tstd:28.8,Bpos:45.8,Bstd:27.7,StrandBias:0.2,Multiplicity:1.11
0.001	0.197	0.069	0.733
0.976	0.022	0.001	0.001
0.034	0.001	0.964	0.001
0.001	0.988	0.010	0.001
0.023	0.001	0.018	0.958
0.940	0.001	0.047	0.012
0.001	0.026	0.972	0.001
0.023	0.776	0.026	0.175
>CGATTCGA	22-CGATTCGA	6.822955	-81.251903	0	T:565.0(2.32%),B:325.2(1.31%),P:1e-35	Tpos:52.7,Tstd:26.9,Bpos:50.7,Bstd:29.3,StrandBias:-0.3,Multiplicity:1.02
0.042	0.937	0.020	0.001
0.001	0.035	0.963	0.001
0.911	0.040	0.018	0.031
0.012	0.167	0.242	0.579
0.085	0.029	0.081	0.805
0.001	0.943	0.001	0.055
0.001	0.066	0.915	0.018
0.946	0.040	0.001	0.013
>ATCAATCA	23-ATCAATCA	8.236954	-63.499883	0	T:105.0(0.43%),B:29.5(0.12%),P:1e-27	Tpos:44.3,Tstd:28.0,Bpos:45.3,Bstd:28.2,StrandBias:1.3,Multiplicity:1.07
0.700	0.100	0.100	0.100
0.100	0.100	0.100	0.700
0.100	0.700	0.100	0.100
0.700	0.100	0.100	0.100
0.700	0.100	0.100	0.100
0.100	0.100	0.100	0.700
0.100	0.700	0.100	0.100
0.700	0.100	0.100	0.100
>TATTATAA	24-TATTATAA	8.236954	-20.118800	0	T:61.0(0.25%),B:26.3(0.11%),P:1e-8	Tpos:22.1,Tstd:10.4,Bpos:39.0,Bstd:0.0,StrandBias:-0.7,Multiplicity:1.00
0.100	0.100	0.100	0.700
0.700	0.100	0.100	0.100
0.100	0.100	0.100	0.700
0.100	0.100	0.100	0.700
0.700	0.100	0.100	0.100
0.100	0.100	0.100	0.700
0.700	0.100	0.100	0.100
0.700	0.100	0.100	0.100
>CATTAATA	25-CATTAATA	8.236954	-7.667450	0	T:35.0(0.14%),B:20.0(0.08%),P:1e-3	Tpos:42.9,Tstd:25.9,Bpos:88.2,Bstd:6.9,StrandBias:1.7,Multiplicity:1.00
0.100	0.700	0.100	0.100
0.700	0.100	0.100	0.100
0.100	0.100	0.100	0.700
0.100	0.100	0.100	0.700
0.700	0.100	0.100	0.100
0.700	0.100	0.100	0.100
0.100	0.100	0.100	0.700
0.700	0.100	0.100	0.100
