>TATATAKAVV	1-TATATAKAVV	5.521384	-1826.909748	0	T:4166.0(17.10%),B:1492.4(6.01%),P:1e-793	Tpos:31.2,Tstd:9.8,Bpos:50.4,Bstd:36.5,StrandBias:-0.1,Multiplicity:1.58
0.034	0.068	0.047	0.851
0.696	0.026	0.014	0.264
0.068	0.059	0.026	0.847
0.850	0.010	0.004	0.136
0.280	0.040	0.042	0.638
0.826	0.029	0.100	0.045
0.196	0.168	0.268	0.368
0.457	0.209	0.241	0.093
0.202	0.334	0.333	0.132
0.255	0.297	0.338	0.109
>CCCCCMCCCC	2-CCCCCMCCCC	4.968033	-1131.276342	0	T:10298.0(42.26%),B:6967.1(28.04%),P:1e-491	Tpos:55.1,Tstd:25.8,Bpos:49.7,Bstd:30.4,StrandBias:2.5,Multiplicity:1.42
0.173	0.534	0.001	0.292
0.231	0.640	0.001	0.128
0.211	0.679	0.001	0.109
0.248	0.750	0.001	0.001
0.346	0.632	0.021	0.001
0.392	0.450	0.038	0.119
0.260	0.439	0.049	0.251
0.184	0.536	0.001	0.279
0.057	0.941	0.001	0.001
0.257	0.741	0.001	0.001
>CCGCCGCCTC	3-CCGCCGCCTC	4.020662	-782.401387	0	T:14127.0(57.98%),B:11272.0(45.37%),P:1e-339	Tpos:56.9,Tstd:27.2,Bpos:50.5,Bstd:30.1,StrandBias:1.1,Multiplicity:1.41
0.066	0.846	0.029	0.059
0.058	0.828	0.058	0.056
0.096	0.068	0.786	0.050
0.051	0.819	0.033	0.097
0.089	0.816	0.044	0.051
0.051	0.032	0.836	0.081
0.036	0.862	0.061	0.041
0.067	0.771	0.058	0.104
0.075	0.065	0.202	0.658
0.059	0.779	0.069	0.093
>GGTATWTATA	4-GGTATWTATA	6.442588	-727.377040	0	T:1974.0(8.10%),B:762.7(3.07%),P:1e-315	Tpos:38.7,Tstd:21.8,Bpos:50.2,Bstd:34.7,StrandBias:-0.9,Multiplicity:1.01
0.008	0.002	0.979	0.011
0.001	0.213	0.757	0.029
0.190	0.120	0.068	0.622
0.723	0.001	0.012	0.264
0.239	0.040	0.156	0.565
0.498	0.024	0.014	0.464
0.277	0.001	0.122	0.600
0.612	0.012	0.251	0.125
0.271	0.001	0.006	0.722
0.761	0.001	0.157	0.081
>TCTCTCTCTC	5-TCTCTCTCTC	3.997205	-628.784108	0	T:14250.0(58.48%),B:11722.9(47.18%),P:1e-273	Tpos:55.9,Tstd:26.3,Bpos:50.6,Bstd:32.3,StrandBias:1.4,Multiplicity:1.41
0.076	0.235	0.091	0.598
0.058	0.707	0.096	0.139
0.082	0.207	0.140	0.571
0.047	0.741	0.110	0.102
0.091	0.210	0.102	0.597
0.046	0.724	0.101	0.129
0.073	0.187	0.131	0.609
0.061	0.701	0.082	0.156
0.081	0.166	0.109	0.644
0.057	0.700	0.094	0.149
>TTYCCATTYC	6-TTYCCATTYC	6.562651	-482.013707	0	T:2369.0(9.72%),B:1218.4(4.90%),P:1e-209	Tpos:51.1,Tstd:27.6,Bpos:50.3,Bstd:29.9,StrandBias:1.1,Multiplicity:1.08
0.155	0.116	0.221	0.508
0.035	0.001	0.047	0.917
0.012	0.361	0.170	0.457
0.001	0.873	0.001	0.125
0.210	0.709	0.070	0.011
0.610	0.001	0.388	0.001
0.030	0.149	0.253	0.568
0.001	0.153	0.001	0.845
0.001	0.521	0.059	0.419
0.002	0.782	0.215	0.001
>TCTCGTCTCG	7-TCTCGTCTCG	5.285389	-445.729672	0	T:3788.0(15.55%),B:2362.8(9.51%),P:1e-193	Tpos:53.7,Tstd:26.6,Bpos:50.2,Bstd:29.7,StrandBias:0.5,Multiplicity:1.11
0.088	0.117	0.122	0.673
0.058	0.740	0.091	0.111
0.073	0.121	0.135	0.671
0.065	0.715	0.134	0.086
0.097	0.119	0.679	0.105
0.152	0.121	0.103	0.624
0.048	0.740	0.090	0.122
0.073	0.114	0.096	0.717
0.058	0.742	0.089	0.111
0.082	0.110	0.696	0.112
>AAAACCCTAG	8-AAAACCCTAG	9.243306	-380.573969	0	T:606.0(2.49%),B:159.9(0.64%),P:1e-165	Tpos:54.3,Tstd:27.3,Bpos:52.3,Bstd:31.3,StrandBias:0.8,Multiplicity:1.02
0.503	0.172	0.228	0.097
0.650	0.032	0.274	0.044
0.951	0.005	0.038	0.006
0.855	0.009	0.109	0.027
0.063	0.882	0.052	0.003
0.049	0.852	0.050	0.049
0.032	0.944	0.012	0.012
0.117	0.087	0.076	0.720
0.854	0.120	0.002	0.024
0.109	0.085	0.791	0.015
>GTTTGGTTTG	9-GTTTGGTTTG	6.363016	-376.851976	0	T:2413.0(9.90%),B:1365.4(5.50%),P:1e-163	Tpos:51.5,Tstd:26.7,Bpos:50.7,Bstd:30.8,StrandBias:-1.3,Multiplicity:1.10
0.077	0.197	0.696	0.030
0.100	0.197	0.056	0.647
0.010	0.031	0.130	0.829
0.007	0.131	0.098	0.764
0.012	0.157	0.622	0.209
0.082	0.323	0.503	0.092
0.009	0.175	0.104	0.712
0.009	0.057	0.063	0.871
0.006	0.199	0.102	0.693
0.011	0.078	0.722	0.189
>ATAAATAGCG	10-ATAAATAGCG	6.842670	-335.163685	0	T:648.0(2.66%),B:198.2(0.80%),P:1e-145	Tpos:33.9,Tstd:18.3,Bpos:50.8,Bstd:31.1,StrandBias:0.6,Multiplicity:1.00
0.726	0.044	0.045	0.185
0.119	0.216	0.084	0.581
0.683	0.059	0.110	0.148
0.819	0.061	0.106	0.014
0.724	0.030	0.158	0.088
0.291	0.087	0.049	0.573
0.560	0.093	0.255	0.092
0.145	0.239	0.546	0.070
0.263	0.552	0.116	0.069
0.212	0.259	0.445	0.084
>CACACACACA	11-CACACACACA	5.325707	-325.678947	0	T:3078.0(12.63%),B:1963.7(7.90%),P:1e-141	Tpos:54.4,Tstd:26.3,Bpos:49.6,Bstd:28.8,StrandBias:1.5,Multiplicity:1.06
0.093	0.734	0.081	0.092
0.708	0.081	0.135	0.076
0.127	0.707	0.104	0.062
0.699	0.098	0.131	0.072
0.105	0.716	0.105	0.074
0.645	0.107	0.167	0.081
0.117	0.702	0.118	0.063
0.692	0.091	0.154	0.063
0.107	0.729	0.095	0.069
0.668	0.132	0.119	0.081
>GACKGAYKGA	12-GACKGAYKGA	6.829162	-278.818301	0	T:1523.0(6.25%),B:809.4(3.26%),P:1e-121	Tpos:53.1,Tstd:27.6,Bpos:50.0,Bstd:25.8,StrandBias:-1.4,Multiplicity:1.02
0.152	0.047	0.800	0.001
0.740	0.129	0.092	0.039
0.090	0.562	0.060	0.288
0.002	0.099	0.399	0.500
0.001	0.001	0.997	0.001
0.703	0.165	0.128	0.004
0.219	0.418	0.001	0.361
0.026	0.151	0.358	0.465
0.001	0.001	0.997	0.001
0.769	0.096	0.100	0.035
>CTACAAATAC	13-CTACAAATAC	7.614115	-251.103417	0	T:191.0(0.78%),B:22.9(0.09%),P:1e-109	Tpos:32.8,Tstd:6.6,Bpos:58.6,Bstd:7.5,StrandBias:5.4,Multiplicity:1.00
0.101	0.608	0.171	0.120
0.179	0.102	0.078	0.641
0.581	0.138	0.137	0.144
0.136	0.458	0.119	0.287
0.644	0.084	0.094	0.178
0.645	0.053	0.060	0.242
0.549	0.049	0.306	0.096
0.200	0.101	0.091	0.608
0.621	0.096	0.158	0.125
0.102	0.658	0.115	0.125
>TGTGCTGTGT	14-TGTGCTGTGT	6.661689	-235.714242	0	T:1738.0(7.13%),B:1023.8(4.12%),P:1e-102	Tpos:51.1,Tstd:28.3,Bpos:49.0,Bstd:29.5,StrandBias:-1.2,Multiplicity:1.06
0.013	0.108	0.052	0.827
0.014	0.038	0.855	0.093
0.088	0.155	0.207	0.550
0.036	0.046	0.887	0.031
0.100	0.681	0.059	0.160
0.037	0.119	0.013	0.831
0.013	0.164	0.767	0.056
0.030	0.322	0.096	0.552
0.056	0.038	0.709	0.197
0.139	0.210	0.244	0.407
>TACTASTAGY	15-TACTASTAGY	5.889589	-215.677959	0	T:1365.0(5.60%),B:763.7(3.07%),P:1e-93	Tpos:47.6,Tstd:25.9,Bpos:52.1,Bstd:27.8,StrandBias:-0.2,Multiplicity:1.07
0.132	0.070	0.140	0.658
0.684	0.047	0.216	0.053
0.021	0.557	0.385	0.037
0.053	0.043	0.053	0.851
0.758	0.058	0.125	0.059
0.005	0.437	0.557	0.001
0.003	0.143	0.001	0.853
0.765	0.001	0.090	0.144
0.027	0.246	0.694	0.033
0.141	0.363	0.054	0.442
>CTGCCTGCCT	16-CTGCCTGCCT	7.709624	-203.599264	0	T:1094.0(4.49%),B:576.6(2.32%),P:1e-88	Tpos:53.1,Tstd:26.9,Bpos:47.4,Bstd:28.7,StrandBias:0.3,Multiplicity:1.02
0.001	0.739	0.113	0.147
0.172	0.179	0.111	0.538
0.102	0.001	0.867	0.030
0.001	0.871	0.127	0.001
0.001	0.997	0.001	0.001
0.102	0.001	0.132	0.765
0.142	0.001	0.856	0.001
0.001	0.649	0.278	0.072
0.106	0.846	0.001	0.047
0.174	0.121	0.134	0.571
>GCACTGCAGT	17-GCACTGCAGT	7.880575	-186.978032	0	T:777.0(3.19%),B:368.6(1.48%),P:1e-81	Tpos:54.2,Tstd:27.4,Bpos:52.6,Bstd:30.2,StrandBias:0.3,Multiplicity:1.07
0.149	0.043	0.807	0.001
0.001	0.909	0.033	0.057
0.997	0.001	0.001	0.001
0.001	0.676	0.090	0.233
0.001	0.250	0.172	0.577
0.001	0.001	0.997	0.001
0.001	0.997	0.001	0.001
0.997	0.001	0.001	0.001
0.001	0.260	0.650	0.089
0.014	0.238	0.176	0.572
>GAAGCGAATG	18-GAAGCGAATG	7.958168	-148.674598	0	T:390.0(1.60%),B:146.4(0.59%),P:1e-64	Tpos:58.0,Tstd:27.3,Bpos:54.9,Bstd:30.2,StrandBias:-1.2,Multiplicity:1.03
0.054	0.045	0.889	0.012
0.888	0.073	0.030	0.009
0.847	0.027	0.034	0.092
0.049	0.014	0.849	0.088
0.082	0.704	0.134	0.080
0.084	0.099	0.766	0.051
0.895	0.042	0.038	0.025
0.769	0.079	0.106	0.046
0.036	0.083	0.150	0.731
0.161	0.093	0.664	0.082
>AACAAGCAAG	19-AACAAGCAAG	9.393140	-136.309574	0	T:320.0(1.31%),B:112.6(0.45%),P:1e-59	Tpos:58.0,Tstd:27.0,Bpos:54.2,Bstd:30.4,StrandBias:0.2,Multiplicity:1.01
0.789	0.107	0.103	0.001
0.585	0.105	0.309	0.001
0.010	0.638	0.258	0.094
0.979	0.001	0.019	0.001
0.997	0.001	0.001	0.001
0.091	0.001	0.889	0.019
0.001	0.866	0.132	0.001
0.784	0.044	0.171	0.001
0.997	0.001	0.001	0.001
0.086	0.001	0.912	0.001
>ATGCGAWGCG	20-ATGCGAWGCG	9.932791	-79.800859	0	T:108.0(0.44%),B:25.5(0.10%),P:1e-34	Tpos:49.8,Tstd:27.2,Bpos:64.8,Bstd:11.0,StrandBias:-2.0,Multiplicity:1.04
0.995	0.001	0.003	0.001
0.213	0.001	0.001	0.785
0.213	0.001	0.785	0.001
0.001	0.997	0.001	0.001
0.001	0.001	0.997	0.001
0.997	0.001	0.001	0.001
0.407	0.088	0.062	0.443
0.001	0.001	0.997	0.001
0.001	0.997	0.001	0.001
0.001	0.001	0.997	0.001
>TTATCGATCG	21-TTATCGATCG	8.466080	-78.880893	0	T:195.0(0.80%),B:71.0(0.29%),P:1e-34	Tpos:53.1,Tstd:29.2,Bpos:51.8,Bstd:21.9,StrandBias:0.4,Multiplicity:1.00
0.088	0.126	0.028	0.758
0.019	0.178	0.197	0.606
0.519	0.318	0.053	0.110
0.008	0.035	0.023	0.934
0.016	0.845	0.058	0.081
0.069	0.040	0.821	0.070
0.900	0.044	0.030	0.026
0.025	0.021	0.064	0.890
0.044	0.867	0.047	0.042
0.054	0.015	0.865	0.066
>TTGCRRYTGC	22-TTGCRRYTGC	8.289946	-77.206882	0	T:220.0(0.90%),B:87.3(0.35%),P:1e-33	Tpos:53.9,Tstd:26.3,Bpos:52.6,Bstd:29.5,StrandBias:-0.9,Multiplicity:1.04
0.251	0.128	0.187	0.434
0.155	0.009	0.001	0.835
0.011	0.274	0.621	0.094
0.001	0.736	0.095	0.168
0.399	0.001	0.437	0.162
0.381	0.222	0.359	0.038
0.050	0.433	0.181	0.336
0.068	0.001	0.001	0.930
0.034	0.096	0.811	0.059
0.019	0.979	0.001	0.001
>AAGCTATCTA	23-AAGCTATCTA	10.890541	-65.002004	0	T:53.0(0.22%),B:7.5(0.03%),P:1e-28	Tpos:54.9,Tstd:28.5,Bpos:65.3,Bstd:23.3,StrandBias:0.5,Multiplicity:1.00
0.997	0.001	0.001	0.001
0.861	0.137	0.001	0.001
0.001	0.001	0.997	0.001
0.137	0.861	0.001	0.001
0.137	0.001	0.001	0.861
0.997	0.001	0.001	0.001
0.001	0.001	0.310	0.688
0.001	0.861	0.001	0.137
0.001	0.001	0.001	0.997
0.861	0.137	0.001	0.001
>TCATCATCAT	24-TCATCATCAT	10.269301	-61.961898	0	T:78.0(0.32%),B:17.1(0.07%),P:1e-26	Tpos:55.2,Tstd:24.0,Bpos:46.2,Bstd:19.3,StrandBias:1.2,Multiplicity:1.05
0.001	0.001	0.001	0.997
0.001	0.950	0.001	0.048
0.997	0.001	0.001	0.001
0.001	0.001	0.001	0.997
0.001	0.997	0.001	0.001
0.800	0.001	0.001	0.198
0.001	0.001	0.001	0.997
0.068	0.930	0.001	0.001
0.997	0.001	0.001	0.001
0.001	0.214	0.001	0.784
>CCYCGACCCC	25-CCYCGACCCC	11.025138	-43.376414	0	T:94.0(0.39%),B:32.4(0.13%),P:1e-18	Tpos:55.0,Tstd:25.0,Bpos:38.1,Bstd:17.9,StrandBias:0.9,Multiplicity:1.00
0.001	0.926	0.035	0.038
0.001	0.894	0.070	0.035
0.003	0.522	0.035	0.440
0.001	0.930	0.068	0.001
0.001	0.001	0.802	0.196
0.440	0.071	0.254	0.235
0.035	0.929	0.001	0.035
0.035	0.894	0.001	0.070
0.001	0.930	0.068	0.001
0.038	0.926	0.001	0.035
>MTATATANAVVV	1-MTATATANAVVV	5.002000	-1783.052898	0	T:5236.0(21.49%),B:2206.6(8.88%),P:1e-774	Tpos:31.7,Tstd:11.1,Bpos:50.5,Bstd:35.4,StrandBias:0.1,Multiplicity:1.07
0.395	0.247	0.136	0.222
0.063	0.131	0.014	0.792
0.672	0.049	0.001	0.278
0.068	0.067	0.001	0.864
0.850	0.001	0.001	0.148
0.298	0.053	0.006	0.643
0.926	0.002	0.071	0.001
0.250	0.190	0.228	0.332
0.481	0.175	0.229	0.115
0.227	0.319	0.298	0.156
0.269	0.283	0.312	0.136
0.215	0.335	0.270	0.180
>CCCMCCCCCACC	2-CCCMCCCCCACC	4.655963	-1181.090808	0	T:11167.0(45.83%),B:7695.9(30.97%),P:1e-512	Tpos:56.6,Tstd:25.6,Bpos:50.3,Bstd:30.2,StrandBias:2.5,Multiplicity:1.46
0.047	0.788	0.046	0.119
0.075	0.810	0.035	0.080
0.103	0.838	0.017	0.042
0.397	0.298	0.154	0.151
0.113	0.678	0.031	0.178
0.086	0.792	0.027	0.095
0.151	0.650	0.089	0.110
0.104	0.809	0.034	0.053
0.099	0.860	0.016	0.025
0.460	0.218	0.112	0.210
0.023	0.880	0.027	0.070
0.047	0.923	0.012	0.018
>TCCGTTCCGTTY	3-TCCGTTCCGTTY	4.818463	-840.209306	0	T:5628.0(23.10%),B:3333.6(13.42%),P:1e-364	Tpos:53.1,Tstd:27.0,Bpos:50.6,Bstd:30.0,StrandBias:1.3,Multiplicity:1.08
0.001	0.225	0.156	0.618
0.001	0.974	0.001	0.024
0.040	0.907	0.026	0.027
0.115	0.066	0.730	0.089
0.162	0.150	0.040	0.648
0.001	0.091	0.017	0.891
0.001	0.872	0.022	0.105
0.004	0.988	0.004	0.004
0.221	0.115	0.624	0.040
0.198	0.071	0.150	0.581
0.001	0.121	0.017	0.861
0.001	0.514	0.065	0.420
>CTCBTCTCCTCT	4-CTCBTCTCCTCT	4.954990	-828.985114	0	T:11151.0(45.76%),B:8250.9(33.21%),P:1e-360	Tpos:56.1,Tstd:25.7,Bpos:49.4,Bstd:31.9,StrandBias:1.4,Multiplicity:1.22
0.071	0.680	0.103	0.146
0.071	0.154	0.120	0.655
0.051	0.692	0.111	0.146
0.030	0.328	0.274	0.369
0.052	0.332	0.099	0.517
0.053	0.694	0.106	0.147
0.066	0.135	0.126	0.673
0.056	0.682	0.110	0.152
0.030	0.442	0.259	0.269
0.061	0.244	0.108	0.587
0.051	0.724	0.092	0.133
0.082	0.173	0.133	0.612
>CAAAACCCTASC	5-CAAAACCCTASC	8.893318	-580.389609	0	T:922.0(3.78%),B:242.0(0.97%),P:1e-252	Tpos:55.6,Tstd:26.1,Bpos:47.8,Bstd:29.6,StrandBias:1.3,Multiplicity:1.03
0.144	0.472	0.216	0.169
0.518	0.155	0.207	0.120
0.852	0.001	0.146	0.001
0.997	0.001	0.001	0.001
0.997	0.001	0.001	0.001
0.074	0.924	0.001	0.001
0.001	0.997	0.001	0.001
0.001	0.997	0.001	0.001
0.172	0.001	0.001	0.826
0.775	0.159	0.001	0.065
0.166	0.322	0.468	0.044
0.259	0.415	0.089	0.237
>CACACACACACV	6-CACACACACACV	6.716991	-398.324512	0	T:1637.0(6.72%),B:777.0(3.13%),P:1e-172	Tpos:57.8,Tstd:25.2,Bpos:47.5,Bstd:27.9,StrandBias:1.6,Multiplicity:1.04
0.072	0.792	0.068	0.068
0.686	0.086	0.145	0.083
0.110	0.771	0.102	0.017
0.709	0.068	0.156	0.067
0.101	0.766	0.124	0.009
0.624	0.094	0.221	0.061
0.107	0.745	0.123	0.025
0.675	0.070	0.170	0.085
0.091	0.800	0.097	0.012
0.692	0.078	0.166	0.064
0.115	0.706	0.137	0.042
0.382	0.242	0.243	0.132
>CAAACAAASCAA	7-CAAACAAASCAA	4.219459	-356.073693	0	T:6286.0(25.80%),B:4688.4(18.87%),P:1e-154	Tpos:52.3,Tstd:26.0,Bpos:50.1,Bstd:30.6,StrandBias:1.2,Multiplicity:1.12
0.274	0.556	0.169	0.001
0.748	0.198	0.053	0.001
0.888	0.012	0.099	0.001
0.456	0.256	0.286	0.002
0.103	0.807	0.089	0.001
0.609	0.339	0.051	0.001
0.957	0.024	0.018	0.001
0.894	0.029	0.076	0.001
0.215	0.351	0.414	0.020
0.104	0.878	0.017	0.001
0.793	0.183	0.023	0.001
0.856	0.044	0.099	0.001
>CACTCACCACTC	8-CACTCACCACTC	7.189318	-351.764398	0	T:1409.0(5.78%),B:659.3(2.65%),P:1e-152	Tpos:56.4,Tstd:25.7,Bpos:49.8,Bstd:28.4,StrandBias:1.8,Multiplicity:1.06
0.113	0.826	0.047	0.014
0.682	0.055	0.139	0.124
0.087	0.642	0.195	0.076
0.168	0.082	0.191	0.559
0.008	0.893	0.093	0.006
0.492	0.128	0.217	0.163
0.065	0.639	0.120	0.176
0.033	0.947	0.008	0.012
0.810	0.008	0.153	0.029
0.096	0.722	0.123	0.059
0.156	0.016	0.135	0.693
0.006	0.867	0.115	0.012
>AAGTCCAAACCC	9-AAGTCCAAACCC	7.247637	-233.889394	0	T:760.0(3.12%),B:320.4(1.29%),P:1e-101	Tpos:51.0,Tstd:26.3,Bpos:51.2,Bstd:31.7,StrandBias:2.2,Multiplicity:1.04
0.748	0.078	0.122	0.052
0.767	0.080	0.083	0.070
0.099	0.109	0.691	0.101
0.070	0.140	0.105	0.685
0.052	0.819	0.064	0.065
0.063	0.812	0.078	0.047
0.753	0.110	0.084	0.053
0.792	0.077	0.092	0.039
0.750	0.083	0.093	0.074
0.104	0.677	0.116	0.103
0.071	0.764	0.079	0.086
0.097	0.743	0.083	0.077
>CTACTACTACTA	10-CTACTACTACTA	2.803268	-203.753889	0	T:1168.0(4.79%),B:630.1(2.54%),P:1e-88	Tpos:48.8,Tstd:25.6,Bpos:50.6,Bstd:26.4,StrandBias:0.1,Multiplicity:1.08
0.001	0.867	0.131	0.001
0.038	0.001	0.001	0.960
0.674	0.001	0.324	0.001
0.001	0.917	0.081	0.001
0.038	0.001	0.001	0.960
0.979	0.019	0.001	0.001
0.001	0.745	0.253	0.001
0.001	0.001	0.001	0.997
0.699	0.007	0.287	0.007
0.007	0.655	0.331	0.007
0.020	0.022	0.001	0.957
0.948	0.001	0.020	0.031
>GCCTGCCTGCCG	11-GCCTGCCTGCCG	7.266144	-198.999839	0	T:1264.0(5.19%),B:707.2(2.85%),P:1e-86	Tpos:52.6,Tstd:27.5,Bpos:50.1,Bstd:29.1,StrandBias:0.3,Multiplicity:1.03
0.051	0.057	0.804	0.088
0.029	0.841	0.092	0.038
0.020	0.906	0.056	0.018
0.063	0.079	0.127	0.731
0.023	0.041	0.910	0.026
0.047	0.879	0.059	0.015
0.017	0.900	0.051	0.032
0.045	0.088	0.120	0.747
0.023	0.023	0.925	0.029
0.025	0.876	0.035	0.064
0.065	0.843	0.032	0.060
0.070	0.095	0.644	0.191
>TGCGASTTGCGA	12-TGCGASTTGCGA	10.197970	-171.084047	0	T:66.0(0.27%),B:2.8(0.01%),P:1e-74	Tpos:55.8,Tstd:27.5,Bpos:66.9,Bstd:21.9,StrandBias:-0.7,Multiplicity:1.02
0.001	0.001	0.001	0.997
0.001	0.027	0.971	0.001
0.001	0.917	0.001	0.081
0.027	0.001	0.971	0.001
0.971	0.027	0.001	0.001
0.157	0.351	0.464	0.028
0.001	0.156	0.028	0.815
0.001	0.027	0.001	0.971
0.001	0.001	0.971	0.027
0.001	0.997	0.001	0.001
0.001	0.001	0.997	0.001
0.943	0.001	0.028	0.028
>TCGGGAGTCGGG	13-TCGGGAGTCGGG	10.179298	-145.200429	0	T:96.0(0.39%),B:9.8(0.04%),P:1e-63	Tpos:59.2,Tstd:25.2,Bpos:35.8,Bstd:14.0,StrandBias:-1.2,Multiplicity:1.06
0.033	0.071	0.087	0.809
0.017	0.874	0.017	0.092
0.033	0.034	0.795	0.138
0.017	0.212	0.754	0.017
0.038	0.033	0.896	0.033
0.906	0.028	0.022	0.044
0.017	0.110	0.829	0.044
0.017	0.070	0.028	0.885
0.033	0.820	0.044	0.103
0.033	0.044	0.762	0.161
0.017	0.187	0.748	0.048
0.028	0.022	0.933	0.017
>ATCCATTCCATC	14-ATCCATTCCATC	10.296908	-134.847878	0	T:74.0(0.30%),B:5.5(0.02%),P:1e-58	Tpos:50.1,Tstd:24.9,Bpos:61.0,Bstd:17.2,StrandBias:2.2,Multiplicity:1.00
0.557	0.116	0.107	0.220
0.078	0.081	0.054	0.787
0.013	0.854	0.032	0.101
0.062	0.803	0.101	0.034
0.658	0.117	0.113	0.112
0.120	0.054	0.115	0.711
0.015	0.129	0.045	0.811
0.019	0.792	0.090	0.099
0.039	0.940	0.017	0.004
0.608	0.126	0.137	0.129
0.086	0.142	0.100	0.672
0.051	0.642	0.081	0.226
>GCTAGCTAGCTA	15-GCTAGCTAGCTA	7.819537	-132.271847	0	T:518.0(2.13%),B:239.0(0.96%),P:1e-57	Tpos:59.1,Tstd:27.1,Bpos:50.0,Bstd:27.7,StrandBias:-0.2,Multiplicity:1.03
0.081	0.076	0.774	0.069
0.068	0.799	0.088	0.045
0.119	0.108	0.103	0.670
0.684	0.086	0.106	0.124
0.045	0.046	0.858	0.051
0.045	0.878	0.043	0.034
0.105	0.094	0.073	0.728
0.684	0.092	0.103	0.121
0.041	0.050	0.866	0.043
0.074	0.800	0.059	0.067
0.111	0.107	0.111	0.671
0.588	0.142	0.144	0.126
>TCGCAGTCKCGC	16-TCGCAGTCKCGC	9.189812	-125.627714	0	T:149.0(0.61%),B:30.1(0.12%),P:1e-54	Tpos:54.3,Tstd:25.7,Bpos:51.6,Bstd:31.5,StrandBias:0.7,Multiplicity:1.05
0.070	0.177	0.100	0.653
0.049	0.774	0.074	0.103
0.058	0.122	0.704	0.116
0.061	0.799	0.107	0.033
0.441	0.161	0.242	0.156
0.078	0.210	0.644	0.068
0.105	0.165	0.129	0.601
0.044	0.742	0.106	0.108
0.063	0.115	0.340	0.482
0.057	0.796	0.081	0.066
0.213	0.162	0.521	0.104
0.059	0.561	0.313	0.067
>CTCGCAGTGGCM	17-CTCGCAGTGGCM	10.410782	-100.710618	0	T:73.0(0.30%),B:8.1(0.03%),P:1e-43	Tpos:52.7,Tstd:27.3,Bpos:52.2,Bstd:19.7,StrandBias:-0.5,Multiplicity:1.00
0.001	0.843	0.019	0.137
0.001	0.148	0.156	0.695
0.058	0.653	0.176	0.113
0.244	0.015	0.702	0.039
0.004	0.994	0.001	0.001
0.834	0.019	0.146	0.001
0.001	0.209	0.722	0.068
0.136	0.228	0.010	0.626
0.029	0.313	0.550	0.108
0.220	0.236	0.515	0.029
0.078	0.747	0.141	0.034
0.552	0.428	0.010	0.010
>GTCGAGACTCGA	18-GTCGAGACTCGA	9.740050	-97.447884	0	T:50.0(0.21%),B:3.9(0.02%),P:1e-42	Tpos:62.6,Tstd:24.4,Bpos:56.5,Bstd:16.0,StrandBias:-0.1,Multiplicity:1.02
0.067	0.305	0.587	0.041
0.092	0.131	0.100	0.677
0.052	0.662	0.087	0.199
0.080	0.074	0.764	0.082
0.650	0.120	0.100	0.130
0.074	0.104	0.792	0.030
0.567	0.152	0.094	0.187
0.060	0.664	0.183	0.093
0.049	0.020	0.069	0.862
0.079	0.619	0.095	0.207
0.064	0.094	0.782	0.060
0.761	0.077	0.090	0.072
>ACGCCACGCCAC	19-ACGCCACGCCAC	10.989218	-95.497236	0	T:67.0(0.27%),B:7.7(0.03%),P:1e-41	Tpos:42.6,Tstd:26.7,Bpos:34.1,Bstd:9.8,StrandBias:1.4,Multiplicity:1.00
0.745	0.159	0.051	0.045
0.028	0.904	0.034	0.034
0.051	0.022	0.904	0.023
0.051	0.793	0.122	0.034
0.022	0.801	0.155	0.022
0.812	0.017	0.126	0.045
0.017	0.927	0.034	0.022
0.045	0.028	0.905	0.022
0.056	0.777	0.105	0.062
0.039	0.779	0.160	0.022
0.829	0.034	0.080	0.057
0.040	0.838	0.068	0.054
>TTCTTTACCCTA	20-TTCTTTACCCTA	10.139158	-79.304226	0	T:38.0(0.16%),B:2.8(0.01%),P:1e-34	Tpos:50.4,Tstd:25.6,Bpos:46.6,Bstd:25.8,StrandBias:2.6,Multiplicity:1.00
0.058	0.015	0.015	0.912
0.072	0.015	0.043	0.870
0.029	0.841	0.058	0.072
0.043	0.073	0.029	0.855
0.043	0.058	0.086	0.813
0.058	0.116	0.014	0.812
0.855	0.058	0.029	0.058
0.044	0.855	0.072	0.029
0.072	0.841	0.043	0.044
0.087	0.812	0.029	0.072
0.115	0.058	0.001	0.826
0.767	0.073	0.058	0.102
>GCTGTGACCTGT	21-GCTGTGACCTGT	10.409522	-59.496182	0	T:40.0(0.16%),B:4.8(0.02%),P:1e-25	Tpos:53.6,Tstd:26.2,Bpos:46.5,Bstd:20.6,StrandBias:-2.8,Multiplicity:1.00
0.100	0.100	0.700	0.100
0.100	0.700	0.100	0.100
0.100	0.100	0.100	0.700
0.100	0.100	0.700	0.100
0.100	0.100	0.100	0.700
0.100	0.100	0.700	0.100
0.700	0.100	0.100	0.100
0.100	0.700	0.100	0.100
0.100	0.700	0.100	0.100
0.100	0.100	0.100	0.700
0.100	0.100	0.700	0.100
0.100	0.100	0.100	0.700
>GGACGGACTGAC	22-GGACGGACTGAC	10.840618	-56.565476	0	T:60.0(0.25%),B:11.2(0.05%),P:1e-24	Tpos:60.2,Tstd:25.2,Bpos:47.9,Bstd:11.2,StrandBias:-0.8,Multiplicity:1.00
0.035	0.042	0.715	0.208
0.014	0.028	0.923	0.035
0.854	0.043	0.075	0.028
0.007	0.846	0.063	0.084
0.043	0.029	0.740	0.188
0.022	0.021	0.922	0.035
0.802	0.064	0.099	0.035
0.049	0.880	0.057	0.014
0.064	0.071	0.215	0.650
0.014	0.028	0.957	0.001
0.833	0.089	0.071	0.007
0.022	0.893	0.057	0.028
>TCTGTCTGTCTG	23-TCTGTCTGTCTG	11.374647	-53.955256	0	T:61.0(0.25%),B:12.6(0.05%),P:1e-23	Tpos:58.9,Tstd:22.4,Bpos:68.3,Bstd:19.3,StrandBias:-0.9,Multiplicity:1.00
0.001	0.001	0.001	0.997
0.001	0.997	0.001	0.001
0.001	0.095	0.001	0.903
0.032	0.242	0.725	0.001
0.240	0.127	0.220	0.413
0.063	0.935	0.001	0.001
0.001	0.001	0.187	0.811
0.001	0.302	0.665	0.032
0.032	0.156	0.001	0.811
0.001	0.997	0.001	0.001
0.001	0.032	0.064	0.903
0.115	0.067	0.817	0.001
>CAGCCGCATCAC	24-CAGCCGCATCAC	11.540308	-49.167275	0	T:45.0(0.18%),B:7.9(0.03%),P:1e-21	Tpos:52.5,Tstd:24.7,Bpos:49.3,Bstd:11.5,StrandBias:1.1,Multiplicity:1.03
0.028	0.943	0.001	0.028
0.889	0.082	0.001	0.028
0.001	0.001	0.997	0.001
0.027	0.971	0.001	0.001
0.028	0.916	0.028	0.028
0.001	0.027	0.971	0.001
0.001	0.997	0.001	0.001
0.889	0.001	0.028	0.082
0.028	0.028	0.353	0.591
0.001	0.997	0.001	0.001
0.943	0.001	0.028	0.028
0.028	0.916	0.028	0.028
>ACTAACCCTAGC	25-ACTAACCCTAGC	10.409522	-19.464727	0	T:44.0(0.18%),B:16.6(0.07%),P:1e-8	Tpos:54.8,Tstd:27.1,Bpos:53.3,Bstd:9.8,StrandBias:0.7,Multiplicity:1.00
0.700	0.100	0.100	0.100
0.100	0.700	0.100	0.100
0.100	0.100	0.100	0.700
0.700	0.100	0.100	0.100
0.700	0.100	0.100	0.100
0.100	0.700	0.100	0.100
0.100	0.700	0.100	0.100
0.100	0.700	0.100	0.100
0.100	0.100	0.100	0.700
0.700	0.100	0.100	0.100
0.100	0.100	0.700	0.100
0.100	0.700	0.100	0.100
>TATATA	1-TATATA	5.483846	-1618.238630	0	T:4699.0(19.28%),B:1953.9(7.86%),P:1e-702	Tpos:31.1,Tstd:10.7,Bpos:49.6,Bstd:39.0,StrandBias:-0.4,Multiplicity:1.17
0.001	0.033	0.001	0.965
0.636	0.001	0.001	0.362
0.101	0.001	0.001	0.897
0.997	0.001	0.001	0.001
0.001	0.044	0.001	0.954
0.997	0.001	0.001	0.001
>CCCAYC	2-CCCAYC	4.624579	-613.476212	0	T:13128.0(53.88%),B:10619.8(42.74%),P:1e-266	Tpos:53.2,Tstd:27.7,Bpos:50.2,Bstd:30.5,StrandBias:1.9,Multiplicity:1.58
0.110	0.620	0.001	0.269
0.053	0.853	0.093	0.001
0.224	0.575	0.053	0.148
0.609	0.001	0.389	0.001
0.001	0.488	0.001	0.510
0.001	0.951	0.001	0.047
>CCACTC	3-CCACTC	5.421367	-552.367162	0	T:9149.0(37.55%),B:6896.4(27.76%),P:1e-239	Tpos:55.1,Tstd:27.0,Bpos:50.1,Bstd:32.8,StrandBias:1.6,Multiplicity:1.29
0.001	0.720	0.001	0.278
0.001	0.997	0.001	0.001
0.720	0.001	0.001	0.278
0.001	0.997	0.001	0.001
0.268	0.001	0.010	0.721
0.001	0.997	0.001	0.001
>CTCTCC	4-CTCTCC	5.370772	-512.192689	0	T:11022.0(45.23%),B:8772.8(35.31%),P:1e-222	Tpos:55.0,Tstd:27.4,Bpos:49.7,Bstd:33.3,StrandBias:1.5,Multiplicity:1.22
0.001	0.980	0.001	0.018
0.001	0.246	0.001	0.752
0.001	0.755	0.001	0.243
0.001	0.273	0.001	0.725
0.001	0.592	0.001	0.406
0.069	0.672	0.258	0.001
>CACCGC	5-CACCGC	2.567994	-471.704373	0	T:11194.0(45.94%),B:9037.3(36.37%),P:1e-204	Tpos:56.8,Tstd:28.1,Bpos:49.9,Bstd:31.3,StrandBias:0.8,Multiplicity:1.46
0.001	0.997	0.001	0.001
0.640	0.001	0.358	0.001
0.001	0.997	0.001	0.001
0.009	0.652	0.001	0.338
0.001	0.001	0.997	0.001
0.001	0.997	0.001	0.001
>AAACCC	6-AAACCC	8.043972	-447.090835	0	T:2310.0(9.48%),B:1210.8(4.87%),P:1e-194	Tpos:52.3,Tstd:26.1,Bpos:50.5,Bstd:33.4,StrandBias:1.9,Multiplicity:1.09
0.997	0.001	0.001	0.001
0.997	0.001	0.001	0.001
0.997	0.001	0.001	0.001
0.226	0.772	0.001	0.001
0.001	0.997	0.001	0.001
0.001	0.997	0.001	0.001
>TCGTCT	7-TCGTCT	4.733761	-387.607173	0	T:6692.0(27.46%),B:4986.1(20.07%),P:1e-168	Tpos:54.4,Tstd:27.9,Bpos:49.6,Bstd:30.6,StrandBias:1.2,Multiplicity:1.13
0.001	0.100	0.001	0.898
0.001	0.997	0.001	0.001
0.001	0.001	0.997	0.001
0.001	0.281	0.001	0.717
0.001	0.997	0.001	0.001
0.001	0.001	0.001	0.997
>TTCGYT	8-TTCGYT	2.441892	-370.417472	0	T:10571.0(43.38%),B:8692.8(34.99%),P:1e-160	Tpos:53.5,Tstd:27.7,Bpos:50.3,Bstd:31.7,StrandBias:0.7,Multiplicity:1.35
0.001	0.360	0.001	0.638
0.001	0.012	0.001	0.986
0.001	0.997	0.001	0.001
0.001	0.012	0.986	0.001
0.190	0.374	0.001	0.435
0.001	0.001	0.001	0.997
>CATTCC	9-CATTCC	6.407987	-284.306351	0	T:3626.0(14.88%),B:2493.1(10.03%),P:1e-123	Tpos:53.2,Tstd:28.0,Bpos:49.2,Bstd:30.5,StrandBias:1.6,Multiplicity:1.07
0.001	0.997	0.001	0.001
0.997	0.001	0.001	0.001
0.001	0.001	0.304	0.694
0.001	0.001	0.001	0.997
0.001	0.782	0.001	0.216
0.001	0.997	0.001	0.001
>GCCTGC	10-GCCTGC	5.755956	-257.499132	0	T:5186.0(21.28%),B:3925.4(15.80%),P:1e-111	Tpos:52.1,Tstd:27.7,Bpos:50.4,Bstd:29.8,StrandBias:-0.0,Multiplicity:1.17
0.001	0.001	0.997	0.001
0.137	0.861	0.001	0.001
0.001	0.997	0.001	0.001
0.001	0.001	0.001	0.997
0.103	0.001	0.895	0.001
0.001	0.878	0.001	0.120
>CACTAC	11-CACTAC	4.803007	-242.752262	0	T:7944.0(32.60%),B:6533.9(26.30%),P:1e-105	Tpos:50.8,Tstd:27.9,Bpos:50.4,Bstd:29.2,StrandBias:1.1,Multiplicity:1.22
0.308	0.545	0.001	0.146
0.891	0.001	0.107	0.001
0.001	0.615	0.001	0.383
0.001	0.399	0.001	0.599
0.782	0.001	0.001	0.216
0.001	0.794	0.001	0.204
>CTGTCT	12-CTGTCT	5.618801	-231.120980	0	T:5441.0(22.33%),B:4225.1(17.01%),P:1e-100	Tpos:51.3,Tstd:28.1,Bpos:50.7,Bstd:31.8,StrandBias:0.5,Multiplicity:1.12
0.001	0.997	0.001	0.001
0.243	0.001	0.001	0.755
0.001	0.001	0.697	0.301
0.001	0.129	0.001	0.869
0.001	0.997	0.001	0.001
0.001	0.001	0.001	0.997
>CACACA	13-CACACA	5.556127	-204.872020	0	T:4461.0(18.31%),B:3404.8(13.70%),P:1e-88	Tpos:53.4,Tstd:27.5,Bpos:49.9,Bstd:30.2,StrandBias:1.3,Multiplicity:1.14
0.001	0.997	0.001	0.001
0.902	0.001	0.001	0.096
0.001	0.997	0.001	0.001
0.786	0.001	0.212	0.001
0.001	0.997	0.001	0.001
0.845	0.001	0.001	0.153
>AAGCAA	14-AAGCAA	5.406343	-153.036371	0	T:3939.0(16.17%),B:3074.6(12.37%),P:1e-66	Tpos:49.7,Tstd:27.9,Bpos:50.7,Bstd:32.1,StrandBias:0.6,Multiplicity:1.17
0.997	0.001	0.001	0.001
0.924	0.074	0.001	0.001
0.254	0.001	0.744	0.001
0.001	0.997	0.001	0.001
0.997	0.001	0.001	0.001
0.997	0.001	0.001	0.001
>CRCATC	15-CRCATC	5.069376	-120.303008	0	T:3537.0(14.52%),B:2807.2(11.30%),P:1e-52	Tpos:51.6,Tstd:27.5,Bpos:50.2,Bstd:29.3,StrandBias:1.5,Multiplicity:1.08
0.220	0.778	0.001	0.001
0.348	0.164	0.330	0.157
0.263	0.452	0.225	0.060
0.790	0.001	0.002	0.207
0.076	0.001	0.123	0.800
0.076	0.863	0.001	0.060
>CGAGAC	16-CGAGAC	6.177716	-98.751452	0	T:1273.0(5.22%),B:866.9(3.49%),P:1e-42	Tpos:54.4,Tstd:27.5,Bpos:48.9,Bstd:28.5,StrandBias:0.0,Multiplicity:1.03
0.100	0.700	0.100	0.100
0.100	0.100	0.700	0.100
0.700	0.100	0.100	0.100
0.100	0.100	0.700	0.100
0.700	0.100	0.100	0.100
0.100	0.700	0.100	0.100
>CTACTA	17-CTACTA	7.219380	-96.021432	0	T:1239.0(5.08%),B:843.9(3.40%),P:1e-41	Tpos:47.1,Tstd:26.9,Bpos:51.0,Bstd:29.9,StrandBias:0.2,Multiplicity:1.21
0.001	0.888	0.110	0.001
0.001	0.001	0.001	0.997
0.997	0.001	0.001	0.001
0.001	0.618	0.380	0.001
0.001	0.001	0.001	0.997
0.997	0.001	0.001	0.001
>TTATTA	18-TTATTA	6.177716	-79.714917	0	T:781.0(3.21%),B:497.8(2.00%),P:1e-34	Tpos:37.8,Tstd:23.4,Bpos:50.8,Bstd:34.2,StrandBias:-0.0,Multiplicity:1.09
0.100	0.100	0.100	0.700
0.100	0.100	0.100	0.700
0.700	0.100	0.100	0.100
0.100	0.100	0.100	0.700
0.100	0.100	0.100	0.700
0.700	0.100	0.100	0.100
>CCCGTT	19-CCCGTT	6.177716	-64.700813	0	T:1021.0(4.19%),B:725.7(2.92%),P:1e-28	Tpos:50.3,Tstd:27.5,Bpos:52.1,Bstd:31.2,StrandBias:1.1,Multiplicity:1.02
0.100	0.700	0.100	0.100
0.100	0.700	0.100	0.100
0.100	0.700	0.100	0.100
0.100	0.100	0.700	0.100
0.100	0.100	0.100	0.700
0.100	0.100	0.100	0.700
>AACGCA	20-AACGCA	6.177716	-57.411288	0	T:883.0(3.62%),B:624.5(2.51%),P:1e-24	Tpos:53.1,Tstd:27.1,Bpos:49.7,Bstd:29.9,StrandBias:0.5,Multiplicity:1.02
0.700	0.100	0.100	0.100
0.700	0.100	0.100	0.100
0.100	0.700	0.100	0.100
0.100	0.100	0.700	0.100
0.100	0.700	0.100	0.100
0.700	0.100	0.100	0.100
>TAGCTA	21-TAGCTA	6.177716	-52.690214	0	T:607.0(2.49%),B:403.4(1.62%),P:1e-22	Tpos:54.6,Tstd:29.5,Bpos:51.7,Bstd:30.4,StrandBias:0.0,Multiplicity:1.17
0.100	0.100	0.100	0.700
0.700	0.100	0.100	0.100
0.100	0.100	0.700	0.100
0.100	0.700	0.100	0.100
0.100	0.100	0.100	0.700
0.700	0.100	0.100	0.100
>ATCGAT	22-ATCGAT	4.431020	-38.065525	0	T:1300.0(5.34%),B:1048.0(4.22%),P:1e-16	Tpos:46.1,Tstd:28.4,Bpos:50.3,Bstd:28.9,StrandBias:0.0,Multiplicity:1.08
0.997	0.001	0.001	0.001
0.001	0.001	0.001	0.997
0.001	0.825	0.001	0.173
0.120	0.001	0.878	0.001
0.997	0.001	0.001	0.001
0.001	0.001	0.001	0.997
>TATATAAA	1-TATATAAA	5.406532	-1646.133264	0	T:4729.0(19.41%),B:1955.3(7.87%),P:1e-714	Tpos:31.5,Tstd:11.1,Bpos:50.1,Bstd:37.7,StrandBias:0.6,Multiplicity:1.05
0.072	0.296	0.107	0.525
0.621	0.219	0.075	0.085
0.058	0.055	0.024	0.863
0.677	0.037	0.016	0.270
0.222	0.001	0.001	0.776
0.997	0.001	0.001	0.001
0.521	0.137	0.001	0.341
0.659	0.151	0.189	0.001
>CCMMTCCC	2-CCMMTCCC	5.109047	-981.245253	0	T:10064.0(41.30%),B:6978.5(28.09%),P:1e-426	Tpos:54.8,Tstd:26.6,Bpos:49.9,Bstd:31.4,StrandBias:2.3,Multiplicity:1.48
0.011	0.802	0.001	0.186
0.149	0.849	0.001	0.001
0.388	0.464	0.147	0.001
0.457	0.308	0.085	0.151
0.159	0.233	0.001	0.607
0.001	0.645	0.001	0.353
0.194	0.804	0.001	0.001
0.141	0.678	0.001	0.180
>CCGCCGCC	3-CCGCCGCC	3.016131	-717.005723	0	T:15085.0(61.91%),B:12391.7(49.87%),P:1e-311	Tpos:56.7,Tstd:27.6,Bpos:50.5,Bstd:30.6,StrandBias:1.2,Multiplicity:1.53
0.013	0.966	0.001	0.020
0.016	0.944	0.025	0.015
0.141	0.023	0.806	0.030
0.001	0.949	0.014	0.036
0.084	0.882	0.001	0.033
0.036	0.001	0.808	0.155
0.001	0.970	0.028	0.001
0.048	0.895	0.001	0.056
>YCTCTCTC	4-YCTCTCTC	4.493782	-670.093100	0	T:11330.0(46.50%),B:8726.1(35.12%),P:1e-291	Tpos:55.9,Tstd:26.6,Bpos:50.3,Bstd:32.6,StrandBias:1.5,Multiplicity:1.33
0.122	0.363	0.160	0.355
0.019	0.744	0.104	0.133
0.175	0.252	0.077	0.496
0.019	0.761	0.141	0.079
0.187	0.081	0.120	0.612
0.021	0.886	0.027	0.066
0.137	0.090	0.161	0.612
0.049	0.648	0.028	0.275
>TCTCGTCT	5-TCTCGTCT	4.786530	-575.486529	0	T:6865.0(28.17%),B:4772.0(19.21%),P:1e-249	Tpos:52.7,Tstd:27.4,Bpos:49.6,Bstd:29.9,StrandBias:1.0,Multiplicity:1.15
0.077	0.192	0.068	0.663
0.070	0.754	0.070	0.106
0.054	0.170	0.089	0.687
0.054	0.841	0.082	0.023
0.120	0.024	0.776	0.080
0.112	0.107	0.032	0.749
0.131	0.739	0.042	0.088
0.121	0.065	0.021	0.793
>AAAMCCCA	6-AAAMCCCA	7.534594	-543.657707	0	T:2027.0(8.32%),B:923.5(3.72%),P:1e-236	Tpos:50.9,Tstd:25.7,Bpos:51.5,Bstd:33.3,StrandBias:1.8,Multiplicity:1.06
0.997	0.001	0.001	0.001
0.997	0.001	0.001	0.001
0.997	0.001	0.001	0.001
0.481	0.517	0.001	0.001
0.001	0.997	0.001	0.001
0.221	0.777	0.001	0.001
0.287	0.507	0.001	0.205
0.512	0.351	0.136	0.001
>AAKCRAAC	7-AAKCRAAC	5.162472	-496.338950	0	T:7432.0(30.50%),B:5429.1(21.85%),P:1e-215	Tpos:50.5,Tstd:27.4,Bpos:49.8,Bstd:30.9,StrandBias:0.2,Multiplicity:1.25
0.976	0.001	0.022	0.001
0.997	0.001	0.001	0.001
0.165	0.168	0.355	0.313
0.001	0.449	0.297	0.253
0.410	0.145	0.417	0.028
0.937	0.061	0.001	0.001
0.658	0.030	0.230	0.082
0.001	0.621	0.234	0.144
>TTATAAAG	8-TTATAAAG	8.658374	-433.445433	0	T:602.0(2.47%),B:140.9(0.57%),P:1e-188	Tpos:34.0,Tstd:13.5,Bpos:60.6,Bstd:31.6,StrandBias:0.2,Multiplicity:1.00
0.005	0.137	0.001	0.857
0.001	0.001	0.001	0.997
0.997	0.001	0.001	0.001
0.001	0.001	0.001	0.997
0.997	0.001	0.001	0.001
0.653	0.001	0.001	0.345
0.997	0.001	0.001	0.001
0.001	0.001	0.997	0.001
>ACACACAC	9-ACACACAC	5.098455	-405.149931	0	T:4563.0(18.73%),B:3073.5(12.37%),P:1e-175	Tpos:53.4,Tstd:26.9,Bpos:50.8,Bstd:29.4,StrandBias:1.6,Multiplicity:1.13
0.812	0.094	0.056	0.038
0.077	0.785	0.091	0.047
0.633	0.181	0.138	0.048
0.065	0.841	0.068	0.026
0.751	0.104	0.116	0.029
0.100	0.732	0.124	0.044
0.637	0.197	0.130	0.036
0.068	0.809	0.111	0.012
>GTGCTGTG	10-GTGCTGTG	6.602560	-361.582274	0	T:1952.0(8.01%),B:1036.0(4.17%),P:1e-157	Tpos:53.8,Tstd:27.4,Bpos:51.3,Bstd:29.2,StrandBias:-1.2,Multiplicity:1.07
0.041	0.001	0.932	0.026
0.057	0.001	0.029	0.913
0.001	0.012	0.986	0.001
0.059	0.797	0.121	0.023
0.167	0.166	0.073	0.594
0.001	0.022	0.976	0.001
0.001	0.001	0.001	0.997
0.069	0.014	0.916	0.001
>TATAARTA	11-TATAARTA	7.745242	-355.740873	0	T:846.0(3.47%),B:298.6(1.20%),P:1e-154	Tpos:35.3,Tstd:17.3,Bpos:49.2,Bstd:33.2,StrandBias:1.6,Multiplicity:1.00
0.198	0.001	0.092	0.709
0.907	0.001	0.001	0.091
0.001	0.406	0.001	0.592
0.819	0.001	0.179	0.001
0.997	0.001	0.001	0.001
0.422	0.093	0.483	0.001
0.001	0.202	0.001	0.796
0.703	0.001	0.295	0.001
>CACCCACY	12-CACCCACY	7.200515	-353.076403	0	T:2204.0(9.05%),B:1234.9(4.97%),P:1e-153	Tpos:52.8,Tstd:28.8,Bpos:50.2,Bstd:30.2,StrandBias:1.7,Multiplicity:1.05
0.350	0.648	0.001	0.001
0.826	0.001	0.001	0.172
0.005	0.838	0.001	0.156
0.001	0.997	0.001	0.001
0.170	0.509	0.001	0.320
0.997	0.001	0.001	0.001
0.001	0.997	0.001	0.001
0.001	0.501	0.001	0.497
>TCCACTCC	13-TCCACTCC	7.508197	-348.805124	0	T:1924.0(7.90%),B:1029.7(4.14%),P:1e-151	Tpos:54.4,Tstd:27.4,Bpos:50.7,Bstd:30.6,StrandBias:1.5,Multiplicity:1.04
0.128	0.001	0.072	0.799
0.001	0.836	0.001	0.162
0.007	0.742	0.250	0.001
0.677	0.140	0.172	0.011
0.001	0.859	0.139	0.001
0.001	0.001	0.083	0.915
0.001	0.892	0.001	0.106
0.001	0.995	0.001	0.003
>DGCCTGCC	14-DGCCTGCC	3.780972	-219.006510	0	T:1728.0(7.09%),B:1038.0(4.18%),P:1e-95	Tpos:51.7,Tstd:27.6,Bpos:50.7,Bstd:27.8,StrandBias:0.0,Multiplicity:1.08
0.355	0.001	0.313	0.331
0.001	0.001	0.997	0.001
0.001	0.997	0.001	0.001
0.001	0.997	0.001	0.001
0.001	0.001	0.001	0.997
0.001	0.001	0.997	0.001
0.001	0.704	0.001	0.294
0.001	0.965	0.033	0.001
>TCGCATCG	15-TCGCATCG	7.317692	-187.574648	0	T:735.0(3.02%),B:339.2(1.36%),P:1e-81	Tpos:54.4,Tstd:28.1,Bpos:50.5,Bstd:28.4,StrandBias:1.0,Multiplicity:1.02
0.153	0.001	0.001	0.845
0.001	0.997	0.001	0.001
0.001	0.001	0.997	0.001
0.001	0.997	0.001	0.001
0.709	0.153	0.001	0.137
0.001	0.001	0.001	0.997
0.001	0.997	0.001	0.001
0.001	0.001	0.997	0.001
>CAAAACCC	16-CAAAACCC	8.236954	-183.834122	0	T:327.0(1.34%),B:94.3(0.38%),P:1e-79	Tpos:49.5,Tstd:29.5,Bpos:43.8,Bstd:30.4,StrandBias:2.2,Multiplicity:1.00
0.100	0.700	0.100	0.100
0.700	0.100	0.100	0.100
0.700	0.100	0.100	0.100
0.700	0.100	0.100	0.100
0.700	0.100	0.100	0.100
0.100	0.700	0.100	0.100
0.100	0.700	0.100	0.100
0.100	0.700	0.100	0.100
>GACTGACG	17-GACTGACG	6.942112	-180.543707	0	T:939.0(3.85%),B:488.6(1.97%),P:1e-78	Tpos:51.2,Tstd:27.5,Bpos:49.2,Bstd:26.6,StrandBias:-1.3,Multiplicity:1.07
0.023	0.001	0.954	0.022
0.984	0.001	0.014	0.001
0.030	0.931	0.023	0.016
0.001	0.014	0.264	0.721
0.023	0.001	0.975	0.001
0.863	0.065	0.071	0.001
0.001	0.805	0.082	0.112
0.037	0.017	0.782	0.164
>TACTACTA	18-TACTACTA	6.622715	-162.052859	0	T:770.0(3.16%),B:386.6(1.56%),P:1e-70	Tpos:43.7,Tstd:25.7,Bpos:50.9,Bstd:28.6,StrandBias:0.3,Multiplicity:1.05
0.018	0.024	0.051	0.907
0.827	0.112	0.039	0.022
0.010	0.915	0.064	0.011
0.017	0.044	0.001	0.938
0.902	0.001	0.096	0.001
0.001	0.903	0.095	0.001
0.047	0.037	0.001	0.915
0.899	0.001	0.050	0.050
>CATCCATC	19-CATCCATC	8.059669	-138.906644	0	T:663.0(2.72%),B:333.9(1.34%),P:1e-60	Tpos:55.9,Tstd:26.6,Bpos:48.1,Bstd:21.7,StrandBias:1.8,Multiplicity:1.09
0.001	0.884	0.114	0.001
0.997	0.001	0.001	0.001
0.001	0.001	0.001	0.997
0.001	0.853	0.001	0.145
0.088	0.721	0.126	0.065
0.997	0.001	0.001	0.001
0.001	0.001	0.001	0.997
0.001	0.997	0.001	0.001
>CTTCCTTC	20-CTTCCTTC	8.932863	-126.130974	0	T:688.0(2.82%),B:364.7(1.47%),P:1e-54	Tpos:55.5,Tstd:27.5,Bpos:45.4,Bstd:29.2,StrandBias:1.3,Multiplicity:1.03
0.001	0.829	0.001	0.169
0.001	0.001	0.001	0.997
0.142	0.001	0.001	0.856
0.001	0.997	0.001	0.001
0.001	0.997	0.001	0.001
0.001	0.001	0.001	0.997
0.001	0.001	0.001	0.997
0.001	0.997	0.001	0.001
>TCGCAGTC	21-TCGCAGTC	6.700079	-118.108591	0	T:643.0(2.64%),B:340.2(1.37%),P:1e-51	Tpos:54.4,Tstd:27.2,Bpos:50.2,Bstd:30.7,StrandBias:0.9,Multiplicity:1.01
0.001	0.097	0.001	0.901
0.001	0.997	0.001	0.001
0.116	0.001	0.882	0.001
0.001	0.914	0.001	0.084
0.997	0.001	0.001	0.001
0.001	0.001	0.867	0.131
0.001	0.001	0.055	0.943
0.001	0.859	0.001	0.139
>TAGCTAGC	22-TAGCTAGC	7.108985	-113.097156	0	T:817.0(3.35%),B:476.9(1.92%),P:1e-49	Tpos:56.0,Tstd:28.7,Bpos:50.3,Bstd:29.5,StrandBias:0.0,Multiplicity:1.16
0.001	0.119	0.025	0.855
0.997	0.001	0.001	0.001
0.012	0.001	0.986	0.001
0.018	0.902	0.048	0.032
0.016	0.001	0.011	0.972
0.959	0.001	0.039	0.001
0.014	0.074	0.911	0.001
0.049	0.817	0.078	0.056
>ACCAAACC	23-ACCAAACC	8.236954	-98.984979	0	T:233.0(0.96%),B:82.2(0.33%),P:1e-42	Tpos:57.5,Tstd:28.6,Bpos:42.0,Bstd:22.9,StrandBias:1.5,Multiplicity:1.00
0.700	0.100	0.100	0.100
0.100	0.700	0.100	0.100
0.100	0.700	0.100	0.100
0.700	0.100	0.100	0.100
0.700	0.100	0.100	0.100
0.700	0.100	0.100	0.100
0.100	0.700	0.100	0.100
0.100	0.700	0.100	0.100
>CATTCGCA	24-CATTCGCA	5.399963	-96.131665	0	T:504.0(2.07%),B:263.3(1.06%),P:1e-41	Tpos:53.4,Tstd:27.3,Bpos:55.7,Bstd:29.6,StrandBias:0.7,Multiplicity:1.03
0.043	0.955	0.001	0.001
0.997	0.001	0.001	0.001
0.001	0.133	0.001	0.865
0.001	0.001	0.001	0.997
0.001	0.971	0.001	0.027
0.001	0.001	0.997	0.001
0.001	0.997	0.001	0.001
0.997	0.001	0.001	0.001
>TTCCCGTT	25-TTCCCGTT	8.236954	-44.546340	0	T:109.0(0.45%),B:40.1(0.16%),P:1e-19	Tpos:48.2,Tstd:26.5,Bpos:73.4,Bstd:25.8,StrandBias:1.3,Multiplicity:1.00
0.100	0.100	0.100	0.700
0.100	0.100	0.100	0.700
0.100	0.700	0.100	0.100
0.100	0.700	0.100	0.100
0.100	0.700	0.100	0.100
0.100	0.100	0.700	0.100
0.100	0.100	0.100	0.700
0.100	0.100	0.100	0.700
