>TATATADASV	1-TATATADASV	5.989071	-1964.273725	0	T:3817.0(15.67%),B:1220.9(4.92%),P:1e-853	Tpos:31.0,Tstd:9.5,Bpos:49.5,Bstd:35.1,StrandBias:-0.2,Multiplicity:1.57
0.014	0.031	0.036	0.919
0.694	0.031	0.004	0.271
0.081	0.023	0.002	0.894
0.880	0.004	0.003	0.113
0.202	0.013	0.012	0.773
0.935	0.006	0.052	0.007
0.209	0.133	0.310	0.348
0.432	0.212	0.243	0.113
0.184	0.384	0.297	0.135
0.238	0.295	0.363	0.104
>CYTCCCKTCC	2-CYTCCCKTCC	4.777023	-1056.739254	0	T:12917.0(53.01%),B:9555.1(38.49%),P:1e-458	Tpos:54.3,Tstd:27.1,Bpos:50.0,Bstd:31.3,StrandBias:1.4,Multiplicity:1.28
0.130	0.480	0.198	0.192
0.112	0.349	0.162	0.377
0.001	0.242	0.225	0.532
0.001	0.528	0.095	0.376
0.001	0.833	0.165	0.001
0.246	0.491	0.216	0.048
0.136	0.220	0.252	0.392
0.001	0.001	0.206	0.792
0.001	0.603	0.001	0.395
0.032	0.813	0.071	0.084
>CCCMMCCCCC	3-CCCMMCCCCC	4.783091	-1034.477853	0	T:10319.0(42.35%),B:7125.1(28.70%),P:1e-449	Tpos:54.5,Tstd:25.7,Bpos:49.5,Bstd:30.2,StrandBias:2.5,Multiplicity:1.38
0.196	0.649	0.001	0.154
0.188	0.810	0.001	0.001
0.330	0.652	0.017	0.001
0.412	0.369	0.119	0.100
0.309	0.433	0.027	0.232
0.244	0.547	0.001	0.208
0.234	0.684	0.011	0.071
0.287	0.647	0.013	0.053
0.299	0.661	0.001	0.039
0.313	0.586	0.001	0.100
>KCTATWTATA	4-KCTATWTATA	7.211306	-1019.973973	0	T:1935.0(7.94%),B:591.2(2.38%),P:1e-442	Tpos:34.4,Tstd:15.9,Bpos:51.2,Bstd:33.4,StrandBias:0.1,Multiplicity:1.01
0.001	0.262	0.323	0.415
0.001	0.675	0.323	0.001
0.135	0.189	0.001	0.675
0.997	0.001	0.001	0.001
0.001	0.162	0.001	0.836
0.385	0.104	0.001	0.510
0.394	0.006	0.005	0.595
0.696	0.023	0.258	0.023
0.001	0.001	0.001	0.997
0.665	0.155	0.001	0.179
>CTCTCCTCTC	5-CTCTCCTCTC	4.837547	-895.443758	0	T:10849.0(44.53%),B:7842.9(31.59%),P:1e-388	Tpos:56.9,Tstd:25.9,Bpos:49.6,Bstd:32.8,StrandBias:1.6,Multiplicity:1.45
0.077	0.671	0.121	0.131
0.094	0.115	0.089	0.702
0.053	0.759	0.084	0.104
0.062	0.130	0.146	0.662
0.060	0.723	0.080	0.137
0.088	0.636	0.149	0.127
0.114	0.127	0.119	0.640
0.050	0.749	0.091	0.110
0.080	0.114	0.097	0.709
0.045	0.750	0.074	0.131
>GCGGCGGCCG	6-GCGGCGGCCG	6.579798	-452.144210	0	T:4855.0(19.93%),B:3239.8(13.05%),P:1e-196	Tpos:58.6,Tstd:26.6,Bpos:50.1,Bstd:31.4,StrandBias:-0.7,Multiplicity:1.16
0.009	0.142	0.831	0.018
0.212	0.600	0.177	0.011
0.211	0.112	0.601	0.076
0.099	0.016	0.879	0.006
0.034	0.964	0.001	0.001
0.048	0.154	0.664	0.134
0.018	0.014	0.967	0.001
0.067	0.605	0.297	0.031
0.046	0.545	0.389	0.020
0.074	0.051	0.843	0.032
>MAAACAAAAC	7-MAAACAAAAC	6.001119	-360.205465	0	T:3759.0(15.43%),B:2469.2(9.95%),P:1e-156	Tpos:49.8,Tstd:26.7,Bpos:50.3,Bstd:32.9,StrandBias:1.1,Multiplicity:1.13
0.288	0.434	0.175	0.103
0.861	0.016	0.122	0.001
0.952	0.027	0.018	0.003
0.511	0.155	0.252	0.082
0.027	0.605	0.274	0.094
0.572	0.304	0.123	0.001
0.839	0.001	0.159	0.001
0.834	0.111	0.044	0.011
0.489	0.165	0.262	0.083
0.319	0.581	0.094	0.006
>AAAACCCTAG	8-AAAACCCTAG	8.391879	-357.106909	0	T:750.0(3.08%),B:244.0(0.98%),P:1e-155	Tpos:53.9,Tstd:26.7,Bpos:47.3,Bstd:30.3,StrandBias:1.0,Multiplicity:1.02
0.608	0.120	0.176	0.096
0.995	0.001	0.001	0.003
0.997	0.001	0.001	0.001
0.992	0.006	0.001	0.001
0.001	0.997	0.001	0.001
0.001	0.997	0.001	0.001
0.001	0.997	0.001	0.001
0.001	0.031	0.011	0.957
0.852	0.128	0.001	0.019
0.139	0.103	0.757	0.001
>ACACACACAC	9-ACACACACAC	6.081141	-340.838339	0	T:1889.0(7.75%),B:1011.9(4.08%),P:1e-148	Tpos:55.1,Tstd:26.7,Bpos:50.8,Bstd:28.0,StrandBias:1.3,Multiplicity:1.05
0.641	0.090	0.149	0.120
0.090	0.728	0.146	0.036
0.670	0.028	0.197	0.105
0.111	0.702	0.151	0.036
0.631	0.043	0.234	0.092
0.074	0.744	0.157	0.025
0.651	0.052	0.191	0.106
0.115	0.742	0.132	0.011
0.725	0.039	0.162	0.074
0.098	0.716	0.156	0.030
>TCTCTCTCTC	10-TCTCTCTCTC	7.156729	-275.851758	0	T:1820.0(7.47%),B:1034.3(4.17%),P:1e-119	Tpos:56.4,Tstd:27.6,Bpos:50.1,Bstd:34.6,StrandBias:1.3,Multiplicity:1.03
0.074	0.086	0.104	0.736
0.040	0.855	0.061	0.044
0.078	0.094	0.120	0.708
0.055	0.825	0.055	0.065
0.053	0.059	0.062	0.826
0.046	0.836	0.053	0.065
0.045	0.071	0.118	0.766
0.070	0.816	0.044	0.070
0.039	0.077	0.110	0.774
0.059	0.857	0.033	0.051
>TCGTCGTCTY	11-TCGTCGTCTY	7.626626	-248.911044	0	T:1417.0(5.82%),B:763.6(3.08%),P:1e-108	Tpos:56.1,Tstd:27.6,Bpos:47.9,Bstd:28.5,StrandBias:1.3,Multiplicity:1.02
0.001	0.183	0.055	0.761
0.020	0.886	0.016	0.078
0.032	0.080	0.738	0.150
0.001	0.349	0.019	0.631
0.001	0.966	0.024	0.009
0.067	0.074	0.789	0.070
0.001	0.031	0.136	0.832
0.001	0.917	0.063	0.019
0.051	0.101	0.111	0.737
0.078	0.370	0.040	0.512
>GCACAGCACC	12-GCACAGCACC	7.294920	-244.088643	0	T:1537.0(6.31%),B:858.3(3.46%),P:1e-106	Tpos:56.4,Tstd:26.9,Bpos:51.4,Bstd:29.2,StrandBias:0.6,Multiplicity:1.07
0.071	0.061	0.813	0.055
0.052	0.946	0.001	0.001
0.807	0.097	0.001	0.095
0.071	0.638	0.249	0.042
0.542	0.313	0.020	0.125
0.001	0.001	0.939	0.059
0.012	0.986	0.001	0.001
0.867	0.086	0.046	0.001
0.249	0.470	0.235	0.046
0.280	0.527	0.035	0.158
>CAANTCMCAA	13-CAANTCMCAA	7.183975	-225.589881	0	T:620.0(2.54%),B:238.8(0.96%),P:1e-97	Tpos:53.2,Tstd:26.4,Bpos:50.1,Bstd:25.1,StrandBias:0.9,Multiplicity:1.03
0.283	0.705	0.011	0.001
0.933	0.026	0.021	0.020
0.693	0.094	0.107	0.106
0.216	0.252	0.211	0.321
0.198	0.033	0.071	0.698
0.112	0.605	0.154	0.129
0.401	0.300	0.222	0.077
0.221	0.653	0.090	0.036
0.692	0.244	0.063	0.001
0.751	0.191	0.001	0.057
>TACTAGTAGT	14-TACTAGTAGT	5.592404	-213.762186	0	T:1409.0(5.78%),B:798.1(3.21%),P:1e-92	Tpos:46.5,Tstd:25.7,Bpos:49.9,Bstd:27.5,StrandBias:-0.1,Multiplicity:1.06
0.059	0.166	0.100	0.675
0.638	0.078	0.171	0.113
0.026	0.576	0.317	0.081
0.070	0.076	0.032	0.822
0.744	0.046	0.107	0.103
0.048	0.319	0.620	0.013
0.020	0.160	0.021	0.799
0.769	0.057	0.094	0.080
0.033	0.284	0.615	0.068
0.163	0.268	0.083	0.486
>CCACAGCCCA	15-CCACAGCCCA	8.069287	-181.471170	0	T:858.0(3.52%),B:429.5(1.73%),P:1e-78	Tpos:47.7,Tstd:28.0,Bpos:51.5,Bstd:29.8,StrandBias:1.2,Multiplicity:1.03
0.169	0.829	0.001	0.001
0.086	0.855	0.058	0.001
0.583	0.119	0.259	0.039
0.283	0.715	0.001	0.001
0.672	0.152	0.175	0.001
0.001	0.001	0.997	0.001
0.066	0.564	0.242	0.128
0.001	0.966	0.001	0.032
0.001	0.909	0.089	0.001
0.671	0.001	0.283	0.045
>TGCCGCCTGC	16-TGCCGCCTGC	7.390630	-173.623733	0	T:850.0(3.49%),B:431.6(1.74%),P:1e-75	Tpos:54.6,Tstd:26.2,Bpos:49.7,Bstd:26.9,StrandBias:-0.1,Multiplicity:1.02
0.001	0.064	0.001	0.934
0.034	0.045	0.887	0.034
0.015	0.945	0.020	0.020
0.033	0.765	0.145	0.057
0.001	0.001	0.997	0.001
0.049	0.723	0.144	0.084
0.034	0.942	0.001	0.023
0.033	0.001	0.001	0.965
0.024	0.033	0.885	0.058
0.007	0.991	0.001	0.001
>CCTTATCWTC	17-CCTTATCWTC	9.697484	-159.035055	0	T:194.0(0.80%),B:40.4(0.16%),P:1e-69	Tpos:48.0,Tstd:23.6,Bpos:47.8,Bstd:20.3,StrandBias:1.8,Multiplicity:1.00
0.001	0.997	0.001	0.001
0.001	0.662	0.001	0.336
0.001	0.001	0.001	0.997
0.001	0.001	0.324	0.674
0.997	0.001	0.001	0.001
0.001	0.001	0.001	0.997
0.001	0.997	0.001	0.001
0.386	0.212	0.002	0.400
0.257	0.294	0.001	0.448
0.001	0.642	0.001	0.356
>CAGTCAGTCA	18-CAGTCAGTCA	7.762332	-142.539794	0	T:460.0(1.89%),B:193.5(0.78%),P:1e-61	Tpos:50.1,Tstd:27.1,Bpos:50.1,Bstd:26.9,StrandBias:1.1,Multiplicity:1.01
0.034	0.889	0.045	0.032
0.846	0.028	0.086	0.040
0.166	0.051	0.725	0.058
0.084	0.205	0.079	0.632
0.008	0.929	0.042	0.021
0.826	0.071	0.035	0.068
0.199	0.081	0.655	0.065
0.063	0.104	0.080	0.753
0.013	0.882	0.074	0.031
0.862	0.018	0.050	0.070
>CTAGCTAGCT	19-CTAGCTAGCT	7.601301	-138.558027	0	T:607.0(2.49%),B:294.3(1.19%),P:1e-60	Tpos:58.8,Tstd:27.8,Bpos:48.5,Bstd:30.2,StrandBias:0.0,Multiplicity:1.03
0.086	0.783	0.081	0.050
0.105	0.065	0.073	0.757
0.699	0.089	0.093	0.119
0.038	0.036	0.913	0.013
0.025	0.887	0.043	0.045
0.112	0.081	0.017	0.790
0.709	0.089	0.070	0.132
0.026	0.063	0.883	0.028
0.071	0.822	0.034	0.073
0.099	0.084	0.059	0.758
>MTGGATGRAK	20-MTGGATGRAK	7.519492	-137.424191	0	T:289.0(1.19%),B:94.0(0.38%),P:1e-59	Tpos:49.9,Tstd:27.3,Bpos:47.3,Bstd:22.8,StrandBias:-2.0,Multiplicity:1.01
0.537	0.408	0.029	0.026
0.011	0.018	0.368	0.603
0.078	0.264	0.620	0.038
0.381	0.038	0.575	0.006
0.790	0.032	0.055	0.123
0.154	0.017	0.078	0.751
0.292	0.057	0.618	0.033
0.426	0.023	0.509	0.042
0.478	0.040	0.206	0.275
0.112	0.204	0.267	0.416
>TGATGAGTGA	21-TGATGAGTGA	7.680418	-134.249205	0	T:483.0(1.98%),B:214.2(0.86%),P:1e-58	Tpos:53.2,Tstd:26.0,Bpos:54.6,Bstd:26.0,StrandBias:-1.4,Multiplicity:1.03
0.002	0.001	0.107	0.890
0.001	0.001	0.997	0.001
0.835	0.038	0.126	0.001
0.089	0.223	0.056	0.632
0.006	0.039	0.899	0.056
0.930	0.068	0.001	0.001
0.079	0.087	0.660	0.174
0.025	0.194	0.096	0.685
0.001	0.001	0.859	0.139
0.618	0.132	0.063	0.187
>TCGCAGTCGC	22-TCGCAGTCGC	10.889476	-81.810115	0	T:85.0(0.35%),B:15.3(0.06%),P:1e-35	Tpos:54.8,Tstd:23.8,Bpos:55.2,Bstd:27.9,StrandBias:1.1,Multiplicity:1.01
0.136	0.001	0.001	0.862
0.012	0.986	0.001	0.001
0.001	0.001	0.997	0.001
0.001	0.997	0.001	0.001
0.997	0.001	0.001	0.001
0.001	0.001	0.997	0.001
0.001	0.001	0.001	0.997
0.001	0.997	0.001	0.001
0.001	0.001	0.839	0.159
0.001	0.925	0.001	0.073
>ATTATAAYAA	23-ATTATAAYAA	9.728602	-76.405701	0	T:47.0(0.19%),B:4.2(0.02%),P:1e-33	Tpos:32.5,Tstd:21.8,Bpos:66.2,Bstd:10.1,StrandBias:0.3,Multiplicity:1.00
0.751	0.037	0.196	0.016
0.001	0.001	0.001	0.997
0.001	0.001	0.001	0.997
0.709	0.001	0.289	0.001
0.001	0.001	0.154	0.844
0.997	0.001	0.001	0.001
0.997	0.001	0.001	0.001
0.123	0.354	0.030	0.494
0.514	0.298	0.153	0.035
0.601	0.001	0.214	0.184
>CCTCCGTCTC	24-CCTCCGTCTC	10.296193	-55.381757	0	T:54.0(0.22%),B:9.9(0.04%),P:1e-24	Tpos:61.8,Tstd:28.5,Bpos:34.7,Bstd:18.8,StrandBias:2.6,Multiplicity:1.00
0.100	0.700	0.100	0.100
0.100	0.700	0.100	0.100
0.100	0.100	0.100	0.700
0.100	0.700	0.100	0.100
0.100	0.700	0.100	0.100
0.100	0.100	0.700	0.100
0.100	0.100	0.100	0.700
0.100	0.700	0.100	0.100
0.100	0.100	0.100	0.700
0.100	0.700	0.100	0.100
>GTGCATTGCA	25-GTGCATTGCA	10.323228	-53.183709	0	T:70.0(0.29%),B:17.0(0.07%),P:1e-23	Tpos:47.2,Tstd:30.5,Bpos:56.1,Bstd:16.8,StrandBias:0.3,Multiplicity:1.05
0.001	0.001	0.905	0.093
0.001	0.001	0.001	0.997
0.001	0.001	0.997	0.001
0.001	0.839	0.159	0.001
0.664	0.001	0.001	0.334
0.001	0.004	0.001	0.994
0.001	0.001	0.001	0.997
0.327	0.001	0.671	0.001
0.001	0.997	0.001	0.001
0.850	0.001	0.148	0.001
>BNNNTWTATAWA	1-BNNNTWTATAWA	5.279570	-1846.233863	0	T:4821.0(19.79%),B:1891.2(7.62%),P:1e-801	Tpos:31.4,Tstd:10.4,Bpos:50.7,Bstd:34.1,StrandBias:-0.0,Multiplicity:1.04
0.154	0.305	0.293	0.248
0.173	0.316	0.298	0.213
0.156	0.294	0.267	0.283
0.228	0.288	0.242	0.242
0.104	0.210	0.186	0.500
0.390	0.187	0.086	0.337
0.016	0.004	0.001	0.979
0.713	0.008	0.001	0.278
0.226	0.001	0.001	0.772
0.970	0.001	0.001	0.028
0.311	0.077	0.156	0.456
0.496	0.172	0.198	0.134
>CCCMCCCCCNCC	2-CCCMCCCCCNCC	4.669226	-1171.813600	0	T:12723.0(52.22%),B:9181.7(36.98%),P:1e-508	Tpos:56.4,Tstd:25.5,Bpos:49.9,Bstd:31.5,StrandBias:2.4,Multiplicity:1.53
0.070	0.665	0.081	0.184
0.115	0.726	0.061	0.098
0.141	0.719	0.058	0.082
0.271	0.385	0.151	0.192
0.134	0.580	0.074	0.212
0.117	0.669	0.074	0.140
0.156	0.562	0.124	0.158
0.094	0.738	0.085	0.083
0.141	0.729	0.042	0.088
0.275	0.301	0.155	0.270
0.064	0.741	0.074	0.121
0.066	0.826	0.034	0.074
>CCTTTCCWTTYC	3-CCTTTCCWTTYC	5.891577	-867.014790	0	T:7314.0(30.02%),B:4702.0(18.94%),P:1e-376	Tpos:53.8,Tstd:26.9,Bpos:50.2,Bstd:32.5,StrandBias:1.4,Multiplicity:1.11
0.030	0.626	0.149	0.195
0.128	0.489	0.134	0.249
0.206	0.180	0.223	0.390
0.066	0.311	0.063	0.560
0.007	0.114	0.030	0.849
0.001	0.651	0.077	0.271
0.003	0.965	0.024	0.008
0.381	0.122	0.187	0.310
0.075	0.154	0.190	0.581
0.002	0.254	0.005	0.739
0.009	0.432	0.128	0.431
0.029	0.807	0.043	0.121
>AAACCCWARCCN	4-AAACCCWARCCN	6.678643	-723.958181	0	T:2780.0(11.41%),B:1293.7(5.21%),P:1e-314	Tpos:53.7,Tstd:25.3,Bpos:47.9,Bstd:30.4,StrandBias:1.7,Multiplicity:1.06
0.630	0.176	0.121	0.073
0.997	0.001	0.001	0.001
0.959	0.018	0.011	0.012
0.293	0.512	0.042	0.153
0.006	0.992	0.001	0.001
0.003	0.864	0.132	0.001
0.458	0.098	0.087	0.356
0.556	0.259	0.096	0.089
0.294	0.216	0.382	0.108
0.171	0.519	0.159	0.151
0.193	0.459	0.191	0.157
0.248	0.318	0.246	0.189
>CTCGTCTCGTCT	5-CTCGTCTCGTCT	-6.688793	-710.696998	0	T:7805.0(32.03%),B:5370.3(21.63%),P:1e-308	Tpos:55.5,Tstd:25.9,Bpos:49.0,Bstd:30.8,StrandBias:1.2,Multiplicity:1.14
0.001	0.997	0.001	0.001
0.001	0.001	0.001	0.997
0.001	0.997	0.001	0.001
0.001	0.049	0.925	0.025
0.001	0.077	0.008	0.914
0.001	0.997	0.001	0.001
0.001	0.001	0.001	0.997
0.001	0.997	0.001	0.001
0.001	0.001	0.973	0.025
0.001	0.076	0.001	0.922
0.001	0.997	0.001	0.001
0.001	0.001	0.001	0.997
>CTCBCTCTCTCT	6-CTCBCTCTCTCT	5.508328	-468.309555	0	T:4975.0(20.42%),B:3314.8(13.35%),P:1e-203	Tpos:57.5,Tstd:26.5,Bpos:51.5,Bstd:33.8,StrandBias:1.2,Multiplicity:1.06
0.119	0.567	0.136	0.178
0.106	0.144	0.148	0.602
0.092	0.606	0.138	0.164
0.068	0.357	0.229	0.347
0.112	0.616	0.120	0.152
0.106	0.151	0.154	0.589
0.088	0.617	0.139	0.156
0.099	0.163	0.157	0.581
0.090	0.638	0.124	0.148
0.096	0.162	0.164	0.578
0.093	0.632	0.123	0.152
0.095	0.226	0.232	0.447
>CACACACACACV	7-CACACACACACV	5.513978	-460.628235	0	T:2615.0(10.73%),B:1421.6(5.73%),P:1e-200	Tpos:56.3,Tstd:25.5,Bpos:51.8,Bstd:27.0,StrandBias:1.6,Multiplicity:1.06
0.231	0.498	0.216	0.055
0.573	0.131	0.172	0.124
0.139	0.668	0.149	0.044
0.621	0.085	0.187	0.107
0.192	0.599	0.175	0.034
0.597	0.077	0.210	0.116
0.170	0.634	0.173	0.023
0.585	0.083	0.209	0.123
0.183	0.625	0.159	0.033
0.592	0.123	0.173	0.112
0.158	0.626	0.154	0.062
0.377	0.251	0.270	0.102
>CTGCCTGCCTGC	8-CTGCCTGCCTGC	7.800055	-251.011862	0	T:1367.0(5.61%),B:724.8(2.92%),P:1e-109	Tpos:54.8,Tstd:27.4,Bpos:51.3,Bstd:31.1,StrandBias:0.2,Multiplicity:1.02
0.021	0.836	0.062	0.081
0.083	0.223	0.067	0.627
0.023	0.065	0.796	0.116
0.019	0.688	0.223	0.070
0.030	0.803	0.064	0.103
0.049	0.108	0.268	0.575
0.014	0.035	0.830	0.121
0.019	0.877	0.089	0.015
0.020	0.797	0.051	0.132
0.067	0.113	0.229	0.591
0.007	0.170	0.706	0.117
0.019	0.737	0.140	0.104
>TCSCGAGTCSCG	9-TCSCGAGTCSCG	8.475420	-245.905498	0	T:320.0(1.31%),B:70.0(0.28%),P:1e-106	Tpos:56.7,Tstd:26.6,Bpos:48.9,Bstd:34.6,StrandBias:0.8,Multiplicity:1.05
0.001	0.001	0.001	0.997
0.001	0.997	0.001	0.001
0.001	0.427	0.571	0.001
0.001	0.941	0.029	0.029
0.146	0.059	0.794	0.001
0.997	0.001	0.001	0.001
0.029	0.319	0.651	0.001
0.001	0.001	0.001	0.997
0.001	0.824	0.001	0.174
0.001	0.426	0.544	0.029
0.001	0.796	0.088	0.115
0.088	0.145	0.766	0.001
>TACTASTAGTAG	10-TACTASTAGTAG	5.792346	-210.552196	0	T:1042.0(4.28%),B:531.7(2.14%),P:1e-91	Tpos:45.8,Tstd:24.9,Bpos:50.6,Bstd:26.8,StrandBias:0.0,Multiplicity:1.05
0.111	0.093	0.091	0.705
0.713	0.079	0.114	0.094
0.096	0.580	0.225	0.099
0.093	0.098	0.059	0.750
0.738	0.075	0.096	0.091
0.076	0.427	0.425	0.072
0.079	0.102	0.066	0.753
0.771	0.057	0.091	0.081
0.078	0.282	0.574	0.066
0.082	0.316	0.054	0.548
0.728	0.082	0.089	0.101
0.123	0.240	0.541	0.096
>TGCTGTGCTGTG	11-TGCTGTGCTGTG	7.915948	-207.484255	0	T:788.0(3.23%),B:358.2(1.44%),P:1e-90	Tpos:57.1,Tstd:25.9,Bpos:47.5,Bstd:28.7,StrandBias:-1.0,Multiplicity:1.01
0.138	0.147	0.100	0.615
0.011	0.077	0.886	0.026
0.018	0.826	0.066	0.090
0.081	0.083	0.092	0.744
0.004	0.150	0.692	0.154
0.079	0.141	0.052	0.728
0.006	0.027	0.959	0.008
0.039	0.789	0.066	0.106
0.066	0.103	0.066	0.765
0.015	0.162	0.688	0.135
0.070	0.234	0.122	0.574
0.036	0.084	0.740	0.140
>CATCCATCCATC	12-CATCCATCCATC	9.368474	-178.538969	0	T:237.0(0.97%),B:53.4(0.22%),P:1e-77	Tpos:54.6,Tstd:26.3,Bpos:46.4,Bstd:22.8,StrandBias:2.2,Multiplicity:1.00
0.203	0.634	0.122	0.041
0.738	0.009	0.186	0.067
0.013	0.069	0.068	0.850
0.001	0.842	0.001	0.156
0.226	0.611	0.162	0.001
0.816	0.001	0.182	0.001
0.001	0.021	0.092	0.886
0.001	0.801	0.037	0.161
0.199	0.697	0.103	0.001
0.822	0.025	0.152	0.001
0.025	0.085	0.138	0.752
0.037	0.810	0.013	0.140
>TGCAGVCTGCAG	13-TGCAGVCTGCAG	9.524849	-170.996831	0	T:336.0(1.38%),B:104.8(0.42%),P:1e-74	Tpos:57.2,Tstd:23.7,Bpos:47.9,Bstd:25.4,StrandBias:-0.2,Multiplicity:1.01
0.013	0.024	0.013	0.950
0.025	0.132	0.756	0.087
0.019	0.746	0.203	0.032
0.578	0.045	0.169	0.208
0.016	0.026	0.949	0.009
0.292	0.286	0.302	0.120
0.022	0.921	0.048	0.009
0.009	0.033	0.022	0.936
0.012	0.153	0.748	0.087
0.006	0.800	0.162	0.032
0.593	0.023	0.185	0.199
0.009	0.093	0.889	0.009
>TSGCAGTBGCAG	14-TSGCAGTBGCAG	9.450769	-135.831170	0	T:337.0(1.38%),B:122.7(0.49%),P:1e-58	Tpos:56.5,Tstd:26.0,Bpos:50.1,Bstd:27.4,StrandBias:0.0,Multiplicity:1.08
0.089	0.087	0.001	0.823
0.009	0.425	0.347	0.219
0.009	0.216	0.774	0.001
0.001	0.815	0.183	0.001
0.929	0.026	0.044	0.001
0.001	0.350	0.648	0.001
0.001	0.159	0.026	0.814
0.001	0.405	0.257	0.337
0.001	0.233	0.765	0.001
0.009	0.798	0.192	0.001
0.981	0.001	0.001	0.017
0.044	0.295	0.660	0.001
>GCTAGCTAGCTA	15-GCTAGCTAGCTA	8.397699	-129.734294	0	T:467.0(1.92%),B:207.4(0.84%),P:1e-56	Tpos:59.0,Tstd:27.2,Bpos:46.5,Bstd:30.7,StrandBias:-0.1,Multiplicity:1.03
0.090	0.053	0.786	0.071
0.058	0.843	0.070	0.029
0.185	0.092	0.140	0.583
0.672	0.036	0.114	0.178
0.012	0.013	0.970	0.005
0.019	0.956	0.013	0.012
0.153	0.094	0.057	0.696
0.661	0.036	0.111	0.192
0.017	0.035	0.943	0.005
0.050	0.852	0.021	0.077
0.189	0.108	0.154	0.549
0.426	0.129	0.253	0.192
>GTCCTGAGTCCT	16-GTCCTGAGTCCT	9.949491	-119.987848	0	T:51.0(0.21%),B:2.8(0.01%),P:1e-52	Tpos:54.7,Tstd:24.1,Bpos:74.5,Bstd:15.1,StrandBias:0.8,Multiplicity:1.00
0.083	0.105	0.763	0.049
0.068	0.083	0.069	0.780
0.083	0.791	0.042	0.084
0.001	0.917	0.020	0.062
0.062	0.083	0.001	0.854
0.001	0.062	0.875	0.062
0.848	0.042	0.068	0.042
0.063	0.055	0.840	0.042
0.062	0.006	0.083	0.849
0.083	0.854	0.001	0.062
0.001	0.890	0.108	0.001
0.063	0.062	0.061	0.814
>TTATCTTCTYCC	17-TTATCTTCTYCC	11.797153	-116.070795	0	T:67.0(0.27%),B:5.8(0.02%),P:1e-50	Tpos:48.5,Tstd:23.5,Bpos:67.4,Bstd:10.5,StrandBias:2.4,Multiplicity:1.00
0.001	0.026	0.001	0.972
0.001	0.026	0.001	0.972
0.849	0.003	0.080	0.068
0.027	0.080	0.001	0.892
0.001	0.972	0.001	0.026
0.027	0.027	0.027	0.919
0.001	0.001	0.026	0.972
0.001	0.997	0.001	0.001
0.001	0.001	0.001	0.997
0.027	0.522	0.001	0.450
0.001	0.972	0.001	0.026
0.001	0.945	0.027	0.027
>CATCACTCATCA	18-CATCACTCATCA	8.315821	-97.017912	0	T:55.0(0.23%),B:4.2(0.02%),P:1e-42	Tpos:53.6,Tstd:25.8,Bpos:45.6,Bstd:6.8,StrandBias:3.5,Multiplicity:1.00
0.137	0.594	0.169	0.100
0.555	0.170	0.118	0.157
0.151	0.249	0.198	0.402
0.073	0.738	0.116	0.073
0.618	0.095	0.120	0.167
0.163	0.500	0.183	0.154
0.132	0.173	0.168	0.527
0.092	0.658	0.173	0.077
0.586	0.151	0.117	0.146
0.140	0.263	0.170	0.428
0.100	0.818	0.041	0.041
0.491	0.208	0.152	0.149
>STTCCGACTTCC	19-STTCCGACTTCC	11.449165	-83.443611	0	T:45.0(0.18%),B:3.5(0.01%),P:1e-36	Tpos:58.1,Tstd:26.6,Bpos:76.0,Bstd:0.0,StrandBias:1.4,Multiplicity:1.06
0.018	0.539	0.425	0.018
0.001	0.031	0.001	0.967
0.031	0.001	0.001	0.967
0.001	0.937	0.031	0.031
0.032	0.873	0.063	0.032
0.267	0.001	0.701	0.031
0.873	0.032	0.063	0.032
0.001	0.937	0.031	0.031
0.031	0.001	0.031	0.937
0.001	0.001	0.062	0.936
0.001	0.936	0.001	0.062
0.001	0.997	0.001	0.001
>ACGCATCGCATC	20-ACGCATCGCATC	11.602362	-66.875291	0	T:47.0(0.19%),B:5.3(0.02%),P:1e-29	Tpos:56.9,Tstd:26.6,Bpos:41.7,Bstd:17.8,StrandBias:1.2,Multiplicity:1.00
0.581	0.001	0.258	0.160
0.001	0.997	0.001	0.001
0.001	0.294	0.704	0.001
0.001	0.997	0.001	0.001
0.773	0.061	0.165	0.001
0.061	0.001	0.001	0.937
0.001	0.997	0.001	0.001
0.001	0.001	0.997	0.001
0.001	0.889	0.055	0.055
0.882	0.001	0.001	0.116
0.116	0.001	0.001	0.882
0.001	0.889	0.055	0.055
>YYAGCTWAGCTA	21-YYAGCTWAGCTA	11.112832	-57.951597	0	T:43.0(0.18%),B:6.0(0.02%),P:1e-25	Tpos:70.4,Tstd:22.3,Bpos:52.2,Bstd:14.2,StrandBias:-0.2,Multiplicity:1.00
0.160	0.392	0.189	0.259
0.203	0.247	0.163	0.387
0.997	0.001	0.001	0.001
0.001	0.001	0.997	0.001
0.001	0.929	0.001	0.069
0.001	0.163	0.001	0.835
0.555	0.001	0.001	0.443
0.905	0.001	0.093	0.001
0.001	0.001	0.997	0.001
0.001	0.902	0.096	0.001
0.001	0.001	0.093	0.905
0.463	0.164	0.097	0.275
>TTTGGCTTTTGT	22-TTTGGCTTTTGT	10.187545	-56.893018	0	T:49.0(0.20%),B:8.0(0.03%),P:1e-24	Tpos:49.3,Tstd:27.1,Bpos:76.4,Bstd:18.6,StrandBias:-1.5,Multiplicity:1.00
0.063	0.037	0.037	0.863
0.036	0.054	0.063	0.847
0.063	0.045	0.107	0.785
0.055	0.064	0.791	0.090
0.009	0.089	0.866	0.036
0.081	0.838	0.045	0.036
0.009	0.036	0.081	0.874
0.018	0.063	0.054	0.865
0.018	0.045	0.099	0.838
0.027	0.072	0.063	0.838
0.027	0.063	0.811	0.099
0.072	0.092	0.032	0.804
>TGCCTGCCTGCC	23-TGCCTGCCTGCC	9.736839	-49.749691	0	T:180.0(0.74%),B:81.4(0.33%),P:1e-21	Tpos:52.3,Tstd:25.7,Bpos:54.4,Bstd:20.8,StrandBias:0.6,Multiplicity:1.02
0.032	0.040	0.119	0.809
0.024	0.072	0.872	0.032
0.048	0.872	0.048	0.032
0.048	0.849	0.040	0.063
0.071	0.080	0.072	0.777
0.056	0.063	0.833	0.048
0.094	0.794	0.056	0.056
0.024	0.872	0.048	0.056
0.072	0.055	0.047	0.826
0.078	0.032	0.858	0.032
0.063	0.785	0.064	0.088
0.024	0.920	0.016	0.040
>CGAGACTCGAGA	24-CGAGACTCGAGA	11.217681	-48.096118	0	T:55.0(0.23%),B:11.1(0.04%),P:1e-20	Tpos:51.2,Tstd:29.2,Bpos:36.4,Bstd:16.7,StrandBias:-0.1,Multiplicity:1.08
0.057	0.885	0.057	0.001
0.056	0.001	0.942	0.001
0.997	0.001	0.001	0.001
0.001	0.056	0.942	0.001
0.832	0.001	0.001	0.166
0.001	0.681	0.317	0.001
0.057	0.057	0.057	0.829
0.001	0.997	0.001	0.001
0.001	0.001	0.997	0.001
0.997	0.001	0.001	0.001
0.001	0.001	0.942	0.056
0.942	0.001	0.001	0.056
>GCCCGCCCGCCC	25-GCCCGCCCGCCC	10.890575	-39.576632	0	T:145.0(0.60%),B:67.0(0.27%),P:1e-17	Tpos:47.0,Tstd:29.3,Bpos:33.4,Bstd:13.5,StrandBias:1.0,Multiplicity:1.00
0.029	0.029	0.913	0.029
0.034	0.874	0.052	0.040
0.034	0.840	0.080	0.046
0.080	0.846	0.040	0.034
0.011	0.001	0.954	0.034
0.029	0.797	0.100	0.074
0.075	0.694	0.168	0.063
0.057	0.857	0.023	0.063
0.017	0.006	0.954	0.023
0.034	0.769	0.108	0.089
0.040	0.752	0.179	0.029
0.040	0.879	0.052	0.029
>TATATA	1-TATATA	5.584987	-1765.286706	0	T:4708.0(19.32%),B:1866.3(7.52%),P:1e-766	Tpos:31.1,Tstd:10.9,Bpos:49.8,Bstd:36.5,StrandBias:-0.4,Multiplicity:1.17
0.001	0.001	0.001	0.997
0.635	0.001	0.001	0.363
0.106	0.001	0.001	0.892
0.997	0.001	0.001	0.001
0.001	0.023	0.001	0.975
0.997	0.001	0.001	0.001
>CCCACC	2-CCCACC	5.805941	-600.977961	0	T:9356.0(38.40%),B:6985.7(28.14%),P:1e-260	Tpos:52.0,Tstd:27.9,Bpos:49.6,Bstd:30.6,StrandBias:1.9,Multiplicity:1.37
0.001	0.997	0.001	0.001
0.001	0.997	0.001	0.001
0.306	0.692	0.001	0.001
0.658	0.001	0.337	0.004
0.001	0.647	0.001	0.351
0.001	0.997	0.001	0.001
>AAGCGA	3-AAGCGA	3.480348	-590.213444	0	T:12225.0(50.17%),B:9765.6(39.34%),P:1e-256	Tpos:52.8,Tstd:27.7,Bpos:49.7,Bstd:31.1,StrandBias:-0.5,Multiplicity:1.34
0.997	0.001	0.001	0.001
0.833	0.001	0.165	0.001
0.068	0.001	0.873	0.058
0.001	0.931	0.001	0.067
0.133	0.001	0.865	0.001
0.880	0.001	0.118	0.001
>TCTCTC	4-TCTCTC	4.362233	-493.336766	0	T:12749.0(52.33%),B:10515.2(42.35%),P:1e-214	Tpos:55.7,Tstd:27.2,Bpos:50.2,Bstd:33.2,StrandBias:1.6,Multiplicity:1.54
0.001	0.204	0.001	0.794
0.001	0.997	0.001	0.001
0.151	0.137	0.095	0.617
0.001	0.997	0.001	0.001
0.001	0.001	0.001	0.997
0.001	0.997	0.001	0.001
>GAGACG	5-GAGACG	5.104850	-359.633031	0	T:7503.0(30.79%),B:5792.1(23.33%),P:1e-156	Tpos:50.6,Tstd:28.4,Bpos:49.3,Bstd:30.4,StrandBias:-1.1,Multiplicity:1.09
0.001	0.001	0.997	0.001
0.801	0.001	0.001	0.197
0.183	0.001	0.815	0.001
0.997	0.001	0.001	0.001
0.001	0.721	0.001	0.277
0.001	0.001	0.997	0.001
>RGGKTT	6-RGGKTT	5.749612	-326.633484	0	T:3084.0(12.66%),B:1965.9(7.92%),P:1e-141	Tpos:51.4,Tstd:25.8,Bpos:50.1,Bstd:31.6,StrandBias:-1.9,Multiplicity:1.11
0.378	0.001	0.481	0.141
0.001	0.001	0.736	0.262
0.001	0.001	0.783	0.215
0.001	0.001	0.518	0.480
0.001	0.001	0.262	0.736
0.001	0.001	0.215	0.783
>GACTGG	7-GACTGG	5.823078	-299.138112	0	T:5596.0(22.97%),B:4192.3(16.89%),P:1e-129	Tpos:53.1,Tstd:27.5,Bpos:50.6,Bstd:29.6,StrandBias:-1.3,Multiplicity:1.15
0.001	0.001	0.997	0.001
0.997	0.001	0.001	0.001
0.156	0.727	0.001	0.116
0.001	0.001	0.001	0.997
0.001	0.001	0.997	0.001
0.118	0.161	0.720	0.001
>TCCGTC	8-TCCGTC	5.343508	-290.637119	0	T:5454.0(22.38%),B:4084.9(16.45%),P:1e-126	Tpos:52.9,Tstd:28.0,Bpos:50.2,Bstd:30.2,StrandBias:1.3,Multiplicity:1.14
0.001	0.001	0.001	0.997
0.001	0.997	0.001	0.001
0.001	0.997	0.001	0.001
0.347	0.001	0.651	0.001
0.001	0.001	0.001	0.997
0.001	0.849	0.001	0.149
>CCTGCC	9-CCTGCC	6.547577	-280.950172	0	T:6765.0(27.77%),B:5308.3(21.38%),P:1e-122	Tpos:51.3,Tstd:28.7,Bpos:50.1,Bstd:32.2,StrandBias:1.0,Multiplicity:1.15
0.001	0.997	0.001	0.001
0.001	0.997	0.001	0.001
0.001	0.001	0.378	0.620
0.001	0.001	0.720	0.278
0.001	0.997	0.001	0.001
0.001	0.997	0.001	0.001
>ACGCAG	10-ACGCAG	5.537336	-278.931602	0	T:10311.0(42.32%),B:8702.4(35.05%),P:1e-121	Tpos:53.4,Tstd:27.9,Bpos:50.2,Bstd:31.6,StrandBias:-0.4,Multiplicity:1.28
0.612	0.386	0.001	0.001
0.001	0.594	0.404	0.001
0.001	0.001	0.997	0.001
0.380	0.618	0.001	0.001
0.664	0.006	0.329	0.001
0.001	0.001	0.997	0.001
>CACACA	11-CACACA	4.027430	-274.614332	0	T:7075.0(29.04%),B:5614.2(22.61%),P:1e-119	Tpos:52.4,Tstd:27.7,Bpos:50.2,Bstd:30.2,StrandBias:1.2,Multiplicity:1.25
0.001	0.997	0.001	0.001
0.997	0.001	0.001	0.001
0.128	0.870	0.001	0.001
0.859	0.001	0.139	0.001
0.001	0.997	0.001	0.001
0.777	0.001	0.108	0.114
>CGCCGC	12-CGCCGC	5.948558	-267.730250	0	T:8072.0(33.13%),B:6574.7(26.48%),P:1e-116	Tpos:58.4,Tstd:28.4,Bpos:49.7,Bstd:32.3,StrandBias:0.8,Multiplicity:1.35
0.001	0.869	0.129	0.001
0.264	0.001	0.734	0.001
0.001	0.997	0.001	0.001
0.001	0.997	0.001	0.001
0.001	0.001	0.997	0.001
0.001	0.997	0.001	0.001
>GCTGTG	13-GCTGTG	5.909136	-257.159528	0	T:5864.0(24.07%),B:4540.5(18.29%),P:1e-111	Tpos:53.5,Tstd:28.3,Bpos:49.5,Bstd:30.8,StrandBias:-0.7,Multiplicity:1.14
0.001	0.001	0.997	0.001
0.001	0.997	0.001	0.001
0.141	0.001	0.001	0.857
0.001	0.001	0.997	0.001
0.001	0.122	0.001	0.876
0.130	0.001	0.868	0.001
>TTATTA	14-TTATTA	7.115299	-252.305783	0	T:1282.0(5.26%),B:661.0(2.66%),P:1e-109	Tpos:36.8,Tstd:22.3,Bpos:47.2,Bstd:34.1,StrandBias:-0.1,Multiplicity:1.08
0.001	0.001	0.001	0.997
0.001	0.001	0.001	0.997
0.997	0.001	0.001	0.001
0.001	0.001	0.001	0.997
0.305	0.001	0.001	0.693
0.997	0.001	0.001	0.001
>CACCAC	15-CACCAC	5.848086	-177.400708	0	T:4532.0(18.60%),B:3541.5(14.27%),P:1e-77	Tpos:53.7,Tstd:27.7,Bpos:49.8,Bstd:28.3,StrandBias:1.4,Multiplicity:1.20
0.001	0.997	0.001	0.001
0.997	0.001	0.001	0.001
0.001	0.865	0.001	0.133
0.001	0.899	0.001	0.099
0.997	0.001	0.001	0.001
0.001	0.997	0.001	0.001
>CTACTA	16-CTACTA	7.101394	-110.057843	0	T:1256.0(5.15%),B:830.5(3.35%),P:1e-47	Tpos:46.5,Tstd:27.1,Bpos:49.0,Bstd:29.4,StrandBias:0.3,Multiplicity:1.21
0.001	0.906	0.092	0.001
0.001	0.001	0.001	0.997
0.997	0.001	0.001	0.001
0.001	0.667	0.331	0.001
0.001	0.001	0.001	0.997
0.997	0.001	0.001	0.001
>CGCATC	17-CGCATC	7.085347	-99.345757	0	T:1892.0(7.77%),B:1393.4(5.61%),P:1e-43	Tpos:53.5,Tstd:27.7,Bpos:48.4,Bstd:28.3,StrandBias:1.4,Multiplicity:1.05
0.001	0.997	0.001	0.001
0.001	0.001	0.997	0.001
0.001	0.997	0.001	0.001
0.997	0.001	0.001	0.001
0.001	0.001	0.001	0.997
0.001	0.702	0.001	0.296
>GCAGCT	18-GCAGCT	6.177716	-95.795648	0	T:2186.0(8.97%),B:1661.2(6.69%),P:1e-41	Tpos:53.2,Tstd:27.7,Bpos:50.0,Bstd:32.2,StrandBias:0.0,Multiplicity:1.05
0.100	0.100	0.700	0.100
0.100	0.700	0.100	0.100
0.700	0.100	0.100	0.100
0.100	0.100	0.700	0.100
0.100	0.700	0.100	0.100
0.100	0.100	0.100	0.700
>TAGCTA	19-TAGCTA	6.177716	-95.366271	0	T:620.0(2.54%),B:349.5(1.41%),P:1e-41	Tpos:53.8,Tstd:29.6,Bpos:49.1,Bstd:30.9,StrandBias:0.0,Multiplicity:1.17
0.100	0.100	0.100	0.700
0.700	0.100	0.100	0.100
0.100	0.100	0.700	0.100
0.100	0.700	0.100	0.100
0.100	0.100	0.100	0.700
0.700	0.100	0.100	0.100
>TACATA	20-TACATA	6.409467	-46.553428	0	T:1517.0(6.23%),B:1213.5(4.89%),P:1e-20	Tpos:39.0,Tstd:24.1,Bpos:49.7,Bstd:31.3,StrandBias:0.7,Multiplicity:1.08
0.001	0.001	0.001	0.997
0.997	0.001	0.001	0.001
0.001	0.997	0.001	0.001
0.807	0.001	0.191	0.001
0.212	0.001	0.001	0.786
0.997	0.001	0.001	0.001
>TMTATAWA	1-TMTATAWA	5.882974	-1572.630262	0	T:2908.0(11.94%),B:884.8(3.56%),P:1e-682	Tpos:31.0,Tstd:9.3,Bpos:48.8,Bstd:36.6,StrandBias:1.0,Multiplicity:1.03
0.040	0.220	0.179	0.561
0.430	0.327	0.148	0.094
0.107	0.099	0.042	0.752
0.717	0.091	0.037	0.155
0.216	0.056	0.052	0.676
0.823	0.066	0.074	0.037
0.392	0.157	0.062	0.388
0.654	0.143	0.176	0.027
>ATAAATAC	2-ATAAATAC	4.973197	-1074.687026	0	T:4440.0(18.22%),B:2175.5(8.76%),P:1e-466	Tpos:36.4,Tstd:21.2,Bpos:50.3,Bstd:33.7,StrandBias:0.3,Multiplicity:1.07
0.838	0.037	0.048	0.077
0.012	0.073	0.049	0.866
0.751	0.032	0.010	0.207
0.781	0.076	0.044	0.099
0.724	0.059	0.094	0.123
0.108	0.087	0.068	0.737
0.810	0.028	0.113	0.049
0.097	0.496	0.343	0.064
>CCCATCCC	3-CCCATCCC	4.779175	-1049.524455	0	T:11201.0(45.97%),B:7921.8(31.91%),P:1e-455	Tpos:54.3,Tstd:26.5,Bpos:50.4,Bstd:31.3,StrandBias:2.3,Multiplicity:1.56
0.023	0.782	0.001	0.194
0.043	0.832	0.084	0.041
0.344	0.627	0.023	0.006
0.504	0.171	0.213	0.112
0.213	0.235	0.001	0.551
0.055	0.656	0.001	0.288
0.098	0.675	0.095	0.132
0.231	0.688	0.050	0.031
>CTTTATAA	4-CTTTATAA	4.798571	-913.153880	0	T:2843.0(11.67%),B:1195.2(4.81%),P:1e-396	Tpos:32.4,Tstd:14.8,Bpos:48.7,Bstd:35.5,StrandBias:-0.0,Multiplicity:1.02
0.012	0.838	0.037	0.113
0.043	0.191	0.123	0.643
0.149	0.001	0.001	0.849
0.001	0.001	0.001	0.997
0.970	0.001	0.001	0.028
0.015	0.001	0.001	0.983
0.940	0.001	0.005	0.054
0.894	0.044	0.061	0.001
>CSGCCGCC	5-CSGCCGCC	4.705897	-735.720115	0	T:13330.0(54.71%),B:10553.9(42.51%),P:1e-319	Tpos:55.7,Tstd:27.6,Bpos:49.9,Bstd:31.2,StrandBias:0.7,Multiplicity:1.47
0.001	0.997	0.001	0.001
0.001	0.364	0.475	0.160
0.095	0.169	0.669	0.067
0.001	0.980	0.001	0.018
0.132	0.566	0.151	0.151
0.001	0.001	0.783	0.215
0.001	0.763	0.170	0.066
0.036	0.780	0.001	0.183
>CBYCTCKT	6-CBYCTCKT	5.970551	-574.149407	0	T:8854.0(36.34%),B:6572.0(26.47%),P:1e-249	Tpos:55.4,Tstd:26.7,Bpos:50.2,Bstd:33.0,StrandBias:1.3,Multiplicity:1.27
0.001	0.601	0.001	0.397
0.001	0.361	0.341	0.296
0.001	0.454	0.001	0.544
0.001	0.856	0.142	0.001
0.001	0.001	0.312	0.686
0.001	0.997	0.001	0.001
0.001	0.231	0.316	0.452
0.001	0.361	0.001	0.637
>AAAACCYM	7-AAAACCYM	7.840034	-511.005907	0	T:1647.0(6.76%),B:695.0(2.80%),P:1e-221	Tpos:50.5,Tstd:25.7,Bpos:49.7,Bstd:33.5,StrandBias:1.6,Multiplicity:1.05
0.941	0.001	0.001	0.057
0.997	0.001	0.001	0.001
0.923	0.001	0.075	0.001
0.600	0.398	0.001	0.001
0.001	0.941	0.057	0.001
0.001	0.923	0.075	0.001
0.257	0.306	0.001	0.436
0.446	0.297	0.172	0.085
>AANCAAAC	8-AANCAAAC	4.984048	-424.517940	0	T:6284.0(25.79%),B:4537.9(18.28%),P:1e-184	Tpos:48.6,Tstd:26.9,Bpos:50.0,Bstd:32.9,StrandBias:0.4,Multiplicity:1.26
0.863	0.071	0.012	0.054
0.795	0.117	0.073	0.015
0.228	0.222	0.332	0.218
0.172	0.440	0.289	0.099
0.572	0.123	0.276	0.029
0.944	0.001	0.054	0.001
0.632	0.008	0.208	0.152
0.222	0.432	0.198	0.148
>ACACACAC	9-ACACACAC	4.846321	-422.481891	0	T:4409.0(18.10%),B:2911.3(11.73%),P:1e-183	Tpos:54.5,Tstd:26.7,Bpos:51.0,Bstd:29.0,StrandBias:1.7,Multiplicity:1.14
0.768	0.043	0.080	0.109
0.096	0.768	0.088	0.048
0.682	0.104	0.106	0.108
0.095	0.821	0.070	0.014
0.700	0.071	0.117	0.112
0.078	0.752	0.113	0.057
0.711	0.122	0.067	0.100
0.088	0.800	0.094	0.018
>CACMACRC	10-CACMACRC	6.349579	-336.977905	0	T:3576.0(14.68%),B:2355.7(9.49%),P:1e-146	Tpos:54.9,Tstd:27.1,Bpos:49.0,Bstd:30.2,StrandBias:1.5,Multiplicity:1.11
0.072	0.774	0.114	0.040
0.624	0.001	0.374	0.001
0.015	0.796	0.143	0.046
0.507	0.380	0.076	0.037
0.383	0.179	0.209	0.229
0.058	0.940	0.001	0.001
0.488	0.019	0.454	0.039
0.133	0.838	0.001	0.028
>AACCCTAG	11-AACCCTAG	6.421665	-325.318030	0	T:1336.0(5.48%),B:631.0(2.54%),P:1e-141	Tpos:51.0,Tstd:27.4,Bpos:48.3,Bstd:29.4,StrandBias:1.1,Multiplicity:1.03
0.997	0.001	0.001	0.001
0.997	0.001	0.001	0.001
0.001	0.919	0.079	0.001
0.001	0.997	0.001	0.001
0.001	0.997	0.001	0.001
0.155	0.001	0.001	0.843
0.997	0.001	0.001	0.001
0.001	0.151	0.778	0.070
>AAYKGCAA	12-AAYKGCAA	5.885173	-307.207520	0	T:3153.0(12.94%),B:2053.6(8.27%),P:1e-133	Tpos:51.6,Tstd:27.1,Bpos:50.8,Bstd:31.9,StrandBias:-0.4,Multiplicity:1.06
0.997	0.001	0.001	0.001
0.720	0.044	0.235	0.001
0.179	0.331	0.072	0.418
0.063	0.003	0.517	0.417
0.086	0.034	0.829	0.051
0.060	0.645	0.221	0.074
0.579	0.045	0.375	0.001
0.996	0.001	0.001	0.002
>CACTCMYC	13-CACTCMYC	6.458044	-291.629890	0	T:2708.0(11.11%),B:1713.6(6.90%),P:1e-126	Tpos:55.6,Tstd:27.2,Bpos:50.1,Bstd:30.5,StrandBias:1.8,Multiplicity:1.05
0.001	0.997	0.001	0.001
0.949	0.001	0.001	0.049
0.001	0.531	0.311	0.157
0.001	0.001	0.161	0.837
0.001	0.997	0.001	0.001
0.455	0.454	0.001	0.090
0.001	0.467	0.057	0.475
0.001	0.943	0.001	0.055
>CGADTCGA	14-CGADTCGA	6.110847	-237.786136	0	T:1938.0(7.95%),B:1176.3(4.74%),P:1e-103	Tpos:54.2,Tstd:27.1,Bpos:50.5,Bstd:29.1,StrandBias:-0.2,Multiplicity:1.05
0.137	0.686	0.144	0.033
0.047	0.001	0.951	0.001
0.826	0.001	0.035	0.138
0.237	0.197	0.217	0.349
0.041	0.035	0.100	0.824
0.001	0.929	0.001	0.069
0.001	0.180	0.818	0.001
0.845	0.034	0.086	0.035
>CKCTCKCT	15-CKCTCKCT	7.491292	-227.260850	0	T:1400.0(5.75%),B:775.9(3.13%),P:1e-98	Tpos:59.1,Tstd:28.0,Bpos:51.1,Bstd:32.7,StrandBias:0.8,Multiplicity:1.07
0.054	0.824	0.001	0.121
0.152	0.001	0.352	0.496
0.037	0.824	0.001	0.138
0.001	0.004	0.279	0.716
0.067	0.716	0.001	0.216
0.001	0.031	0.423	0.545
0.054	0.944	0.001	0.001
0.102	0.001	0.338	0.559
>TACTACTA	16-TACTACTA	6.698593	-192.154529	0	T:803.0(3.30%),B:381.1(1.54%),P:1e-83	Tpos:43.4,Tstd:25.7,Bpos:49.5,Bstd:28.0,StrandBias:0.3,Multiplicity:1.06
0.019	0.039	0.037	0.905
0.904	0.027	0.054	0.015
0.001	0.941	0.047	0.011
0.001	0.061	0.024	0.914
0.906	0.001	0.092	0.001
0.001	0.889	0.076	0.034
0.001	0.033	0.001	0.965
0.862	0.001	0.077	0.060
>TATATAAC	17-TATATAAC	8.024258	-182.777910	0	T:372.0(1.53%),B:118.5(0.48%),P:1e-79	Tpos:32.7,Tstd:17.0,Bpos:47.6,Bstd:34.2,StrandBias:0.4,Multiplicity:1.00
0.001	0.169	0.189	0.641
0.809	0.001	0.189	0.001
0.001	0.001	0.348	0.650
0.789	0.001	0.010	0.200
0.013	0.001	0.001	0.985
0.733	0.001	0.001	0.265
0.978	0.002	0.005	0.015
0.001	0.979	0.019	0.001
>TGCTCTGC	18-TGCTCTGC	7.399364	-181.924026	0	T:1327.0(5.45%),B:776.1(3.13%),P:1e-79	Tpos:55.2,Tstd:27.1,Bpos:50.6,Bstd:29.4,StrandBias:0.2,Multiplicity:1.06
0.001	0.001	0.001	0.997
0.001	0.001	0.997	0.001
0.001	0.997	0.001	0.001
0.191	0.001	0.046	0.762
0.001	0.816	0.182	0.001
0.001	0.001	0.001	0.997
0.001	0.136	0.767	0.096
0.121	0.877	0.001	0.001
>VCCTGCCT	19-VCCTGCCT	6.744236	-167.868743	0	T:2966.0(12.17%),B:2165.2(8.72%),P:1e-72	Tpos:51.6,Tstd:28.0,Bpos:48.4,Bstd:29.9,StrandBias:0.9,Multiplicity:1.07
0.416	0.270	0.313	0.001
0.001	0.945	0.053	0.001
0.001	0.751	0.001	0.247
0.282	0.001	0.144	0.573
0.001	0.001	0.766	0.232
0.034	0.932	0.033	0.001
0.029	0.969	0.001	0.001
0.299	0.001	0.001	0.699
>CACCACCA	20-CACCACCA	8.767960	-163.240059	0	T:925.0(3.80%),B:496.4(2.00%),P:1e-70	Tpos:56.2,Tstd:26.9,Bpos:48.4,Bstd:28.2,StrandBias:1.3,Multiplicity:1.02
0.131	0.867	0.001	0.001
0.997	0.001	0.001	0.001
0.001	0.762	0.001	0.236
0.001	0.997	0.001	0.001
0.997	0.001	0.001	0.001
0.001	0.997	0.001	0.001
0.001	0.997	0.001	0.001
0.997	0.001	0.001	0.001
>TAGCTAGC	21-TAGCTAGC	7.392467	-121.376353	0	T:422.0(1.73%),B:184.0(0.74%),P:1e-52	Tpos:54.8,Tstd:29.2,Bpos:49.1,Bstd:30.0,StrandBias:0.0,Multiplicity:1.14
0.001	0.001	0.001	0.997
0.997	0.001	0.001	0.001
0.001	0.001	0.997	0.001
0.001	0.967	0.001	0.031
0.001	0.001	0.001	0.997
0.997	0.001	0.001	0.001
0.001	0.075	0.923	0.001
0.001	0.879	0.001	0.119
>CGTCCGTC	22-CGTCCGTC	8.237692	-119.024125	0	T:475.0(1.95%),B:221.4(0.89%),P:1e-51	Tpos:54.7,Tstd:28.4,Bpos:46.8,Bstd:27.8,StrandBias:1.4,Multiplicity:1.06
0.001	0.997	0.001	0.001
0.187	0.001	0.534	0.278
0.001	0.001	0.001	0.997
0.001	0.997	0.001	0.001
0.001	0.997	0.001	0.001
0.001	0.001	0.997	0.001
0.001	0.001	0.001	0.997
0.110	0.888	0.001	0.001
>TGACTGTG	23-TGACTGTG	4.226607	-77.853731	0	T:279.0(1.15%),B:124.3(0.50%),P:1e-33	Tpos:49.1,Tstd:26.3,Bpos:51.7,Bstd:22.9,StrandBias:-0.5,Multiplicity:1.03
0.001	0.001	0.001	0.997
0.001	0.001	0.997	0.001
0.997	0.001	0.001	0.001
0.001	0.997	0.001	0.001
0.001	0.001	0.001	0.997
0.001	0.001	0.997	0.001
0.038	0.001	0.001	0.960
0.001	0.028	0.970	0.001
>AGACAGAC	24-AGACAGAC	8.631892	-63.193264	0	T:252.0(1.03%),B:118.8(0.48%),P:1e-27	Tpos:48.8,Tstd:27.3,Bpos:45.6,Bstd:27.3,StrandBias:0.0,Multiplicity:1.06
0.997	0.001	0.001	0.001
0.001	0.001	0.885	0.113
0.997	0.001	0.001	0.001
0.227	0.771	0.001	0.001
0.997	0.001	0.001	0.001
0.001	0.001	0.997	0.001
0.997	0.001	0.001	0.001
0.001	0.997	0.001	0.001
>ATAAACGA	25-ATAAACGA	8.236954	-16.406602	0	T:49.0(0.20%),B:21.4(0.09%),P:1e-7	Tpos:34.4,Tstd:18.8,Bpos:30.7,Bstd:6.7,StrandBias:0.5,Multiplicity:1.00
0.700	0.100	0.100	0.100
0.100	0.100	0.100	0.700
0.700	0.100	0.100	0.100
0.700	0.100	0.100	0.100
0.700	0.100	0.100	0.100
0.100	0.700	0.100	0.100
0.100	0.100	0.700	0.100
0.700	0.100	0.100	0.100
