>TATATADAVV	1-TATATADAVV	5.470203	-1829.815154	0	T:4231.0(17.36%),B:1527.9(6.16%),P:1e-794	Tpos:31.2,Tstd:9.7,Bpos:48.6,Bstd:35.3,StrandBias:-0.0,Multiplicity:1.56
0.063	0.053	0.062	0.822
0.691	0.049	0.015	0.245
0.085	0.043	0.016	0.856
0.845	0.009	0.010	0.136
0.298	0.038	0.038	0.626
0.837	0.025	0.096	0.042
0.254	0.157	0.234	0.356
0.466	0.194	0.226	0.114
0.227	0.292	0.359	0.122
0.232	0.324	0.344	0.100
>CTCTCCTCTC	2-CTCTCCTCTC	5.273095	-997.429092	0	T:11441.0(46.95%),B:8220.8(33.16%),P:1e-433	Tpos:56.6,Tstd:25.9,Bpos:49.6,Bstd:32.6,StrandBias:1.7,Multiplicity:1.50
0.023	0.517	0.192	0.268
0.035	0.242	0.058	0.665
0.001	0.868	0.007	0.124
0.003	0.313	0.168	0.516
0.001	0.822	0.001	0.176
0.007	0.586	0.327	0.080
0.170	0.185	0.150	0.495
0.001	0.653	0.050	0.296
0.003	0.286	0.056	0.655
0.001	0.681	0.005	0.313
>CTTCCATTCC	3-CTTCCATTCC	4.869612	-919.963251	0	T:9235.0(37.90%),B:6306.3(25.43%),P:1e-399	Tpos:54.0,Tstd:27.5,Bpos:49.8,Bstd:31.1,StrandBias:1.4,Multiplicity:1.18
0.119	0.704	0.074	0.103
0.139	0.126	0.086	0.649
0.050	0.110	0.082	0.758
0.029	0.766	0.106	0.099
0.094	0.714	0.120	0.072
0.580	0.159	0.112	0.149
0.080	0.107	0.120	0.693
0.062	0.142	0.083	0.713
0.045	0.696	0.093	0.166
0.090	0.728	0.087	0.095
>MMMMMMCCCM	4-MMMMMMCCCM	5.095052	-862.053149	0	T:8825.0(36.22%),B:6028.3(24.31%),P:1e-374	Tpos:54.1,Tstd:25.6,Bpos:49.5,Bstd:30.0,StrandBias:2.3,Multiplicity:1.27
0.334	0.459	0.001	0.206
0.429	0.569	0.001	0.001
0.456	0.542	0.001	0.001
0.468	0.508	0.004	0.020
0.371	0.415	0.040	0.174
0.351	0.453	0.001	0.195
0.352	0.511	0.001	0.136
0.363	0.635	0.001	0.001
0.414	0.584	0.001	0.001
0.394	0.468	0.001	0.138
>CCGCCGCCGC	5-CCGCCGCCGC	4.060032	-598.937297	0	T:14071.0(57.75%),B:11583.7(46.72%),P:1e-260	Tpos:56.6,Tstd:27.2,Bpos:50.0,Bstd:30.4,StrandBias:1.0,Multiplicity:1.51
0.076	0.815	0.053	0.056
0.068	0.815	0.065	0.052
0.093	0.096	0.765	0.046
0.057	0.846	0.045	0.052
0.096	0.769	0.038	0.097
0.075	0.076	0.804	0.045
0.083	0.824	0.040	0.053
0.071	0.812	0.037	0.080
0.087	0.075	0.737	0.101
0.047	0.811	0.062	0.080
>AAACCCTAGC	6-AAACCCTAGC	9.075012	-433.009655	0	T:682.0(2.80%),B:177.9(0.72%),P:1e-188	Tpos:55.6,Tstd:26.7,Bpos:49.7,Bstd:28.6,StrandBias:0.9,Multiplicity:1.02
0.816	0.001	0.096	0.087
0.993	0.005	0.001	0.001
0.973	0.001	0.025	0.001
0.020	0.978	0.001	0.001
0.001	0.997	0.001	0.001
0.001	0.997	0.001	0.001
0.001	0.001	0.008	0.990
0.886	0.076	0.001	0.037
0.052	0.029	0.918	0.001
0.125	0.660	0.035	0.180
>TCTCTCTCTC	7-TCTCTCTCTC	6.864029	-356.200270	0	T:2350.0(9.64%),B:1340.0(5.40%),P:1e-154	Tpos:55.9,Tstd:26.8,Bpos:47.4,Bstd:32.8,StrandBias:1.3,Multiplicity:1.03
0.074	0.082	0.080	0.764
0.048	0.832	0.089	0.031
0.109	0.065	0.096	0.730
0.041	0.855	0.068	0.036
0.094	0.062	0.059	0.785
0.041	0.854	0.056	0.049
0.074	0.052	0.094	0.780
0.063	0.823	0.065	0.049
0.037	0.085	0.105	0.773
0.054	0.802	0.076	0.068
>ACACGCACAC	8-ACACGCACAC	7.115398	-308.598998	0	T:1415.0(5.81%),B:700.1(2.82%),P:1e-134	Tpos:54.0,Tstd:27.7,Bpos:48.5,Bstd:27.2,StrandBias:1.1,Multiplicity:1.05
0.747	0.109	0.079	0.065
0.026	0.766	0.207	0.001
0.768	0.001	0.138	0.093
0.001	0.691	0.274	0.034
0.331	0.027	0.493	0.149
0.013	0.778	0.167	0.042
0.721	0.016	0.193	0.070
0.032	0.966	0.001	0.001
0.771	0.001	0.205	0.023
0.001	0.727	0.269	0.003
>TCTCAKCDCA	9-TCTCAKCDCA	7.267827	-299.389185	0	T:1414.0(5.80%),B:708.7(2.86%),P:1e-130	Tpos:56.3,Tstd:26.2,Bpos:49.7,Bstd:28.2,StrandBias:1.6,Multiplicity:1.06
0.133	0.179	0.254	0.434
0.009	0.989	0.001	0.001
0.244	0.036	0.285	0.435
0.001	0.997	0.001	0.001
0.885	0.001	0.001	0.113
0.001	0.170	0.374	0.455
0.001	0.997	0.001	0.001
0.247	0.053	0.334	0.367
0.001	0.997	0.001	0.001
0.837	0.102	0.060	0.001
>AAACGAAACG	10-AAACGAAACG	6.912496	-225.006550	0	T:1226.0(5.03%),B:648.3(2.61%),P:1e-97	Tpos:47.5,Tstd:26.6,Bpos:51.4,Bstd:33.5,StrandBias:0.5,Multiplicity:1.06
0.823	0.051	0.062	0.064
0.844	0.050	0.082	0.024
0.718	0.117	0.108	0.057
0.129	0.746	0.088	0.037
0.096	0.077	0.804	0.023
0.848	0.080	0.053	0.019
0.870	0.055	0.043	0.032
0.784	0.053	0.065	0.098
0.102	0.794	0.065	0.039
0.096	0.109	0.772	0.023
>CTGCCTGCCT	11-CTGCCTGCCT	6.165536	-207.471259	0	T:754.0(3.09%),B:335.9(1.35%),P:1e-90	Tpos:53.1,Tstd:27.7,Bpos:46.7,Bstd:29.9,StrandBias:0.1,Multiplicity:1.01
0.089	0.624	0.138	0.149
0.131	0.142	0.129	0.598
0.104	0.129	0.617	0.150
0.101	0.586	0.166	0.147
0.094	0.593	0.136	0.177
0.130	0.144	0.117	0.609
0.111	0.136	0.601	0.152
0.099	0.590	0.170	0.141
0.105	0.590	0.129	0.176
0.133	0.149	0.128	0.590
>ASTASTAGTA	12-ASTASTAGTA	5.816870	-186.749973	0	T:1334.0(5.47%),B:774.3(3.12%),P:1e-81	Tpos:47.5,Tstd:25.7,Bpos:49.6,Bstd:27.5,StrandBias:-0.0,Multiplicity:1.06
0.570	0.107	0.147	0.176
0.059	0.456	0.457	0.028
0.086	0.125	0.056	0.733
0.844	0.027	0.116	0.013
0.021	0.543	0.435	0.001
0.055	0.140	0.039	0.766
0.815	0.012	0.092	0.081
0.013	0.324	0.646	0.017
0.115	0.162	0.027	0.696
0.651	0.055	0.178	0.116
>AAAGCAAAGC	13-AAAGCAAAGC	8.453441	-183.349422	0	T:327.0(1.34%),B:94.2(0.38%),P:1e-79	Tpos:52.3,Tstd:26.1,Bpos:45.8,Bstd:35.5,StrandBias:1.3,Multiplicity:1.07
0.589	0.204	0.089	0.118
0.645	0.106	0.226	0.023
0.715	0.076	0.177	0.032
0.041	0.107	0.764	0.088
0.167	0.818	0.002	0.013
0.781	0.017	0.128	0.074
0.583	0.223	0.192	0.002
0.784	0.171	0.040	0.005
0.074	0.096	0.709	0.121
0.064	0.786	0.042	0.108
>TCCRGWCTCC	14-TCCRGWCTCC	8.543383	-183.143636	0	T:495.0(2.03%),B:188.6(0.76%),P:1e-79	Tpos:55.8,Tstd:26.2,Bpos:48.8,Bstd:24.8,StrandBias:0.5,Multiplicity:1.03
0.001	0.001	0.147	0.851
0.001	0.636	0.204	0.159
0.001	0.873	0.125	0.001
0.477	0.142	0.381	0.001
0.001	0.001	0.997	0.001
0.449	0.001	0.165	0.386
0.134	0.864	0.001	0.001
0.216	0.001	0.001	0.782
0.001	0.671	0.327	0.001
0.001	0.997	0.001	0.001
>AGCTAGCDAG	15-AGCTAGCDAG	8.165072	-171.574891	0	T:409.0(1.68%),B:144.8(0.58%),P:1e-74	Tpos:58.6,Tstd:28.1,Bpos:51.1,Bstd:25.0,StrandBias:-0.1,Multiplicity:1.02
0.495	0.038	0.198	0.268
0.066	0.043	0.853	0.038
0.031	0.887	0.072	0.010
0.281	0.082	0.154	0.483
0.713	0.078	0.117	0.092
0.031	0.024	0.909	0.036
0.007	0.949	0.008	0.036
0.276	0.032	0.311	0.381
0.565	0.128	0.283	0.024
0.178	0.140	0.431	0.251
>CCAGAGTCCA	16-CCAGAGTCCA	9.858337	-104.640604	0	T:71.0(0.29%),B:7.5(0.03%),P:1e-45	Tpos:56.3,Tstd:26.3,Bpos:72.1,Bstd:23.2,StrandBias:2.4,Multiplicity:1.05
0.001	0.997	0.001	0.001
0.001	0.997	0.001	0.001
0.997	0.001	0.001	0.001
0.249	0.001	0.749	0.001
0.997	0.001	0.001	0.001
0.001	0.001	0.997	0.001
0.001	0.001	0.001	0.997
0.001	0.997	0.001	0.001
0.001	0.997	0.001	0.001
0.923	0.075	0.001	0.001
>TTGCGAGTTG	17-TTGCGAGTTG	9.497558	-97.172781	0	T:131.0(0.54%),B:30.8(0.12%),P:1e-42	Tpos:56.5,Tstd:24.8,Bpos:44.2,Bstd:21.7,StrandBias:-0.6,Multiplicity:1.06
0.001	0.041	0.001	0.957
0.001	0.001	0.001	0.997
0.001	0.001	0.997	0.001
0.001	0.830	0.001	0.168
0.001	0.001	0.997	0.001
0.878	0.001	0.001	0.120
0.001	0.099	0.756	0.144
0.001	0.001	0.001	0.997
0.001	0.001	0.001	0.997
0.001	0.001	0.940	0.058
>CGTCGTCGTC	18-CGTCGTCGTC	8.449940	-86.692492	0	T:610.0(2.50%),B:352.7(1.42%),P:1e-37	Tpos:55.7,Tstd:28.0,Bpos:48.8,Bstd:24.7,StrandBias:0.6,Multiplicity:1.00
0.097	0.811	0.011	0.081
0.001	0.071	0.880	0.048
0.001	0.018	0.001	0.980
0.021	0.940	0.030	0.009
0.001	0.064	0.913	0.022
0.001	0.001	0.001	0.997
0.054	0.895	0.001	0.050
0.001	0.038	0.898	0.063
0.001	0.098	0.017	0.884
0.021	0.947	0.001	0.031
>ATCATCATCA	19-ATCATCATCA	8.619419	-84.407440	0	T:221.0(0.91%),B:83.7(0.34%),P:1e-36	Tpos:53.7,Tstd:26.5,Bpos:48.9,Bstd:19.0,StrandBias:0.7,Multiplicity:1.02
0.808	0.107	0.084	0.001
0.063	0.001	0.074	0.862
0.013	0.973	0.001	0.013
0.965	0.001	0.011	0.023
0.031	0.024	0.037	0.908
0.014	0.970	0.014	0.002
0.959	0.001	0.024	0.016
0.022	0.107	0.076	0.795
0.063	0.929	0.001	0.007
0.897	0.018	0.069	0.016
>CAGTGCAGTG	20-CAGTGCAGTG	10.526369	-78.141943	0	T:107.0(0.44%),B:25.9(0.10%),P:1e-33	Tpos:53.7,Tstd:27.4,Bpos:53.1,Bstd:21.9,StrandBias:-0.7,Multiplicity:1.06
0.001	0.997	0.001	0.001
0.837	0.001	0.001	0.161
0.001	0.001	0.997	0.001
0.001	0.106	0.051	0.842
0.001	0.001	0.997	0.001
0.001	0.930	0.068	0.001
0.912	0.086	0.001	0.001
0.001	0.001	0.997	0.001
0.001	0.001	0.001	0.997
0.001	0.001	0.997	0.001
>WTGCAATGCA	21-WTGCAATGCA	10.784309	-73.009475	0	T:72.0(0.30%),B:12.8(0.05%),P:1e-31	Tpos:50.1,Tstd:29.7,Bpos:41.5,Bstd:19.5,StrandBias:-0.1,Multiplicity:1.12
0.384	0.001	0.100	0.515
0.001	0.001	0.001	0.997
0.190	0.001	0.808	0.001
0.001	0.619	0.190	0.190
0.728	0.001	0.270	0.001
0.705	0.001	0.001	0.293
0.001	0.001	0.001	0.997
0.001	0.001	0.997	0.001
0.001	0.997	0.001	0.001
0.950	0.048	0.001	0.001
>TGGCCTGGCC	22-TGGCCTGGCC	10.918764	-53.506877	0	T:53.0(0.22%),B:9.2(0.04%),P:1e-23	Tpos:45.5,Tstd:26.3,Bpos:46.4,Bstd:23.3,StrandBias:0.0,Multiplicity:1.02
0.001	0.001	0.001	0.997
0.001	0.001	0.997	0.001
0.001	0.001	0.914	0.084
0.001	0.997	0.001	0.001
0.001	0.997	0.001	0.001
0.001	0.001	0.001	0.997
0.001	0.001	0.997	0.001
0.001	0.001	0.997	0.001
0.001	0.939	0.001	0.059
0.001	0.997	0.001	0.001
>AGTAGTCARC	23-AGTAGTCARC	10.291889	-51.251913	0	T:49.0(0.20%),B:8.4(0.03%),P:1e-22	Tpos:53.1,Tstd:28.0,Bpos:45.0,Bstd:22.2,StrandBias:1.5,Multiplicity:1.03
0.718	0.001	0.001	0.280
0.049	0.001	0.948	0.002
0.001	0.304	0.001	0.694
0.852	0.001	0.003	0.144
0.043	0.033	0.723	0.201
0.001	0.001	0.049	0.949
0.002	0.606	0.001	0.391
0.997	0.001	0.001	0.001
0.456	0.015	0.480	0.049
0.001	0.948	0.049	0.002
>CGCACCACRC	24-CGCACCACRC	11.350322	-44.789326	0	T:53.0(0.22%),B:11.9(0.05%),P:1e-19	Tpos:53.0,Tstd:24.9,Bpos:33.6,Bstd:15.7,StrandBias:1.1,Multiplicity:1.00
0.001	0.997	0.001	0.001
0.001	0.001	0.997	0.001
0.109	0.781	0.001	0.109
0.681	0.317	0.001	0.001
0.001	0.890	0.108	0.001
0.219	0.779	0.001	0.001
0.890	0.001	0.108	0.001
0.001	0.997	0.001	0.001
0.537	0.001	0.461	0.001
0.001	0.997	0.001	0.001
>GTGGGCTGGG	25-GTGGGCTGGG	11.737342	-42.251724	0	T:56.0(0.23%),B:13.1(0.05%),P:1e-18	Tpos:38.9,Tstd:27.8,Bpos:66.5,Bstd:21.0,StrandBias:-2.1,Multiplicity:1.00
0.001	0.001	0.997	0.001
0.001	0.001	0.001	0.997
0.001	0.001	0.997	0.001
0.001	0.001	0.855	0.143
0.001	0.001	0.997	0.001
0.001	0.997	0.001	0.001
0.001	0.001	0.001	0.997
0.001	0.143	0.855	0.001
0.001	0.001	0.997	0.001
0.001	0.001	0.997	0.001
>TATATAWANVVV	1-TATATAWANVVV	5.822485	-1681.500434	0	T:3565.0(14.63%),B:1204.2(4.86%),P:1e-730	Tpos:31.1,Tstd:9.4,Bpos:48.6,Bstd:34.6,StrandBias:0.1,Multiplicity:1.18
0.090	0.169	0.111	0.630
0.564	0.162	0.016	0.258
0.047	0.042	0.005	0.906
0.858	0.003	0.001	0.138
0.220	0.037	0.022	0.721
0.955	0.003	0.020	0.022
0.305	0.103	0.201	0.391
0.575	0.153	0.202	0.070
0.226	0.261	0.276	0.238
0.321	0.242	0.316	0.121
0.205	0.352	0.298	0.145
0.274	0.292	0.309	0.125
>CCCMCCCCCNCC	2-CCCMCCCCCNCC	4.100435	-1144.557934	0	T:15790.0(64.80%),B:12302.6(49.62%),P:1e-497	Tpos:56.5,Tstd:25.6,Bpos:49.6,Bstd:30.9,StrandBias:2.4,Multiplicity:1.73
0.076	0.683	0.084	0.157
0.125	0.639	0.099	0.137
0.134	0.763	0.046	0.057
0.251	0.396	0.154	0.199
0.146	0.595	0.070	0.189
0.118	0.710	0.065	0.107
0.156	0.496	0.166	0.181
0.089	0.716	0.094	0.101
0.142	0.756	0.027	0.075
0.288	0.304	0.175	0.234
0.070	0.754	0.072	0.104
0.056	0.858	0.035	0.051
>CTCGTCTCGTCT	3-CTCGTCTCGTCT	5.331084	-752.182374	0	T:8152.0(33.46%),B:5603.6(22.60%),P:1e-326	Tpos:54.8,Tstd:25.7,Bpos:49.9,Bstd:31.2,StrandBias:0.9,Multiplicity:1.12
0.053	0.677	0.111	0.159
0.050	0.121	0.115	0.714
0.049	0.670	0.112	0.169
0.071	0.245	0.442	0.243
0.074	0.185	0.153	0.588
0.029	0.728	0.098	0.145
0.041	0.118	0.112	0.729
0.051	0.673	0.117	0.159
0.075	0.235	0.426	0.264
0.067	0.180	0.149	0.604
0.033	0.729	0.077	0.161
0.066	0.143	0.159	0.632
>AAACCAAAVCMA	4-AAACCAAAVCMA	5.734959	-486.922824	0	T:3939.0(16.17%),B:2421.4(9.77%),P:1e-211	Tpos:50.1,Tstd:25.9,Bpos:49.9,Bstd:32.2,StrandBias:1.3,Multiplicity:1.09
0.579	0.283	0.122	0.016
0.772	0.136	0.077	0.015
0.532	0.124	0.231	0.113
0.155	0.463	0.290	0.092
0.266	0.547	0.165	0.022
0.651	0.212	0.129	0.008
0.946	0.022	0.030	0.002
0.600	0.064	0.246	0.090
0.246	0.370	0.265	0.119
0.212	0.514	0.215	0.059
0.375	0.419	0.177	0.030
0.521	0.247	0.135	0.097
>CACACACACACA	5-CACACACACACA	5.460086	-482.396718	0	T:3489.0(14.32%),B:2067.9(8.34%),P:1e-209	Tpos:55.5,Tstd:26.1,Bpos:49.1,Bstd:28.9,StrandBias:1.4,Multiplicity:1.07
0.085	0.759	0.081	0.075
0.702	0.059	0.156	0.083
0.137	0.730	0.107	0.026
0.741	0.052	0.152	0.055
0.109	0.746	0.124	0.021
0.677	0.070	0.207	0.046
0.140	0.684	0.140	0.036
0.698	0.052	0.168	0.082
0.103	0.776	0.102	0.019
0.762	0.049	0.142	0.047
0.135	0.680	0.141	0.044
0.439	0.213	0.234	0.115
>AAAACCCTAGCM	6-AAAACCCTAGCM	8.632714	-442.642762	0	T:821.0(3.37%),B:243.4(0.98%),P:1e-192	Tpos:54.1,Tstd:26.7,Bpos:52.5,Bstd:31.4,StrandBias:1.0,Multiplicity:1.03
0.522	0.097	0.222	0.159
0.846	0.008	0.138	0.008
0.976	0.008	0.001	0.015
0.961	0.015	0.023	0.001
0.031	0.945	0.008	0.016
0.008	0.976	0.001	0.015
0.008	0.983	0.008	0.001
0.039	0.074	0.031	0.856
0.798	0.116	0.038	0.048
0.165	0.047	0.749	0.039
0.144	0.520	0.164	0.172
0.279	0.415	0.144	0.163
>TCTCTCTCKCTC	7-TCTCTCTCKCTC	7.108535	-292.521816	0	T:2333.0(9.57%),B:1409.5(5.68%),P:1e-127	Tpos:57.3,Tstd:27.3,Bpos:49.7,Bstd:34.1,StrandBias:1.0,Multiplicity:1.03
0.033	0.088	0.155	0.724
0.024	0.889	0.036	0.051
0.034	0.089	0.149	0.728
0.028	0.779	0.083	0.110
0.022	0.085	0.184	0.709
0.026	0.866	0.049	0.059
0.010	0.069	0.149	0.772
0.034	0.858	0.050	0.058
0.056	0.103	0.397	0.445
0.115	0.469	0.296	0.120
0.037	0.118	0.131	0.714
0.022	0.750	0.084	0.144
>TGCGAGTTGCGA	8-TGCGAGTTGCGA	9.452701	-237.180225	0	T:109.0(0.45%),B:5.8(0.02%),P:1e-103	Tpos:53.8,Tstd:27.5,Bpos:56.2,Bstd:8.3,StrandBias:-0.1,Multiplicity:1.02
0.134	0.253	0.087	0.526
0.024	0.096	0.828	0.052
0.040	0.647	0.082	0.231
0.067	0.130	0.721	0.082
0.808	0.085	0.073	0.034
0.128	0.095	0.674	0.103
0.055	0.254	0.078	0.613
0.049	0.202	0.173	0.576
0.019	0.079	0.868	0.034
0.107	0.614	0.060	0.219
0.057	0.136	0.714	0.093
0.718	0.084	0.115	0.083
>CATTCCATTTCC	9-CATTCCATTTCC	8.852486	-221.953709	0	T:350.0(1.44%),B:91.8(0.37%),P:1e-96	Tpos:52.5,Tstd:26.0,Bpos:47.4,Bstd:30.6,StrandBias:2.2,Multiplicity:1.01
0.010	0.988	0.001	0.001
0.573	0.206	0.154	0.067
0.146	0.022	0.045	0.787
0.001	0.001	0.073	0.925
0.011	0.880	0.001	0.108
0.001	0.997	0.001	0.001
0.769	0.011	0.176	0.044
0.111	0.011	0.126	0.752
0.001	0.033	0.001	0.965
0.001	0.310	0.170	0.519
0.001	0.880	0.011	0.108
0.163	0.748	0.033	0.056
>VSMGGCAGGCAG	10-VSMGGCAGGCAG	8.036304	-179.949449	0	T:772.0(3.17%),B:371.0(1.50%),P:1e-78	Tpos:53.4,Tstd:27.3,Bpos:49.9,Bstd:30.6,StrandBias:-0.1,Multiplicity:1.01
0.268	0.323	0.365	0.045
0.183	0.440	0.361	0.016
0.388	0.326	0.154	0.132
0.251	0.085	0.627	0.037
0.104	0.156	0.726	0.014
0.147	0.681	0.159	0.013
0.554	0.310	0.018	0.118
0.141	0.077	0.754	0.028
0.038	0.278	0.678	0.006
0.178	0.729	0.086	0.007
0.535	0.165	0.179	0.121
0.050	0.048	0.888	0.014
>CGAATCGAATCG	11-CGAATCGAATCG	8.680113	-163.533448	0	T:192.0(0.79%),B:38.4(0.15%),P:1e-71	Tpos:55.9,Tstd:27.7,Bpos:50.6,Bstd:19.6,StrandBias:0.2,Multiplicity:1.01
0.066	0.835	0.084	0.015
0.046	0.075	0.848	0.031
0.737	0.138	0.065	0.060
0.908	0.031	0.053	0.008
0.031	0.059	0.082	0.828
0.059	0.822	0.088	0.031
0.052	0.052	0.889	0.007
0.701	0.153	0.094	0.052
0.909	0.045	0.045	0.001
0.046	0.089	0.060	0.805
0.038	0.879	0.053	0.030
0.045	0.061	0.857	0.037
>TASTASTASTAG	12-TASTASTASTAG	6.620010	-149.644323	0	T:765.0(3.14%),B:394.2(1.59%),P:1e-64	Tpos:47.3,Tstd:25.0,Bpos:48.3,Bstd:26.6,StrandBias:-0.1,Multiplicity:1.05
0.133	0.186	0.058	0.623
0.654	0.028	0.215	0.103
0.018	0.456	0.472	0.055
0.052	0.162	0.028	0.758
0.812	0.031	0.133	0.024
0.014	0.454	0.512	0.020
0.096	0.126	0.058	0.720
0.777	0.015	0.129	0.079
0.031	0.413	0.549	0.007
0.063	0.236	0.037	0.664
0.759	0.072	0.091	0.078
0.044	0.243	0.636	0.077
>GCTAGCTAGCTA	13-GCTAGCTAGCTA	7.548248	-142.100203	0	T:708.0(2.91%),B:361.7(1.46%),P:1e-61	Tpos:57.0,Tstd:27.6,Bpos:50.8,Bstd:26.1,StrandBias:0.0,Multiplicity:1.03
0.076	0.070	0.796	0.058
0.068	0.823	0.066	0.043
0.112	0.129	0.095	0.664
0.669	0.109	0.093	0.129
0.041	0.038	0.878	0.043
0.041	0.887	0.040	0.032
0.106	0.119	0.060	0.715
0.665	0.113	0.096	0.126
0.039	0.045	0.872	0.044
0.069	0.804	0.058	0.069
0.109	0.120	0.109	0.662
0.565	0.143	0.167	0.125
>ATCCATTCATCC	14-ATCCATTCATCC	11.348773	-115.930274	0	T:62.0(0.25%),B:4.4(0.02%),P:1e-50	Tpos:54.8,Tstd:29.0,Bpos:51.3,Bstd:23.1,StrandBias:3.6,Multiplicity:1.00
0.997	0.001	0.001	0.001
0.001	0.001	0.001	0.997
0.058	0.771	0.001	0.170
0.001	0.941	0.057	0.001
0.997	0.001	0.001	0.001
0.001	0.058	0.058	0.883
0.001	0.188	0.001	0.810
0.001	0.997	0.001	0.001
0.882	0.116	0.001	0.001
0.001	0.058	0.058	0.883
0.001	0.941	0.001	0.057
0.058	0.826	0.058	0.058
>CTCGAGACTCGA	15-CTCGAGACTCGA	10.359346	-108.184384	0	T:64.0(0.26%),B:5.5(0.02%),P:1e-46	Tpos:56.6,Tstd:25.6,Bpos:36.6,Bstd:15.2,StrandBias:-0.6,Multiplicity:1.04
0.110	0.736	0.153	0.001
0.001	0.043	0.022	0.934
0.001	0.933	0.065	0.001
0.065	0.022	0.912	0.001
0.977	0.021	0.001	0.001
0.231	0.022	0.746	0.001
0.580	0.073	0.138	0.209
0.001	0.687	0.161	0.151
0.114	0.022	0.001	0.863
0.022	0.890	0.087	0.001
0.021	0.001	0.977	0.001
0.890	0.001	0.001	0.108
>CTRCAGGCTRCA	16-CTRCAGGCTRCA	11.213340	-107.916393	0	T:121.0(0.50%),B:23.1(0.09%),P:1e-46	Tpos:48.2,Tstd:25.3,Bpos:56.6,Bstd:32.8,StrandBias:0.8,Multiplicity:1.00
0.006	0.920	0.011	0.063
0.048	0.197	0.001	0.754
0.468	0.022	0.505	0.005
0.016	0.910	0.053	0.021
0.853	0.027	0.036	0.084
0.087	0.068	0.824	0.021
0.036	0.158	0.715	0.091
0.021	0.947	0.016	0.016
0.010	0.378	0.016	0.596
0.513	0.021	0.455	0.011
0.031	0.916	0.032	0.021
0.921	0.032	0.026	0.021
>AGAGTCCAGACT	17-AGAGTCCAGACT	9.450165	-104.982268	0	T:58.0(0.24%),B:4.5(0.02%),P:1e-45	Tpos:60.8,Tstd:23.8,Bpos:55.9,Bstd:11.6,StrandBias:1.1,Multiplicity:1.05
0.712	0.211	0.042	0.035
0.169	0.116	0.642	0.073
0.757	0.069	0.070	0.104
0.036	0.091	0.829	0.044
0.158	0.120	0.131	0.591
0.125	0.709	0.056	0.110
0.034	0.635	0.159	0.172
0.723	0.155	0.045	0.077
0.151	0.179	0.617	0.053
0.742	0.027	0.118	0.113
0.061	0.679	0.177	0.083
0.202	0.076	0.047	0.675
>CGAGTCCCGTCC	18-CGAGTCCCGTCC	9.477525	-102.490600	0	T:173.0(0.71%),B:48.3(0.19%),P:1e-44	Tpos:54.7,Tstd:27.1,Bpos:58.5,Bstd:21.2,StrandBias:1.2,Multiplicity:1.03
0.044	0.846	0.033	0.077
0.067	0.067	0.799	0.067
0.791	0.098	0.033	0.078
0.044	0.110	0.781	0.065
0.011	0.045	0.044	0.900
0.011	0.912	0.044	0.033
0.066	0.851	0.060	0.023
0.078	0.811	0.066	0.045
0.033	0.055	0.878	0.034
0.128	0.067	0.089	0.716
0.044	0.867	0.056	0.033
0.033	0.866	0.012	0.089
>HRCTGCAHTGCA	19-HRCTGCAHTGCA	9.344975	-91.442411	0	T:221.0(0.91%),B:79.6(0.32%),P:1e-39	Tpos:55.2,Tstd:27.4,Bpos:54.9,Bstd:26.8,StrandBias:0.2,Multiplicity:1.02
0.296	0.300	0.100	0.303
0.442	0.083	0.385	0.090
0.182	0.484	0.058	0.277
0.001	0.001	0.001	0.997
0.022	0.034	0.943	0.001
0.001	0.965	0.001	0.033
0.932	0.022	0.045	0.001
0.239	0.356	0.150	0.254
0.130	0.022	0.001	0.847
0.001	0.001	0.997	0.001
0.001	0.976	0.022	0.001
0.931	0.001	0.067	0.001
>TTCCGAATTCCA	20-TTCCGAATTCCA	11.312982	-88.277236	0	T:41.0(0.17%),B:2.9(0.01%),P:1e-38	Tpos:53.6,Tstd:23.5,Bpos:41.4,Bstd:8.2,StrandBias:0.3,Multiplicity:1.00
0.001	0.022	0.001	0.976
0.001	0.001	0.001	0.997
0.001	0.976	0.001	0.022
0.023	0.931	0.023	0.023
0.282	0.022	0.695	0.001
0.976	0.001	0.001	0.022
0.695	0.282	0.001	0.022
0.001	0.001	0.022	0.976
0.001	0.001	0.001	0.997
0.001	0.997	0.001	0.001
0.001	0.997	0.001	0.001
0.537	0.066	0.374	0.023
>TTTTCACTGCTC	21-TTTTCACTGCTC	12.479861	-86.602935	0	T:33.0(0.14%),B:0.6(0.00%),P:1e-37	Tpos:50.9,Tstd:23.4,Bpos:0.0,Bstd:0.0,StrandBias:1.8,Multiplicity:1.00
0.023	0.001	0.001	0.975
0.001	0.024	0.024	0.951
0.024	0.024	0.001	0.951
0.024	0.001	0.024	0.951
0.001	0.951	0.024	0.024
0.975	0.001	0.023	0.001
0.001	0.951	0.024	0.024
0.024	0.024	0.001	0.951
0.001	0.001	0.997	0.001
0.023	0.975	0.001	0.001
0.001	0.023	0.001	0.975
0.001	0.997	0.001	0.001
>AGGACTCAGGAC	22-AGGACTCAGGAC	10.748429	-68.958454	0	T:44.0(0.18%),B:4.0(0.02%),P:1e-29	Tpos:58.4,Tstd:23.5,Bpos:52.5,Bstd:7.7,StrandBias:-1.3,Multiplicity:1.06
0.791	0.093	0.045	0.071
0.022	0.113	0.864	0.001
0.022	0.001	0.955	0.022
0.857	0.068	0.026	0.049
0.072	0.788	0.072	0.068
0.003	0.071	0.023	0.903
0.023	0.811	0.121	0.045
0.745	0.089	0.098	0.068
0.022	0.071	0.906	0.001
0.090	0.001	0.864	0.045
0.834	0.026	0.049	0.091
0.162	0.650	0.139	0.049
>ATCCAAATTTCT	23-ATCCAAATTTCT	10.409522	-56.301923	0	T:30.0(0.12%),B:2.2(0.01%),P:1e-24	Tpos:42.4,Tstd:20.3,Bpos:62.4,Bstd:23.8,StrandBias:2.9,Multiplicity:1.00
0.700	0.100	0.100	0.100
0.100	0.100	0.100	0.700
0.100	0.700	0.100	0.100
0.100	0.700	0.100	0.100
0.700	0.100	0.100	0.100
0.700	0.100	0.100	0.100
0.700	0.100	0.100	0.100
0.100	0.100	0.100	0.700
0.100	0.100	0.100	0.700
0.100	0.100	0.100	0.700
0.100	0.700	0.100	0.100
0.100	0.100	0.100	0.700
>TCTCGAACCTTC	24-TCTCGAACCTTC	9.704277	-39.427786	0	T:37.0(0.15%),B:6.1(0.02%),P:1e-17	Tpos:52.7,Tstd:24.2,Bpos:30.1,Bstd:13.4,StrandBias:1.7,Multiplicity:1.00
0.066	0.083	0.081	0.770
0.047	0.801	0.063	0.089
0.063	0.087	0.081	0.769
0.090	0.748	0.077	0.085
0.095	0.106	0.709	0.090
0.722	0.095	0.094	0.089
0.684	0.072	0.124	0.120
0.078	0.695	0.124	0.103
0.055	0.774	0.071	0.100
0.083	0.105	0.074	0.738
0.049	0.075	0.086	0.790
0.044	0.801	0.083	0.072
>CGTTTCTTCACC	25-CGTTTCTTCACC	8.834745	-14.840497	0	T:69.0(0.28%),B:36.5(0.15%),P:1e-6	Tpos:54.9,Tstd:26.3,Bpos:32.7,Bstd:8.7,StrandBias:3.9,Multiplicity:1.00
0.116	0.646	0.113	0.125
0.125	0.131	0.599	0.145
0.096	0.132	0.112	0.660
0.085	0.125	0.096	0.694
0.082	0.124	0.127	0.667
0.066	0.731	0.097	0.106
0.105	0.115	0.097	0.683
0.082	0.111	0.114	0.693
0.080	0.724	0.105	0.091
0.593	0.133	0.122	0.152
0.099	0.639	0.128	0.134
0.101	0.672	0.100	0.127
>TATATA	1-TATATA	5.484233	-1593.604364	0	T:4708.0(19.32%),B:1971.9(7.95%),P:1e-692	Tpos:31.1,Tstd:10.6,Bpos:48.6,Bstd:36.7,StrandBias:-0.4,Multiplicity:1.17
0.001	0.001	0.001	0.997
0.652	0.001	0.001	0.346
0.096	0.001	0.001	0.902
0.997	0.001	0.001	0.001
0.001	0.027	0.024	0.948
0.997	0.001	0.001	0.001
>CCACTC	2-CCACTC	4.511827	-568.199584	0	T:13882.0(56.97%),B:11462.7(46.23%),P:1e-246	Tpos:54.7,Tstd:27.2,Bpos:49.7,Bstd:31.9,StrandBias:1.9,Multiplicity:1.61
0.001	0.898	0.001	0.100
0.001	0.997	0.001	0.001
0.741	0.001	0.045	0.213
0.037	0.785	0.117	0.061
0.109	0.149	0.001	0.741
0.001	0.997	0.001	0.001
>YCGYCT	3-YCGYCT	4.621867	-530.354166	0	T:9344.0(38.35%),B:7111.6(28.68%),P:1e-230	Tpos:53.7,Tstd:27.6,Bpos:50.5,Bstd:31.7,StrandBias:1.3,Multiplicity:1.13
0.001	0.475	0.001	0.523
0.050	0.948	0.001	0.001
0.174	0.185	0.640	0.001
0.055	0.511	0.001	0.433
0.055	0.642	0.102	0.201
0.173	0.001	0.001	0.825
>CGCCGC	4-CGCCGC	4.182669	-491.669681	0	T:13591.0(55.78%),B:11353.2(45.79%),P:1e-213	Tpos:56.3,Tstd:28.0,Bpos:50.1,Bstd:31.9,StrandBias:0.7,Multiplicity:1.65
0.098	0.900	0.001	0.001
0.092	0.001	0.906	0.001
0.001	0.997	0.001	0.001
0.195	0.603	0.001	0.201
0.001	0.001	0.997	0.001
0.001	0.997	0.001	0.001
>TCCSTC	5-TCCSTC	5.527493	-480.620266	0	T:9744.0(39.99%),B:7600.7(30.65%),P:1e-208	Tpos:54.5,Tstd:27.7,Bpos:50.0,Bstd:31.2,StrandBias:1.3,Multiplicity:1.27
0.001	0.263	0.001	0.735
0.001	0.997	0.001	0.001
0.060	0.562	0.001	0.377
0.150	0.377	0.472	0.001
0.001	0.001	0.001	0.997
0.001	0.997	0.001	0.001
>AAGCGA	6-AAGCGA	5.399681	-368.091988	0	T:5791.0(23.77%),B:4208.3(16.97%),P:1e-159	Tpos:53.7,Tstd:27.6,Bpos:49.4,Bstd:31.6,StrandBias:-0.4,Multiplicity:1.18
0.997	0.001	0.001	0.001
0.848	0.001	0.150	0.001
0.001	0.001	0.997	0.001
0.001	0.997	0.001	0.001
0.355	0.001	0.643	0.001
0.898	0.001	0.100	0.001
>ACCACC	7-ACCACC	6.409094	-344.139288	0	T:6052.0(24.84%),B:4494.6(18.13%),P:1e-149	Tpos:53.1,Tstd:27.9,Bpos:49.2,Bstd:29.4,StrandBias:1.6,Multiplicity:1.22
0.698	0.300	0.001	0.001
0.001	0.997	0.001	0.001
0.001	0.997	0.001	0.001
0.997	0.001	0.001	0.001
0.215	0.783	0.001	0.001
0.001	0.997	0.001	0.001
>MAAACC	8-MAAACC	5.102257	-319.327533	0	T:9623.0(39.49%),B:7899.9(31.86%),P:1e-138	Tpos:48.8,Tstd:27.5,Bpos:50.3,Bstd:32.3,StrandBias:1.0,Multiplicity:1.19
0.428	0.570	0.001	0.001
0.997	0.001	0.001	0.001
0.919	0.001	0.001	0.079
0.675	0.323	0.001	0.001
0.001	0.645	0.001	0.353
0.001	0.674	0.324	0.001
>AMMCCY	9-AMMCCY	5.545167	-286.245397	0	T:4527.0(18.58%),B:3264.9(13.17%),P:1e-124	Tpos:52.6,Tstd:26.2,Bpos:50.1,Bstd:32.3,StrandBias:1.8,Multiplicity:1.16
0.769	0.229	0.001	0.001
0.534	0.394	0.001	0.071
0.395	0.533	0.001	0.071
0.001	0.997	0.001	0.001
0.165	0.833	0.001	0.001
0.138	0.466	0.001	0.394
>GAAAGG	10-GAAAGG	4.891294	-279.708549	0	T:7978.0(32.74%),B:6441.8(25.98%),P:1e-121	Tpos:51.3,Tstd:27.8,Bpos:49.3,Bstd:32.9,StrandBias:-1.0,Multiplicity:1.20
0.171	0.001	0.827	0.001
0.625	0.120	0.254	0.001
0.803	0.139	0.056	0.002
0.752	0.117	0.130	0.001
0.146	0.160	0.423	0.270
0.001	0.001	0.949	0.049
>CCTGCC	11-CCTGCC	5.576266	-251.756330	0	T:7261.0(29.80%),B:5846.2(23.58%),P:1e-109	Tpos:50.8,Tstd:28.8,Bpos:50.3,Bstd:32.1,StrandBias:1.1,Multiplicity:1.19
0.001	0.997	0.001	0.001
0.001	0.705	0.293	0.001
0.001	0.231	0.280	0.488
0.320	0.001	0.678	0.001
0.001	0.832	0.001	0.166
0.130	0.706	0.001	0.163
>GCCTGC	12-GCCTGC	5.674052	-251.704791	0	T:5179.0(21.26%),B:3925.8(15.83%),P:1e-109	Tpos:51.7,Tstd:27.7,Bpos:50.5,Bstd:30.0,StrandBias:0.0,Multiplicity:1.17
0.001	0.001	0.997	0.001
0.149	0.849	0.001	0.001
0.001	0.997	0.001	0.001
0.001	0.001	0.001	0.997
0.100	0.001	0.898	0.001
0.001	0.845	0.001	0.153
>CCCATC	13-CCCATC	5.682626	-209.527284	0	T:5098.0(20.92%),B:3962.2(15.98%),P:1e-90	Tpos:52.3,Tstd:28.1,Bpos:50.6,Bstd:29.1,StrandBias:1.6,Multiplicity:1.13
0.001	0.997	0.001	0.001
0.001	0.886	0.112	0.001
0.157	0.648	0.194	0.001
0.997	0.001	0.001	0.001
0.001	0.001	0.001	0.997
0.001	0.997	0.001	0.001
>CACACA	14-CACACA	6.121745	-202.241795	0	T:4699.0(19.29%),B:3619.7(14.60%),P:1e-87	Tpos:52.4,Tstd:27.8,Bpos:49.8,Bstd:30.3,StrandBias:1.2,Multiplicity:1.14
0.001	0.997	0.001	0.001
0.997	0.001	0.001	0.001
0.001	0.997	0.001	0.001
0.810	0.001	0.188	0.001
0.001	0.997	0.001	0.001
0.660	0.001	0.139	0.200
>TAATAA	15-TAATAA	5.954591	-199.355262	0	T:1510.0(6.20%),B:893.3(3.60%),P:1e-86	Tpos:38.2,Tstd:23.6,Bpos:49.7,Bstd:35.9,StrandBias:0.0,Multiplicity:1.10
0.001	0.001	0.001	0.997
0.843	0.001	0.001	0.155
0.997	0.001	0.001	0.001
0.001	0.001	0.001	0.997
0.885	0.001	0.001	0.113
0.997	0.001	0.001	0.001
>CTACTA	16-CTACTA	7.213098	-120.835639	0	T:1272.0(5.22%),B:823.6(3.32%),P:1e-52	Tpos:46.6,Tstd:27.0,Bpos:49.1,Bstd:28.7,StrandBias:0.2,Multiplicity:1.21
0.001	0.899	0.099	0.001
0.001	0.001	0.001	0.997
0.997	0.001	0.001	0.001
0.001	0.625	0.373	0.001
0.001	0.001	0.001	0.997
0.997	0.001	0.001	0.001
>AAACCG	17-AAACCG	6.177716	-60.300434	0	T:991.0(4.07%),B:708.0(2.86%),P:1e-26	Tpos:49.1,Tstd:29.3,Bpos:47.3,Bstd:32.6,StrandBias:0.4,Multiplicity:1.02
0.700	0.100	0.100	0.100
0.700	0.100	0.100	0.100
0.700	0.100	0.100	0.100
0.100	0.700	0.100	0.100
0.100	0.700	0.100	0.100
0.100	0.100	0.700	0.100
>TAGCTA	18-TAGCTA	6.177716	-60.070399	0	T:623.0(2.56%),B:402.6(1.62%),P:1e-26	Tpos:54.8,Tstd:29.7,Bpos:49.6,Bstd:30.4,StrandBias:0.0,Multiplicity:1.17
0.100	0.100	0.100	0.700
0.700	0.100	0.100	0.100
0.100	0.100	0.700	0.100
0.100	0.700	0.100	0.100
0.100	0.100	0.100	0.700
0.700	0.100	0.100	0.100
>AACGCA	19-AACGCA	6.177716	-52.112670	0	T:896.0(3.68%),B:646.1(2.61%),P:1e-22	Tpos:50.9,Tstd:28.3,Bpos:49.9,Bstd:33.5,StrandBias:0.3,Multiplicity:1.02
0.700	0.100	0.100	0.100
0.700	0.100	0.100	0.100
0.100	0.700	0.100	0.100
0.100	0.100	0.700	0.100
0.100	0.700	0.100	0.100
0.700	0.100	0.100	0.100
>TATATAKA	1-TATATAKA	6.189316	-1589.807649	0	T:3546.0(14.55%),B:1238.5(4.99%),P:1e-690	Tpos:31.4,Tstd:9.4,Bpos:48.0,Bstd:35.9,StrandBias:0.6,Multiplicity:1.12
0.001	0.001	0.001	0.997
0.997	0.001	0.001	0.001
0.001	0.001	0.001	0.997
0.997	0.001	0.001	0.001
0.417	0.001	0.001	0.581
0.997	0.001	0.001	0.001
0.091	0.198	0.383	0.328
0.506	0.199	0.294	0.001
>CTWTTTAW	2-CTWTTTAW	5.633112	-1447.157690	0	T:3856.0(15.83%),B:1507.3(6.08%),P:1e-628	Tpos:32.4,Tstd:15.6,Bpos:51.9,Bstd:34.5,StrandBias:0.0,Multiplicity:1.02
0.001	0.607	0.388	0.004
0.186	0.008	0.143	0.663
0.562	0.007	0.010	0.421
0.143	0.141	0.079	0.637
0.380	0.005	0.001	0.614
0.415	0.005	0.001	0.579
0.690	0.077	0.171	0.062
0.401	0.067	0.045	0.487
>CCMMTCCC	3-CCMMTCCC	5.747096	-1022.286222	0	T:8844.0(36.30%),B:5806.8(23.42%),P:1e-443	Tpos:54.3,Tstd:26.5,Bpos:49.7,Bstd:31.6,StrandBias:2.4,Multiplicity:1.43
0.001	0.761	0.001	0.237
0.001	0.997	0.001	0.001
0.442	0.556	0.001	0.001
0.422	0.295	0.158	0.125
0.233	0.183	0.001	0.583
0.001	0.752	0.001	0.246
0.001	0.997	0.001	0.001
0.364	0.634	0.001	0.001
>CTCGTCTC	4-CTCGTCTC	4.716359	-666.566649	0	T:7865.0(32.28%),B:5491.1(22.15%),P:1e-289	Tpos:55.1,Tstd:27.1,Bpos:50.2,Bstd:30.8,StrandBias:1.4,Multiplicity:1.15
0.001	0.772	0.128	0.099
0.023	0.098	0.019	0.860
0.065	0.918	0.001	0.016
0.084	0.032	0.807	0.077
0.082	0.167	0.001	0.750
0.001	0.997	0.001	0.001
0.030	0.001	0.001	0.968
0.001	0.942	0.001	0.056
>YTCTCTTY	5-YTCTCTTY	5.620022	-616.637026	0	T:9715.0(39.87%),B:7280.2(29.36%),P:1e-267	Tpos:55.3,Tstd:26.5,Bpos:49.2,Bstd:32.7,StrandBias:1.3,Multiplicity:1.32
0.069	0.433	0.147	0.351
0.001	0.421	0.001	0.577
0.001	0.997	0.001	0.001
0.001	0.119	0.297	0.583
0.001	0.997	0.001	0.001
0.001	0.001	0.209	0.789
0.001	0.401	0.001	0.597
0.001	0.394	0.157	0.448
>GGGAATGG	6-GGGAATGG	6.411674	-544.952835	0	T:3667.0(15.05%),B:2128.5(8.58%),P:1e-236	Tpos:54.8,Tstd:27.1,Bpos:52.1,Bstd:29.9,StrandBias:-1.7,Multiplicity:1.03
0.177	0.190	0.595	0.038
0.160	0.001	0.707	0.132
0.003	0.001	0.960	0.036
0.997	0.001	0.001	0.001
0.523	0.270	0.206	0.001
0.003	0.098	0.178	0.721
0.002	0.050	0.715	0.233
0.071	0.040	0.888	0.001
>AAACCCTA	7-AAACCCTA	7.919858	-538.633778	0	T:1286.0(5.28%),B:455.2(1.84%),P:1e-233	Tpos:54.0,Tstd:26.9,Bpos:52.1,Bstd:32.6,StrandBias:1.1,Multiplicity:1.04
0.906	0.001	0.092	0.001
0.997	0.001	0.001	0.001
0.997	0.001	0.001	0.001
0.001	0.997	0.001	0.001
0.001	0.997	0.001	0.001
0.001	0.997	0.001	0.001
0.060	0.001	0.001	0.938
0.784	0.164	0.001	0.051
>GGCGGCGG	8-GGCGGCGG	5.656232	-516.796109	0	T:8361.0(34.31%),B:6225.3(25.11%),P:1e-224	Tpos:57.7,Tstd:27.2,Bpos:50.5,Bstd:31.1,StrandBias:-1.6,Multiplicity:1.25
0.063	0.001	0.706	0.230
0.001	0.001	0.997	0.001
0.139	0.643	0.002	0.216
0.094	0.001	0.731	0.174
0.078	0.079	0.733	0.110
0.053	0.639	0.195	0.113
0.001	0.001	0.934	0.064
0.114	0.001	0.833	0.052
>CMCACYAC	9-CMCACYAC	6.099109	-446.343213	0	T:3171.0(13.01%),B:1863.3(7.51%),P:1e-193	Tpos:52.2,Tstd:27.7,Bpos:49.8,Bstd:30.4,StrandBias:1.6,Multiplicity:1.03
0.230	0.674	0.028	0.068
0.353	0.469	0.109	0.069
0.383	0.585	0.001	0.031
0.724	0.054	0.209	0.013
0.105	0.812	0.045	0.038
0.090	0.481	0.001	0.428
0.604	0.052	0.301	0.043
0.021	0.926	0.024	0.029
>GSAAYGSA	10-GSAAYGSA	5.856843	-404.660491	0	T:4668.0(19.16%),B:3157.5(12.73%),P:1e-175	Tpos:53.1,Tstd:28.1,Bpos:50.4,Bstd:30.6,StrandBias:-0.4,Multiplicity:1.10
0.001	0.036	0.849	0.114
0.227	0.338	0.381	0.054
0.971	0.001	0.027	0.001
0.510	0.163	0.203	0.124
0.001	0.468	0.142	0.389
0.001	0.005	0.993	0.001
0.254	0.429	0.299	0.017
0.799	0.060	0.133	0.008
>CACACACA	11-CACACACA	5.065626	-402.133694	0	T:4990.0(20.48%),B:3438.6(13.87%),P:1e-174	Tpos:54.8,Tstd:26.6,Bpos:49.8,Bstd:29.5,StrandBias:1.6,Multiplicity:1.18
0.096	0.825	0.023	0.056
0.760	0.031	0.151	0.058
0.062	0.794	0.095	0.049
0.698	0.080	0.072	0.150
0.088	0.782	0.097	0.033
0.669	0.036	0.197	0.098
0.083	0.802	0.098	0.017
0.673	0.163	0.078	0.086
>AAGCAAAC	12-AAGCAAAC	5.168373	-372.993750	0	T:4912.0(20.16%),B:3425.3(13.81%),P:1e-161	Tpos:50.4,Tstd:26.9,Bpos:49.8,Bstd:31.5,StrandBias:0.6,Multiplicity:1.19
0.883	0.053	0.033	0.031
0.789	0.103	0.103	0.005
0.084	0.172	0.551	0.193
0.061	0.742	0.156	0.041
0.834	0.050	0.083	0.033
0.821	0.071	0.087	0.021
0.660	0.075	0.132	0.133
0.079	0.723	0.133	0.065
>CGTCMGTC	13-CGTCMGTC	6.034422	-368.387093	0	T:2933.0(12.04%),B:1779.2(7.18%),P:1e-159	Tpos:53.8,Tstd:27.7,Bpos:49.7,Bstd:27.6,StrandBias:1.2,Multiplicity:1.09
0.130	0.802	0.001	0.067
0.208	0.090	0.518	0.184
0.001	0.035	0.072	0.892
0.015	0.983	0.001	0.001
0.402	0.495	0.044	0.058
0.127	0.098	0.587	0.188
0.036	0.001	0.072	0.891
0.035	0.837	0.001	0.127
>TAAAACCC	14-TAAAACCC	7.362048	-351.935273	0	T:905.0(3.71%),B:334.0(1.35%),P:1e-152	Tpos:45.7,Tstd:26.0,Bpos:52.0,Bstd:34.7,StrandBias:2.0,Multiplicity:1.01
0.001	0.253	0.001	0.745
0.861	0.001	0.001	0.137
0.997	0.001	0.001	0.001
0.997	0.001	0.001	0.001
0.997	0.001	0.001	0.001
0.001	0.997	0.001	0.001
0.001	0.997	0.001	0.001
0.001	0.886	0.112	0.001
>ACAGCACA	15-ACAGCACA	6.691160	-265.729815	0	T:1491.0(6.12%),B:798.1(3.22%),P:1e-115	Tpos:51.3,Tstd:28.0,Bpos:49.8,Bstd:29.4,StrandBias:0.8,Multiplicity:1.05
0.934	0.048	0.001	0.017
0.001	0.997	0.001	0.001
0.934	0.001	0.001	0.064
0.041	0.050	0.851	0.058
0.038	0.831	0.130	0.001
0.768	0.114	0.014	0.104
0.050	0.929	0.001	0.020
0.872	0.051	0.049	0.028
>AAAACCCT	16-AAAACCCT	8.236954	-214.631281	0	T:379.0(1.56%),B:108.5(0.44%),P:1e-93	Tpos:57.6,Tstd:27.3,Bpos:63.2,Bstd:14.6,StrandBias:1.5,Multiplicity:1.00
0.700	0.100	0.100	0.100
0.700	0.100	0.100	0.100
0.700	0.100	0.100	0.100
0.700	0.100	0.100	0.100
0.100	0.700	0.100	0.100
0.100	0.700	0.100	0.100
0.100	0.700	0.100	0.100
0.100	0.100	0.100	0.700
>TACTACTA	17-TACTACTA	6.111570	-185.020944	0	T:916.0(3.76%),B:466.4(1.88%),P:1e-80	Tpos:44.4,Tstd:25.7,Bpos:49.0,Bstd:28.0,StrandBias:0.2,Multiplicity:1.05
0.001	0.046	0.036	0.917
0.834	0.094	0.056	0.016
0.001	0.935	0.048	0.016
0.018	0.057	0.001	0.924
0.924	0.001	0.063	0.012
0.001	0.852	0.134	0.013
0.001	0.031	0.001	0.967
0.852	0.001	0.087	0.060
>TAAGTAGC	18-TAAGTAGC	4.147425	-170.563483	0	T:584.0(2.40%),B:252.7(1.02%),P:1e-74	Tpos:50.7,Tstd:28.5,Bpos:49.9,Bstd:26.8,StrandBias:0.1,Multiplicity:1.10
0.001	0.001	0.001	0.997
0.997	0.001	0.001	0.001
0.983	0.001	0.015	0.001
0.001	0.115	0.883	0.001
0.001	0.001	0.001	0.997
0.997	0.001	0.001	0.001
0.001	0.001	0.997	0.001
0.001	0.997	0.001	0.001
>TCACTCTC	19-TCACTCTC	7.362427	-158.947047	0	T:999.0(4.10%),B:555.4(2.24%),P:1e-69	Tpos:56.0,Tstd:28.6,Bpos:50.9,Bstd:29.0,StrandBias:1.1,Multiplicity:1.04
0.001	0.001	0.001	0.997
0.001	0.843	0.155	0.001
0.810	0.001	0.188	0.001
0.001	0.997	0.001	0.001
0.001	0.001	0.001	0.997
0.001	0.997	0.001	0.001
0.006	0.001	0.154	0.839
0.001	0.997	0.001	0.001
>TGCCTGCC	20-TGCCTGCC	8.313842	-148.393980	0	T:1011.0(4.15%),B:577.9(2.33%),P:1e-64	Tpos:53.0,Tstd:28.1,Bpos:50.6,Bstd:28.8,StrandBias:0.4,Multiplicity:1.09
0.001	0.312	0.001	0.686
0.001	0.001	0.997	0.001
0.001	0.997	0.001	0.001
0.001	0.997	0.001	0.001
0.001	0.001	0.209	0.789
0.015	0.001	0.983	0.001
0.001	0.831	0.001	0.167
0.001	0.707	0.001	0.291
>TACAAATA	21-TACAAATA	7.376705	-123.623105	0	T:411.0(1.69%),B:175.6(0.71%),P:1e-53	Tpos:35.7,Tstd:20.4,Bpos:50.0,Bstd:32.9,StrandBias:0.9,Multiplicity:1.01
0.001	0.001	0.001	0.997
0.997	0.001	0.001	0.001
0.001	0.997	0.001	0.001
0.997	0.001	0.001	0.001
0.742	0.001	0.001	0.256
0.742	0.001	0.097	0.160
0.001	0.001	0.001	0.997
0.997	0.001	0.001	0.001
>GCAGCMGC	22-GCAGCMGC	7.297028	-119.002346	0	T:2161.0(8.87%),B:1577.4(6.36%),P:1e-51	Tpos:56.8,Tstd:27.0,Bpos:51.0,Bstd:31.1,StrandBias:0.0,Multiplicity:1.06
0.001	0.001	0.997	0.001
0.001	0.997	0.001	0.001
0.728	0.001	0.001	0.270
0.001	0.001	0.997	0.001
0.001	0.809	0.001	0.189
0.448	0.305	0.001	0.246
0.001	0.001	0.997	0.001
0.001	0.997	0.001	0.001
>ATTAATAA	23-ATTAATAA	7.723863	-104.940746	0	T:499.0(2.05%),B:250.4(1.01%),P:1e-45	Tpos:36.1,Tstd:23.0,Bpos:49.3,Bstd:33.5,StrandBias:0.0,Multiplicity:1.05
0.884	0.001	0.096	0.019
0.259	0.082	0.049	0.610
0.147	0.001	0.001	0.851
0.997	0.001	0.001	0.001
0.915	0.001	0.001	0.083
0.001	0.066	0.001	0.932
0.907	0.001	0.001	0.091
0.972	0.001	0.001	0.026
>TCGTCTCG	24-TCGTCTCG	9.868677	-93.636493	0	T:508.0(2.08%),B:268.1(1.08%),P:1e-40	Tpos:56.7,Tstd:29.5,Bpos:44.3,Bstd:29.7,StrandBias:0.7,Multiplicity:1.00
0.001	0.001	0.001	0.997
0.001	0.997	0.001	0.001
0.001	0.001	0.997	0.001
0.001	0.301	0.001	0.697
0.001	0.997	0.001	0.001
0.001	0.001	0.001	0.997
0.001	0.997	0.001	0.001
0.001	0.001	0.997	0.001
>CAGCAAGC	25-CAGCAAGC	7.875139	-55.971258	0	T:726.0(2.98%),B:494.7(2.00%),P:1e-24	Tpos:56.2,Tstd:28.2,Bpos:48.8,Bstd:30.6,StrandBias:1.1,Multiplicity:1.09
0.001	0.997	0.001	0.001
0.997	0.001	0.001	0.001
0.001	0.001	0.997	0.001
0.001	0.997	0.001	0.001
0.820	0.138	0.001	0.041
0.997	0.001	0.001	0.001
0.001	0.001	0.997	0.001
0.001	0.997	0.001	0.001
