>TATATAKAVS	1-TATATAKAVS	5.621937	-1920.024394	0	T:4054.0(16.64%),B:1376.9(5.55%),P:1e-833	Tpos:31.1,Tstd:9.7,Bpos:51.7,Bstd:38.5,StrandBias:-0.1,Multiplicity:1.60
0.024	0.028	0.017	0.931
0.759	0.021	0.004	0.216
0.038	0.015	0.001	0.946
0.932	0.001	0.001	0.066
0.209	0.003	0.013	0.775
0.972	0.003	0.023	0.002
0.190	0.139	0.272	0.399
0.449	0.202	0.297	0.052
0.213	0.361	0.300	0.126
0.231	0.302	0.404	0.063
>YCCCCMYYCC	2-YCCCCMYYCC	5.335810	-1456.869676	0	T:11915.0(48.90%),B:7993.4(32.23%),P:1e-632	Tpos:55.7,Tstd:26.0,Bpos:50.2,Bstd:31.1,StrandBias:2.4,Multiplicity:1.59
0.217	0.418	0.001	0.364
0.001	0.617	0.001	0.381
0.184	0.550	0.021	0.245
0.001	0.953	0.001	0.045
0.248	0.522	0.229	0.001
0.303	0.354	0.145	0.198
0.199	0.363	0.096	0.342
0.179	0.388	0.046	0.387
0.001	0.997	0.001	0.001
0.001	0.997	0.001	0.001
>CTCTCGTCTC	3-CTCTCGTCTC	5.156224	-1014.681674	0	T:10199.0(41.86%),B:7038.5(28.38%),P:1e-440	Tpos:55.8,Tstd:26.8,Bpos:49.8,Bstd:30.6,StrandBias:1.3,Multiplicity:1.26
0.016	0.541	0.253	0.190
0.112	0.317	0.051	0.520
0.001	0.562	0.198	0.239
0.001	0.302	0.082	0.615
0.004	0.957	0.008	0.031
0.110	0.068	0.787	0.035
0.083	0.296	0.061	0.560
0.001	0.701	0.041	0.257
0.074	0.195	0.123	0.608
0.001	0.664	0.025	0.310
>CAAAACCCTA	4-CAAAACCCTA	8.165509	-534.283265	0	T:933.0(3.83%),B:264.8(1.07%),P:1e-232	Tpos:54.8,Tstd:26.6,Bpos:54.7,Bstd:30.2,StrandBias:1.5,Multiplicity:1.03
0.044	0.743	0.095	0.118
0.580	0.175	0.095	0.150
0.873	0.025	0.077	0.025
0.962	0.009	0.015	0.014
0.864	0.050	0.069	0.017
0.031	0.852	0.090	0.027
0.022	0.927	0.028	0.023
0.028	0.936	0.018	0.018
0.236	0.127	0.047	0.590
0.676	0.173	0.053	0.098
>CCYGCCTGCC	5-CCYGCCTGCC	6.387935	-438.913982	0	T:3654.0(15.00%),B:2259.9(9.11%),P:1e-190	Tpos:53.0,Tstd:27.6,Bpos:49.3,Bstd:30.6,StrandBias:0.8,Multiplicity:1.07
0.123	0.560	0.184	0.133
0.002	0.757	0.055	0.186
0.151	0.294	0.152	0.403
0.100	0.033	0.717	0.150
0.021	0.794	0.145	0.040
0.003	0.930	0.009	0.058
0.033	0.216	0.150	0.601
0.030	0.026	0.748	0.196
0.030	0.834	0.034	0.102
0.028	0.702	0.067	0.203
>ACACACACAC	6-ACACACACAC	4.644087	-420.286086	0	T:6312.0(25.90%),B:4566.5(18.41%),P:1e-182	Tpos:54.1,Tstd:26.1,Bpos:50.0,Bstd:28.5,StrandBias:1.6,Multiplicity:1.14
0.650	0.141	0.117	0.092
0.110	0.736	0.098	0.056
0.676	0.101	0.137	0.086
0.109	0.741	0.093	0.057
0.675	0.102	0.137	0.086
0.113	0.718	0.113	0.056
0.681	0.106	0.119	0.094
0.107	0.741	0.110	0.042
0.662	0.119	0.133	0.086
0.118	0.719	0.103	0.060
>TCTCTCTCTC	7-TCTCTCTCTC	6.401567	-365.967318	0	T:3795.0(15.57%),B:2487.9(10.03%),P:1e-158	Tpos:56.4,Tstd:26.2,Bpos:50.7,Bstd:33.1,StrandBias:1.3,Multiplicity:1.07
0.069	0.075	0.070	0.786
0.033	0.846	0.069	0.052
0.070	0.068	0.109	0.753
0.028	0.828	0.080	0.064
0.062	0.064	0.066	0.808
0.039	0.809	0.100	0.052
0.054	0.075	0.138	0.733
0.058	0.818	0.069	0.055
0.046	0.061	0.097	0.796
0.046	0.822	0.051	0.081
>AAACCAAACC	8-AAACCAAACC	6.799180	-359.596583	0	T:1641.0(6.73%),B:812.2(3.27%),P:1e-156	Tpos:50.8,Tstd:25.6,Bpos:51.1,Bstd:31.4,StrandBias:1.6,Multiplicity:1.09
0.705	0.111	0.173	0.011
0.877	0.018	0.088	0.017
0.559	0.089	0.234	0.118
0.071	0.551	0.254	0.124
0.208	0.760	0.022	0.010
0.707	0.176	0.098	0.019
0.883	0.066	0.042	0.009
0.611	0.157	0.173	0.059
0.116	0.639	0.183	0.062
0.051	0.767	0.172	0.010
>CCARTCKCCA	9-CCARTCKCCA	8.545109	-253.560168	0	T:653.0(2.68%),B:241.0(0.97%),P:1e-110	Tpos:54.9,Tstd:27.5,Bpos:51.0,Bstd:26.7,StrandBias:1.2,Multiplicity:1.04
0.001	0.697	0.111	0.191
0.039	0.959	0.001	0.001
0.997	0.001	0.001	0.001
0.355	0.201	0.421	0.023
0.058	0.028	0.001	0.913
0.001	0.469	0.268	0.262
0.190	0.155	0.313	0.343
0.001	0.981	0.001	0.017
0.018	0.980	0.001	0.001
0.967	0.001	0.001	0.031
>AGCCGCAGCA	10-AGCCGCAGCA	6.882255	-214.605410	0	T:2228.0(9.14%),B:1444.8(5.83%),P:1e-93	Tpos:57.2,Tstd:26.4,Bpos:49.4,Bstd:29.7,StrandBias:0.8,Multiplicity:1.06
0.839	0.032	0.087	0.042
0.096	0.043	0.781	0.080
0.073	0.769	0.034	0.124
0.105	0.741	0.096	0.058
0.077	0.063	0.824	0.036
0.070	0.887	0.017	0.026
0.779	0.113	0.068	0.040
0.042	0.050	0.823	0.085
0.062	0.877	0.040	0.021
0.683	0.159	0.100	0.058
>ATGGATGGAT	11-ATGGATGGAT	6.638351	-182.241671	0	T:698.0(2.86%),B:318.4(1.28%),P:1e-79	Tpos:52.7,Tstd:26.9,Bpos:52.5,Bstd:24.5,StrandBias:-1.8,Multiplicity:1.02
0.476	0.096	0.273	0.155
0.122	0.146	0.169	0.563
0.046	0.140	0.592	0.222
0.226	0.038	0.704	0.032
0.707	0.096	0.069	0.128
0.080	0.119	0.108	0.693
0.070	0.129	0.584	0.217
0.214	0.041	0.722	0.023
0.638	0.078	0.132	0.152
0.111	0.086	0.217	0.586
>ASTASTASTA	12-ASTASTASTA	6.215693	-172.528281	0	T:923.0(3.79%),B:484.7(1.95%),P:1e-74	Tpos:47.1,Tstd:25.7,Bpos:48.4,Bstd:29.1,StrandBias:0.1,Multiplicity:1.05
0.590	0.103	0.184	0.123
0.068	0.497	0.400	0.035
0.114	0.130	0.014	0.742
0.864	0.003	0.132	0.001
0.001	0.485	0.513	0.001
0.029	0.124	0.020	0.827
0.725	0.078	0.120	0.077
0.009	0.453	0.524	0.014
0.133	0.222	0.024	0.621
0.613	0.102	0.112	0.173
>ACAGCACAGC	13-ACAGCACAGC	8.522473	-152.059069	0	T:375.0(1.54%),B:135.2(0.55%),P:1e-66	Tpos:54.4,Tstd:26.8,Bpos:48.1,Bstd:27.2,StrandBias:0.9,Multiplicity:1.06
0.654	0.001	0.117	0.228
0.009	0.897	0.093	0.001
0.909	0.016	0.001	0.074
0.322	0.001	0.654	0.023
0.130	0.868	0.001	0.001
0.748	0.001	0.001	0.250
0.156	0.842	0.001	0.001
0.766	0.179	0.054	0.001
0.109	0.024	0.791	0.076
0.007	0.901	0.079	0.013
>GTCCAGTCCA	14-GTCCAGTCCA	8.069106	-136.307910	0	T:458.0(1.88%),B:196.2(0.79%),P:1e-59	Tpos:52.9,Tstd:26.6,Bpos:51.1,Bstd:30.7,StrandBias:1.0,Multiplicity:1.05
0.203	0.022	0.753	0.022
0.001	0.160	0.001	0.838
0.002	0.782	0.159	0.057
0.001	0.870	0.128	0.001
0.820	0.038	0.113	0.029
0.019	0.094	0.594	0.293
0.091	0.008	0.001	0.900
0.005	0.790	0.167	0.038
0.006	0.976	0.017	0.001
0.675	0.088	0.222	0.015
>AGCTAGCTAG	15-AGCTAGCTAG	8.662439	-135.205517	0	T:438.0(1.80%),B:184.4(0.74%),P:1e-58	Tpos:58.5,Tstd:27.6,Bpos:48.4,Bstd:29.2,StrandBias:0.2,Multiplicity:1.02
0.657	0.098	0.151	0.094
0.120	0.019	0.763	0.098
0.035	0.894	0.067	0.004
0.182	0.219	0.035	0.564
0.859	0.004	0.081	0.056
0.018	0.002	0.977	0.003
0.004	0.955	0.034	0.007
0.258	0.131	0.047	0.564
0.750	0.076	0.108	0.066
0.036	0.122	0.721	0.121
>CCACCACCAC	16-CCACCACCAC	9.300086	-127.577167	0	T:341.0(1.40%),B:129.0(0.52%),P:1e-55	Tpos:58.3,Tstd:26.1,Bpos:46.9,Bstd:28.9,StrandBias:1.9,Multiplicity:1.03
0.001	0.997	0.001	0.001
0.001	0.997	0.001	0.001
0.997	0.001	0.001	0.001
0.029	0.892	0.001	0.078
0.001	0.997	0.001	0.001
0.997	0.001	0.001	0.001
0.001	0.997	0.001	0.001
0.001	0.997	0.001	0.001
0.861	0.001	0.137	0.001
0.001	0.997	0.001	0.001
>CCGCCACTCC	17-CCGCCACTCC	8.925571	-124.585380	0	T:333.0(1.37%),B:126.8(0.51%),P:1e-54	Tpos:55.6,Tstd:27.6,Bpos:50.5,Bstd:28.4,StrandBias:2.1,Multiplicity:1.01
0.001	0.904	0.001	0.094
0.001	0.995	0.003	0.001
0.001	0.001	0.997	0.001
0.001	0.593	0.161	0.245
0.001	0.865	0.001	0.133
0.880	0.113	0.006	0.001
0.001	0.755	0.178	0.066
0.001	0.001	0.001	0.997
0.001	0.899	0.001	0.099
0.133	0.865	0.001	0.001
>TTGTGAGTTG	18-TTGTGAGTTG	8.919793	-123.175123	0	T:184.0(0.76%),B:46.3(0.19%),P:1e-53	Tpos:57.7,Tstd:24.9,Bpos:45.7,Bstd:27.9,StrandBias:-0.8,Multiplicity:1.03
0.001	0.034	0.001	0.964
0.001	0.022	0.035	0.942
0.001	0.001	0.997	0.001
0.026	0.107	0.001	0.866
0.001	0.084	0.880	0.035
0.977	0.001	0.021	0.001
0.143	0.123	0.569	0.165
0.050	0.022	0.001	0.927
0.003	0.001	0.001	0.995
0.001	0.001	0.977	0.021
>ATAAATAGCG	19-ATAAATAGCG	9.089275	-123.104822	0	T:150.0(0.62%),B:31.3(0.13%),P:1e-53	Tpos:37.2,Tstd:19.2,Bpos:38.1,Bstd:3.1,StrandBias:0.8,Multiplicity:1.00
0.848	0.010	0.013	0.129
0.076	0.099	0.019	0.806
0.758	0.027	0.004	0.211
0.778	0.023	0.198	0.001
0.726	0.013	0.182	0.079
0.332	0.007	0.090	0.571
0.694	0.004	0.285	0.017
0.040	0.018	0.939	0.003
0.095	0.611	0.260	0.034
0.127	0.207	0.583	0.083
>GCTATAAGTA	20-GCTATAAGTA	9.520222	-102.844194	0	T:74.0(0.30%),B:8.6(0.03%),P:1e-44	Tpos:33.1,Tstd:18.0,Bpos:51.6,Bstd:18.8,StrandBias:1.1,Multiplicity:1.00
0.017	0.001	0.759	0.223
0.001	0.997	0.001	0.001
0.001	0.001	0.001	0.997
0.837	0.001	0.081	0.081
0.001	0.017	0.081	0.901
0.997	0.001	0.001	0.001
0.748	0.001	0.081	0.170
0.001	0.081	0.866	0.052
0.132	0.082	0.082	0.704
0.837	0.001	0.081	0.081
>GCCGTTATAT	21-GCCGTTATAT	9.083866	-98.412088	0	T:97.0(0.40%),B:16.0(0.06%),P:1e-42	Tpos:35.6,Tstd:23.1,Bpos:61.2,Bstd:18.1,StrandBias:-0.3,Multiplicity:1.00
0.001	0.001	0.997	0.001
0.001	0.973	0.001	0.025
0.001	0.997	0.001	0.001
0.001	0.001	0.997	0.001
0.026	0.026	0.026	0.922
0.001	0.025	0.001	0.973
0.741	0.001	0.026	0.232
0.328	0.001	0.001	0.670
0.922	0.026	0.026	0.026
0.147	0.001	0.026	0.826
>CTTGCGGCTT	22-CTTGCGGCTT	9.314527	-86.935771	0	T:151.0(0.62%),B:43.4(0.17%),P:1e-37	Tpos:52.4,Tstd:25.2,Bpos:46.8,Bstd:25.6,StrandBias:-0.6,Multiplicity:1.02
0.001	0.880	0.004	0.115
0.004	0.004	0.024	0.968
0.001	0.001	0.052	0.946
0.004	0.074	0.921	0.001
0.001	0.997	0.001	0.001
0.083	0.094	0.723	0.100
0.013	0.056	0.930	0.001
0.001	0.939	0.056	0.004
0.001	0.184	0.004	0.811
0.001	0.039	0.013	0.947
>ATCATCATCA	23-ATCATCATCA	9.050446	-80.741509	0	T:264.0(1.08%),B:112.1(0.45%),P:1e-35	Tpos:52.0,Tstd:26.1,Bpos:48.5,Bstd:19.3,StrandBias:0.8,Multiplicity:1.01
0.803	0.082	0.114	0.001
0.143	0.078	0.049	0.730
0.001	0.997	0.001	0.001
0.944	0.001	0.001	0.054
0.076	0.131	0.001	0.792
0.045	0.953	0.001	0.001
0.967	0.001	0.001	0.031
0.020	0.271	0.001	0.708
0.067	0.931	0.001	0.001
0.799	0.080	0.089	0.032
>TCCAGAGTAC	24-TCCAGAGTAC	9.993707	-70.808607	0	T:68.0(0.28%),B:12.0(0.05%),P:1e-30	Tpos:55.5,Tstd:24.5,Bpos:46.3,Bstd:23.4,StrandBias:1.9,Multiplicity:1.02
0.001	0.181	0.001	0.817
0.110	0.888	0.001	0.001
0.181	0.756	0.001	0.062
0.997	0.001	0.001	0.001
0.333	0.062	0.604	0.001
0.937	0.061	0.001	0.001
0.061	0.001	0.937	0.001
0.001	0.001	0.001	0.997
0.682	0.173	0.001	0.144
0.057	0.757	0.124	0.062
>TTCCTCTTCC	25-TTCCTCTTCC	10.902867	-45.250772	0	T:158.0(0.65%),B:70.4(0.28%),P:1e-19	Tpos:57.7,Tstd:27.0,Bpos:61.8,Bstd:21.4,StrandBias:1.4,Multiplicity:1.01
0.125	0.001	0.001	0.873
0.025	0.001	0.001	0.973
0.144	0.854	0.001	0.001
0.001	0.997	0.001	0.001
0.001	0.001	0.001	0.997
0.001	0.997	0.001	0.001
0.001	0.001	0.144	0.854
0.001	0.025	0.001	0.973
0.001	0.911	0.001	0.087
0.001	0.997	0.001	0.001
>TATATAWANVVV	1-TATATAWANVVV	5.369884	-1876.510072	0	T:4417.0(18.13%),B:1617.7(6.52%),P:1e-814	Tpos:31.2,Tstd:10.1,Bpos:51.5,Bstd:37.4,StrandBias:0.1,Multiplicity:1.18
0.089	0.177	0.125	0.609
0.520	0.163	0.031	0.286
0.041	0.010	0.002	0.947
0.843	0.001	0.001	0.155
0.223	0.010	0.024	0.743
0.927	0.002	0.057	0.014
0.317	0.097	0.201	0.386
0.567	0.147	0.207	0.079
0.226	0.246	0.285	0.243
0.318	0.246	0.322	0.114
0.202	0.332	0.309	0.157
0.257	0.302	0.308	0.133
>CCCMCCCCCNCC	2-CCCMCCCCCNCC	4.979163	-1148.746787	0	T:11776.0(48.33%),B:8301.7(33.47%),P:1e-498	Tpos:56.8,Tstd:25.6,Bpos:50.2,Bstd:31.0,StrandBias:2.4,Multiplicity:1.48
0.061	0.700	0.090	0.149
0.122	0.671	0.075	0.132
0.135	0.733	0.061	0.071
0.250	0.390	0.168	0.192
0.135	0.569	0.075	0.221
0.097	0.691	0.078	0.134
0.158	0.542	0.152	0.148
0.082	0.737	0.084	0.097
0.129	0.754	0.044	0.073
0.297	0.250	0.182	0.271
0.048	0.762	0.062	0.128
0.042	0.864	0.036	0.058
>CTCBYCTCBTCT	3-CTCBYCTCBTCT	5.021768	-835.080862	0	T:11699.0(48.01%),B:8749.0(35.27%),P:1e-362	Tpos:55.8,Tstd:25.8,Bpos:49.7,Bstd:32.2,StrandBias:1.2,Multiplicity:1.23
0.033	0.624	0.143	0.200
0.031	0.208	0.099	0.662
0.035	0.686	0.115	0.164
0.064	0.291	0.341	0.304
0.054	0.341	0.160	0.446
0.027	0.728	0.069	0.176
0.011	0.106	0.042	0.841
0.025	0.672	0.091	0.212
0.050	0.332	0.318	0.300
0.050	0.333	0.118	0.498
0.028	0.715	0.078	0.179
0.055	0.236	0.156	0.553
>MATTCCCATTCC	4-MATTCCCATTCC	5.953608	-719.057488	0	T:3137.0(12.87%),B:1547.5(6.24%),P:1e-312	Tpos:54.4,Tstd:26.6,Bpos:51.6,Bstd:31.3,StrandBias:2.0,Multiplicity:1.09
0.425	0.336	0.127	0.112
0.488	0.151	0.139	0.223
0.141	0.166	0.080	0.613
0.044	0.275	0.106	0.575
0.049	0.641	0.089	0.221
0.072	0.757	0.058	0.113
0.224	0.596	0.105	0.075
0.467	0.184	0.176	0.173
0.174	0.175	0.116	0.535
0.061	0.151	0.122	0.666
0.040	0.646	0.130	0.184
0.068	0.763	0.083	0.086
>CMAAACCCAAVC	5-CMAAACCCAAVC	6.209454	-534.460289	0	T:3384.0(13.89%),B:1922.0(7.75%),P:1e-232	Tpos:52.2,Tstd:25.5,Bpos:50.5,Bstd:30.7,StrandBias:1.8,Multiplicity:1.10
0.258	0.510	0.142	0.090
0.432	0.386	0.157	0.025
0.855	0.108	0.036	0.001
0.931	0.004	0.064	0.001
0.567	0.207	0.178	0.048
0.132	0.566	0.167	0.135
0.114	0.784	0.076	0.026
0.363	0.532	0.058	0.047
0.744	0.125	0.017	0.114
0.760	0.115	0.122	0.003
0.390	0.281	0.291	0.038
0.266	0.555	0.117	0.062
>CWCACACACACA	6-CWCACACACACA	5.125976	-417.566456	0	T:4385.0(18.00%),B:2896.4(11.68%),P:1e-181	Tpos:55.9,Tstd:25.5,Bpos:49.0,Bstd:28.4,StrandBias:1.6,Multiplicity:1.10
0.115	0.695	0.142	0.048
0.424	0.130	0.154	0.292
0.101	0.802	0.090	0.007
0.629	0.072	0.191	0.108
0.072	0.794	0.123	0.011
0.641	0.067	0.176	0.116
0.085	0.659	0.210	0.046
0.617	0.052	0.119	0.212
0.062	0.812	0.112	0.014
0.609	0.066	0.229	0.096
0.086	0.815	0.043	0.056
0.647	0.122	0.120	0.111
>CGGGGGTTTTAA	7-CGGGGGTTTTAA	7.199880	-333.793599	0	T:792.0(3.25%),B:278.8(1.12%),P:1e-144	Tpos:42.3,Tstd:21.9,Bpos:46.5,Bstd:33.3,StrandBias:-1.8,Multiplicity:1.01
0.090	0.670	0.134	0.106
0.122	0.084	0.669	0.125
0.120	0.065	0.747	0.068
0.103	0.190	0.607	0.100
0.078	0.122	0.794	0.006
0.094	0.084	0.716	0.106
0.100	0.149	0.109	0.642
0.012	0.001	0.037	0.950
0.001	0.001	0.001	0.997
0.063	0.130	0.109	0.698
0.689	0.068	0.130	0.113
0.749	0.006	0.120	0.125
>CATCACTCATCA	8-CATCACTCATCA	6.612586	-300.752036	0	T:783.0(3.21%),B:291.2(1.17%),P:1e-130	Tpos:55.9,Tstd:25.4,Bpos:49.4,Bstd:24.8,StrandBias:1.6,Multiplicity:1.04
0.130	0.688	0.117	0.065
0.571	0.163	0.129	0.137
0.119	0.191	0.231	0.458
0.049	0.775	0.118	0.058
0.583	0.167	0.112	0.138
0.173	0.503	0.200	0.124
0.161	0.200	0.157	0.482
0.119	0.656	0.156	0.069
0.512	0.194	0.145	0.149
0.130	0.206	0.241	0.423
0.035	0.847	0.075	0.043
0.532	0.190	0.146	0.132
>CTASTASTAGTA	9-CTASTASTAGTA	7.528002	-177.569302	0	T:386.0(1.58%),B:128.8(0.52%),P:1e-77	Tpos:47.4,Tstd:25.2,Bpos:53.9,Bstd:27.6,StrandBias:0.2,Multiplicity:1.03
0.029	0.623	0.289	0.059
0.087	0.079	0.043	0.791
0.678	0.050	0.201	0.071
0.031	0.428	0.526	0.015
0.064	0.177	0.061	0.698
0.838	0.021	0.098	0.043
0.024	0.492	0.471	0.013
0.049	0.099	0.021	0.831
0.737	0.057	0.147	0.059
0.043	0.341	0.585	0.031
0.094	0.167	0.085	0.654
0.763	0.056	0.099	0.082
>CCATCCATCCAT	10-CCATCCATCCAT	9.092001	-161.847122	0	T:304.0(1.25%),B:91.4(0.37%),P:1e-70	Tpos:53.5,Tstd:27.5,Bpos:52.7,Bstd:23.4,StrandBias:2.0,Multiplicity:1.00
0.081	0.805	0.057	0.057
0.105	0.652	0.130	0.113
0.846	0.024	0.073	0.057
0.057	0.041	0.127	0.775
0.001	0.894	0.008	0.097
0.032	0.882	0.070	0.016
0.950	0.001	0.048	0.001
0.049	0.065	0.174	0.712
0.041	0.901	0.032	0.026
0.008	0.871	0.113	0.008
0.793	0.099	0.051	0.057
0.016	0.310	0.065	0.609
>TAGCTAGCTAGC	11-TAGCTAGCTAGC	6.492225	-144.565764	0	T:859.0(3.53%),B:468.0(1.89%),P:1e-62	Tpos:57.8,Tstd:27.1,Bpos:51.4,Bstd:26.8,StrandBias:0.0,Multiplicity:1.02
0.088	0.144	0.092	0.676
0.735	0.062	0.112	0.091
0.044	0.017	0.891	0.048
0.017	0.908	0.048	0.027
0.073	0.040	0.024	0.863
0.871	0.028	0.067	0.034
0.026	0.023	0.924	0.027
0.013	0.940	0.030	0.017
0.042	0.071	0.031	0.856
0.833	0.050	0.044	0.073
0.038	0.081	0.820	0.061
0.054	0.688	0.091	0.167
>NCGAATCGAATS	12-NCGAATCGAATS	6.078949	-131.298375	0	T:720.0(2.95%),B:381.8(1.54%),P:1e-57	Tpos:52.6,Tstd:26.1,Bpos:49.7,Bstd:26.4,StrandBias:0.3,Multiplicity:1.02
0.208	0.215	0.250	0.327
0.117	0.607	0.154	0.122
0.127	0.132	0.642	0.099
0.661	0.122	0.130	0.087
0.627	0.125	0.123	0.125
0.107	0.120	0.138	0.635
0.104	0.643	0.137	0.116
0.126	0.136	0.643	0.095
0.648	0.131	0.137	0.084
0.632	0.122	0.123	0.123
0.141	0.138	0.153	0.568
0.194	0.368	0.227	0.211
>GAGAGTCCGAGA	13-GAGAGTCCGAGA	9.208702	-101.658690	0	T:93.0(0.38%),B:15.0(0.06%),P:1e-44	Tpos:59.9,Tstd:25.8,Bpos:59.3,Bstd:6.4,StrandBias:-0.6,Multiplicity:1.00
0.025	0.001	0.973	0.001
0.997	0.001	0.001	0.001
0.001	0.001	0.997	0.001
0.997	0.001	0.001	0.001
0.001	0.025	0.973	0.001
0.147	0.001	0.026	0.826
0.025	0.973	0.001	0.001
0.232	0.716	0.026	0.026
0.001	0.001	0.997	0.001
0.997	0.001	0.001	0.001
0.025	0.001	0.973	0.001
0.997	0.001	0.001	0.001
>GTTCCGTYCCGT	14-GTTCCGTYCCGT	10.500364	-101.645181	0	T:90.0(0.37%),B:14.0(0.06%),P:1e-44	Tpos:54.7,Tstd:29.3,Bpos:53.7,Bstd:28.6,StrandBias:1.4,Multiplicity:1.00
0.001	0.121	0.759	0.119
0.001	0.098	0.001	0.900
0.080	0.217	0.001	0.702
0.001	0.980	0.018	0.001
0.115	0.678	0.001	0.206
0.140	0.077	0.782	0.001
0.001	0.134	0.045	0.820
0.001	0.365	0.130	0.504
0.024	0.720	0.255	0.001
0.097	0.753	0.001	0.149
0.001	0.096	0.902	0.001
0.038	0.043	0.001	0.918
>AAACCCTAGGCC	15-AAACCCTAGGCC	11.507505	-94.777240	0	T:103.0(0.42%),B:19.7(0.08%),P:1e-41	Tpos:52.7,Tstd:28.0,Bpos:27.3,Bstd:9.2,StrandBias:0.8,Multiplicity:1.00
0.878	0.001	0.018	0.103
0.997	0.001	0.001	0.001
0.997	0.001	0.001	0.001
0.001	0.980	0.018	0.001
0.001	0.997	0.001	0.001
0.001	0.997	0.001	0.001
0.001	0.001	0.001	0.997
0.963	0.018	0.001	0.018
0.018	0.018	0.963	0.001
0.104	0.104	0.629	0.163
0.001	0.945	0.001	0.053
0.054	0.873	0.054	0.019
>CCCCGAGTCCCG	16-CCCCGAGTCCCG	10.511017	-92.182542	0	T:109.0(0.45%),B:22.9(0.09%),P:1e-40	Tpos:52.9,Tstd:26.6,Bpos:38.3,Bstd:23.2,StrandBias:1.8,Multiplicity:1.00
0.028	0.601	0.037	0.334
0.098	0.720	0.073	0.109
0.001	0.953	0.045	0.001
0.027	0.629	0.308	0.036
0.091	0.161	0.703	0.045
0.704	0.206	0.045	0.045
0.019	0.215	0.748	0.018
0.072	0.136	0.144	0.648
0.009	0.869	0.027	0.095
0.036	0.874	0.054	0.036
0.072	0.901	0.009	0.018
0.063	0.064	0.846	0.027
>CAGTCCAGTCCA	17-CAGTCCAGTCCA	12.079030	-86.508936	0	T:51.0(0.21%),B:4.1(0.02%),P:1e-37	Tpos:53.6,Tstd:24.4,Bpos:84.2,Bstd:6.9,StrandBias:1.9,Multiplicity:1.00
0.038	0.729	0.001	0.232
0.690	0.044	0.228	0.038
0.001	0.001	0.997	0.001
0.001	0.189	0.001	0.809
0.001	0.809	0.001	0.189
0.038	0.923	0.038	0.001
0.923	0.001	0.038	0.038
0.038	0.038	0.923	0.001
0.001	0.001	0.001	0.997
0.001	0.997	0.001	0.001
0.001	0.997	0.001	0.001
0.997	0.001	0.001	0.001
>CCGCAGCCCTCA	18-CCGCAGCCCTCA	12.144353	-78.868396	0	T:48.0(0.20%),B:4.3(0.02%),P:1e-34	Tpos:59.9,Tstd:19.1,Bpos:32.9,Bstd:14.6,StrandBias:0.9,Multiplicity:1.00
0.049	0.853	0.049	0.049
0.001	0.997	0.001	0.001
0.064	0.001	0.863	0.072
0.001	0.997	0.001	0.001
0.949	0.049	0.001	0.001
0.001	0.001	0.949	0.049
0.001	0.997	0.001	0.001
0.001	0.852	0.098	0.049
0.098	0.803	0.001	0.098
0.001	0.001	0.332	0.666
0.049	0.852	0.098	0.001
0.851	0.001	0.001	0.147
>CTGSCTGCCTGS	19-CTGSCTGCCTGS	10.064289	-77.809417	0	T:206.0(0.85%),B:78.5(0.32%),P:1e-33	Tpos:53.5,Tstd:26.8,Bpos:51.5,Bstd:27.5,StrandBias:0.0,Multiplicity:1.01
0.046	0.930	0.001	0.023
0.012	0.250	0.071	0.667
0.142	0.001	0.856	0.001
0.001	0.553	0.445	0.001
0.023	0.889	0.023	0.065
0.023	0.001	0.034	0.942
0.001	0.001	0.987	0.011
0.105	0.812	0.001	0.082
0.090	0.634	0.167	0.109
0.107	0.202	0.012	0.679
0.046	0.119	0.760	0.075
0.094	0.439	0.456	0.012
>AGCAGCTGCAGC	20-AGCAGCTGCAGC	8.685317	-76.996015	0	T:800.0(3.28%),B:516.5(2.08%),P:1e-33	Tpos:58.8,Tstd:25.6,Bpos:50.7,Bstd:27.4,StrandBias:0.4,Multiplicity:1.03
0.577	0.100	0.127	0.196
0.057	0.075	0.817	0.051
0.072	0.810	0.067	0.051
0.650	0.103	0.108	0.139
0.082	0.048	0.826	0.044
0.046	0.864	0.043	0.047
0.228	0.084	0.119	0.569
0.038	0.086	0.836	0.040
0.042	0.855	0.069	0.034
0.627	0.111	0.110	0.152
0.078	0.060	0.787	0.075
0.068	0.783	0.087	0.062
>TCACAACTCACA	21-TCACAACTCACA	10.429438	-75.428238	0	T:58.0(0.24%),B:7.7(0.03%),P:1e-32	Tpos:60.5,Tstd:21.6,Bpos:44.6,Bstd:16.4,StrandBias:2.0,Multiplicity:1.05
0.076	0.076	0.043	0.805
0.043	0.871	0.043	0.043
0.714	0.116	0.045	0.125
0.054	0.902	0.033	0.011
0.816	0.054	0.086	0.044
0.848	0.065	0.065	0.022
0.022	0.722	0.097	0.159
0.022	0.032	0.076	0.870
0.032	0.925	0.011	0.032
0.799	0.060	0.076	0.065
0.043	0.881	0.065	0.011
0.881	0.011	0.054	0.054
>GGAGAGTGGAGA	22-GGAGAGTGGAGA	10.635827	-65.114343	0	T:144.0(0.59%),B:49.6(0.20%),P:1e-28	Tpos:59.8,Tstd:23.7,Bpos:66.7,Bstd:7.7,StrandBias:-1.8,Multiplicity:1.07
0.047	0.053	0.755	0.145
0.047	0.027	0.879	0.047
0.748	0.144	0.047	0.061
0.060	0.078	0.842	0.020
0.796	0.078	0.034	0.092
0.076	0.108	0.776	0.040
0.020	0.020	0.007	0.953
0.034	0.027	0.808	0.131
0.047	0.007	0.912	0.034
0.833	0.113	0.027	0.027
0.060	0.054	0.866	0.020
0.852	0.074	0.034	0.040
>CAACACAGCNCA	23-CAACACAGCNCA	10.241941	-54.753236	0	T:64.0(0.26%),B:13.4(0.05%),P:1e-23	Tpos:57.6,Tstd:26.9,Bpos:57.7,Bstd:7.7,StrandBias:2.7,Multiplicity:1.00
0.044	0.895	0.037	0.024
0.583	0.175	0.029	0.213
0.519	0.115	0.168	0.198
0.024	0.796	0.018	0.162
0.510	0.206	0.165	0.119
0.050	0.920	0.018	0.012
0.741	0.050	0.049	0.160
0.030	0.041	0.894	0.035
0.145	0.705	0.026	0.124
0.265	0.226	0.328	0.180
0.041	0.892	0.032	0.035
0.604	0.142	0.133	0.121
>GTCCACACTCCA	24-GTCCACACTCCA	10.409522	-35.916070	0	T:45.0(0.18%),B:10.7(0.04%),P:1e-15	Tpos:52.4,Tstd:23.4,Bpos:44.0,Bstd:32.8,StrandBias:1.2,Multiplicity:1.00
0.100	0.100	0.700	0.100
0.100	0.100	0.100	0.700
0.100	0.700	0.100	0.100
0.100	0.700	0.100	0.100
0.700	0.100	0.100	0.100
0.100	0.700	0.100	0.100
0.700	0.100	0.100	0.100
0.100	0.700	0.100	0.100
0.100	0.100	0.100	0.700
0.100	0.700	0.100	0.100
0.100	0.700	0.100	0.100
0.700	0.100	0.100	0.100
>TTGCTTGGGCAG	25-TTGCTTGGGCAG	10.007931	-19.937363	0	T:41.0(0.17%),B:14.3(0.06%),P:1e-8	Tpos:54.1,Tstd:20.5,Bpos:38.6,Bstd:8.4,StrandBias:-1.0,Multiplicity:1.03
0.085	0.028	0.062	0.825
0.012	0.037	0.040	0.911
0.012	0.085	0.864	0.039
0.073	0.801	0.089	0.037
0.061	0.027	0.061	0.851
0.049	0.012	0.097	0.842
0.013	0.111	0.814	0.062
0.014	0.063	0.851	0.072
0.060	0.063	0.828	0.049
0.085	0.758	0.097	0.060
0.831	0.049	0.073	0.047
0.073	0.049	0.828	0.050
>TATATA	1-TATATA	5.387975	-1675.915013	0	T:4696.0(19.27%),B:1911.3(7.71%),P:1e-727	Tpos:31.1,Tstd:10.7,Bpos:52.8,Bstd:39.2,StrandBias:-0.4,Multiplicity:1.17
0.001	0.039	0.001	0.959
0.645	0.001	0.001	0.353
0.089	0.001	0.001	0.909
0.997	0.001	0.001	0.001
0.001	0.022	0.001	0.976
0.997	0.001	0.001	0.001
>CCCACC	2-CCCACC	5.867060	-575.354521	0	T:9219.0(37.84%),B:6902.8(27.83%),P:1e-249	Tpos:52.4,Tstd:27.7,Bpos:50.2,Bstd:30.7,StrandBias:2.0,Multiplicity:1.36
0.003	0.995	0.001	0.001
0.230	0.768	0.001	0.001
0.001	0.997	0.001	0.001
0.648	0.001	0.350	0.001
0.001	0.585	0.001	0.413
0.001	0.997	0.001	0.001
>TCNCTC	3-TCNCTC	4.802086	-536.180361	0	T:11564.0(47.46%),B:9229.1(37.21%),P:1e-232	Tpos:55.7,Tstd:27.1,Bpos:49.7,Bstd:32.7,StrandBias:1.6,Multiplicity:1.48
0.040	0.359	0.001	0.600
0.001	0.842	0.156	0.001
0.240	0.185	0.267	0.309
0.183	0.612	0.141	0.064
0.050	0.001	0.111	0.838
0.001	0.799	0.001	0.199
>CMWTYC	4-CMWTYC	0.192554	-531.696946	0	T:13695.0(56.21%),B:11363.4(45.81%),P:1e-230	Tpos:53.5,Tstd:27.8,Bpos:50.0,Bstd:31.1,StrandBias:1.6,Multiplicity:1.41
0.001	0.997	0.001	0.001
0.547	0.451	0.001	0.001
0.452	0.001	0.007	0.540
0.001	0.001	0.001	0.997
0.001	0.546	0.001	0.452
0.001	0.997	0.001	0.001
>GATGCG	5-GATGCG	1.025021	-512.187135	0	T:12910.0(52.98%),B:10619.6(42.82%),P:1e-222	Tpos:53.6,Tstd:28.0,Bpos:50.0,Bstd:31.1,StrandBias:-0.9,Multiplicity:1.37
0.001	0.001	0.997	0.001
0.963	0.035	0.001	0.001
0.319	0.001	0.001	0.679
0.001	0.001	0.997	0.001
0.001	0.713	0.001	0.285
0.001	0.001	0.997	0.001
>AAACCC	6-AAACCC	8.041378	-456.679271	0	T:2307.0(9.47%),B:1196.3(4.82%),P:1e-198	Tpos:52.0,Tstd:26.3,Bpos:49.5,Bstd:33.5,StrandBias:1.9,Multiplicity:1.09
0.997	0.001	0.001	0.001
0.997	0.001	0.001	0.001
0.997	0.001	0.001	0.001
0.228	0.770	0.001	0.001
0.001	0.997	0.001	0.001
0.001	0.997	0.001	0.001
>AARCGA	7-AARCGA	4.890513	-367.570108	0	T:6060.0(24.87%),B:4451.6(17.95%),P:1e-159	Tpos:52.8,Tstd:27.7,Bpos:49.1,Bstd:30.3,StrandBias:-0.6,Multiplicity:1.16
0.540	0.001	0.214	0.245
0.570	0.151	0.278	0.001
0.386	0.001	0.399	0.214
0.088	0.910	0.001	0.001
0.062	0.001	0.692	0.245
0.890	0.001	0.108	0.001
>KGCSGC	8-KGCSGC	4.992462	-330.096335	0	T:10842.0(44.50%),B:9057.3(36.52%),P:1e-143	Tpos:55.7,Tstd:28.7,Bpos:49.5,Bstd:31.8,StrandBias:-0.1,Multiplicity:1.37
0.001	0.202	0.367	0.430
0.043	0.032	0.862	0.063
0.001	0.956	0.001	0.042
0.058	0.510	0.431	0.001
0.001	0.151	0.847	0.001
0.001	0.635	0.086	0.278
>CGTCTC	9-CGTCTC	5.255847	-304.750452	0	T:7415.0(30.43%),B:5844.3(23.56%),P:1e-132	Tpos:52.2,Tstd:28.3,Bpos:50.7,Bstd:30.3,StrandBias:1.2,Multiplicity:1.11
0.089	0.909	0.001	0.001
0.227	0.001	0.771	0.001
0.001	0.001	0.001	0.997
0.001	0.846	0.001	0.152
0.102	0.086	0.001	0.811
0.001	0.997	0.001	0.001
>GCCTGC	10-GCCTGC	5.074714	-230.674015	0	T:6826.0(28.01%),B:5502.6(22.19%),P:1e-100	Tpos:53.9,Tstd:28.0,Bpos:49.3,Bstd:31.1,StrandBias:-0.0,Multiplicity:1.25
0.001	0.001	0.997	0.001
0.207	0.791	0.001	0.001
0.001	0.886	0.001	0.112
0.001	0.001	0.094	0.904
0.062	0.001	0.936	0.001
0.001	0.997	0.001	0.001
>AGGCAG	11-AGGCAG	6.142080	-219.997986	0	T:5430.0(22.29%),B:4238.1(17.09%),P:1e-95	Tpos:52.9,Tstd:27.8,Bpos:50.3,Bstd:31.8,StrandBias:-0.6,Multiplicity:1.07
0.997	0.001	0.001	0.001
0.001	0.001	0.997	0.001
0.247	0.001	0.751	0.001
0.001	0.997	0.001	0.001
0.845	0.001	0.153	0.001
0.001	0.001	0.997	0.001
>GCAGCT	12-GCAGCT	1.173598	-213.520737	0	T:8685.0(35.64%),B:7329.7(29.55%),P:1e-92	Tpos:54.2,Tstd:28.1,Bpos:50.5,Bstd:31.1,StrandBias:-0.3,Multiplicity:1.23
0.001	0.001	0.997	0.001
0.001	0.997	0.001	0.001
0.782	0.001	0.001	0.216
0.199	0.001	0.799	0.001
0.001	0.997	0.001	0.001
0.001	0.001	0.001	0.997
>CACACA	13-CACACA	6.843263	-206.181249	0	T:3014.0(12.37%),B:2120.7(8.55%),P:1e-89	Tpos:52.6,Tstd:27.7,Bpos:49.7,Bstd:29.0,StrandBias:1.4,Multiplicity:1.13
0.001	0.997	0.001	0.001
0.997	0.001	0.001	0.001
0.001	0.997	0.001	0.001
0.738	0.001	0.260	0.001
0.001	0.997	0.001	0.001
0.891	0.001	0.001	0.107
>TTAAAA	14-TTAAAA	2.776506	-183.100552	0	T:2244.0(9.21%),B:1513.7(6.10%),P:1e-79	Tpos:34.7,Tstd:21.2,Bpos:47.8,Bstd:35.8,StrandBias:0.1,Multiplicity:1.12
0.001	0.001	0.001	0.997
0.001	0.001	0.001	0.997
0.997	0.001	0.001	0.001
0.935	0.001	0.001	0.063
0.935	0.001	0.001	0.063
0.997	0.001	0.001	0.001
>AAGCAA	15-AAGCAA	6.190637	-168.106053	0	T:3951.0(16.22%),B:3037.9(12.25%),P:1e-73	Tpos:48.4,Tstd:27.9,Bpos:49.2,Bstd:32.6,StrandBias:0.5,Multiplicity:1.13
0.997	0.001	0.001	0.001
0.813	0.185	0.001	0.001
0.346	0.001	0.652	0.001
0.001	0.997	0.001	0.001
0.997	0.001	0.001	0.001
0.997	0.001	0.001	0.001
>GATCGA	16-GATCGA	4.993933	-165.177659	0	T:3901.0(16.01%),B:3000.9(12.10%),P:1e-71	Tpos:53.3,Tstd:28.7,Bpos:49.4,Bstd:27.7,StrandBias:-0.8,Multiplicity:1.15
0.001	0.001	0.997	0.001
0.997	0.001	0.001	0.001
0.001	0.001	0.001	0.997
0.001	0.755	0.001	0.243
0.001	0.001	0.997	0.001
0.848	0.001	0.150	0.001
>ACCAMC	17-ACCAMC	7.515285	-137.491863	0	T:3621.0(14.86%),B:2826.8(11.40%),P:1e-59	Tpos:53.8,Tstd:27.7,Bpos:49.4,Bstd:28.6,StrandBias:1.5,Multiplicity:1.20
0.997	0.001	0.001	0.001
0.001	0.997	0.001	0.001
0.001	0.997	0.001	0.001
0.997	0.001	0.001	0.001
0.455	0.543	0.001	0.001
0.001	0.997	0.001	0.001
>STAGTA	18-STAGTA	7.474578	-113.532695	0	T:1374.0(5.64%),B:920.9(3.71%),P:1e-49	Tpos:45.4,Tstd:26.8,Bpos:48.9,Bstd:30.1,StrandBias:-0.3,Multiplicity:1.24
0.001	0.476	0.522	0.001
0.001	0.001	0.001	0.997
0.997	0.001	0.001	0.001
0.001	0.083	0.915	0.001
0.001	0.001	0.001	0.997
0.997	0.001	0.001	0.001
>WAGCGG	19-WAGCGG	7.495306	-98.629256	0	T:2072.0(8.50%),B:1551.3(6.25%),P:1e-42	Tpos:50.3,Tstd:28.3,Bpos:49.2,Bstd:32.6,StrandBias:-0.9,Multiplicity:1.03
0.552	0.001	0.001	0.446
0.997	0.001	0.001	0.001
0.001	0.001	0.997	0.001
0.001	0.997	0.001	0.001
0.001	0.001	0.997	0.001
0.001	0.001	0.997	0.001
>TAGCTA	20-TAGCTA	6.177716	-73.341509	0	T:613.0(2.52%),B:373.9(1.51%),P:1e-31	Tpos:53.7,Tstd:29.4,Bpos:50.3,Bstd:28.8,StrandBias:0.0,Multiplicity:1.17
0.100	0.100	0.100	0.700
0.700	0.100	0.100	0.100
0.100	0.100	0.700	0.100
0.100	0.700	0.100	0.100
0.100	0.100	0.100	0.700
0.700	0.100	0.100	0.100
>TATATAGV	1-TATATAGV	6.775772	-1770.204334	0	T:3759.0(15.43%),B:1275.2(5.14%),P:1e-768	Tpos:31.1,Tstd:9.7,Bpos:51.9,Bstd:38.7,StrandBias:0.1,Multiplicity:1.10
0.001	0.001	0.001	0.997
0.719	0.006	0.001	0.274
0.001	0.001	0.001	0.997
0.997	0.001	0.001	0.001
0.402	0.001	0.001	0.596
0.997	0.001	0.001	0.001
0.156	0.180	0.409	0.255
0.259	0.325	0.388	0.027
>CCCMYCCC	2-CCCMYCCC	4.817978	-1012.382169	0	T:10697.0(43.90%),B:7501.2(30.24%),P:1e-439	Tpos:54.5,Tstd:26.7,Bpos:50.1,Bstd:31.2,StrandBias:2.4,Multiplicity:1.50
0.001	0.781	0.001	0.217
0.186	0.768	0.040	0.006
0.364	0.547	0.077	0.012
0.395	0.371	0.136	0.098
0.121	0.460	0.001	0.418
0.201	0.562	0.001	0.236
0.199	0.711	0.039	0.051
0.160	0.790	0.019	0.031
>ATAAATAC	3-ATAAATAC	6.599605	-798.789788	0	T:1818.0(7.46%),B:628.4(2.53%),P:1e-346	Tpos:33.7,Tstd:16.2,Bpos:54.0,Bstd:34.3,StrandBias:0.7,Multiplicity:1.02
0.829	0.007	0.001	0.163
0.001	0.047	0.001	0.951
0.997	0.001	0.001	0.001
0.946	0.026	0.001	0.027
0.898	0.058	0.043	0.001
0.037	0.001	0.001	0.961
0.922	0.038	0.039	0.001
0.069	0.664	0.266	0.001
>TTCCDTCC	4-TTCCDTCC	5.463435	-773.645860	0	T:7624.0(31.29%),B:5104.3(20.58%),P:1e-335	Tpos:53.2,Tstd:27.5,Bpos:49.2,Bstd:31.3,StrandBias:1.4,Multiplicity:1.22
0.109	0.136	0.113	0.642
0.001	0.285	0.132	0.582
0.001	0.997	0.001	0.001
0.308	0.538	0.153	0.001
0.223	0.116	0.344	0.317
0.001	0.001	0.001	0.997
0.001	0.644	0.001	0.354
0.191	0.807	0.001	0.001
>YCYCTCTY	5-YCYCTCTY	4.921517	-688.499416	0	T:11189.0(45.92%),B:8538.5(34.43%),P:1e-299	Tpos:55.2,Tstd:26.7,Bpos:50.3,Bstd:32.4,StrandBias:1.4,Multiplicity:1.35
0.107	0.384	0.197	0.312
0.042	0.559	0.001	0.398
0.176	0.417	0.030	0.378
0.001	0.649	0.349	0.001
0.074	0.031	0.208	0.687
0.001	0.997	0.001	0.001
0.103	0.122	0.216	0.559
0.056	0.453	0.001	0.490
>CCGCCGCC	6-CCGCCGCC	5.490203	-491.832973	0	T:7344.0(30.14%),B:5349.0(21.57%),P:1e-213	Tpos:57.0,Tstd:27.7,Bpos:49.3,Bstd:31.1,StrandBias:0.7,Multiplicity:1.27
0.001	0.953	0.001	0.045
0.001	0.617	0.226	0.156
0.001	0.001	0.997	0.001
0.001	0.997	0.001	0.001
0.217	0.627	0.155	0.001
0.001	0.001	0.817	0.181
0.001	0.728	0.270	0.001
0.037	0.875	0.001	0.087
>AAACCCTC	7-AAACCCTC	8.871075	-490.395729	0	T:1096.0(4.50%),B:371.6(1.50%),P:1e-212	Tpos:53.3,Tstd:26.9,Bpos:51.2,Bstd:32.4,StrandBias:1.3,Multiplicity:1.04
0.997	0.001	0.001	0.001
0.997	0.001	0.001	0.001
0.997	0.001	0.001	0.001
0.327	0.671	0.001	0.001
0.001	0.997	0.001	0.001
0.001	0.997	0.001	0.001
0.001	0.215	0.001	0.783
0.210	0.522	0.001	0.267
>CACAGCAC	8-CACAGCAC	4.811624	-451.194630	0	T:7219.0(29.63%),B:5319.7(21.45%),P:1e-195	Tpos:53.7,Tstd:27.1,Bpos:50.0,Bstd:29.8,StrandBias:1.2,Multiplicity:1.18
0.043	0.840	0.030	0.087
0.776	0.069	0.111	0.044
0.123	0.790	0.072	0.015
0.728	0.133	0.076	0.063
0.055	0.126	0.699	0.120
0.053	0.789	0.031	0.127
0.698	0.136	0.093	0.073
0.154	0.682	0.078	0.086
>AAAACCCM	9-AAAACCCM	5.924156	-435.793712	0	T:3065.0(12.58%),B:1794.6(7.24%),P:1e-189	Tpos:46.6,Tstd:25.9,Bpos:49.9,Bstd:33.5,StrandBias:1.8,Multiplicity:1.04
0.787	0.056	0.029	0.128
0.923	0.001	0.001	0.075
0.790	0.072	0.001	0.137
0.518	0.244	0.237	0.001
0.036	0.819	0.144	0.001
0.002	0.914	0.083	0.001
0.085	0.824	0.090	0.001
0.429	0.383	0.076	0.112
>AACCAAAC	10-AACCAAAC	5.343982	-388.425569	0	T:4303.0(17.66%),B:2876.5(11.60%),P:1e-168	Tpos:49.1,Tstd:27.5,Bpos:50.8,Bstd:31.0,StrandBias:1.2,Multiplicity:1.13
0.780	0.118	0.037	0.065
0.842	0.064	0.054	0.040
0.115	0.561	0.120	0.204
0.087	0.710	0.139	0.064
0.739	0.164	0.070	0.027
0.883	0.055	0.038	0.024
0.646	0.168	0.052	0.134
0.050	0.841	0.070	0.039
>ACACACAC	11-ACACACAC	4.695619	-352.251568	0	T:5644.0(23.16%),B:4112.2(16.58%),P:1e-152	Tpos:53.3,Tstd:26.9,Bpos:50.0,Bstd:29.4,StrandBias:1.4,Multiplicity:1.18
0.793	0.031	0.049	0.127
0.071	0.807	0.063	0.059
0.715	0.075	0.107	0.103
0.096	0.785	0.060	0.059
0.774	0.036	0.091	0.099
0.130	0.707	0.126	0.037
0.669	0.150	0.091	0.090
0.114	0.750	0.122	0.014
>CGARGCGA	12-CGARGCGA	6.497504	-320.058313	0	T:2244.0(9.21%),B:1303.9(5.26%),P:1e-138	Tpos:53.3,Tstd:26.9,Bpos:49.7,Bstd:29.0,StrandBias:-0.5,Multiplicity:1.06
0.290	0.689	0.001	0.020
0.366	0.001	0.622	0.011
0.833	0.027	0.001	0.139
0.453	0.001	0.357	0.189
0.204	0.001	0.513	0.282
0.001	0.997	0.001	0.001
0.001	0.001	0.997	0.001
0.629	0.001	0.110	0.260
>CAGTCCAC	13-CAGTCCAC	6.816098	-276.547582	0	T:1308.0(5.37%),B:655.9(2.64%),P:1e-120	Tpos:51.8,Tstd:28.6,Bpos:49.8,Bstd:29.4,StrandBias:1.3,Multiplicity:1.02
0.013	0.899	0.087	0.001
0.997	0.001	0.001	0.001
0.001	0.363	0.635	0.001
0.048	0.013	0.121	0.818
0.177	0.720	0.001	0.102
0.001	0.731	0.064	0.204
0.613	0.230	0.069	0.088
0.001	0.581	0.417	0.001
>RCTAGCAA	14-RCTAGCAA	5.559674	-245.380247	0	T:3027.0(12.42%),B:2054.5(8.28%),P:1e-106	Tpos:51.9,Tstd:28.0,Bpos:50.4,Bstd:29.5,StrandBias:0.1,Multiplicity:1.17
0.483	0.001	0.515	0.001
0.001	0.997	0.001	0.001
0.287	0.001	0.001	0.711
0.930	0.001	0.001	0.068
0.001	0.122	0.876	0.001
0.001	0.594	0.001	0.404
0.601	0.001	0.001	0.397
0.664	0.001	0.303	0.032
>CASCCCGC	15-CASCCCGC	7.844925	-190.994128	0	T:1415.0(5.81%),B:831.2(3.35%),P:1e-82	Tpos:52.4,Tstd:28.1,Bpos:45.7,Bstd:31.9,StrandBias:1.5,Multiplicity:1.05
0.001	0.997	0.001	0.001
0.802	0.177	0.001	0.020
0.001	0.567	0.431	0.001
0.394	0.604	0.001	0.001
0.001	0.997	0.001	0.001
0.001	0.997	0.001	0.001
0.001	0.001	0.997	0.001
0.001	0.997	0.001	0.001
>TTGCGACT	16-TTGCGACT	5.512340	-163.121322	0	T:1681.0(6.90%),B:1084.2(4.37%),P:1e-70	Tpos:53.9,Tstd:27.5,Bpos:50.1,Bstd:29.3,StrandBias:-0.1,Multiplicity:1.06
0.096	0.179	0.013	0.712
0.029	0.305	0.186	0.481
0.006	0.205	0.640	0.149
0.135	0.678	0.109	0.078
0.289	0.143	0.525	0.043
0.660	0.008	0.219	0.113
0.099	0.462	0.177	0.261
0.012	0.037	0.031	0.920
>GYTTTTAT	17-GYTTTTAT	6.870029	-151.669849	0	T:658.0(2.70%),B:317.1(1.28%),P:1e-65	Tpos:34.0,Tstd:18.2,Bpos:51.9,Bstd:34.3,StrandBias:-0.7,Multiplicity:1.01
0.141	0.316	0.477	0.066
0.158	0.482	0.001	0.359
0.099	0.048	0.091	0.762
0.278	0.054	0.001	0.667
0.001	0.118	0.135	0.746
0.075	0.098	0.025	0.802
0.783	0.052	0.048	0.117
0.337	0.071	0.048	0.544
>TGCCTGCC	18-TGCCTGCC	6.267158	-150.135373	0	T:2580.0(10.59%),B:1868.6(7.53%),P:1e-65	Tpos:51.5,Tstd:27.6,Bpos:47.9,Bstd:29.3,StrandBias:0.8,Multiplicity:1.11
0.269	0.184	0.031	0.516
0.166	0.001	0.799	0.034
0.192	0.717	0.090	0.001
0.001	0.960	0.038	0.001
0.298	0.147	0.024	0.531
0.064	0.001	0.934	0.001
0.120	0.727	0.091	0.062
0.062	0.823	0.061	0.054
>TACTACTA	19-TACTACTA	7.108287	-147.080297	0	T:492.0(2.02%),B:210.3(0.85%),P:1e-63	Tpos:41.2,Tstd:26.3,Bpos:52.2,Bstd:30.3,StrandBias:0.1,Multiplicity:1.03
0.001	0.016	0.012	0.971
0.899	0.047	0.037	0.017
0.014	0.924	0.061	0.001
0.022	0.014	0.001	0.963
0.704	0.001	0.294	0.001
0.001	0.939	0.041	0.019
0.018	0.074	0.001	0.907
0.917	0.030	0.052	0.001
>CCGTATAA	20-CCGTATAA	7.200141	-131.657862	0	T:302.0(1.24%),B:104.7(0.42%),P:1e-57	Tpos:33.5,Tstd:19.4,Bpos:51.3,Bstd:33.0,StrandBias:0.9,Multiplicity:1.00
0.097	0.832	0.070	0.001
0.103	0.893	0.003	0.001
0.353	0.068	0.576	0.003
0.159	0.117	0.091	0.633
0.528	0.019	0.097	0.356
0.309	0.001	0.001	0.689
0.850	0.067	0.082	0.001
0.807	0.126	0.001	0.066
>CGATCGAT	21-CGATCGAT	8.802148	-92.605725	0	T:356.0(1.46%),B:163.6(0.66%),P:1e-40	Tpos:54.2,Tstd:29.6,Bpos:48.4,Bstd:27.3,StrandBias:-0.3,Multiplicity:1.06
0.001	0.828	0.001	0.170
0.001	0.001	0.997	0.001
0.997	0.001	0.001	0.001
0.001	0.001	0.001	0.997
0.001	0.997	0.001	0.001
0.001	0.001	0.951	0.047
0.997	0.001	0.001	0.001
0.001	0.001	0.361	0.637
>TAGATAGA	22-TAGATAGA	9.170918	-68.394956	0	T:242.0(0.99%),B:107.8(0.43%),P:1e-29	Tpos:47.8,Tstd:28.4,Bpos:53.7,Bstd:29.6,StrandBias:-0.6,Multiplicity:1.03
0.001	0.001	0.001	0.997
0.997	0.001	0.001	0.001
0.001	0.001	0.997	0.001
0.803	0.195	0.001	0.001
0.001	0.001	0.001	0.997
0.997	0.001	0.001	0.001
0.001	0.001	0.997	0.001
0.812	0.001	0.186	0.001
>GTAGCGGG	23-GTAGCGGG	9.654628	-60.744044	0	T:140.0(0.57%),B:49.2(0.20%),P:1e-26	Tpos:52.8,Tstd:27.5,Bpos:47.0,Bstd:27.1,StrandBias:-1.3,Multiplicity:1.00
0.001	0.001	0.997	0.001
0.001	0.001	0.001	0.997
0.997	0.001	0.001	0.001
0.001	0.001	0.997	0.001
0.001	0.997	0.001	0.001
0.001	0.243	0.755	0.001
0.001	0.001	0.997	0.001
0.001	0.001	0.997	0.001
>GACTGAGA	24-GACTGAGA	8.236954	-43.192966	0	T:83.0(0.34%),B:26.4(0.11%),P:1e-18	Tpos:46.1,Tstd:28.6,Bpos:60.5,Bstd:19.0,StrandBias:-1.2,Multiplicity:1.00
0.100	0.100	0.700	0.100
0.700	0.100	0.100	0.100
0.100	0.700	0.100	0.100
0.100	0.100	0.100	0.700
0.100	0.100	0.700	0.100
0.700	0.100	0.100	0.100
0.100	0.100	0.700	0.100
0.700	0.100	0.100	0.100
>CAATCACA	25-CAATCACA	8.156319	-34.981568	0	T:151.0(0.62%),B:74.6(0.30%),P:1e-15	Tpos:50.7,Tstd:26.0,Bpos:45.8,Bstd:26.9,StrandBias:0.9,Multiplicity:1.00
0.017	0.931	0.001	0.051
0.930	0.002	0.067	0.001
0.731	0.010	0.168	0.091
0.001	0.025	0.002	0.972
0.001	0.933	0.001	0.065
0.686	0.046	0.063	0.205
0.227	0.540	0.137	0.096
0.595	0.209	0.017	0.179
