>TATATADRSV	1-TATATADRSV	5.642091	-1755.540261	0	T:4166.0(17.10%),B:1528.6(6.16%),P:1e-762	Tpos:31.3,Tstd:9.8,Bpos:51.6,Bstd:36.6,StrandBias:-0.1,Multiplicity:1.58
0.052	0.043	0.059	0.846
0.659	0.034	0.020	0.287
0.083	0.037	0.017	0.863
0.849	0.004	0.011	0.136
0.290	0.021	0.063	0.626
0.871	0.023	0.093	0.013
0.233	0.157	0.283	0.326
0.427	0.173	0.291	0.109
0.189	0.348	0.366	0.097
0.246	0.305	0.332	0.117
>CCCCCCCTCC	2-CCCCCCCTCC	4.906017	-1133.337823	0	T:11587.0(47.55%),B:8152.0(32.85%),P:1e-492	Tpos:55.8,Tstd:26.1,Bpos:50.3,Bstd:31.3,StrandBias:2.3,Multiplicity:1.53
0.100	0.757	0.001	0.142
0.012	0.876	0.013	0.099
0.272	0.461	0.106	0.161
0.024	0.852	0.019	0.105
0.012	0.736	0.143	0.109
0.178	0.692	0.053	0.077
0.116	0.661	0.074	0.149
0.232	0.129	0.088	0.551
0.038	0.876	0.030	0.056
0.007	0.940	0.004	0.049
>CTCTCGTCTC	3-CTCTCGTCTC	4.887587	-897.223476	0	T:10382.0(42.61%),B:7399.8(29.82%),P:1e-389	Tpos:56.1,Tstd:26.0,Bpos:49.4,Bstd:31.4,StrandBias:1.2,Multiplicity:1.30
0.057	0.627	0.170	0.146
0.053	0.139	0.044	0.764
0.004	0.798	0.085	0.113
0.003	0.073	0.127	0.797
0.011	0.941	0.007	0.041
0.085	0.276	0.468	0.171
0.154	0.217	0.044	0.585
0.001	0.809	0.092	0.098
0.020	0.013	0.152	0.815
0.001	0.718	0.079	0.202
>TTCCCATTCC	4-TTCCCATTCC	6.056137	-827.901680	0	T:5223.0(21.44%),B:3019.2(12.17%),P:1e-359	Tpos:52.9,Tstd:27.3,Bpos:49.3,Bstd:31.8,StrandBias:1.7,Multiplicity:1.14
0.198	0.100	0.060	0.642
0.058	0.345	0.039	0.558
0.001	0.620	0.076	0.303
0.001	0.964	0.003	0.032
0.202	0.606	0.191	0.001
0.438	0.082	0.281	0.199
0.072	0.048	0.159	0.721
0.001	0.246	0.001	0.752
0.001	0.703	0.054	0.242
0.001	0.997	0.001	0.001
>CCAAACCCAA	5-CCAAACCCAA	6.360818	-723.333762	0	T:3484.0(14.30%),B:1796.9(7.24%),P:1e-314	Tpos:52.3,Tstd:26.0,Bpos:51.5,Bstd:30.1,StrandBias:1.9,Multiplicity:1.14
0.001	0.770	0.074	0.155
0.344	0.548	0.085	0.023
0.782	0.125	0.091	0.002
0.996	0.001	0.001	0.002
0.675	0.074	0.098	0.153
0.077	0.623	0.140	0.160
0.001	0.997	0.001	0.001
0.215	0.764	0.020	0.001
0.497	0.311	0.003	0.189
0.676	0.168	0.072	0.084
>ACACACACAC	6-ACACACACAC	4.733661	-519.756162	0	T:6065.0(24.89%),B:4163.9(16.78%),P:1e-225	Tpos:54.5,Tstd:26.2,Bpos:50.8,Bstd:29.0,StrandBias:1.7,Multiplicity:1.14
0.653	0.125	0.113	0.109
0.120	0.739	0.087	0.054
0.673	0.101	0.123	0.103
0.101	0.757	0.087	0.055
0.647	0.127	0.130	0.096
0.114	0.706	0.108	0.072
0.670	0.110	0.120	0.100
0.109	0.766	0.079	0.046
0.665	0.118	0.129	0.088
0.118	0.723	0.100	0.059
>CCGCACCGCA	7-CCGCACCGCA	6.571455	-355.390301	0	T:2447.0(10.04%),B:1417.0(5.71%),P:1e-154	Tpos:55.4,Tstd:26.9,Bpos:50.7,Bstd:29.7,StrandBias:1.1,Multiplicity:1.10
0.112	0.709	0.107	0.072
0.335	0.586	0.047	0.032
0.167	0.086	0.741	0.006
0.056	0.880	0.041	0.023
0.796	0.032	0.035	0.137
0.057	0.682	0.117	0.144
0.115	0.621	0.115	0.149
0.174	0.050	0.771	0.005
0.019	0.954	0.016	0.011
0.783	0.100	0.045	0.072
>NDAACCCTHV	8-NDAACCCTHV	7.396420	-350.230573	0	T:616.0(2.53%),B:175.8(0.71%),P:1e-152	Tpos:50.4,Tstd:27.7,Bpos:53.2,Bstd:30.5,StrandBias:0.5,Multiplicity:1.00
0.282	0.228	0.227	0.263
0.404	0.019	0.298	0.279
0.904	0.018	0.012	0.066
0.821	0.101	0.040	0.038
0.269	0.606	0.060	0.065
0.020	0.781	0.180	0.019
0.118	0.775	0.053	0.054
0.175	0.253	0.056	0.516
0.405	0.274	0.011	0.310
0.282	0.336	0.348	0.034
>TCTCTCTCTC	9-TCTCTCTCTC	6.562105	-331.566617	0	T:3427.0(14.06%),B:2239.9(9.03%),P:1e-143	Tpos:55.9,Tstd:27.2,Bpos:49.1,Bstd:31.6,StrandBias:1.2,Multiplicity:1.05
0.063	0.112	0.081	0.744
0.040	0.829	0.076	0.055
0.068	0.072	0.103	0.757
0.026	0.841	0.061	0.072
0.060	0.069	0.109	0.762
0.040	0.778	0.128	0.054
0.066	0.072	0.070	0.792
0.042	0.834	0.062	0.062
0.043	0.039	0.088	0.830
0.053	0.831	0.070	0.046
>CCGCCGCCGC	10-CCGCCGCCGC	6.594362	-267.714505	0	T:3537.0(14.52%),B:2446.4(9.86%),P:1e-116	Tpos:59.6,Tstd:26.8,Bpos:50.3,Bstd:29.7,StrandBias:1.0,Multiplicity:1.09
0.104	0.714	0.083	0.099
0.123	0.629	0.144	0.104
0.108	0.064	0.729	0.099
0.097	0.742	0.068	0.093
0.133	0.668	0.101	0.098
0.102	0.085	0.707	0.106
0.077	0.740	0.085	0.098
0.117	0.676	0.099	0.108
0.114	0.099	0.667	0.120
0.084	0.730	0.079	0.107
>AAGCGAAGCR	11-AAGCGAAGCR	7.274445	-266.758974	0	T:1273.0(5.22%),B:640.0(2.58%),P:1e-115	Tpos:54.3,Tstd:27.2,Bpos:51.6,Bstd:29.3,StrandBias:0.2,Multiplicity:1.06
0.819	0.080	0.100	0.001
0.973	0.010	0.016	0.001
0.237	0.179	0.568	0.016
0.001	0.738	0.124	0.137
0.291	0.183	0.525	0.001
0.778	0.105	0.116	0.001
0.862	0.116	0.021	0.001
0.152	0.075	0.763	0.010
0.196	0.742	0.037	0.025
0.367	0.161	0.462	0.010
>CACCACCACC	12-CACCACCACC	7.471546	-229.741914	0	T:1435.0(5.89%),B:798.9(3.22%),P:1e-99	Tpos:55.9,Tstd:27.2,Bpos:48.6,Bstd:27.2,StrandBias:1.2,Multiplicity:1.02
0.166	0.699	0.071	0.064
0.868	0.045	0.040	0.047
0.044	0.734	0.103	0.119
0.033	0.910	0.029	0.028
0.812	0.042	0.074	0.072
0.050	0.779	0.080	0.091
0.044	0.862	0.043	0.051
0.823	0.057	0.033	0.087
0.122	0.689	0.084	0.105
0.050	0.825	0.062	0.063
>TACTAGTAGT	13-TACTAGTAGT	6.275826	-200.372919	0	T:918.0(3.77%),B:453.7(1.83%),P:1e-87	Tpos:45.7,Tstd:25.6,Bpos:53.4,Bstd:27.8,StrandBias:-0.1,Multiplicity:1.05
0.105	0.201	0.081	0.613
0.691	0.018	0.191	0.100
0.043	0.564	0.346	0.047
0.036	0.039	0.004	0.921
0.782	0.002	0.096	0.120
0.040	0.377	0.577	0.006
0.001	0.171	0.013	0.815
0.836	0.020	0.040	0.104
0.030	0.246	0.646	0.078
0.128	0.138	0.143	0.591
>CTGCCTGCCT	14-CTGCCTGCCT	9.217651	-197.981593	0	T:354.0(1.45%),B:102.8(0.41%),P:1e-85	Tpos:51.7,Tstd:27.4,Bpos:52.3,Bstd:29.6,StrandBias:0.2,Multiplicity:1.01
0.001	0.961	0.001	0.037
0.011	0.044	0.001	0.944
0.029	0.001	0.959	0.011
0.021	0.892	0.058	0.029
0.016	0.982	0.001	0.001
0.033	0.001	0.034	0.932
0.022	0.001	0.976	0.001
0.043	0.871	0.060	0.026
0.001	0.997	0.001	0.001
0.115	0.176	0.001	0.708
>CGCAGTCGCA	15-CGCAGTCGCA	10.284633	-190.280269	0	T:80.0(0.33%),B:3.6(0.01%),P:1e-82	Tpos:51.4,Tstd:26.6,Bpos:44.5,Bstd:19.1,StrandBias:0.7,Multiplicity:1.01
0.054	0.944	0.001	0.001
0.001	0.001	0.997	0.001
0.001	0.997	0.001	0.001
0.997	0.001	0.001	0.001
0.054	0.001	0.944	0.001
0.001	0.001	0.001	0.997
0.001	0.997	0.001	0.001
0.001	0.001	0.997	0.001
0.032	0.962	0.003	0.003
0.997	0.001	0.001	0.001
>CAGACCGCAG	16-CAGACCGCAG	7.589736	-156.513823	0	T:812.0(3.33%),B:421.2(1.70%),P:1e-67	Tpos:54.5,Tstd:26.2,Bpos:50.4,Bstd:29.7,StrandBias:0.7,Multiplicity:1.04
0.037	0.870	0.069	0.024
0.889	0.054	0.041	0.016
0.056	0.050	0.890	0.004
0.689	0.100	0.110	0.101
0.091	0.784	0.094	0.031
0.093	0.617	0.146	0.144
0.164	0.122	0.630	0.084
0.013	0.881	0.085	0.021
0.908	0.058	0.018	0.016
0.104	0.040	0.843	0.013
>CTAGCTAGCT	17-CTAGCTAGCT	9.184668	-153.215274	0	T:539.0(2.21%),B:236.8(0.95%),P:1e-66	Tpos:57.4,Tstd:28.1,Bpos:49.5,Bstd:29.6,StrandBias:-0.0,Multiplicity:1.02
0.001	0.871	0.061	0.067
0.001	0.071	0.001	0.927
0.407	0.255	0.109	0.229
0.001	0.001	0.966	0.032
0.001	0.987	0.011	0.001
0.001	0.001	0.001	0.997
0.503	0.072	0.136	0.289
0.001	0.001	0.953	0.045
0.001	0.997	0.001	0.001
0.085	0.025	0.001	0.889
>CAGTCAATCA	18-CAGTCAATCA	7.955869	-150.495498	0	T:387.0(1.59%),B:143.7(0.58%),P:1e-65	Tpos:51.5,Tstd:27.7,Bpos:52.2,Bstd:28.7,StrandBias:0.8,Multiplicity:1.01
0.046	0.879	0.035	0.040
0.923	0.020	0.036	0.021
0.172	0.009	0.744	0.075
0.039	0.120	0.108	0.733
0.041	0.892	0.048	0.019
0.748	0.137	0.076	0.039
0.681	0.036	0.213	0.070
0.076	0.100	0.142	0.682
0.048	0.902	0.042	0.008
0.819	0.062	0.101	0.018
>CTCACTAGTC	19-CTCACTAGTC	8.120144	-97.487192	0	T:159.0(0.65%),B:43.6(0.18%),P:1e-42	Tpos:52.4,Tstd:29.3,Bpos:53.7,Bstd:23.2,StrandBias:1.0,Multiplicity:1.00
0.070	0.721	0.093	0.116
0.083	0.086	0.083	0.748
0.104	0.717	0.083	0.096
0.645	0.127	0.139	0.089
0.087	0.719	0.090	0.104
0.093	0.182	0.085	0.640
0.594	0.162	0.135	0.109
0.112	0.125	0.683	0.080
0.069	0.110	0.076	0.745
0.047	0.789	0.060	0.104
>GAGACGGACG	20-GAGACGGACG	9.438659	-89.830965	0	T:243.0(1.00%),B:93.1(0.38%),P:1e-39	Tpos:54.5,Tstd:28.1,Bpos:56.0,Bstd:23.2,StrandBias:-2.0,Multiplicity:1.00
0.042	0.029	0.928	0.001
0.796	0.024	0.177	0.003
0.050	0.030	0.919	0.001
0.817	0.056	0.071	0.056
0.055	0.889	0.055	0.001
0.009	0.001	0.989	0.001
0.001	0.001	0.981	0.017
0.997	0.001	0.001	0.001
0.001	0.872	0.109	0.018
0.056	0.003	0.922	0.019
>GAATGAATGA	21-GAATGAATGA	8.524242	-85.685221	0	T:55.0(0.23%),B:5.6(0.02%),P:1e-37	Tpos:51.3,Tstd:26.6,Bpos:37.2,Bstd:20.6,StrandBias:-1.5,Multiplicity:1.00
0.001	0.077	0.888	0.034
0.922	0.001	0.076	0.001
0.993	0.005	0.001	0.001
0.001	0.001	0.001	0.997
0.018	0.001	0.975	0.006
0.997	0.001	0.001	0.001
0.904	0.001	0.077	0.018
0.001	0.001	0.001	0.997
0.076	0.001	0.922	0.001
0.993	0.001	0.001	0.005
>TTGCATTGCA	22-TTGCATTGCA	10.325164	-59.901221	0	T:79.0(0.32%),B:18.3(0.07%),P:1e-26	Tpos:52.4,Tstd:27.8,Bpos:49.1,Bstd:24.8,StrandBias:0.7,Multiplicity:1.06
0.001	0.001	0.001	0.997
0.004	0.001	0.001	0.994
0.015	0.045	0.939	0.001
0.001	0.997	0.001	0.001
0.997	0.001	0.001	0.001
0.107	0.001	0.001	0.891
0.004	0.001	0.001	0.994
0.015	0.001	0.969	0.015
0.001	0.953	0.001	0.045
0.814	0.001	0.001	0.184
>CGGAGTACGG	23-CGGAGTACGG	11.697373	-54.728598	0	T:34.0(0.14%),B:3.8(0.02%),P:1e-23	Tpos:58.7,Tstd:25.7,Bpos:72.1,Bstd:10.7,StrandBias:0.4,Multiplicity:1.00
0.001	0.997	0.001	0.001
0.324	0.001	0.623	0.052
0.001	0.001	0.947	0.051
0.997	0.001	0.001	0.001
0.001	0.001	0.997	0.001
0.001	0.001	0.001	0.997
0.789	0.209	0.001	0.001
0.001	0.947	0.001	0.051
0.001	0.001	0.997	0.001
0.001	0.001	0.997	0.001
>CTCAGCTCAG	24-CTCAGCTCAG	9.588960	-48.214679	0	T:50.0(0.21%),B:9.2(0.04%),P:1e-20	Tpos:64.1,Tstd:24.5,Bpos:15.5,Bstd:6.7,StrandBias:0.3,Multiplicity:1.03
0.001	0.997	0.001	0.001
0.001	0.001	0.001	0.997
0.001	0.983	0.015	0.001
0.951	0.001	0.047	0.001
0.001	0.001	0.997	0.001
0.001	0.997	0.001	0.001
0.001	0.001	0.001	0.997
0.001	0.997	0.001	0.001
0.997	0.001	0.001	0.001
0.001	0.001	0.997	0.001
>GTGGCTGGTG	25-GTGGCTGGTG	9.007588	-21.098372	0	T:49.0(0.20%),B:18.6(0.07%),P:1e-9	Tpos:54.0,Tstd:31.3,Bpos:39.5,Bstd:23.6,StrandBias:-2.4,Multiplicity:1.00
0.001	0.001	0.997	0.001
0.001	0.001	0.001	0.997
0.001	0.001	0.997	0.001
0.001	0.001	0.997	0.001
0.001	0.997	0.001	0.001
0.001	0.001	0.008	0.990
0.001	0.001	0.997	0.001
0.001	0.001	0.997	0.001
0.001	0.001	0.001	0.997
0.001	0.001	0.997	0.001
>BBBTHTATATAT	1-BBBTHTATATAT	5.585481	-1739.392019	0	T:4181.0(17.16%),B:1546.9(6.23%),P:1e-755	Tpos:31.3,Tstd:9.4,Bpos:51.6,Bstd:36.5,StrandBias:0.0,Multiplicity:1.03
0.152	0.300	0.343	0.205
0.110	0.352	0.278	0.260
0.133	0.334	0.339	0.194
0.108	0.232	0.181	0.479
0.370	0.271	0.120	0.238
0.008	0.046	0.010	0.936
0.698	0.030	0.019	0.253
0.136	0.003	0.005	0.856
0.914	0.005	0.032	0.049
0.256	0.014	0.029	0.701
0.846	0.037	0.062	0.055
0.174	0.125	0.262	0.440
>CCCCACCCCACC	2-CCCCACCCCACC	5.154643	-1122.751011	0	T:9632.0(39.53%),B:6370.5(25.67%),P:1e-487	Tpos:55.6,Tstd:25.7,Bpos:50.2,Bstd:30.6,StrandBias:2.5,Multiplicity:1.34
0.084	0.730	0.079	0.107
0.111	0.671	0.093	0.125
0.115	0.705	0.088	0.092
0.131	0.695	0.092	0.082
0.449	0.214	0.139	0.197
0.091	0.707	0.103	0.099
0.102	0.671	0.099	0.128
0.099	0.697	0.103	0.101
0.095	0.753	0.079	0.073
0.451	0.223	0.154	0.172
0.102	0.711	0.088	0.099
0.086	0.758	0.073	0.083
>CTCYTCTCCTCY	3-CTCYTCTCCTCY	2.277334	-932.292207	0	T:14102.0(57.88%),B:10947.4(44.11%),P:1e-404	Tpos:55.5,Tstd:25.8,Bpos:49.6,Bstd:32.6,StrandBias:1.3,Multiplicity:1.34
0.001	0.772	0.009	0.218
0.001	0.128	0.014	0.857
0.001	0.844	0.001	0.154
0.001	0.415	0.129	0.456
0.001	0.348	0.024	0.627
0.001	0.835	0.001	0.163
0.001	0.128	0.014	0.857
0.001	0.695	0.017	0.287
0.001	0.606	0.082	0.311
0.001	0.266	0.023	0.710
0.001	0.775	0.001	0.223
0.001	0.480	0.037	0.482
>CCAAACCAAACC	4-CCAAACCAAACC	5.520562	-619.726657	0	T:4773.0(19.59%),B:2918.7(11.76%),P:1e-269	Tpos:51.9,Tstd:25.7,Bpos:50.1,Bstd:29.4,StrandBias:1.7,Multiplicity:1.09
0.200	0.592	0.148	0.060
0.305	0.553	0.105	0.037
0.630	0.227	0.123	0.020
0.688	0.084	0.206	0.022
0.454	0.172	0.234	0.141
0.119	0.508	0.234	0.139
0.195	0.717	0.077	0.011
0.544	0.363	0.071	0.022
0.762	0.106	0.098	0.034
0.496	0.204	0.236	0.065
0.261	0.449	0.198	0.092
0.285	0.541	0.119	0.055
>MAAACCCTARCN	5-MAAACCCTARCN	8.433574	-532.509459	0	T:1125.0(4.62%),B:367.1(1.48%),P:1e-231	Tpos:53.3,Tstd:26.7,Bpos:50.1,Bstd:31.1,StrandBias:1.4,Multiplicity:1.05
0.369	0.310	0.161	0.160
0.642	0.085	0.160	0.113
0.997	0.001	0.001	0.001
0.952	0.001	0.046	0.001
0.051	0.902	0.019	0.028
0.001	0.997	0.001	0.001
0.009	0.981	0.009	0.001
0.262	0.122	0.028	0.588
0.724	0.186	0.001	0.089
0.283	0.253	0.406	0.059
0.197	0.421	0.169	0.213
0.235	0.335	0.229	0.201
>CACACACACACC	6-CACACACACACC	5.397372	-511.721772	0	T:3633.0(14.91%),B:2145.7(8.65%),P:1e-222	Tpos:56.0,Tstd:25.7,Bpos:50.4,Bstd:28.1,StrandBias:1.8,Multiplicity:1.08
0.082	0.799	0.067	0.052
0.759	0.067	0.096	0.078
0.084	0.794	0.075	0.047
0.744	0.054	0.136	0.066
0.086	0.789	0.081	0.044
0.717	0.081	0.124	0.078
0.079	0.800	0.080	0.041
0.721	0.081	0.126	0.072
0.082	0.814	0.062	0.042
0.750	0.075	0.109	0.066
0.082	0.727	0.112	0.079
0.220	0.588	0.126	0.066
>TCGCAASTCGCA	7-TCGCAASTCGCA	5.824228	-412.852912	0	T:1925.0(7.90%),B:964.3(3.89%),P:1e-179	Tpos:56.9,Tstd:25.9,Bpos:49.0,Bstd:28.3,StrandBias:1.6,Multiplicity:1.06
0.001	0.110	0.001	0.888
0.001	0.984	0.001	0.014
0.257	0.180	0.537	0.026
0.001	0.997	0.001	0.001
0.614	0.334	0.051	0.001
0.783	0.005	0.211	0.001
0.020	0.359	0.395	0.226
0.001	0.071	0.005	0.923
0.001	0.978	0.001	0.020
0.302	0.195	0.487	0.015
0.001	0.997	0.001	0.001
0.584	0.282	0.133	0.001
>ATTCCGAATTCC	8-ATTCCGAATTCC	7.323116	-266.655539	0	T:565.0(2.32%),B:184.7(0.74%),P:1e-115	Tpos:54.8,Tstd:26.2,Bpos:47.9,Bstd:30.5,StrandBias:1.4,Multiplicity:1.03
0.700	0.124	0.090	0.086
0.096	0.076	0.063	0.765
0.043	0.120	0.060	0.777
0.040	0.797	0.069	0.094
0.082	0.762	0.074	0.082
0.136	0.135	0.650	0.079
0.753	0.101	0.091	0.055
0.699	0.106	0.103	0.092
0.094	0.099	0.075	0.732
0.046	0.112	0.064	0.778
0.036	0.805	0.072	0.087
0.060	0.787	0.084	0.069
>TTCCACTYCCAC	9-TTCCACTYCCAC	6.678488	-247.299097	0	T:1962.0(8.05%),B:1181.7(4.76%),P:1e-107	Tpos:52.0,Tstd:27.1,Bpos:49.0,Bstd:30.0,StrandBias:1.6,Multiplicity:1.05
0.234	0.094	0.128	0.544
0.008	0.159	0.027	0.806
0.004	0.835	0.016	0.145
0.016	0.768	0.102	0.114
0.674	0.016	0.290	0.020
0.023	0.630	0.114	0.233
0.022	0.020	0.059	0.899
0.020	0.341	0.153	0.486
0.028	0.826	0.020	0.126
0.028	0.746	0.210	0.016
0.653	0.004	0.229	0.114
0.083	0.586	0.221	0.110
>CAKCAGYCABCA	10-CAKCAGYCABCA	6.275734	-204.791124	0	T:1375.0(5.64%),B:783.4(3.16%),P:1e-88	Tpos:55.0,Tstd:25.8,Bpos:51.6,Bstd:28.8,StrandBias:1.4,Multiplicity:1.04
0.197	0.596	0.157	0.050
0.435	0.225	0.174	0.166
0.115	0.190	0.358	0.337
0.035	0.896	0.060	0.009
0.533	0.247	0.082	0.138
0.201	0.217	0.468	0.115
0.112	0.355	0.204	0.329
0.114	0.718	0.128	0.040
0.438	0.214	0.193	0.155
0.144	0.210	0.310	0.337
0.050	0.852	0.055	0.043
0.431	0.220	0.146	0.203
>TCGCAGTCGCAG	11-TCGCAGTCGCAG	11.435235	-199.679486	0	T:74.0(0.30%),B:2.8(0.01%),P:1e-86	Tpos:54.4,Tstd:24.4,Bpos:38.3,Bstd:16.0,StrandBias:0.2,Multiplicity:1.02
0.222	0.026	0.001	0.751
0.026	0.872	0.026	0.076
0.001	0.001	0.997	0.001
0.026	0.943	0.030	0.001
0.969	0.004	0.026	0.001
0.076	0.004	0.864	0.056
0.001	0.132	0.026	0.841
0.001	0.897	0.076	0.026
0.001	0.026	0.947	0.026
0.051	0.947	0.001	0.001
0.969	0.026	0.004	0.001
0.282	0.050	0.513	0.155
>CTACTACTASTA	12-CTACTACTASTA	4.270855	-191.218833	0	T:1786.0(7.33%),B:1124.5(4.53%),P:1e-83	Tpos:48.6,Tstd:25.8,Bpos:51.1,Bstd:27.6,StrandBias:-0.1,Multiplicity:1.09
0.039	0.627	0.318	0.016
0.025	0.012	0.004	0.959
0.837	0.016	0.143	0.004
0.001	0.764	0.231	0.004
0.105	0.044	0.001	0.850
0.876	0.008	0.115	0.001
0.001	0.598	0.397	0.004
0.001	0.008	0.004	0.987
0.890	0.004	0.098	0.008
0.004	0.479	0.513	0.004
0.177	0.117	0.072	0.634
0.783	0.051	0.116	0.050
>CCATTCCATTCC	13-CCATTCCATTCC	11.109863	-191.175759	0	T:119.0(0.49%),B:10.2(0.04%),P:1e-83	Tpos:52.8,Tstd:29.8,Bpos:46.8,Bstd:4.0,StrandBias:2.6,Multiplicity:1.01
0.020	0.797	0.112	0.071
0.053	0.848	0.001	0.098
0.745	0.002	0.252	0.001
0.001	0.001	0.019	0.979
0.001	0.241	0.086	0.672
0.001	0.965	0.017	0.017
0.001	0.997	0.001	0.001
0.758	0.020	0.221	0.001
0.144	0.056	0.003	0.797
0.001	0.259	0.001	0.739
0.070	0.553	0.110	0.267
0.001	0.961	0.001	0.037
>CGAATCGAATCG	14-CGAATCGAATCG	8.573507	-166.356423	0	T:201.0(0.82%),B:41.4(0.17%),P:1e-72	Tpos:55.0,Tstd:27.1,Bpos:52.0,Bstd:25.6,StrandBias:0.3,Multiplicity:1.01
0.052	0.812	0.103	0.033
0.033	0.071	0.869	0.027
0.731	0.107	0.116	0.046
0.891	0.069	0.033	0.007
0.046	0.078	0.059	0.817
0.045	0.859	0.082	0.014
0.053	0.058	0.876	0.013
0.737	0.101	0.103	0.059
0.857	0.083	0.059	0.001
0.059	0.071	0.052	0.818
0.040	0.875	0.059	0.026
0.033	0.065	0.876	0.026
>ATCCATCCATCC	15-ATCCATCCATCC	9.344247	-147.048638	0	T:241.0(0.99%),B:65.2(0.26%),P:1e-63	Tpos:51.3,Tstd:26.7,Bpos:54.0,Bstd:20.7,StrandBias:2.7,Multiplicity:1.01
0.810	0.059	0.058	0.073
0.049	0.070	0.040	0.841
0.036	0.897	0.018	0.049
0.080	0.847	0.032	0.041
0.887	0.032	0.036	0.045
0.088	0.041	0.041	0.830
0.005	0.914	0.018	0.063
0.071	0.838	0.057	0.034
0.892	0.049	0.041	0.018
0.113	0.058	0.110	0.719
0.041	0.861	0.031	0.067
0.115	0.681	0.070	0.134
>GCTAGCTAGCTA	16-GCTAGCTAGCTA	6.966886	-124.912507	0	T:1044.0(4.28%),B:635.8(2.56%),P:1e-54	Tpos:57.0,Tstd:28.0,Bpos:47.4,Bstd:28.7,StrandBias:0.2,Multiplicity:1.04
0.137	0.090	0.706	0.067
0.076	0.815	0.072	0.037
0.181	0.145	0.134	0.540
0.747	0.074	0.079	0.100
0.023	0.017	0.951	0.009
0.017	0.945	0.018	0.020
0.172	0.131	0.051	0.646
0.714	0.104	0.088	0.094
0.026	0.058	0.889	0.027
0.071	0.812	0.031	0.086
0.241	0.152	0.134	0.473
0.521	0.137	0.244	0.098
>CGCCGCCGCCGC	17-CGCCGCCGCCGC	10.507827	-119.819857	0	T:690.0(2.83%),B:372.9(1.50%),P:1e-52	Tpos:65.3,Tstd:25.6,Bpos:50.8,Bstd:28.5,StrandBias:0.7,Multiplicity:1.02
0.045	0.861	0.015	0.079
0.024	0.001	0.909	0.066
0.187	0.811	0.001	0.001
0.001	0.959	0.019	0.021
0.045	0.001	0.929	0.025
0.068	0.794	0.099	0.039
0.032	0.928	0.016	0.024
0.001	0.001	0.997	0.001
0.187	0.624	0.188	0.001
0.001	0.798	0.001	0.200
0.046	0.001	0.829	0.124
0.102	0.638	0.259	0.001
>TCAGCTCAGCTA	18-TCAGCTCAGCTA	10.913922	-116.708275	0	T:50.0(0.21%),B:2.8(0.01%),P:1e-50	Tpos:53.0,Tstd:25.7,Bpos:34.9,Bstd:16.4,StrandBias:0.0,Multiplicity:1.00
0.147	0.110	0.074	0.669
0.001	0.789	0.172	0.038
0.885	0.018	0.043	0.054
0.054	0.018	0.910	0.018
0.054	0.870	0.018	0.058
0.110	0.001	0.036	0.853
0.036	0.889	0.056	0.019
0.742	0.072	0.019	0.167
0.128	0.001	0.798	0.073
0.055	0.926	0.018	0.001
0.037	0.093	0.019	0.851
0.701	0.156	0.070	0.073
>CGCAGACCGCAG	19-CGCAGACCGCAG	9.608916	-114.806811	0	T:56.0(0.23%),B:3.4(0.01%),P:1e-49	Tpos:52.5,Tstd:26.1,Bpos:0.0,Bstd:0.0,StrandBias:1.3,Multiplicity:1.02
0.110	0.658	0.121	0.111
0.091	0.103	0.729	0.077
0.093	0.703	0.140	0.064
0.580	0.180	0.134	0.106
0.097	0.124	0.716	0.063
0.505	0.180	0.201	0.114
0.090	0.676	0.133	0.101
0.114	0.619	0.154	0.113
0.098	0.094	0.730	0.078
0.071	0.761	0.110	0.058
0.615	0.142	0.147	0.096
0.096	0.120	0.711	0.073
>CCAACTCCCCAA	20-CCAACTCCCCAA	10.258588	-109.633866	0	T:94.0(0.39%),B:13.1(0.05%),P:1e-47	Tpos:58.7,Tstd:21.6,Bpos:28.2,Bstd:9.6,StrandBias:2.1,Multiplicity:1.00
0.043	0.862	0.052	0.043
0.085	0.796	0.059	0.060
0.880	0.051	0.068	0.001
0.795	0.035	0.094	0.076
0.127	0.697	0.034	0.142
0.043	0.043	0.035	0.879
0.034	0.796	0.085	0.085
0.060	0.846	0.068	0.026
0.051	0.813	0.068	0.068
0.042	0.897	0.043	0.018
0.889	0.034	0.009	0.068
0.867	0.035	0.033	0.065
>ACTCTCGAGTCT	21-ACTCTCGAGTCT	10.663575	-102.336582	0	T:57.0(0.23%),B:4.2(0.02%),P:1e-44	Tpos:58.0,Tstd:22.1,Bpos:47.6,Bstd:12.5,StrandBias:0.1,Multiplicity:1.02
0.691	0.051	0.158	0.100
0.047	0.775	0.103	0.075
0.019	0.038	0.066	0.877
0.019	0.896	0.028	0.057
0.028	0.047	0.009	0.916
0.029	0.814	0.128	0.029
0.038	0.095	0.747	0.120
0.802	0.075	0.057	0.066
0.038	0.119	0.796	0.047
0.038	0.057	0.038	0.867
0.019	0.905	0.048	0.028
0.019	0.019	0.028	0.934
>TGCCTGCCTGCC	22-TGCCTGCCTGCC	10.181142	-98.756501	0	T:174.0(0.71%),B:50.1(0.20%),P:1e-42	Tpos:52.3,Tstd:27.8,Bpos:50.2,Bstd:23.1,StrandBias:0.0,Multiplicity:1.00
0.083	0.087	0.050	0.780
0.090	0.007	0.850	0.053
0.050	0.852	0.035	0.063
0.120	0.822	0.001	0.057
0.086	0.042	0.099	0.773
0.021	0.001	0.971	0.007
0.069	0.777	0.078	0.076
0.077	0.872	0.029	0.022
0.064	0.029	0.088	0.819
0.021	0.007	0.971	0.001
0.042	0.729	0.105	0.124
0.036	0.795	0.112	0.057
>BGATGCGACGCG	23-BGATGCGACGCG	10.903359	-96.635658	0	T:96.0(0.39%),B:16.1(0.06%),P:1e-41	Tpos:51.7,Tstd:26.4,Bpos:42.0,Bstd:16.3,StrandBias:-1.9,Multiplicity:1.00
0.009	0.288	0.424	0.280
0.001	0.001	0.997	0.001
0.901	0.049	0.049	0.001
0.197	0.001	0.001	0.801
0.001	0.001	0.949	0.049
0.001	0.949	0.001	0.049
0.001	0.001	0.997	0.001
0.679	0.049	0.271	0.001
0.001	0.537	0.231	0.231
0.001	0.049	0.949	0.001
0.286	0.664	0.001	0.049
0.001	0.001	0.997	0.001
>ACTGCCCTCTGC	24-ACTGCCCTCTGC	11.168850	-49.347469	0	T:76.0(0.31%),B:20.5(0.08%),P:1e-21	Tpos:56.3,Tstd:23.1,Bpos:56.2,Bstd:12.7,StrandBias:0.1,Multiplicity:1.00
0.673	0.163	0.001	0.163
0.001	0.917	0.001	0.081
0.001	0.001	0.001	0.997
0.001	0.081	0.917	0.001
0.001	0.912	0.001	0.086
0.030	0.790	0.001	0.179
0.001	0.836	0.001	0.162
0.129	0.001	0.001	0.869
0.001	0.997	0.001	0.001
0.001	0.001	0.081	0.917
0.001	0.001	0.997	0.001
0.001	0.917	0.001	0.081
>CCGCCGCTTCCT	25-CCGCCGCTTCCT	10.409522	-28.165318	0	T:104.0(0.43%),B:48.7(0.20%),P:1e-12	Tpos:62.1,Tstd:27.1,Bpos:39.1,Bstd:19.7,StrandBias:1.1,Multiplicity:1.00
0.100	0.700	0.100	0.100
0.100	0.700	0.100	0.100
0.100	0.100	0.700	0.100
0.100	0.700	0.100	0.100
0.100	0.700	0.100	0.100
0.100	0.100	0.700	0.100
0.100	0.700	0.100	0.100
0.100	0.100	0.100	0.700
0.100	0.100	0.100	0.700
0.100	0.700	0.100	0.100
0.100	0.700	0.100	0.100
0.100	0.100	0.100	0.700
>TATATA	1-TATATA	5.494354	-1588.732234	0	T:4696.0(19.27%),B:1968.2(7.93%),P:1e-689	Tpos:31.2,Tstd:10.8,Bpos:51.8,Bstd:38.6,StrandBias:-0.4,Multiplicity:1.17
0.001	0.001	0.001	0.997
0.625	0.001	0.001	0.373
0.103	0.001	0.001	0.895
0.997	0.001	0.001	0.001
0.001	0.032	0.001	0.966
0.961	0.001	0.037	0.001
>TTWTTA	2-TTWTTA	5.089227	-764.479392	0	T:5393.0(22.13%),B:3233.7(13.03%),P:1e-332	Tpos:35.7,Tstd:22.3,Bpos:51.4,Bstd:36.3,StrandBias:-0.5,Multiplicity:1.11
0.001	0.050	0.116	0.833
0.031	0.001	0.001	0.967
0.447	0.058	0.001	0.494
0.249	0.058	0.175	0.518
0.231	0.001	0.057	0.711
0.832	0.001	0.001	0.166
>TCTCTC	3-TCTCTC	4.196378	-477.161641	0	T:12356.0(50.71%),B:10159.8(40.94%),P:1e-207	Tpos:55.9,Tstd:27.2,Bpos:49.4,Bstd:32.4,StrandBias:1.5,Multiplicity:1.48
0.001	0.209	0.001	0.789
0.001	0.997	0.001	0.001
0.163	0.001	0.088	0.748
0.001	0.997	0.001	0.001
0.001	0.001	0.108	0.890
0.001	0.997	0.001	0.001
>SCTGCC	4-SCTGCC	4.390012	-465.528518	0	T:14891.0(61.11%),B:12765.8(51.44%),P:1e-202	Tpos:55.4,Tstd:27.9,Bpos:50.3,Bstd:31.4,StrandBias:1.0,Multiplicity:1.63
0.001	0.516	0.482	0.001
0.001	0.997	0.001	0.001
0.001	0.368	0.001	0.630
0.001	0.001	0.886	0.112
0.001	0.997	0.001	0.001
0.001	0.997	0.001	0.001
>CCAGTC	5-CCAGTC	4.292824	-461.714608	0	T:12071.0(49.54%),B:9915.3(39.95%),P:1e-200	Tpos:51.7,Tstd:27.6,Bpos:50.8,Bstd:29.6,StrandBias:1.1,Multiplicity:1.20
0.001	0.646	0.132	0.221
0.115	0.742	0.001	0.142
0.986	0.001	0.001	0.012
0.189	0.211	0.485	0.116
0.387	0.001	0.001	0.611
0.001	0.823	0.001	0.175
>CCCACC	6-CCCACC	5.876086	-435.120576	0	T:8992.0(36.90%),B:7001.3(28.21%),P:1e-188	Tpos:53.5,Tstd:27.5,Bpos:50.4,Bstd:30.8,StrandBias:2.0,Multiplicity:1.39
0.136	0.862	0.001	0.001
0.001	0.997	0.001	0.001
0.089	0.909	0.001	0.001
0.840	0.001	0.001	0.158
0.001	0.865	0.001	0.133
0.001	0.997	0.001	0.001
>GACGGG	7-GACGGG	7.054470	-351.802327	0	T:3332.0(13.67%),B:2128.3(8.58%),P:1e-152	Tpos:52.0,Tstd:27.7,Bpos:49.7,Bstd:29.5,StrandBias:-1.5,Multiplicity:1.08
0.001	0.001	0.997	0.001
0.997	0.001	0.001	0.001
0.001	0.997	0.001	0.001
0.001	0.001	0.711	0.287
0.001	0.001	0.997	0.001
0.001	0.001	0.997	0.001
>TCGYTT	8-TCGYTT	2.040015	-347.002928	0	T:11217.0(46.04%),B:9382.0(37.80%),P:1e-150	Tpos:50.6,Tstd:27.7,Bpos:49.4,Bstd:31.2,StrandBias:-0.4,Multiplicity:1.36
0.001	0.001	0.001	0.997
0.001	0.546	0.181	0.272
0.001	0.001	0.997	0.001
0.198	0.347	0.001	0.454
0.001	0.010	0.001	0.988
0.001	0.001	0.001	0.997
>AACCCT	9-AACCCT	6.177716	-339.962499	0	T:1853.0(7.60%),B:986.0(3.97%),P:1e-147	Tpos:53.8,Tstd:27.2,Bpos:50.8,Bstd:31.6,StrandBias:1.3,Multiplicity:1.08
0.700	0.100	0.100	0.100
0.700	0.100	0.100	0.100
0.100	0.700	0.100	0.100
0.100	0.700	0.100	0.100
0.100	0.700	0.100	0.100
0.100	0.100	0.100	0.700
>GATGCG	10-GATGCG	2.566424	-327.002943	0	T:7033.0(28.86%),B:5435.8(21.90%),P:1e-142	Tpos:53.4,Tstd:27.9,Bpos:49.5,Bstd:29.9,StrandBias:-1.0,Multiplicity:1.15
0.271	0.001	0.727	0.001
0.703	0.295	0.001	0.001
0.001	0.001	0.004	0.994
0.001	0.001	0.997	0.001
0.001	0.983	0.001	0.015
0.001	0.001	0.997	0.001
>CTGTCT	11-CTGTCT	5.475446	-253.372556	0	T:6531.0(26.80%),B:5164.6(20.81%),P:1e-110	Tpos:50.7,Tstd:28.0,Bpos:51.1,Bstd:31.8,StrandBias:0.7,Multiplicity:1.11
0.001	0.997	0.001	0.001
0.139	0.213	0.001	0.647
0.001	0.001	0.777	0.221
0.001	0.117	0.001	0.881
0.001	0.997	0.001	0.001
0.001	0.001	0.001	0.997
>CACACA	12-CACACA	6.084742	-182.536600	0	T:3962.0(16.26%),B:3010.4(12.13%),P:1e-79	Tpos:52.3,Tstd:27.7,Bpos:49.6,Bstd:30.0,StrandBias:1.4,Multiplicity:1.14
0.001	0.997	0.001	0.001
0.997	0.001	0.001	0.001
0.001	0.997	0.001	0.001
0.775	0.001	0.223	0.001
0.001	0.997	0.001	0.001
0.858	0.001	0.140	0.001
>CATTYC	13-CATTYC	6.086335	-173.446066	0	T:3292.0(13.51%),B:2438.0(9.82%),P:1e-75	Tpos:52.6,Tstd:27.9,Bpos:50.9,Bstd:29.6,StrandBias:1.4,Multiplicity:1.08
0.001	0.997	0.001	0.001
0.997	0.001	0.001	0.001
0.001	0.001	0.001	0.997
0.001	0.001	0.001	0.997
0.001	0.505	0.109	0.385
0.001	0.997	0.001	0.001
>GATGGA	14-GATGGA	6.299928	-172.769919	0	T:4429.0(18.18%),B:3459.4(13.94%),P:1e-75	Tpos:54.3,Tstd:28.4,Bpos:50.6,Bstd:28.7,StrandBias:-1.1,Multiplicity:1.15
0.001	0.001	0.997	0.001
0.997	0.001	0.001	0.001
0.001	0.207	0.001	0.791
0.001	0.348	0.650	0.001
0.001	0.001	0.997	0.001
0.997	0.001	0.001	0.001
>TCCGCT	15-TCCGCT	6.951815	-158.024705	0	T:2709.0(11.12%),B:1963.8(7.91%),P:1e-68	Tpos:52.5,Tstd:28.6,Bpos:50.2,Bstd:30.9,StrandBias:0.1,Multiplicity:1.02
0.001	0.001	0.001	0.997
0.001	0.739	0.001	0.259
0.001	0.997	0.001	0.001
0.001	0.001	0.997	0.001
0.001	0.997	0.001	0.001
0.001	0.001	0.001	0.997
>TGGGTT	16-TGGGTT	5.592219	-143.053554	0	T:4875.0(20.01%),B:3962.9(15.97%),P:1e-62	Tpos:47.8,Tstd:27.9,Bpos:50.6,Bstd:30.7,StrandBias:-1.3,Multiplicity:1.13
0.001	0.001	0.001	0.997
0.001	0.001	0.878	0.120
0.001	0.367	0.631	0.001
0.001	0.001	0.997	0.001
0.001	0.125	0.001	0.873
0.001	0.001	0.001	0.997
>CCGTTT	17-CCGTTT	5.533342	-134.544402	0	T:3235.0(13.28%),B:2488.2(10.03%),P:1e-58	Tpos:48.7,Tstd:28.0,Bpos:49.3,Bstd:34.0,StrandBias:0.2,Multiplicity:1.06
0.001	0.741	0.257	0.001
0.001	0.500	0.288	0.211
0.001	0.001	0.741	0.257
0.001	0.341	0.001	0.657
0.001	0.001	0.123	0.875
0.001	0.244	0.001	0.754
>CTACTA	18-CTACTA	7.298927	-104.964433	0	T:1239.0(5.08%),B:825.2(3.32%),P:1e-45	Tpos:46.5,Tstd:26.9,Bpos:52.3,Bstd:29.2,StrandBias:0.3,Multiplicity:1.20
0.001	0.889	0.109	0.001
0.001	0.001	0.001	0.997
0.997	0.001	0.001	0.001
0.001	0.587	0.411	0.001
0.001	0.001	0.001	0.997
0.997	0.001	0.001	0.001
>GCAGCT	19-GCAGCT	6.177716	-85.674837	0	T:2180.0(8.95%),B:1684.9(6.79%),P:1e-37	Tpos:54.6,Tstd:27.5,Bpos:49.2,Bstd:31.6,StrandBias:0.2,Multiplicity:1.05
0.100	0.100	0.700	0.100
0.100	0.700	0.100	0.100
0.700	0.100	0.100	0.100
0.100	0.100	0.700	0.100
0.100	0.700	0.100	0.100
0.100	0.100	0.100	0.700
>TGATGA	20-TGATGA	7.532061	-43.646333	0	T:1207.0(4.95%),B:943.5(3.80%),P:1e-18	Tpos:51.3,Tstd:27.2,Bpos:49.9,Bstd:24.3,StrandBias:-0.9,Multiplicity:1.11
0.001	0.001	0.001	0.997
0.001	0.001	0.810	0.188
0.836	0.162	0.001	0.001
0.001	0.001	0.162	0.836
0.188	0.001	0.810	0.001
0.997	0.001	0.001	0.001
>AGCTAG	21-AGCTAG	6.177716	-32.330188	0	T:1460.0(5.99%),B:1216.0(4.90%),P:1e-14	Tpos:56.6,Tstd:29.3,Bpos:49.6,Bstd:29.9,StrandBias:-0.0,Multiplicity:1.25
0.700	0.100	0.100	0.100
0.100	0.100	0.700	0.100
0.100	0.700	0.100	0.100
0.100	0.100	0.100	0.700
0.700	0.100	0.100	0.100
0.100	0.100	0.700	0.100
>TMTATAAA	1-TMTATAAA	5.657182	-1511.675364	0	T:3550.0(14.57%),B:1282.9(5.17%),P:1e-656	Tpos:31.3,Tstd:10.0,Bpos:51.9,Bstd:38.0,StrandBias:1.0,Multiplicity:1.04
0.063	0.215	0.186	0.536
0.444	0.376	0.097	0.083
0.106	0.033	0.035	0.826
0.758	0.056	0.006	0.180
0.198	0.037	0.080	0.685
0.820	0.057	0.074	0.049
0.456	0.188	0.079	0.277
0.652	0.153	0.180	0.015
>TTWAAAAS	2-TTWAAAAS	4.920864	-1128.271569	0	T:6075.0(24.93%),B:3361.4(13.54%),P:1e-489	Tpos:34.7,Tstd:19.3,Bpos:50.2,Bstd:35.4,StrandBias:0.1,Multiplicity:1.12
0.298	0.001	0.001	0.700
0.423	0.001	0.001	0.575
0.539	0.001	0.001	0.459
0.610	0.001	0.001	0.388
0.739	0.001	0.001	0.259
0.826	0.001	0.001	0.172
0.661	0.001	0.337	0.001
0.158	0.357	0.484	0.001
>CCCATCCC	3-CCCATCCC	5.022534	-1019.128143	0	T:10493.0(43.06%),B:7306.1(29.44%),P:1e-442	Tpos:54.8,Tstd:26.6,Bpos:50.4,Bstd:31.2,StrandBias:2.4,Multiplicity:1.52
0.009	0.813	0.001	0.177
0.021	0.977	0.001	0.001
0.287	0.692	0.020	0.001
0.591	0.197	0.081	0.131
0.210	0.189	0.001	0.600
0.001	0.623	0.001	0.375
0.001	0.899	0.001	0.099
0.079	0.885	0.035	0.001
>CTCGTCTC	4-CTCGTCTC	4.804729	-825.179804	0	T:10274.0(42.17%),B:7421.6(29.91%),P:1e-358	Tpos:55.9,Tstd:26.6,Bpos:49.9,Bstd:31.6,StrandBias:1.6,Multiplicity:1.33
0.028	0.776	0.111	0.085
0.090	0.142	0.087	0.681
0.071	0.844	0.044	0.041
0.069	0.190	0.659	0.082
0.086	0.230	0.051	0.633
0.049	0.821	0.052	0.078
0.086	0.053	0.091	0.770
0.038	0.815	0.015	0.132
>YTATTAAT	5-YTATTAAT	6.345071	-788.105342	0	T:2541.0(10.43%),B:1083.4(4.37%),P:1e-342	Tpos:36.3,Tstd:21.8,Bpos:49.1,Bstd:35.5,StrandBias:0.2,Multiplicity:1.02
0.001	0.425	0.179	0.395
0.001	0.262	0.001	0.736
0.994	0.001	0.001	0.004
0.166	0.001	0.001	0.832
0.222	0.001	0.001	0.776
0.579	0.001	0.001	0.419
0.888	0.001	0.001	0.110
0.001	0.171	0.001	0.827
>CACACCAC	6-CACACCAC	4.288117	-676.315710	0	T:7738.0(31.76%),B:5366.6(21.62%),P:1e-293	Tpos:53.6,Tstd:27.2,Bpos:50.1,Bstd:29.7,StrandBias:1.6,Multiplicity:1.17
0.165	0.686	0.077	0.072
0.552	0.227	0.083	0.138
0.306	0.537	0.116	0.041
0.435	0.219	0.183	0.162
0.145	0.405	0.227	0.223
0.190	0.636	0.058	0.116
0.506	0.191	0.168	0.135
0.173	0.715	0.072	0.040
>CMGCCASC	7-CMGCCASC	5.782640	-622.901222	0	T:9454.0(38.80%),B:7030.7(28.33%),P:1e-270	Tpos:56.7,Tstd:27.6,Bpos:50.2,Bstd:30.7,StrandBias:1.1,Multiplicity:1.28
0.048	0.950	0.001	0.001
0.369	0.476	0.001	0.154
0.253	0.079	0.667	0.001
0.001	0.903	0.095	0.001
0.049	0.639	0.001	0.311
0.483	0.148	0.186	0.183
0.011	0.499	0.489	0.001
0.001	0.997	0.001	0.001
>AAACCCTA	8-AAACCCTA	7.819608	-492.231269	0	T:1284.0(5.27%),B:480.6(1.94%),P:1e-213	Tpos:52.3,Tstd:27.3,Bpos:50.3,Bstd:32.1,StrandBias:1.1,Multiplicity:1.06
0.860	0.001	0.073	0.066
0.997	0.001	0.001	0.001
0.997	0.001	0.001	0.001
0.001	0.997	0.001	0.001
0.001	0.997	0.001	0.001
0.001	0.997	0.001	0.001
0.051	0.001	0.001	0.947
0.879	0.119	0.001	0.001
>ACACACAC	9-ACACACAC	4.753591	-429.610012	0	T:5393.0(22.13%),B:3740.2(15.07%),P:1e-186	Tpos:54.1,Tstd:26.8,Bpos:50.3,Bstd:29.0,StrandBias:1.6,Multiplicity:1.17
0.753	0.062	0.058	0.127
0.081	0.820	0.051	0.048
0.664	0.111	0.101	0.124
0.086	0.827	0.047	0.040
0.705	0.071	0.113	0.111
0.092	0.729	0.121	0.058
0.680	0.157	0.077	0.086
0.078	0.823	0.090	0.009
>TYCCBTCC	10-TYCCBTCC	6.122177	-408.201314	0	T:2417.0(9.92%),B:1330.8(5.36%),P:1e-177	Tpos:53.0,Tstd:29.1,Bpos:50.6,Bstd:32.1,StrandBias:1.3,Multiplicity:1.04
0.035	0.341	0.118	0.506
0.244	0.352	0.001	0.403
0.001	0.648	0.350	0.001
0.001	0.778	0.220	0.001
0.054	0.263	0.377	0.306
0.226	0.001	0.199	0.574
0.037	0.578	0.132	0.253
0.079	0.919	0.001	0.001
>TCTCTCTC	11-TCTCTCTC	5.294807	-350.084918	0	T:5590.0(22.94%),B:4071.0(16.40%),P:1e-152	Tpos:55.2,Tstd:27.2,Bpos:49.4,Bstd:32.6,StrandBias:0.9,Multiplicity:1.14
0.086	0.130	0.072	0.712
0.068	0.754	0.077	0.101
0.069	0.012	0.199	0.720
0.059	0.797	0.095	0.049
0.063	0.064	0.114	0.759
0.039	0.735	0.058	0.168
0.038	0.032	0.116	0.814
0.061	0.710	0.064	0.165
>ACCAACCC	12-ACCAACCC	5.492611	-304.663547	0	T:1078.0(4.42%),B:474.1(1.91%),P:1e-132	Tpos:49.6,Tstd:26.4,Bpos:53.4,Bstd:32.0,StrandBias:1.6,Multiplicity:1.02
0.997	0.001	0.001	0.001
0.001	0.997	0.001	0.001
0.029	0.969	0.001	0.001
0.961	0.037	0.001	0.001
0.997	0.001	0.001	0.001
0.135	0.863	0.001	0.001
0.001	0.997	0.001	0.001
0.001	0.997	0.001	0.001
>GCAGCTGC	13-GCAGCTGC	5.138535	-304.122323	0	T:7253.0(29.77%),B:5698.3(22.96%),P:1e-132	Tpos:55.6,Tstd:27.8,Bpos:49.3,Bstd:30.2,StrandBias:0.1,Multiplicity:1.16
0.040	0.029	0.880	0.051
0.062	0.895	0.001	0.042
0.609	0.222	0.109	0.060
0.032	0.048	0.886	0.034
0.064	0.797	0.001	0.138
0.057	0.227	0.100	0.616
0.075	0.169	0.665	0.091
0.137	0.657	0.100	0.106
>AAACGAAA	14-AAACGAAA	5.265262	-283.002536	0	T:3978.0(16.33%),B:2795.4(11.26%),P:1e-122	Tpos:48.2,Tstd:27.5,Bpos:50.7,Bstd:31.2,StrandBias:0.3,Multiplicity:1.14
0.749	0.111	0.066	0.074
0.807	0.048	0.077	0.068
0.668	0.036	0.161	0.135
0.042	0.863	0.055	0.040
0.124	0.074	0.739	0.063
0.703	0.146	0.126	0.025
0.832	0.063	0.072	0.033
0.640	0.135	0.128	0.097
>YCGTCATY	15-YCGTCATY	6.325926	-270.736909	0	T:3504.0(14.38%),B:2412.2(9.72%),P:1e-117	Tpos:54.6,Tstd:27.6,Bpos:48.9,Bstd:27.0,StrandBias:1.0,Multiplicity:1.06
0.001	0.484	0.001	0.514
0.001	0.997	0.001	0.001
0.237	0.106	0.656	0.001
0.001	0.377	0.001	0.621
0.294	0.704	0.001	0.001
0.678	0.001	0.119	0.202
0.001	0.001	0.001	0.997
0.001	0.504	0.001	0.494
>GCAACGCA	16-GCAACGCA	5.882805	-253.690831	0	T:2462.0(10.10%),B:1572.5(6.34%),P:1e-110	Tpos:53.7,Tstd:27.7,Bpos:49.5,Bstd:30.4,StrandBias:0.3,Multiplicity:1.10
0.001	0.049	0.949	0.001
0.003	0.943	0.037	0.017
0.997	0.001	0.001	0.001
0.535	0.202	0.167	0.096
0.093	0.740	0.001	0.166
0.001	0.001	0.963	0.035
0.039	0.959	0.001	0.001
0.931	0.042	0.026	0.001
>TACTACTA	17-TACTACTA	4.972533	-197.934524	0	T:1270.0(5.21%),B:712.0(2.87%),P:1e-85	Tpos:44.3,Tstd:25.7,Bpos:50.8,Bstd:28.5,StrandBias:0.0,Multiplicity:1.08
0.036	0.025	0.035	0.904
0.920	0.026	0.053	0.001
0.001	0.881	0.103	0.015
0.048	0.024	0.001	0.927
0.936	0.001	0.062	0.001
0.001	0.839	0.138	0.022
0.030	0.014	0.001	0.955
0.929	0.001	0.050	0.020
>GATTGATG	18-GATTGATG	4.071359	-128.817727	0	T:761.0(3.12%),B:414.9(1.67%),P:1e-55	Tpos:52.0,Tstd:27.5,Bpos:49.4,Bstd:25.8,StrandBias:-1.5,Multiplicity:1.11
0.001	0.001	0.997	0.001
0.997	0.001	0.001	0.001
0.001	0.001	0.001	0.997
0.001	0.001	0.087	0.911
0.001	0.001	0.997	0.001
0.997	0.001	0.001	0.001
0.001	0.001	0.001	0.997
0.001	0.015	0.983	0.001
>TACWTATA	19-TACWTATA	5.360923	-121.732600	0	T:635.0(2.61%),B:330.5(1.33%),P:1e-52	Tpos:36.3,Tstd:20.9,Bpos:48.1,Bstd:31.7,StrandBias:0.7,Multiplicity:1.03
0.001	0.001	0.001	0.997
0.997	0.001	0.001	0.001
0.001	0.997	0.001	0.001
0.430	0.001	0.137	0.432
0.013	0.001	0.001	0.985
0.997	0.001	0.001	0.001
0.125	0.284	0.001	0.590
0.997	0.001	0.001	0.001
>TCCAGTCC	20-TCCAGTCC	8.582231	-115.334383	0	T:469.0(1.92%),B:220.5(0.89%),P:1e-50	Tpos:52.9,Tstd:28.1,Bpos:47.4,Bstd:28.4,StrandBias:1.3,Multiplicity:1.03
0.001	0.001	0.001	0.997
0.001	0.997	0.001	0.001
0.001	0.997	0.001	0.001
0.674	0.001	0.324	0.001
0.001	0.001	0.997	0.001
0.001	0.001	0.001	0.997
0.001	0.997	0.001	0.001
0.001	0.875	0.001	0.123
>AGTCGCAA	21-AGTCGCAA	6.489208	-106.746805	0	T:835.0(3.43%),B:498.2(2.01%),P:1e-46	Tpos:53.6,Tstd:26.8,Bpos:52.1,Bstd:28.5,StrandBias:0.5,Multiplicity:1.04
0.997	0.001	0.001	0.001
0.001	0.074	0.836	0.089
0.035	0.088	0.001	0.876
0.063	0.871	0.065	0.001
0.026	0.019	0.931	0.024
0.036	0.902	0.061	0.001
0.850	0.058	0.091	0.001
0.792	0.001	0.159	0.048
>TWGCTTGC	22-TWGCTTGC	7.391301	-103.848020	0	T:822.0(3.37%),B:492.1(1.98%),P:1e-45	Tpos:57.5,Tstd:28.5,Bpos:45.2,Bstd:31.1,StrandBias:-0.2,Multiplicity:1.11
0.001	0.001	0.018	0.980
0.413	0.001	0.124	0.462
0.055	0.024	0.920	0.001
0.062	0.862	0.075	0.001
0.001	0.021	0.153	0.825
0.361	0.001	0.124	0.514
0.099	0.042	0.749	0.110
0.027	0.693	0.217	0.063
>CCCGGCCC	23-CCCGGCCC	8.257564	-96.435424	0	T:1031.0(4.23%),B:670.9(2.70%),P:1e-41	Tpos:47.5,Tstd:28.2,Bpos:48.4,Bstd:32.3,StrandBias:1.0,Multiplicity:1.05
0.001	0.879	0.001	0.119
0.097	0.901	0.001	0.001
0.001	0.997	0.001	0.001
0.001	0.001	0.882	0.116
0.001	0.001	0.997	0.001
0.115	0.792	0.001	0.092
0.001	0.997	0.001	0.001
0.001	0.997	0.001	0.001
>CAATCACA	24-CAATCACA	8.694436	-45.620784	0	T:245.0(1.01%),B:130.4(0.53%),P:1e-19	Tpos:51.6,Tstd:27.8,Bpos:53.8,Bstd:25.6,StrandBias:0.9,Multiplicity:1.02
0.001	0.997	0.001	0.001
0.997	0.001	0.001	0.001
0.997	0.001	0.001	0.001
0.001	0.001	0.001	0.997
0.001	0.997	0.001	0.001
0.997	0.001	0.001	0.001
0.210	0.587	0.202	0.001
0.840	0.001	0.001	0.158
>AAGTGACG	25-AAGTGACG	8.236954	-29.879316	0	T:55.0(0.23%),B:17.5(0.07%),P:1e-12	Tpos:49.2,Tstd:23.9,Bpos:43.9,Bstd:20.5,StrandBias:-1.4,Multiplicity:1.00
0.700	0.100	0.100	0.100
0.700	0.100	0.100	0.100
0.100	0.100	0.700	0.100
0.100	0.100	0.100	0.700
0.100	0.100	0.700	0.100
0.700	0.100	0.100	0.100
0.100	0.700	0.100	0.100
0.100	0.100	0.700	0.100
