>TATATADASV	1-TATATADASV	5.565151	-1867.484635	0	T:4136.0(16.97%),B:1451.9(5.85%),P:1e-811	Tpos:31.3,Tstd:9.9,Bpos:51.1,Bstd:36.7,StrandBias:-0.1,Multiplicity:1.51
0.057	0.077	0.080	0.786
0.686	0.040	0.019	0.255
0.095	0.034	0.012	0.859
0.821	0.005	0.006	0.168
0.285	0.027	0.053	0.635
0.884	0.014	0.089	0.013
0.235	0.158	0.243	0.364
0.465	0.233	0.209	0.092
0.196	0.307	0.380	0.117
0.219	0.317	0.358	0.105
>CYCYCCYCYC	2-CYCYCCYCYC	4.287069	-931.944470	0	T:14786.0(60.68%),B:11641.3(46.92%),P:1e-404	Tpos:56.8,Tstd:26.1,Bpos:49.7,Bstd:33.1,StrandBias:1.8,Multiplicity:1.62
0.055	0.552	0.146	0.247
0.115	0.347	0.118	0.420
0.011	0.655	0.089	0.245
0.057	0.358	0.192	0.392
0.021	0.640	0.071	0.268
0.072	0.523	0.203	0.202
0.121	0.317	0.133	0.428
0.015	0.648	0.056	0.281
0.065	0.366	0.129	0.440
0.009	0.652	0.061	0.278
>MCMCMMCCCC	3-MCMCMMCCCC	5.041971	-927.326718	0	T:8737.0(35.86%),B:5853.8(23.59%),P:1e-402	Tpos:53.9,Tstd:25.7,Bpos:49.8,Bstd:29.8,StrandBias:2.3,Multiplicity:1.28
0.352	0.501	0.001	0.146
0.414	0.584	0.001	0.001
0.430	0.568	0.001	0.001
0.407	0.591	0.001	0.001
0.457	0.524	0.018	0.001
0.364	0.453	0.068	0.115
0.356	0.541	0.001	0.102
0.372	0.586	0.001	0.041
0.353	0.645	0.001	0.001
0.394	0.604	0.001	0.001
>TCCATTCCCA	4-TCCATTCCCA	5.934482	-664.411416	0	T:4392.0(18.03%),B:2554.9(10.30%),P:1e-288	Tpos:53.2,Tstd:27.4,Bpos:49.4,Bstd:30.0,StrandBias:1.8,Multiplicity:1.09
0.018	0.213	0.024	0.745
0.008	0.967	0.021	0.004
0.180	0.796	0.006	0.018
0.701	0.017	0.273	0.009
0.209	0.082	0.202	0.507
0.037	0.269	0.038	0.656
0.023	0.567	0.100	0.310
0.036	0.872	0.031	0.061
0.172	0.690	0.094	0.044
0.639	0.245	0.041	0.075
>GCGGCSGCCG	5-GCGGCSGCCG	1.264850	-469.252841	0	T:13432.0(55.13%),B:11256.4(45.37%),P:1e-203	Tpos:56.1,Tstd:27.2,Bpos:49.9,Bstd:30.2,StrandBias:-0.0,Multiplicity:1.43
0.018	0.219	0.726	0.037
0.012	0.974	0.013	0.001
0.130	0.317	0.477	0.075
0.008	0.001	0.990	0.001
0.001	0.997	0.001	0.001
0.083	0.307	0.396	0.214
0.001	0.001	0.997	0.001
0.001	0.997	0.001	0.001
0.075	0.495	0.209	0.221
0.246	0.001	0.539	0.214
>GGAYKGRYGG	6-GGAYKGRYGG	6.186546	-455.321763	0	T:1955.0(8.02%),B:946.4(3.81%),P:1e-197	Tpos:51.6,Tstd:28.1,Bpos:49.5,Bstd:28.8,StrandBias:-1.7,Multiplicity:1.01
0.079	0.145	0.590	0.186
0.237	0.006	0.755	0.002
0.423	0.235	0.202	0.139
0.072	0.443	0.115	0.370
0.082	0.145	0.458	0.316
0.072	0.008	0.911	0.009
0.462	0.107	0.378	0.053
0.178	0.366	0.021	0.434
0.046	0.151	0.596	0.207
0.234	0.163	0.574	0.029
>AAACCCTAGN	7-AAACCCTAGN	8.295249	-398.704007	0	T:609.0(2.50%),B:154.3(0.62%),P:1e-173	Tpos:54.8,Tstd:26.8,Bpos:55.0,Bstd:30.1,StrandBias:0.7,Multiplicity:1.01
0.632	0.169	0.119	0.080
0.917	0.012	0.026	0.045
0.747	0.009	0.215	0.029
0.221	0.541	0.084	0.154
0.009	0.921	0.023	0.047
0.078	0.854	0.048	0.020
0.059	0.021	0.040	0.880
0.485	0.266	0.055	0.194
0.176	0.244	0.434	0.147
0.274	0.325	0.183	0.218
>ACACRCACAC	8-ACACRCACAC	6.514975	-354.273093	0	T:2150.0(8.82%),B:1190.1(4.80%),P:1e-153	Tpos:55.1,Tstd:27.5,Bpos:45.8,Bstd:28.5,StrandBias:1.1,Multiplicity:1.05
0.728	0.105	0.129	0.038
0.001	0.955	0.043	0.001
0.636	0.001	0.167	0.196
0.001	0.698	0.283	0.018
0.495	0.001	0.458	0.046
0.006	0.861	0.097	0.036
0.640	0.096	0.079	0.185
0.001	0.825	0.173	0.001
0.657	0.001	0.280	0.062
0.001	0.762	0.236	0.001
>TCKCTCTCTC	9-TCKCTCTCTC	6.610098	-342.218483	0	T:2740.0(11.25%),B:1663.2(6.70%),P:1e-148	Tpos:54.7,Tstd:27.9,Bpos:53.3,Bstd:32.3,StrandBias:0.8,Multiplicity:1.04
0.102	0.033	0.027	0.838
0.033	0.829	0.035	0.103
0.142	0.015	0.382	0.461
0.001	0.818	0.168	0.013
0.129	0.080	0.136	0.655
0.001	0.769	0.195	0.035
0.079	0.001	0.192	0.728
0.001	0.918	0.080	0.001
0.103	0.037	0.115	0.745
0.010	0.773	0.101	0.116
>TCACTCCACT	10-TCACTCCACT	7.352440	-213.981619	0	T:897.0(3.68%),B:426.4(1.72%),P:1e-92	Tpos:55.0,Tstd:27.0,Bpos:49.5,Bstd:28.0,StrandBias:1.8,Multiplicity:1.03
0.040	0.120	0.037	0.803
0.032	0.877	0.063	0.028
0.742	0.142	0.088	0.028
0.060	0.835	0.081	0.024
0.041	0.062	0.038	0.859
0.042	0.673	0.151	0.134
0.068	0.873	0.020	0.039
0.775	0.024	0.114	0.087
0.036	0.858	0.044	0.062
0.085	0.173	0.035	0.707
>TACTASTAGT	11-TACTASTAGT	6.147341	-179.448160	0	T:1010.0(4.15%),B:540.1(2.18%),P:1e-77	Tpos:45.5,Tstd:25.6,Bpos:48.0,Bstd:28.0,StrandBias:-0.0,Multiplicity:1.05
0.151	0.156	0.119	0.574
0.680	0.034	0.164	0.122
0.010	0.565	0.413	0.012
0.066	0.101	0.072	0.761
0.859	0.001	0.097	0.043
0.001	0.466	0.532	0.001
0.006	0.092	0.012	0.890
0.870	0.008	0.071	0.051
0.015	0.335	0.608	0.042
0.199	0.220	0.035	0.546
>CTAGCTRGCT	12-CTAGCTRGCT	8.483390	-170.219752	0	T:588.0(2.41%),B:255.7(1.03%),P:1e-73	Tpos:55.4,Tstd:28.8,Bpos:52.5,Bstd:27.8,StrandBias:-0.1,Multiplicity:1.02
0.001	0.607	0.237	0.155
0.001	0.197	0.165	0.637
0.493	0.146	0.153	0.208
0.001	0.032	0.966	0.001
0.001	0.997	0.001	0.001
0.032	0.001	0.001	0.966
0.507	0.001	0.491	0.001
0.093	0.054	0.852	0.001
0.001	0.739	0.001	0.259
0.101	0.193	0.001	0.705
>AAAGCGAAGC	13-AAAGCGAAGC	8.510967	-146.652851	0	T:385.0(1.58%),B:144.3(0.58%),P:1e-63	Tpos:54.9,Tstd:28.2,Bpos:50.9,Bstd:32.4,StrandBias:0.4,Multiplicity:1.03
0.849	0.029	0.121	0.001
0.956	0.001	0.039	0.004
0.916	0.071	0.001	0.012
0.001	0.147	0.851	0.001
0.021	0.928	0.013	0.038
0.153	0.001	0.845	0.001
0.923	0.001	0.038	0.038
0.897	0.001	0.090	0.012
0.001	0.024	0.951	0.024
0.038	0.926	0.032	0.004
>GTACTGTACT	14-GTACTGTACT	6.079530	-133.717985	0	T:1278.0(5.25%),B:807.5(3.25%),P:1e-58	Tpos:53.6,Tstd:27.7,Bpos:48.7,Bstd:28.9,StrandBias:-0.3,Multiplicity:1.10
0.043	0.125	0.776	0.056
0.076	0.191	0.097	0.636
0.499	0.095	0.278	0.128
0.040	0.780	0.133	0.047
0.139	0.076	0.090	0.695
0.050	0.114	0.804	0.032
0.109	0.206	0.144	0.541
0.593	0.087	0.214	0.106
0.024	0.747	0.141	0.088
0.117	0.085	0.080	0.718
>TGAYGABTGA	15-TGAYGABTGA	9.218968	-122.122277	0	T:214.0(0.88%),B:61.8(0.25%),P:1e-53	Tpos:53.8,Tstd:26.1,Bpos:47.1,Bstd:21.8,StrandBias:-2.0,Multiplicity:1.02
0.001	0.001	0.003	0.995
0.001	0.001	0.997	0.001
0.826	0.001	0.172	0.001
0.001	0.349	0.188	0.462
0.001	0.001	0.997	0.001
0.987	0.011	0.001	0.001
0.067	0.249	0.371	0.313
0.083	0.001	0.001	0.915
0.001	0.001	0.997	0.001
0.743	0.101	0.102	0.054
>AAGCAAGCAA	16-AAGCAAGCAA	8.328210	-119.835071	0	T:529.0(2.17%),B:257.7(1.04%),P:1e-52	Tpos:52.9,Tstd:26.9,Bpos:48.5,Bstd:28.0,StrandBias:0.5,Multiplicity:1.01
0.894	0.063	0.001	0.042
0.677	0.184	0.088	0.051
0.001	0.095	0.788	0.116
0.001	0.869	0.129	0.001
0.865	0.001	0.133	0.001
0.918	0.001	0.080	0.001
0.279	0.001	0.474	0.247
0.001	0.997	0.001	0.001
0.907	0.001	0.091	0.001
0.854	0.001	0.144	0.001
>CGTTTCGTTT	17-CGTTTCGTTT	9.188807	-94.857157	0	T:169.0(0.69%),B:49.1(0.20%),P:1e-41	Tpos:51.3,Tstd:26.0,Bpos:48.3,Bstd:34.2,StrandBias:-0.4,Multiplicity:1.04
0.001	0.744	0.254	0.001
0.001	0.001	0.912	0.086
0.281	0.007	0.001	0.711
0.001	0.001	0.087	0.911
0.001	0.254	0.001	0.744
0.001	0.837	0.065	0.097
0.001	0.060	0.731	0.208
0.001	0.029	0.153	0.817
0.029	0.330	0.010	0.631
0.010	0.001	0.065	0.924
>CGCATCGCAC	18-CGCATCGCAC	9.116776	-84.812762	0	T:174.0(0.71%),B:56.1(0.23%),P:1e-36	Tpos:55.5,Tstd:25.6,Bpos:49.7,Bstd:24.2,StrandBias:1.4,Multiplicity:1.03
0.004	0.874	0.046	0.076
0.016	0.032	0.906	0.046
0.001	0.997	0.001	0.001
0.976	0.001	0.020	0.003
0.001	0.129	0.109	0.761
0.001	0.983	0.001	0.015
0.001	0.001	0.988	0.010
0.032	0.960	0.004	0.004
0.874	0.001	0.093	0.032
0.015	0.887	0.001	0.097
>CCKGCCSGGT	19-CCKGCCSGGT	12.053483	-78.857879	0	T:56.0(0.23%),B:6.7(0.03%),P:1e-34	Tpos:50.4,Tstd:27.8,Bpos:23.3,Bstd:6.0,StrandBias:-0.1,Multiplicity:1.03
0.001	0.997	0.001	0.001
0.001	0.997	0.001	0.001
0.001	0.001	0.506	0.492
0.001	0.001	0.997	0.001
0.001	0.765	0.004	0.230
0.001	0.997	0.001	0.001
0.001	0.432	0.566	0.001
0.001	0.001	0.997	0.001
0.001	0.001	0.997	0.001
0.001	0.001	0.001	0.997
>ATAAAAAGGA	20-ATAAAAAGGA	9.346966	-65.253408	0	T:175.0(0.72%),B:67.4(0.27%),P:1e-28	Tpos:33.5,Tstd:17.2,Bpos:42.3,Bstd:33.7,StrandBias:0.3,Multiplicity:1.00
0.957	0.001	0.014	0.028
0.001	0.105	0.131	0.763
0.997	0.001	0.001	0.001
0.989	0.005	0.005	0.001
0.997	0.001	0.001	0.001
0.866	0.028	0.105	0.001
0.813	0.005	0.106	0.076
0.105	0.001	0.866	0.028
0.001	0.043	0.955	0.001
0.894	0.091	0.001	0.014
>TCACAGTCAC	21-TCACAGTCAC	9.701009	-64.899998	0	T:104.0(0.43%),B:28.8(0.12%),P:1e-28	Tpos:54.4,Tstd:28.5,Bpos:53.2,Bstd:26.1,StrandBias:1.4,Multiplicity:1.04
0.001	0.001	0.001	0.997
0.001	0.997	0.001	0.001
0.997	0.001	0.001	0.001
0.055	0.943	0.001	0.001
0.513	0.262	0.062	0.163
0.078	0.001	0.920	0.001
0.001	0.078	0.001	0.920
0.006	0.987	0.006	0.001
0.964	0.001	0.001	0.034
0.035	0.851	0.035	0.079
>AGTCTGGACT	22-AGTCTGGACT	9.635392	-55.748616	0	T:97.0(0.40%),B:28.4(0.11%),P:1e-24	Tpos:59.1,Tstd:22.8,Bpos:47.4,Bstd:31.5,StrandBias:-0.1,Multiplicity:1.02
0.938	0.057	0.001	0.004
0.001	0.057	0.941	0.001
0.001	0.040	0.001	0.958
0.001	0.997	0.001	0.001
0.042	0.014	0.026	0.918
0.041	0.041	0.904	0.014
0.141	0.216	0.585	0.058
0.955	0.001	0.004	0.040
0.001	0.991	0.004	0.004
0.001	0.057	0.040	0.902
>TCCGACTCCG	23-TCCGACTCCG	12.298785	-34.396646	0	T:44.0(0.18%),B:10.7(0.04%),P:1e-14	Tpos:57.5,Tstd:25.7,Bpos:42.0,Bstd:27.6,StrandBias:0.8,Multiplicity:1.00
0.001	0.001	0.001	0.997
0.001	0.997	0.001	0.001
0.001	0.997	0.001	0.001
0.001	0.001	0.997	0.001
0.997	0.001	0.001	0.001
0.001	0.997	0.001	0.001
0.215	0.001	0.001	0.783
0.001	0.997	0.001	0.001
0.001	0.997	0.001	0.001
0.001	0.001	0.997	0.001
>GTCACGTGAC	24-GTCACGTGAC	9.779967	-33.312078	0	T:41.0(0.17%),B:9.1(0.04%),P:1e-14	Tpos:45.8,Tstd:27.4,Bpos:46.7,Bstd:18.0,StrandBias:0.8,Multiplicity:1.00
0.073	0.025	0.901	0.001
0.139	0.073	0.001	0.787
0.024	0.974	0.001	0.001
0.859	0.139	0.001	0.001
0.001	0.859	0.139	0.001
0.001	0.001	0.997	0.001
0.001	0.001	0.001	0.997
0.025	0.220	0.754	0.001
0.859	0.139	0.001	0.001
0.001	0.997	0.001	0.001
>TCGAGCTCGA	25-TCGAGCTCGA	10.296193	-19.728684	0	T:18.0(0.07%),B:3.4(0.01%),P:1e-8	Tpos:57.8,Tstd:27.9,Bpos:55.5,Bstd:12.3,StrandBias:0.0,Multiplicity:1.11
0.100	0.100	0.100	0.700
0.100	0.700	0.100	0.100
0.100	0.100	0.700	0.100
0.700	0.100	0.100	0.100
0.100	0.100	0.700	0.100
0.100	0.700	0.100	0.100
0.100	0.100	0.100	0.700
0.100	0.700	0.100	0.100
0.100	0.100	0.700	0.100
0.700	0.100	0.100	0.100
>TATATAWANVNV	1-TATATAWANVNV	5.282562	-1866.870558	0	T:4684.0(19.22%),B:1790.8(7.22%),P:1e-810	Tpos:31.4,Tstd:10.5,Bpos:51.2,Bstd:35.6,StrandBias:-0.0,Multiplicity:1.12
0.097	0.187	0.145	0.571
0.486	0.150	0.061	0.302
0.024	0.008	0.001	0.967
0.795	0.001	0.001	0.203
0.221	0.006	0.021	0.752
0.967	0.001	0.006	0.026
0.320	0.071	0.192	0.418
0.542	0.165	0.213	0.080
0.233	0.242	0.293	0.232
0.293	0.244	0.316	0.146
0.196	0.319	0.310	0.174
0.230	0.316	0.318	0.135
>CCCMCCMCCNCC	2-CCCMCCMCCNCC	5.566749	-1047.544095	0	T:8264.0(33.92%),B:5268.5(21.24%),P:1e-454	Tpos:57.0,Tstd:25.7,Bpos:49.8,Bstd:30.5,StrandBias:2.4,Multiplicity:1.30
0.099	0.632	0.125	0.144
0.109	0.676	0.075	0.140
0.129	0.713	0.059	0.099
0.265	0.356	0.196	0.182
0.122	0.679	0.078	0.121
0.092	0.768	0.060	0.080
0.250	0.359	0.202	0.189
0.078	0.742	0.083	0.097
0.107	0.735	0.054	0.104
0.301	0.312	0.199	0.188
0.074	0.752	0.091	0.083
0.105	0.730	0.070	0.095
>YCYYCTCYYCYC	3-YCYYCTCYYCYC	4.865202	-878.714581	0	T:12807.0(52.56%),B:9750.1(39.30%),P:1e-381	Tpos:56.4,Tstd:25.8,Bpos:50.1,Bstd:33.2,StrandBias:1.5,Multiplicity:1.29
0.014	0.437	0.096	0.453
0.002	0.640	0.080	0.278
0.025	0.369	0.174	0.432
0.010	0.461	0.074	0.454
0.006	0.611	0.081	0.302
0.014	0.334	0.111	0.541
0.002	0.658	0.053	0.287
0.016	0.436	0.167	0.381
0.016	0.389	0.087	0.508
0.002	0.654	0.043	0.301
0.009	0.380	0.112	0.498
0.005	0.655	0.062	0.278
>TCCCAATYCCCA	4-TCCCAATYCCCA	5.680198	-811.115954	0	T:5018.0(20.59%),B:2875.2(11.59%),P:1e-352	Tpos:54.7,Tstd:25.2,Bpos:49.5,Bstd:29.1,StrandBias:2.2,Multiplicity:1.16
0.112	0.302	0.111	0.476
0.025	0.672	0.042	0.261
0.045	0.844	0.026	0.085
0.226	0.737	0.018	0.019
0.753	0.166	0.071	0.010
0.599	0.140	0.166	0.095
0.209	0.110	0.139	0.542
0.020	0.417	0.088	0.476
0.013	0.808	0.040	0.139
0.065	0.851	0.033	0.051
0.327	0.581	0.033	0.059
0.661	0.162	0.103	0.074
>CACACACACACM	5-CACACACACACM	5.601774	-504.788227	0	T:3668.0(15.05%),B:2181.5(8.79%),P:1e-219	Tpos:56.6,Tstd:25.4,Bpos:49.2,Bstd:28.7,StrandBias:1.8,Multiplicity:1.08
0.080	0.776	0.076	0.068
0.672	0.105	0.133	0.090
0.107	0.779	0.085	0.029
0.688	0.090	0.144	0.078
0.097	0.786	0.102	0.015
0.627	0.111	0.184	0.078
0.095	0.751	0.120	0.034
0.661	0.099	0.154	0.086
0.097	0.801	0.086	0.016
0.698	0.088	0.151	0.063
0.102	0.751	0.110	0.037
0.388	0.282	0.207	0.123
>CCAAACCAAACC	6-CCAAACCAAACC	6.414504	-486.545898	0	T:2577.0(10.58%),B:1364.3(5.50%),P:1e-211	Tpos:51.8,Tstd:25.8,Bpos:49.0,Bstd:29.6,StrandBias:1.8,Multiplicity:1.05
0.124	0.664	0.133	0.079
0.165	0.703	0.090	0.042
0.682	0.182	0.112	0.024
0.828	0.041	0.112	0.019
0.688	0.123	0.146	0.043
0.076	0.702	0.158	0.064
0.174	0.773	0.045	0.008
0.808	0.062	0.075	0.055
0.877	0.033	0.065	0.025
0.621	0.167	0.156	0.056
0.130	0.665	0.164	0.041
0.202	0.682	0.054	0.062
>BRAAACCCTAGC	7-BRAAACCCTAGC	8.587872	-394.025996	0	T:736.0(3.02%),B:219.7(0.89%),P:1e-171	Tpos:55.0,Tstd:26.8,Bpos:50.7,Bstd:32.1,StrandBias:1.1,Multiplicity:1.02
0.152	0.321	0.192	0.335
0.385	0.125	0.377	0.113
0.926	0.001	0.072	0.001
0.997	0.001	0.001	0.001
0.985	0.001	0.013	0.001
0.001	0.997	0.001	0.001
0.001	0.994	0.001	0.004
0.004	0.994	0.001	0.001
0.018	0.001	0.001	0.980
0.902	0.079	0.005	0.014
0.236	0.050	0.713	0.001
0.283	0.526	0.072	0.119
>CATTCCATTCCA	8-CATTCCATTCCA	7.458910	-322.289819	0	T:1041.0(4.27%),B:437.2(1.76%),P:1e-139	Tpos:54.3,Tstd:26.6,Bpos:49.2,Bstd:28.4,StrandBias:2.1,Multiplicity:1.02
0.080	0.812	0.060	0.048
0.645	0.200	0.063	0.092
0.189	0.186	0.152	0.474
0.015	0.088	0.080	0.817
0.011	0.846	0.066	0.077
0.076	0.868	0.039	0.017
0.760	0.112	0.077	0.051
0.117	0.187	0.097	0.599
0.022	0.119	0.052	0.807
0.031	0.745	0.109	0.115
0.066	0.881	0.040	0.013
0.762	0.093	0.079	0.066
>CATCASTCATCA	9-CATCASTCATCA	8.509119	-279.739593	0	T:516.0(2.12%),B:152.4(0.61%),P:1e-121	Tpos:55.8,Tstd:25.8,Bpos:54.6,Bstd:22.3,StrandBias:1.9,Multiplicity:1.03
0.001	0.936	0.042	0.021
0.617	0.129	0.160	0.094
0.043	0.250	0.200	0.507
0.001	0.969	0.015	0.015
0.888	0.026	0.011	0.075
0.064	0.471	0.418	0.048
0.037	0.211	0.063	0.689
0.016	0.921	0.042	0.021
0.653	0.113	0.176	0.058
0.005	0.306	0.076	0.613
0.010	0.984	0.005	0.001
0.852	0.079	0.053	0.016
>CACCACACCACA	10-CACCACACCACA	8.656116	-233.903665	0	T:504.0(2.07%),B:166.4(0.67%),P:1e-101	Tpos:55.5,Tstd:25.9,Bpos:48.1,Bstd:24.8,StrandBias:2.0,Multiplicity:1.01
0.067	0.844	0.051	0.038
0.909	0.013	0.059	0.019
0.060	0.733	0.163	0.044
0.047	0.890	0.041	0.022
0.831	0.022	0.056	0.091
0.076	0.860	0.048	0.016
0.862	0.019	0.076	0.043
0.025	0.738	0.193	0.044
0.056	0.877	0.045	0.022
0.831	0.022	0.053	0.094
0.054	0.854	0.057	0.035
0.780	0.081	0.080	0.059
>TGCGAGTTGCGA	11-TGCGAGTTGCGA	7.774329	-190.204104	0	T:473.0(1.94%),B:171.4(0.69%),P:1e-82	Tpos:57.4,Tstd:26.3,Bpos:48.9,Bstd:28.4,StrandBias:-0.7,Multiplicity:1.04
0.098	0.154	0.082	0.666
0.039	0.062	0.820	0.079
0.059	0.816	0.051	0.074
0.074	0.084	0.784	0.058
0.735	0.096	0.085	0.084
0.053	0.162	0.693	0.092
0.073	0.167	0.072	0.688
0.066	0.136	0.116	0.682
0.026	0.050	0.857	0.067
0.056	0.789	0.063	0.092
0.082	0.080	0.776	0.062
0.698	0.096	0.130	0.076
>CCATCCATCCAC	12-CCATCCATCCAC	9.636145	-180.244155	0	T:282.0(1.16%),B:73.5(0.30%),P:1e-78	Tpos:55.3,Tstd:27.6,Bpos:46.9,Bstd:22.1,StrandBias:3.2,Multiplicity:1.01
0.080	0.782	0.088	0.050
0.001	0.914	0.065	0.020
0.845	0.049	0.065	0.041
0.020	0.145	0.131	0.704
0.010	0.851	0.020	0.119
0.095	0.894	0.010	0.001
0.901	0.040	0.049	0.010
0.010	0.115	0.091	0.784
0.001	0.901	0.039	0.059
0.040	0.851	0.089	0.020
0.807	0.071	0.042	0.080
0.059	0.717	0.103	0.121
>CTGCCTGCCTGC	13-CTGCCTGCCTGC	7.502440	-173.336792	0	T:1127.0(4.63%),B:634.6(2.56%),P:1e-75	Tpos:53.4,Tstd:26.8,Bpos:49.6,Bstd:28.0,StrandBias:0.2,Multiplicity:1.02
0.057	0.794	0.083	0.066
0.096	0.100	0.085	0.719
0.053	0.076	0.802	0.069
0.066	0.732	0.130	0.072
0.071	0.748	0.075	0.106
0.084	0.105	0.163	0.648
0.051	0.066	0.813	0.070
0.069	0.759	0.102	0.070
0.063	0.783	0.070	0.084
0.081	0.110	0.142	0.667
0.052	0.098	0.774	0.076
0.055	0.763	0.098	0.084
>CTACTACTAGTA	14-CTACTACTAGTA	5.487993	-154.937284	0	T:861.0(3.53%),B:458.5(1.85%),P:1e-67	Tpos:45.9,Tstd:24.8,Bpos:48.7,Bstd:27.7,StrandBias:0.0,Multiplicity:1.06
0.051	0.735	0.178	0.036
0.044	0.023	0.026	0.907
0.881	0.016	0.074	0.029
0.013	0.845	0.116	0.026
0.035	0.019	0.023	0.923
0.880	0.044	0.060	0.016
0.020	0.765	0.196	0.019
0.016	0.013	0.013	0.958
0.884	0.010	0.080	0.026
0.033	0.368	0.545	0.054
0.029	0.066	0.029	0.876
0.812	0.029	0.060	0.099
>CTCTCATCACAA	15-CTCTCATCACAA	8.771223	-146.154610	0	T:202.0(0.83%),B:47.6(0.19%),P:1e-63	Tpos:49.0,Tstd:26.0,Bpos:57.4,Bstd:31.9,StrandBias:1.5,Multiplicity:1.01
0.066	0.844	0.008	0.082
0.042	0.050	0.033	0.875
0.025	0.942	0.025	0.008
0.207	0.033	0.049	0.711
0.058	0.897	0.033	0.012
0.883	0.042	0.033	0.042
0.025	0.082	0.058	0.835
0.001	0.966	0.025	0.008
0.784	0.050	0.078	0.088
0.091	0.810	0.057	0.042
0.818	0.103	0.025	0.054
0.655	0.050	0.088	0.207
>TGCGACTGCGAS	16-TGCGACTGCGAS	11.623986	-141.517709	0	T:71.0(0.29%),B:4.8(0.02%),P:1e-61	Tpos:55.1,Tstd:24.8,Bpos:34.8,Bstd:11.6,StrandBias:-0.2,Multiplicity:1.02
0.031	0.031	0.001	0.937
0.031	0.001	0.840	0.128
0.031	0.907	0.031	0.031
0.031	0.278	0.690	0.001
0.906	0.062	0.031	0.001
0.030	0.968	0.001	0.001
0.031	0.155	0.001	0.813
0.001	0.030	0.968	0.001
0.030	0.968	0.001	0.001
0.037	0.147	0.785	0.031
0.719	0.093	0.066	0.122
0.091	0.384	0.524	0.001
>AGCAGCAGCAGC	17-AGCAGCAGCAGC	11.016298	-136.870417	0	T:312.0(1.28%),B:107.4(0.43%),P:1e-59	Tpos:57.4,Tstd:25.0,Bpos:53.7,Bstd:28.0,StrandBias:1.2,Multiplicity:1.01
0.789	0.001	0.209	0.001
0.067	0.068	0.798	0.067
0.142	0.856	0.001	0.001
0.789	0.015	0.195	0.001
0.093	0.031	0.855	0.021
0.001	0.997	0.001	0.001
0.638	0.051	0.245	0.066
0.053	0.067	0.839	0.041
0.015	0.979	0.001	0.005
0.744	0.071	0.125	0.060
0.052	0.001	0.931	0.016
0.001	0.899	0.074	0.026
>GCTAGCTAGCTA	18-GCTAGCTAGCTA	7.975714	-126.914530	0	T:491.0(2.02%),B:225.2(0.91%),P:1e-55	Tpos:58.1,Tstd:27.7,Bpos:51.4,Bstd:27.6,StrandBias:-0.1,Multiplicity:1.03
0.086	0.078	0.765	0.071
0.069	0.800	0.081	0.050
0.122	0.118	0.088	0.672
0.675	0.091	0.107	0.127
0.045	0.045	0.863	0.047
0.042	0.878	0.042	0.038
0.107	0.089	0.060	0.744
0.660	0.102	0.112	0.126
0.044	0.052	0.862	0.042
0.063	0.809	0.055	0.073
0.110	0.103	0.097	0.690
0.585	0.136	0.159	0.120
>CTCCGCTCCGCT	19-CTCCGCTCCGCT	10.836676	-109.854823	0	T:106.0(0.44%),B:17.6(0.07%),P:1e-47	Tpos:61.6,Tstd:27.1,Bpos:89.0,Bstd:0.0,StrandBias:0.5,Multiplicity:1.00
0.001	0.849	0.075	0.075
0.075	0.001	0.085	0.839
0.001	0.997	0.001	0.001
0.075	0.849	0.075	0.001
0.075	0.001	0.923	0.001
0.001	0.997	0.001	0.001
0.001	0.001	0.001	0.997
0.001	0.923	0.075	0.001
0.001	0.997	0.001	0.001
0.075	0.001	0.923	0.001
0.001	0.849	0.075	0.075
0.001	0.075	0.001	0.923
>CTGGACTCCGGA	20-CTGGACTCCGGA	11.341679	-91.730700	0	T:48.0(0.20%),B:3.2(0.01%),P:1e-39	Tpos:52.7,Tstd:26.4,Bpos:44.3,Bstd:19.4,StrandBias:-1.3,Multiplicity:1.02
0.001	0.997	0.001	0.001
0.001	0.161	0.327	0.511
0.001	0.001	0.997	0.001
0.215	0.110	0.674	0.001
0.944	0.001	0.054	0.001
0.001	0.997	0.001	0.001
0.054	0.001	0.001	0.944
0.055	0.889	0.055	0.001
0.055	0.609	0.001	0.335
0.001	0.001	0.997	0.001
0.001	0.001	0.997	0.001
0.775	0.057	0.001	0.167
>ACCAGTCAACCA	21-ACCAGTCAACCA	11.172997	-91.714144	0	T:53.0(0.22%),B:4.9(0.02%),P:1e-39	Tpos:54.4,Tstd:26.7,Bpos:75.4,Bstd:14.1,StrandBias:1.1,Multiplicity:1.00
0.831	0.040	0.070	0.059
0.020	0.842	0.079	0.059
0.050	0.860	0.050	0.040
0.910	0.050	0.010	0.030
0.089	0.030	0.851	0.030
0.127	0.088	0.109	0.676
0.030	0.900	0.050	0.020
0.708	0.116	0.030	0.146
0.791	0.050	0.099	0.060
0.059	0.881	0.030	0.030
0.030	0.920	0.030	0.020
0.851	0.040	0.050	0.059
>CGCASTCCGCAC	22-CGCASTCCGCAC	11.782001	-91.366156	0	T:42.0(0.17%),B:2.5(0.01%),P:1e-39	Tpos:54.7,Tstd:29.3,Bpos:63.7,Bstd:20.0,StrandBias:1.8,Multiplicity:1.00
0.001	0.947	0.026	0.026
0.001	0.001	0.973	0.025
0.001	0.997	0.001	0.001
0.845	0.001	0.077	0.077
0.001	0.538	0.435	0.026
0.001	0.001	0.001	0.997
0.001	0.827	0.146	0.026
0.001	0.947	0.026	0.026
0.001	0.001	0.973	0.025
0.001	0.997	0.001	0.001
0.997	0.001	0.001	0.001
0.001	0.973	0.025	0.001
>CGTCCGTCCGTC	23-CGTCCGTCCGTC	12.483383	-74.364508	0	T:54.0(0.22%),B:6.4(0.03%),P:1e-32	Tpos:56.5,Tstd:23.2,Bpos:15.9,Bstd:8.3,StrandBias:1.6,Multiplicity:1.00
0.001	0.997	0.001	0.001
0.058	0.058	0.883	0.001
0.001	0.001	0.057	0.941
0.058	0.883	0.058	0.001
0.260	0.738	0.001	0.001
0.001	0.001	0.997	0.001
0.011	0.174	0.062	0.753
0.001	0.941	0.001	0.057
0.001	0.997	0.001	0.001
0.058	0.058	0.883	0.001
0.058	0.062	0.058	0.822
0.057	0.941	0.001	0.001
>CCGCAGGCCGCA	24-CCGCAGGCCGCA	11.440244	-72.469660	0	T:63.0(0.26%),B:9.1(0.04%),P:1e-31	Tpos:50.1,Tstd:25.8,Bpos:59.3,Bstd:11.3,StrandBias:3.0,Multiplicity:1.03
0.012	0.954	0.017	0.017
0.029	0.831	0.029	0.111
0.231	0.029	0.729	0.011
0.012	0.559	0.079	0.350
0.658	0.079	0.118	0.145
0.023	0.213	0.752	0.012
0.029	0.201	0.747	0.023
0.028	0.937	0.029	0.006
0.023	0.919	0.029	0.029
0.365	0.017	0.601	0.017
0.076	0.711	0.006	0.207
0.692	0.256	0.023	0.029
>CCAGTCCACCCA	25-CCAGTCCACCCA	11.102045	-66.611860	0	T:60.0(0.25%),B:9.9(0.04%),P:1e-28	Tpos:51.0,Tstd:25.5,Bpos:54.4,Bstd:19.3,StrandBias:2.3,Multiplicity:1.00
0.001	0.997	0.001	0.001
0.202	0.479	0.319	0.001
0.882	0.001	0.001	0.116
0.001	0.001	0.997	0.001
0.116	0.001	0.001	0.882
0.001	0.862	0.001	0.136
0.001	0.997	0.001	0.001
0.997	0.001	0.001	0.001
0.124	0.610	0.064	0.202
0.001	0.960	0.001	0.038
0.001	0.687	0.311	0.001
0.782	0.001	0.216	0.001
>TATATA	1-TATATA	5.374223	-1693.048951	0	T:4684.0(19.22%),B:1893.6(7.63%),P:1e-735	Tpos:31.2,Tstd:10.9,Bpos:50.6,Bstd:38.2,StrandBias:-0.4,Multiplicity:1.17
0.001	0.030	0.001	0.968
0.617	0.001	0.024	0.358
0.089	0.001	0.001	0.909
0.997	0.001	0.001	0.001
0.001	0.001	0.001	0.997
0.997	0.001	0.001	0.001
>CCCACC	2-CCCACC	5.235739	-590.911280	0	T:11450.0(46.99%),B:8997.3(36.27%),P:1e-256	Tpos:53.2,Tstd:27.7,Bpos:49.7,Bstd:31.3,StrandBias:1.9,Multiplicity:1.51
0.151	0.847	0.001	0.001
0.070	0.928	0.001	0.001
0.120	0.878	0.001	0.001
0.749	0.001	0.109	0.141
0.001	0.909	0.001	0.089
0.001	0.997	0.001	0.001
>GACKGG	3-GACKGG	4.308394	-466.400579	0	T:15131.0(62.10%),B:13008.4(52.43%),P:1e-202	Tpos:52.7,Tstd:27.8,Bpos:50.0,Bstd:30.8,StrandBias:-1.4,Multiplicity:1.39
0.001	0.001	0.997	0.001
0.719	0.001	0.279	0.001
0.214	0.383	0.199	0.205
0.128	0.092	0.454	0.326
0.026	0.233	0.740	0.001
0.121	0.172	0.706	0.001
>GGTGTG	4-GGTGTG	4.192938	-434.389929	0	T:13188.0(54.12%),B:11101.4(44.75%),P:1e-188	Tpos:53.1,Tstd:27.7,Bpos:49.9,Bstd:30.8,StrandBias:-1.3,Multiplicity:1.25
0.124	0.111	0.716	0.049
0.262	0.244	0.493	0.001
0.132	0.001	0.084	0.783
0.084	0.001	0.727	0.188
0.001	0.306	0.001	0.692
0.001	0.001	0.846	0.152
>CSTCTC	5-CSTCTC	6.508949	-414.184538	0	T:6810.0(27.95%),B:5028.6(20.27%),P:1e-179	Tpos:55.6,Tstd:27.2,Bpos:51.0,Bstd:33.9,StrandBias:1.5,Multiplicity:1.22
0.001	0.654	0.001	0.344
0.001	0.537	0.461	0.001
0.001	0.103	0.001	0.895
0.001	0.997	0.001	0.001
0.001	0.001	0.001	0.997
0.001	0.997	0.001	0.001
>AAGCGA	6-AAGCGA	4.883387	-376.291437	0	T:8355.0(34.29%),B:6542.6(26.37%),P:1e-163	Tpos:53.8,Tstd:27.7,Bpos:49.5,Bstd:31.8,StrandBias:-0.4,Multiplicity:1.26
0.891	0.001	0.107	0.001
0.888	0.001	0.110	0.001
0.063	0.001	0.874	0.062
0.001	0.997	0.001	0.001
0.286	0.001	0.712	0.001
0.926	0.001	0.072	0.001
>GSCTGC	7-GSCTGC	4.626727	-320.122730	0	T:10800.0(44.32%),B:9048.3(36.47%),P:1e-139	Tpos:55.8,Tstd:28.0,Bpos:50.4,Bstd:31.3,StrandBias:-0.4,Multiplicity:1.52
0.170	0.208	0.621	0.001
0.175	0.395	0.429	0.001
0.001	0.840	0.001	0.158
0.159	0.121	0.234	0.486
0.001	0.232	0.766	0.001
0.104	0.894	0.001	0.001
>AGCWGC	8-AGCWGC	4.762311	-305.163385	0	T:12085.0(49.60%),B:10368.6(41.79%),P:1e-132	Tpos:54.3,Tstd:28.4,Bpos:50.2,Bstd:31.8,StrandBias:0.2,Multiplicity:1.25
0.570	0.284	0.001	0.145
0.170	0.099	0.688	0.043
0.001	0.954	0.001	0.044
0.333	0.201	0.001	0.464
0.001	0.038	0.960	0.001
0.001	0.939	0.001	0.059
>AMMCCY	9-AMMCCY	5.543675	-259.679570	0	T:4542.0(18.64%),B:3338.6(13.46%),P:1e-112	Tpos:52.2,Tstd:26.3,Bpos:50.1,Bstd:30.9,StrandBias:1.8,Multiplicity:1.16
0.857	0.141	0.001	0.001
0.510	0.392	0.001	0.097
0.394	0.508	0.001	0.097
0.001	0.997	0.001	0.001
0.251	0.747	0.001	0.001
0.098	0.491	0.001	0.410
>CTKCCT	10-CTKCCT	6.534790	-239.891048	0	T:7005.0(28.75%),B:5644.3(22.75%),P:1e-104	Tpos:53.0,Tstd:27.8,Bpos:51.5,Bstd:33.0,StrandBias:0.8,Multiplicity:1.17
0.001	0.997	0.001	0.001
0.001	0.001	0.001	0.997
0.001	0.001	0.556	0.442
0.001	0.613	0.001	0.385
0.001	0.997	0.001	0.001
0.001	0.001	0.001	0.997
>CCTTTC	11-CCTTTC	2.402293	-215.086650	0	T:5851.0(24.01%),B:4641.1(18.71%),P:1e-93	Tpos:52.2,Tstd:28.0,Bpos:50.7,Bstd:31.4,StrandBias:1.3,Multiplicity:1.10
0.001	0.997	0.001	0.001
0.070	0.928	0.001	0.001
0.039	0.001	0.029	0.931
0.001	0.001	0.001	0.997
0.001	0.001	0.001	0.997
0.001	0.997	0.001	0.001
>ACACAC	12-ACACAC	6.476392	-212.439095	0	T:3717.0(15.25%),B:2718.0(10.96%),P:1e-92	Tpos:52.9,Tstd:27.2,Bpos:50.9,Bstd:28.9,StrandBias:1.7,Multiplicity:1.12
0.626	0.212	0.001	0.161
0.001	0.997	0.001	0.001
0.997	0.001	0.001	0.001
0.001	0.997	0.001	0.001
0.997	0.001	0.001	0.001
0.001	0.997	0.001	0.001
>TATTAA	13-TATTAA	1.592736	-183.269420	0	T:2263.0(9.29%),B:1529.6(6.17%),P:1e-79	Tpos:34.4,Tstd:21.5,Bpos:48.4,Bstd:34.3,StrandBias:-0.0,Multiplicity:1.09
0.001	0.001	0.001	0.997
0.983	0.001	0.001	0.015
0.081	0.001	0.001	0.917
0.001	0.001	0.001	0.997
0.997	0.001	0.001	0.001
0.997	0.001	0.001	0.001
>GATTGA	14-GATTGA	6.445936	-176.127483	0	T:4671.0(19.17%),B:3669.4(14.79%),P:1e-76	Tpos:53.8,Tstd:28.0,Bpos:50.3,Bstd:28.3,StrandBias:-1.0,Multiplicity:1.16
0.001	0.001	0.997	0.001
0.997	0.001	0.001	0.001
0.001	0.001	0.385	0.613
0.001	0.254	0.291	0.455
0.001	0.001	0.997	0.001
0.997	0.001	0.001	0.001
>ACGGCA	15-ACGGCA	4.640034	-162.188624	0	T:3801.0(15.60%),B:2919.1(11.77%),P:1e-70	Tpos:50.9,Tstd:28.0,Bpos:50.2,Bstd:30.3,StrandBias:0.2,Multiplicity:1.06
0.972	0.026	0.001	0.001
0.003	0.972	0.001	0.024
0.273	0.027	0.699	0.001
0.001	0.001	0.997	0.001
0.001	0.997	0.001	0.001
0.997	0.001	0.001	0.001
>TCGTCT	16-TCGTCT	6.177716	-137.098841	0	T:1781.0(7.31%),B:1214.5(4.90%),P:1e-59	Tpos:51.8,Tstd:27.7,Bpos:47.8,Bstd:28.6,StrandBias:0.6,Multiplicity:1.02
0.100	0.100	0.100	0.700
0.100	0.700	0.100	0.100
0.100	0.100	0.700	0.100
0.100	0.100	0.100	0.700
0.100	0.700	0.100	0.100
0.100	0.100	0.100	0.700
>CTACTA	17-CTACTA	7.149030	-122.478635	0	T:1281.0(5.26%),B:828.2(3.34%),P:1e-53	Tpos:46.7,Tstd:27.0,Bpos:47.6,Bstd:29.3,StrandBias:0.3,Multiplicity:1.21
0.001	0.881	0.117	0.001
0.001	0.001	0.001	0.997
0.997	0.001	0.001	0.001
0.001	0.641	0.357	0.001
0.001	0.001	0.001	0.997
0.997	0.001	0.001	0.001
>TCCGCT	18-TCCGCT	6.177716	-109.611858	0	T:1583.0(6.50%),B:1103.8(4.45%),P:1e-47	Tpos:54.7,Tstd:28.4,Bpos:50.6,Bstd:33.5,StrandBias:1.1,Multiplicity:1.03
0.100	0.100	0.100	0.700
0.100	0.700	0.100	0.100
0.100	0.700	0.100	0.100
0.100	0.100	0.700	0.100
0.100	0.700	0.100	0.100
0.100	0.100	0.100	0.700
>TAGCTA	19-TAGCTA	6.177716	-76.303668	0	T:612.0(2.51%),B:368.8(1.49%),P:1e-33	Tpos:53.6,Tstd:30.0,Bpos:51.3,Bstd:31.5,StrandBias:0.0,Multiplicity:1.17
0.100	0.100	0.100	0.700
0.700	0.100	0.100	0.100
0.100	0.100	0.700	0.100
0.100	0.700	0.100	0.100
0.100	0.100	0.100	0.700
0.700	0.100	0.100	0.100
>ACWGGC	20-ACWGGC	6.610964	-52.339811	0	T:1186.0(4.87%),B:898.6(3.62%),P:1e-22	Tpos:49.2,Tstd:27.6,Bpos:49.9,Bstd:30.5,StrandBias:0.5,Multiplicity:1.02
0.997	0.001	0.001	0.001
0.001	0.800	0.095	0.104
0.544	0.001	0.001	0.454
0.104	0.097	0.594	0.205
0.131	0.001	0.867	0.001
0.001	0.812	0.083	0.104
>TATATAWA	1-TATATAWA	5.033039	-1572.841705	0	T:4351.0(17.86%),B:1750.9(7.06%),P:1e-683	Tpos:31.5,Tstd:11.1,Bpos:50.7,Bstd:37.0,StrandBias:0.6,Multiplicity:1.05
0.041	0.204	0.160	0.595
0.476	0.309	0.125	0.089
0.087	0.098	0.051	0.764
0.729	0.096	0.051	0.124
0.275	0.049	0.045	0.631
0.819	0.071	0.063	0.047
0.421	0.150	0.068	0.362
0.626	0.129	0.182	0.063
>CCCATCCC	2-CCCATCCC	5.447964	-1011.677122	0	T:9078.0(37.26%),B:6032.3(24.31%),P:1e-439	Tpos:54.6,Tstd:26.5,Bpos:49.2,Bstd:31.4,StrandBias:2.4,Multiplicity:1.43
0.001	0.746	0.001	0.252
0.001	0.997	0.001	0.001
0.406	0.592	0.001	0.001
0.588	0.145	0.125	0.142
0.205	0.171	0.001	0.623
0.001	0.626	0.001	0.372
0.001	0.997	0.001	0.001
0.129	0.847	0.014	0.010
>CYCSYCTC	3-CYCSYCTC	4.143342	-779.782127	0	T:15829.0(64.96%),B:13021.8(52.49%),P:1e-338	Tpos:56.8,Tstd:26.8,Bpos:50.2,Bstd:32.1,StrandBias:1.5,Multiplicity:1.65
0.015	0.631	0.192	0.162
0.123	0.345	0.139	0.394
0.066	0.789	0.040	0.105
0.029	0.324	0.404	0.243
0.084	0.397	0.108	0.411
0.054	0.709	0.044	0.193
0.103	0.152	0.214	0.531
0.074	0.756	0.004	0.166
>TTCGCTTC	4-TTCGCTTC	5.019685	-506.585965	0	T:7154.0(29.36%),B:5150.8(20.76%),P:1e-220	Tpos:53.0,Tstd:27.8,Bpos:49.4,Bstd:31.6,StrandBias:0.6,Multiplicity:1.15
0.001	0.243	0.052	0.704
0.022	0.331	0.001	0.646
0.013	0.985	0.001	0.001
0.001	0.014	0.940	0.045
0.186	0.645	0.104	0.065
0.077	0.001	0.120	0.802
0.053	0.173	0.132	0.642
0.001	0.653	0.001	0.345
>AAACCCTA	5-AAACCCTA	8.351222	-427.001353	0	T:976.0(4.01%),B:335.9(1.35%),P:1e-185	Tpos:54.0,Tstd:26.9,Bpos:47.5,Bstd:32.4,StrandBias:1.0,Multiplicity:1.03
0.997	0.001	0.001	0.001
0.997	0.001	0.001	0.001
0.997	0.001	0.001	0.001
0.001	0.997	0.001	0.001
0.001	0.997	0.001	0.001
0.001	0.997	0.001	0.001
0.001	0.001	0.001	0.997
0.851	0.082	0.001	0.066
>ACACACAC	6-ACACACAC	4.643194	-395.752908	0	T:5866.0(24.07%),B:4220.1(17.01%),P:1e-171	Tpos:54.1,Tstd:26.7,Bpos:50.2,Bstd:28.9,StrandBias:1.5,Multiplicity:1.18
0.760	0.075	0.025	0.140
0.092	0.809	0.070	0.029
0.695	0.118	0.057	0.130
0.062	0.820	0.097	0.021
0.731	0.051	0.088	0.130
0.088	0.735	0.146	0.031
0.647	0.191	0.088	0.074
0.057	0.804	0.138	0.001
>TTWAAACG	7-TTWAAACG	6.610017	-374.055078	0	T:1241.0(5.09%),B:529.8(2.14%),P:1e-162	Tpos:34.5,Tstd:18.5,Bpos:50.2,Bstd:35.3,StrandBias:-0.2,Multiplicity:1.06
0.001	0.001	0.001	0.997
0.244	0.001	0.001	0.754
0.526	0.001	0.001	0.472
0.666	0.001	0.001	0.332
0.807	0.010	0.001	0.182
0.811	0.001	0.187	0.001
0.177	0.526	0.296	0.001
0.001	0.253	0.745	0.001
>CCACCACC	8-CCACCACC	7.326122	-331.772143	0	T:2531.0(10.39%),B:1512.3(6.10%),P:1e-144	Tpos:56.2,Tstd:26.7,Bpos:48.8,Bstd:30.2,StrandBias:1.7,Multiplicity:1.06
0.018	0.891	0.048	0.043
0.025	0.973	0.001	0.001
0.937	0.041	0.021	0.001
0.011	0.950	0.020	0.019
0.009	0.977	0.001	0.013
0.918	0.001	0.080	0.001
0.091	0.867	0.041	0.001
0.073	0.883	0.028	0.016
>TATAAATA	9-TATAAATA	9.075275	-328.733504	0	T:782.0(3.21%),B:275.3(1.11%),P:1e-142	Tpos:32.1,Tstd:13.8,Bpos:53.1,Bstd:32.8,StrandBias:1.4,Multiplicity:1.00
0.001	0.001	0.001	0.997
0.997	0.001	0.001	0.001
0.001	0.345	0.001	0.653
0.684	0.001	0.001	0.314
0.997	0.001	0.001	0.001
0.660	0.001	0.338	0.001
0.001	0.001	0.001	0.997
0.997	0.001	0.001	0.001
>CAAAACCC	10-CAAAACCC	8.053449	-309.237805	0	T:738.0(3.03%),B:261.0(1.05%),P:1e-134	Tpos:44.0,Tstd:24.7,Bpos:50.7,Bstd:32.6,StrandBias:2.0,Multiplicity:1.02
0.001	0.801	0.001	0.197
0.997	0.001	0.001	0.001
0.997	0.001	0.001	0.001
0.997	0.001	0.001	0.001
0.997	0.001	0.001	0.001
0.001	0.750	0.248	0.001
0.001	0.997	0.001	0.001
0.001	0.997	0.001	0.001
>CACCGCAC	11-CACCGCAC	5.824065	-300.262672	0	T:2695.0(11.06%),B:1688.6(6.81%),P:1e-130	Tpos:54.4,Tstd:27.2,Bpos:50.5,Bstd:29.0,StrandBias:1.4,Multiplicity:1.10
0.001	0.975	0.001	0.023
0.997	0.001	0.001	0.001
0.012	0.920	0.026	0.042
0.172	0.635	0.123	0.070
0.142	0.001	0.781	0.076
0.001	0.997	0.001	0.001
0.931	0.020	0.001	0.048
0.046	0.898	0.032	0.024
>CGGCCGCC	12-CGGCCGCC	7.110917	-296.758196	0	T:2991.0(12.28%),B:1935.8(7.80%),P:1e-128	Tpos:52.8,Tstd:28.5,Bpos:47.8,Bstd:30.8,StrandBias:0.5,Multiplicity:1.07
0.063	0.935	0.001	0.001
0.001	0.070	0.899	0.030
0.001	0.110	0.888	0.001
0.016	0.982	0.001	0.001
0.001	0.852	0.084	0.063
0.001	0.074	0.924	0.001
0.001	0.720	0.128	0.151
0.001	0.915	0.039	0.045
>TCTCTCTC	13-TCTCTCTC	6.560236	-286.000068	0	T:2290.0(9.40%),B:1385.6(5.58%),P:1e-124	Tpos:55.1,Tstd:27.3,Bpos:52.2,Bstd:36.1,StrandBias:1.1,Multiplicity:1.04
0.088	0.062	0.025	0.825
0.012	0.986	0.001	0.001
0.163	0.001	0.086	0.750
0.001	0.935	0.063	0.001
0.102	0.001	0.070	0.827
0.011	0.964	0.024	0.001
0.062	0.026	0.039	0.873
0.067	0.896	0.017	0.020
>GGACGGGA	14-GGACGGGA	5.929970	-264.914193	0	T:1841.0(7.56%),B:1063.0(4.28%),P:1e-115	Tpos:52.4,Tstd:28.4,Bpos:51.4,Bstd:27.9,StrandBias:-1.1,Multiplicity:1.06
0.256	0.001	0.630	0.113
0.001	0.001	0.725	0.273
0.609	0.091	0.064	0.236
0.001	0.789	0.053	0.157
0.215	0.143	0.453	0.190
0.282	0.001	0.689	0.028
0.039	0.001	0.679	0.281
0.435	0.157	0.148	0.260
>AACCAAAC	15-AACCAAAC	6.688163	-252.403493	0	T:1616.0(6.63%),B:907.1(3.66%),P:1e-109	Tpos:47.9,Tstd:27.6,Bpos:47.2,Bstd:31.5,StrandBias:1.1,Multiplicity:1.07
0.885	0.001	0.113	0.001
0.992	0.006	0.001	0.001
0.213	0.646	0.140	0.001
0.001	0.854	0.144	0.001
0.732	0.155	0.001	0.112
0.813	0.001	0.185	0.001
0.845	0.153	0.001	0.001
0.001	0.997	0.001	0.001
>TTGCTTGG	16-TTGCTTGG	7.166239	-217.560793	0	T:1820.0(7.47%),B:1111.7(4.48%),P:1e-94	Tpos:52.1,Tstd:27.1,Bpos:49.2,Bstd:29.8,StrandBias:-0.9,Multiplicity:1.10
0.001	0.001	0.001	0.997
0.001	0.001	0.001	0.997
0.001	0.076	0.922	0.001
0.112	0.662	0.009	0.217
0.001	0.001	0.179	0.819
0.001	0.001	0.001	0.997
0.001	0.124	0.518	0.357
0.112	0.077	0.671	0.140
>TAGCTAGC	17-TAGCTAGC	7.408167	-184.854566	0	T:689.0(2.83%),B:310.4(1.25%),P:1e-80	Tpos:55.8,Tstd:29.2,Bpos:50.2,Bstd:28.0,StrandBias:0.1,Multiplicity:1.15
0.001	0.194	0.024	0.781
0.997	0.001	0.001	0.001
0.012	0.001	0.986	0.001
0.011	0.936	0.046	0.007
0.015	0.001	0.018	0.966
0.966	0.001	0.032	0.001
0.060	0.044	0.888	0.008
0.063	0.860	0.001	0.076
>CTACTAGT	18-CTACTAGT	6.131127	-183.045956	0	T:981.0(4.03%),B:515.2(2.08%),P:1e-79	Tpos:46.2,Tstd:26.0,Bpos:47.5,Bstd:28.0,StrandBias:0.1,Multiplicity:1.06
0.039	0.843	0.077	0.041
0.019	0.001	0.022	0.958
0.941	0.028	0.030	0.001
0.011	0.831	0.157	0.001
0.001	0.033	0.001	0.965
0.954	0.031	0.001	0.014
0.013	0.197	0.779	0.011
0.040	0.061	0.001	0.898
>TGCCTGCC	19-TGCCTGCC	8.858906	-153.935000	0	T:744.0(3.05%),B:375.5(1.51%),P:1e-66	Tpos:50.7,Tstd:28.0,Bpos:48.3,Bstd:28.9,StrandBias:0.5,Multiplicity:1.10
0.001	0.200	0.001	0.798
0.001	0.001	0.997	0.001
0.001	0.997	0.001	0.001
0.001	0.997	0.001	0.001
0.001	0.001	0.001	0.997
0.001	0.001	0.861	0.137
0.001	0.997	0.001	0.001
0.001	0.997	0.001	0.001
>GCAGCTGC	20-GCAGCTGC	7.349038	-148.037800	0	T:2080.0(8.54%),B:1444.4(5.82%),P:1e-64	Tpos:55.4,Tstd:27.1,Bpos:50.6,Bstd:31.6,StrandBias:0.5,Multiplicity:1.05
0.001	0.001	0.997	0.001
0.001	0.997	0.001	0.001
0.680	0.318	0.001	0.001
0.001	0.034	0.964	0.001
0.001	0.937	0.001	0.061
0.244	0.001	0.001	0.754
0.061	0.025	0.913	0.001
0.066	0.867	0.001	0.066
>GCACTTGC	21-GCACTTGC	4.435137	-111.769953	0	T:771.0(3.16%),B:442.8(1.78%),P:1e-48	Tpos:54.7,Tstd:27.0,Bpos:50.2,Bstd:30.4,StrandBias:0.7,Multiplicity:1.04
0.001	0.001	0.981	0.017
0.001	0.997	0.001	0.001
0.997	0.001	0.001	0.001
0.001	0.949	0.049	0.001
0.001	0.001	0.001	0.997
0.001	0.081	0.001	0.917
0.001	0.001	0.997	0.001
0.001	0.997	0.001	0.001
>ACCCACCA	22-ACCCACCA	7.174894	-82.549748	0	T:303.0(1.24%),B:136.6(0.55%),P:1e-35	Tpos:56.8,Tstd:27.1,Bpos:51.0,Bstd:25.0,StrandBias:2.0,Multiplicity:1.01
0.710	0.108	0.093	0.089
0.082	0.790	0.052	0.076
0.099	0.713	0.117	0.071
0.095	0.766	0.047	0.092
0.828	0.037	0.081	0.054
0.063	0.735	0.098	0.104
0.038	0.884	0.008	0.070
0.737	0.090	0.079	0.094
>TCTCATCA	23-TCTCATCA	7.693898	-79.652070	0	T:444.0(1.82%),B:237.9(0.96%),P:1e-34	Tpos:51.8,Tstd:26.9,Bpos:48.5,Bstd:26.0,StrandBias:1.1,Multiplicity:1.01
0.281	0.001	0.001	0.717
0.088	0.910	0.001	0.001
0.001	0.001	0.061	0.937
0.001	0.929	0.001	0.069
0.997	0.001	0.001	0.001
0.001	0.001	0.001	0.997
0.001	0.997	0.001	0.001
0.914	0.001	0.084	0.001
>CTCATCTC	24-CTCATCTC	9.192005	-38.902760	0	T:248.0(1.02%),B:140.8(0.57%),P:1e-16	Tpos:53.2,Tstd:26.2,Bpos:51.2,Bstd:26.1,StrandBias:1.9,Multiplicity:1.02
0.001	0.997	0.001	0.001
0.001	0.001	0.001	0.997
0.001	0.997	0.001	0.001
0.997	0.001	0.001	0.001
0.001	0.001	0.001	0.997
0.153	0.845	0.001	0.001
0.001	0.001	0.001	0.997
0.001	0.997	0.001	0.001
>TATTTAAG	25-TATTTAAG	8.236954	-36.274823	0	T:77.0(0.32%),B:26.1(0.11%),P:1e-15	Tpos:32.3,Tstd:9.7,Bpos:60.3,Bstd:36.7,StrandBias:0.9,Multiplicity:1.00
0.100	0.100	0.100	0.700
0.700	0.100	0.100	0.100
0.100	0.100	0.100	0.700
0.100	0.100	0.100	0.700
0.100	0.100	0.100	0.700
0.700	0.100	0.100	0.100
0.700	0.100	0.100	0.100
0.100	0.100	0.700	0.100
