>TATATAWASV	1-TATATAWASV	5.361722	-2017.063246	0	T:4463.0(20.62%),B:1962.8(7.20%),P:1e-875	Tpos:31.5,Tstd:10.4,Bpos:49.1,Bstd:37.4,StrandBias:0.1,Multiplicity:1.51
0.038	0.147	0.058	0.757
0.742	0.053	0.001	0.204
0.071	0.045	0.013	0.871
0.826	0.010	0.008	0.156
0.285	0.034	0.023	0.658
0.915	0.017	0.055	0.013
0.236	0.174	0.217	0.373
0.482	0.204	0.220	0.093
0.193	0.377	0.326	0.104
0.265	0.339	0.301	0.095
>CCTCCCCTCC	2-CCTCCCCTCC	4.629526	-978.748666	0	T:9874.0(45.63%),B:8519.9(31.27%),P:1e-425	Tpos:56.3,Tstd:26.4,Bpos:50.1,Bstd:32.2,StrandBias:2.1,Multiplicity:1.51
0.132	0.608	0.103	0.157
0.129	0.619	0.116	0.136
0.166	0.205	0.128	0.501
0.084	0.655	0.107	0.154
0.118	0.602	0.132	0.148
0.141	0.613	0.117	0.129
0.133	0.597	0.129	0.141
0.153	0.193	0.134	0.520
0.085	0.662	0.097	0.156
0.113	0.625	0.105	0.157
>TYCCMDTTCC	3-TYCCMDTTCC	5.934181	-852.205594	0	T:5089.0(23.52%),B:3592.3(13.19%),P:1e-370	Tpos:54.2,Tstd:27.0,Bpos:50.8,Bstd:31.1,StrandBias:2.0,Multiplicity:1.16
0.149	0.277	0.116	0.458
0.001	0.443	0.001	0.555
0.001	0.704	0.052	0.243
0.136	0.862	0.001	0.001
0.388	0.422	0.189	0.001
0.309	0.060	0.304	0.327
0.060	0.054	0.124	0.762
0.001	0.418	0.001	0.580
0.001	0.812	0.001	0.186
0.283	0.582	0.134	0.001
>MMMMMMMMMM	4-MMMMMMMMMM	4.684050	-754.007735	0	T:5551.0(25.65%),B:4203.6(15.43%),P:1e-327	Tpos:53.6,Tstd:25.8,Bpos:48.6,Bstd:30.2,StrandBias:2.2,Multiplicity:1.10
0.395	0.395	0.104	0.106
0.498	0.500	0.001	0.001
0.398	0.433	0.099	0.069
0.419	0.477	0.103	0.001
0.482	0.409	0.090	0.019
0.486	0.457	0.055	0.001
0.473	0.418	0.108	0.001
0.433	0.489	0.077	0.001
0.459	0.487	0.006	0.048
0.439	0.444	0.117	0.001
>CGTYTCGYYT	5-CGTYTCGYYT	6.141368	-708.924702	0	T:5381.0(24.87%),B:4102.3(15.06%),P:1e-307	Tpos:53.0,Tstd:26.7,Bpos:49.8,Bstd:32.7,StrandBias:0.5,Multiplicity:1.15
0.002	0.469	0.267	0.263
0.001	0.270	0.522	0.207
0.001	0.381	0.022	0.596
0.001	0.536	0.001	0.462
0.001	0.056	0.001	0.942
0.001	0.851	0.034	0.114
0.001	0.186	0.544	0.269
0.014	0.376	0.129	0.481
0.001	0.443	0.099	0.457
0.153	0.181	0.001	0.665
>CACDCACACA	6-CACDCACACA	5.419809	-489.963229	0	T:3827.0(17.69%),B:2892.6(10.62%),P:1e-212	Tpos:55.1,Tstd:26.6,Bpos:49.9,Bstd:30.2,StrandBias:1.4,Multiplicity:1.09
0.097	0.796	0.063	0.044
0.727	0.106	0.089	0.078
0.151	0.562	0.242	0.045
0.276	0.120	0.322	0.282
0.033	0.821	0.109	0.037
0.558	0.114	0.227	0.101
0.120	0.681	0.158	0.041
0.457	0.157	0.214	0.173
0.091	0.748	0.127	0.034
0.544	0.173	0.181	0.102
>GAGTCKMGAG	7-GAGTCKMGAG	7.254751	-454.669790	0	T:1811.0(8.37%),B:1050.8(3.86%),P:1e-197	Tpos:56.3,Tstd:25.5,Bpos:47.4,Bstd:29.2,StrandBias:-0.7,Multiplicity:1.12
0.001	0.001	0.997	0.001
0.982	0.001	0.016	0.001
0.001	0.384	0.614	0.001
0.356	0.057	0.001	0.586
0.154	0.553	0.188	0.105
0.130	0.125	0.432	0.313
0.343	0.282	0.186	0.188
0.006	0.013	0.980	0.001
0.844	0.001	0.038	0.117
0.006	0.376	0.617	0.001
>HAAACCCTAG	8-HAAACCCTAG	8.728563	-424.869556	0	T:834.0(3.85%),B:319.6(1.17%),P:1e-184	Tpos:56.0,Tstd:26.6,Bpos:49.3,Bstd:30.7,StrandBias:1.1,Multiplicity:1.02
0.355	0.361	0.038	0.247
0.870	0.001	0.128	0.001
0.997	0.001	0.001	0.001
0.997	0.001	0.001	0.001
0.001	0.900	0.098	0.001
0.001	0.997	0.001	0.001
0.001	0.997	0.001	0.001
0.088	0.133	0.001	0.778
0.510	0.178	0.001	0.311
0.114	0.306	0.505	0.075
>TCTCTCTCTC	9-TCTCTCTCTC	6.661748	-381.403223	0	T:2638.0(12.19%),B:1899.4(6.97%),P:1e-165	Tpos:56.9,Tstd:26.4,Bpos:48.5,Bstd:33.1,StrandBias:1.3,Multiplicity:1.06
0.048	0.131	0.062	0.759
0.046	0.796	0.108	0.050
0.081	0.076	0.121	0.722
0.028	0.836	0.077	0.059
0.073	0.064	0.073	0.790
0.050	0.794	0.115	0.041
0.072	0.042	0.099	0.787
0.043	0.862	0.033	0.062
0.057	0.059	0.092	0.792
0.036	0.861	0.034	0.069
>GAYBGACTGA	10-GAYBGACTGA	6.653383	-318.033980	0	T:1520.0(7.02%),B:949.5(3.49%),P:1e-138	Tpos:52.7,Tstd:27.3,Bpos:50.9,Bstd:27.4,StrandBias:-1.4,Multiplicity:1.03
0.033	0.014	0.952	0.001
0.813	0.062	0.124	0.001
0.130	0.363	0.075	0.432
0.066	0.276	0.344	0.314
0.001	0.011	0.987	0.001
0.759	0.057	0.183	0.001
0.091	0.567	0.062	0.280
0.045	0.211	0.156	0.588
0.001	0.013	0.985	0.001
0.606	0.054	0.339	0.001
>CACAGCACAC	11-CACAGCACAC	7.217695	-317.919035	0	T:1290.0(5.96%),B:750.5(2.75%),P:1e-138	Tpos:54.9,Tstd:26.7,Bpos:51.1,Bstd:31.2,StrandBias:1.5,Multiplicity:1.05
0.006	0.948	0.045	0.001
0.751	0.072	0.163	0.014
0.020	0.950	0.029	0.001
0.913	0.001	0.048	0.038
0.001	0.251	0.510	0.238
0.007	0.900	0.092	0.001
0.649	0.061	0.186	0.104
0.028	0.970	0.001	0.001
0.727	0.034	0.210	0.029
0.120	0.660	0.184	0.036
>CCGCCGCCGC	12-CCGCCGCCGC	6.685242	-301.758295	0	T:4265.0(19.71%),B:3731.8(13.70%),P:1e-131	Tpos:60.0,Tstd:27.1,Bpos:49.7,Bstd:31.7,StrandBias:1.0,Multiplicity:1.12
0.079	0.843	0.035	0.043
0.068	0.797	0.063	0.072
0.083	0.061	0.790	0.066
0.075	0.790	0.075	0.060
0.060	0.756	0.066	0.118
0.123	0.082	0.731	0.064
0.061	0.846	0.059	0.034
0.047	0.790	0.063	0.100
0.076	0.051	0.806	0.067
0.037	0.853	0.048	0.062
>TCRTCGTCWT	13-TCRTCGTCWT	7.913667	-275.860871	0	T:1458.0(6.74%),B:946.5(3.47%),P:1e-119	Tpos:56.5,Tstd:26.6,Bpos:49.8,Bstd:27.4,StrandBias:1.5,Multiplicity:1.04
0.001	0.228	0.199	0.572
0.001	0.997	0.001	0.001
0.526	0.001	0.472	0.001
0.001	0.001	0.001	0.997
0.001	0.997	0.001	0.001
0.205	0.001	0.503	0.291
0.001	0.416	0.001	0.582
0.001	0.997	0.001	0.001
0.368	0.135	0.041	0.457
0.086	0.344	0.075	0.494
>TGCDGACTGC	14-TGCDGACTGC	7.811546	-207.519560	0	T:727.0(3.36%),B:393.9(1.45%),P:1e-90	Tpos:55.2,Tstd:25.9,Bpos:48.7,Bstd:29.7,StrandBias:-0.6,Multiplicity:1.05
0.009	0.105	0.040	0.846
0.001	0.015	0.971	0.013
0.001	0.912	0.086	0.001
0.237	0.192	0.349	0.222
0.001	0.121	0.827	0.051
0.593	0.167	0.185	0.055
0.078	0.731	0.101	0.090
0.023	0.037	0.077	0.863
0.001	0.001	0.962	0.036
0.055	0.942	0.002	0.001
>CTAGCTAGCT	15-CTAGCTAGCT	6.970266	-196.795958	0	T:1130.0(5.22%),B:754.5(2.77%),P:1e-85	Tpos:57.3,Tstd:27.4,Bpos:50.9,Bstd:28.7,StrandBias:0.0,Multiplicity:1.06
0.080	0.814	0.069	0.037
0.086	0.074	0.071	0.769
0.698	0.103	0.080	0.119
0.032	0.059	0.876	0.033
0.025	0.905	0.038	0.032
0.077	0.046	0.023	0.854
0.657	0.097	0.102	0.144
0.038	0.057	0.876	0.029
0.081	0.806	0.040	0.073
0.085	0.098	0.073	0.744
>ACTACTAGTA	16-ACTACTAGTA	6.456768	-185.019060	0	T:727.0(3.36%),B:415.7(1.53%),P:1e-80	Tpos:47.5,Tstd:24.8,Bpos:47.5,Bstd:26.9,StrandBias:0.1,Multiplicity:1.06
0.493	0.091	0.238	0.179
0.088	0.646	0.233	0.033
0.078	0.075	0.025	0.822
0.805	0.030	0.157	0.008
0.004	0.648	0.318	0.030
0.110	0.122	0.017	0.751
0.754	0.062	0.122	0.062
0.060	0.361	0.539	0.040
0.089	0.118	0.039	0.754
0.558	0.109	0.209	0.124
>CTGCCTGCCT	17-CTGCCTGCCT	9.242775	-183.465152	0	T:408.0(1.89%),B:170.2(0.62%),P:1e-79	Tpos:49.0,Tstd:27.0,Bpos:50.1,Bstd:33.4,StrandBias:0.4,Multiplicity:1.02
0.018	0.980	0.001	0.001
0.012	0.027	0.001	0.960
0.001	0.040	0.921	0.038
0.001	0.831	0.153	0.015
0.009	0.989	0.001	0.001
0.097	0.001	0.051	0.851
0.001	0.001	0.965	0.033
0.018	0.942	0.039	0.001
0.001	0.959	0.039	0.001
0.113	0.182	0.042	0.663
>CGAATCGAAT	18-CGAATCGAAT	6.901761	-147.103966	0	T:677.0(3.13%),B:414.7(1.52%),P:1e-63	Tpos:52.5,Tstd:26.9,Bpos:49.7,Bstd:26.7,StrandBias:0.5,Multiplicity:1.04
0.022	0.888	0.060	0.030
0.100	0.064	0.815	0.021
0.823	0.092	0.052	0.033
0.737	0.094	0.069	0.100
0.079	0.067	0.059	0.795
0.038	0.863	0.040	0.059
0.104	0.103	0.782	0.011
0.818	0.067	0.076	0.039
0.737	0.084	0.089	0.090
0.041	0.095	0.121	0.743
>CAGAGCAGAG	19-CAGAGCAGAG	7.893669	-106.192375	0	T:628.0(2.90%),B:424.0(1.56%),P:1e-46	Tpos:56.1,Tstd:25.6,Bpos:53.0,Bstd:29.4,StrandBias:0.2,Multiplicity:1.08
0.242	0.648	0.024	0.086
0.920	0.001	0.001	0.078
0.164	0.125	0.687	0.024
0.781	0.164	0.054	0.001
0.066	0.184	0.736	0.014
0.212	0.705	0.029	0.054
0.756	0.019	0.214	0.011
0.398	0.038	0.558	0.006
0.755	0.179	0.065	0.001
0.088	0.061	0.756	0.095
>CTACAAATAC	20-CTACAAATAC	9.520101	-99.680414	0	T:123.0(0.57%),B:32.4(0.12%),P:1e-43	Tpos:35.0,Tstd:16.3,Bpos:50.6,Bstd:30.3,StrandBias:2.0,Multiplicity:1.01
0.001	0.925	0.001	0.073
0.026	0.005	0.001	0.968
0.942	0.001	0.056	0.001
0.001	0.997	0.001	0.001
0.994	0.001	0.001	0.004
0.994	0.004	0.001	0.001
0.924	0.057	0.014	0.005
0.026	0.005	0.040	0.929
0.879	0.074	0.021	0.026
0.113	0.772	0.114	0.001
>CCAAMTSCAA	21-CCAAMTSCAA	8.153043	-92.713034	0	T:204.0(0.94%),B:85.8(0.32%),P:1e-40	Tpos:54.2,Tstd:26.2,Bpos:48.6,Bstd:31.3,StrandBias:0.7,Multiplicity:1.01
0.076	0.539	0.381	0.004
0.074	0.714	0.132	0.080
0.869	0.037	0.087	0.007
0.614	0.191	0.117	0.078
0.432	0.352	0.067	0.149
0.068	0.205	0.275	0.452
0.080	0.442	0.455	0.023
0.109	0.738	0.096	0.057
0.742	0.203	0.033	0.022
0.576	0.016	0.407	0.001
>GATGAGCTGA	22-GATGAGCTGA	10.691513	-75.074560	0	T:80.0(0.37%),B:19.0(0.07%),P:1e-32	Tpos:49.6,Tstd:29.8,Bpos:50.9,Bstd:26.1,StrandBias:-0.6,Multiplicity:1.03
0.167	0.001	0.823	0.009
0.686	0.312	0.001	0.001
0.001	0.001	0.001	0.997
0.050	0.001	0.885	0.064
0.764	0.001	0.234	0.001
0.007	0.001	0.991	0.001
0.266	0.566	0.001	0.167
0.111	0.198	0.001	0.690
0.001	0.001	0.968	0.030
0.997	0.001	0.001	0.001
>ACTGGACTGC	23-ACTGGACTGC	8.746166	-71.695667	0	T:126.0(0.58%),B:45.5(0.17%),P:1e-31	Tpos:51.7,Tstd:28.2,Bpos:50.4,Bstd:21.5,StrandBias:-0.2,Multiplicity:1.03
0.549	0.093	0.321	0.037
0.167	0.736	0.083	0.014
0.089	0.029	0.065	0.817
0.132	0.083	0.751	0.034
0.090	0.191	0.524	0.195
0.756	0.140	0.059	0.045
0.081	0.811	0.049	0.059
0.021	0.075	0.140	0.764
0.246	0.058	0.674	0.022
0.055	0.645	0.250	0.050
>GCTTCCTTCC	24-GCTTCCTTCC	9.007588	-70.433038	0	T:48.0(0.22%),B:6.1(0.02%),P:1e-30	Tpos:51.9,Tstd:28.8,Bpos:67.1,Bstd:30.1,StrandBias:1.6,Multiplicity:1.00
0.001	0.001	0.997	0.001
0.001	0.997	0.001	0.001
0.001	0.001	0.001	0.997
0.001	0.001	0.001	0.997
0.001	0.997	0.001	0.001
0.001	0.997	0.001	0.001
0.001	0.001	0.001	0.997
0.001	0.001	0.001	0.997
0.008	0.990	0.001	0.001
0.001	0.997	0.001	0.001
>TCTTTCTTTC	25-TCTTTCTTTC	8.545776	-38.579678	0	T:46.0(0.21%),B:12.8(0.05%),P:1e-16	Tpos:53.1,Tstd:26.8,Bpos:58.2,Bstd:16.4,StrandBias:-0.1,Multiplicity:1.03
0.001	0.001	0.001	0.997
0.001	0.718	0.280	0.001
0.001	0.001	0.001	0.997
0.001	0.001	0.001	0.997
0.001	0.001	0.001	0.997
0.001	0.997	0.001	0.001
0.007	0.001	0.001	0.991
0.001	0.001	0.001	0.997
0.001	0.001	0.001	0.997
0.001	0.997	0.001	0.001
>TATATAWANVVV	1-TATATAWANVVV	5.078281	-2024.087881	0	T:4683.0(21.64%),B:2126.5(7.81%),P:1e-879	Tpos:31.5,Tstd:10.5,Bpos:49.1,Bstd:36.7,StrandBias:0.1,Multiplicity:1.22
0.105	0.175	0.130	0.590
0.563	0.146	0.023	0.268
0.097	0.054	0.023	0.826
0.777	0.005	0.008	0.210
0.255	0.045	0.034	0.666
0.910	0.005	0.042	0.043
0.313	0.111	0.184	0.392
0.557	0.156	0.199	0.088
0.239	0.253	0.287	0.221
0.312	0.257	0.298	0.134
0.222	0.334	0.299	0.146
0.259	0.299	0.296	0.146
>CCCCCCYCCCCC	2-CCCCCCYCCCCC	4.430700	-962.720519	0	T:12347.0(57.06%),B:11508.1(42.24%),P:1e-418	Tpos:56.9,Tstd:25.9,Bpos:50.3,Bstd:31.9,StrandBias:2.2,Multiplicity:1.58
0.090	0.641	0.123	0.146
0.105	0.644	0.097	0.154
0.105	0.682	0.092	0.121
0.169	0.404	0.190	0.237
0.093	0.637	0.117	0.153
0.100	0.703	0.089	0.108
0.173	0.387	0.199	0.241
0.089	0.665	0.111	0.135
0.094	0.678	0.094	0.134
0.160	0.414	0.181	0.244
0.084	0.681	0.111	0.124
0.101	0.668	0.108	0.123
>TCBTCTCBTCTC	3-TCBTCTCBTCTC	4.653339	-905.038683	0	T:11706.0(54.10%),B:10841.5(39.79%),P:1e-393	Tpos:55.1,Tstd:26.3,Bpos:50.3,Bstd:32.4,StrandBias:1.0,Multiplicity:1.23
0.024	0.300	0.116	0.560
0.032	0.613	0.093	0.262
0.055	0.330	0.274	0.341
0.041	0.232	0.125	0.602
0.012	0.661	0.044	0.283
0.016	0.077	0.060	0.847
0.006	0.888	0.037	0.069
0.049	0.300	0.304	0.348
0.065	0.202	0.141	0.592
0.012	0.685	0.068	0.235
0.024	0.128	0.124	0.724
0.006	0.681	0.076	0.237
>CMAAACCMAAMM	4-CMAAACCMAAMM	5.381020	-789.538491	0	T:5881.0(27.18%),B:4485.3(16.46%),P:1e-342	Tpos:53.7,Tstd:25.2,Bpos:49.0,Bstd:30.7,StrandBias:2.0,Multiplicity:1.14
0.348	0.529	0.113	0.010
0.511	0.428	0.060	0.001
0.623	0.308	0.068	0.001
0.723	0.220	0.056	0.001
0.506	0.281	0.168	0.045
0.303	0.456	0.190	0.051
0.336	0.604	0.059	0.001
0.505	0.458	0.018	0.019
0.720	0.246	0.003	0.031
0.571	0.245	0.170	0.014
0.328	0.412	0.230	0.030
0.399	0.486	0.094	0.021
>TTCCAATTCCCA	5-TTCCAATTCCCA	7.862458	-475.436472	0	T:1146.0(5.30%),B:505.6(1.86%),P:1e-206	Tpos:54.8,Tstd:26.0,Bpos:50.9,Bstd:32.4,StrandBias:2.6,Multiplicity:1.06
0.215	0.225	0.024	0.536
0.001	0.362	0.083	0.554
0.001	0.886	0.009	0.104
0.129	0.861	0.001	0.009
0.658	0.266	0.075	0.001
0.771	0.060	0.070	0.099
0.233	0.043	0.196	0.528
0.001	0.096	0.002	0.901
0.005	0.606	0.059	0.330
0.019	0.935	0.010	0.036
0.243	0.682	0.007	0.068
0.577	0.327	0.072	0.024
>HAAACCCTAGCY	6-HAAACCCTAGCY	8.748990	-436.947491	0	T:859.0(3.97%),B:329.5(1.21%),P:1e-189	Tpos:56.7,Tstd:26.5,Bpos:49.9,Bstd:33.5,StrandBias:0.9,Multiplicity:1.02
0.329	0.303	0.178	0.189
0.636	0.063	0.200	0.101
0.991	0.001	0.004	0.004
0.941	0.001	0.057	0.001
0.141	0.778	0.035	0.046
0.004	0.945	0.004	0.047
0.001	0.997	0.001	0.001
0.003	0.001	0.001	0.995
0.617	0.199	0.133	0.051
0.247	0.191	0.531	0.031
0.208	0.467	0.141	0.184
0.176	0.376	0.218	0.230
>TCACACACACAC	7-TCACACACACAC	6.733559	-368.041650	0	T:1408.0(6.51%),B:798.7(2.93%),P:1e-159	Tpos:57.6,Tstd:25.3,Bpos:48.6,Bstd:29.4,StrandBias:1.7,Multiplicity:1.05
0.212	0.121	0.150	0.517
0.030	0.866	0.086	0.018
0.681	0.016	0.139	0.164
0.040	0.851	0.084	0.025
0.675	0.024	0.187	0.114
0.026	0.849	0.093	0.032
0.621	0.020	0.160	0.199
0.016	0.840	0.119	0.025
0.662	0.025	0.142	0.171
0.017	0.918	0.046	0.019
0.741	0.034	0.121	0.104
0.049	0.809	0.096	0.046
>CACCACTCATCA	8-CACCACTCATCA	7.050302	-206.654689	0	T:395.0(1.83%),B:148.2(0.54%),P:1e-89	Tpos:52.1,Tstd:24.6,Bpos:54.1,Bstd:26.8,StrandBias:1.8,Multiplicity:1.02
0.141	0.587	0.144	0.128
0.582	0.080	0.137	0.201
0.131	0.442	0.232	0.194
0.089	0.682	0.093	0.136
0.587	0.103	0.179	0.131
0.142	0.529	0.189	0.140
0.157	0.108	0.223	0.512
0.048	0.749	0.130	0.073
0.605	0.089	0.155	0.151
0.120	0.206	0.259	0.415
0.097	0.759	0.103	0.041
0.481	0.176	0.188	0.154
>CTACTASTASTA	9-CTACTASTASTA	5.387690	-200.601093	0	T:1210.0(5.59%),B:822.8(3.02%),P:1e-87	Tpos:50.0,Tstd:25.2,Bpos:48.8,Bstd:27.9,StrandBias:-0.1,Multiplicity:1.08
0.060	0.720	0.219	0.001
0.038	0.037	0.011	0.914
0.739	0.004	0.246	0.011
0.001	0.607	0.389	0.003
0.090	0.129	0.074	0.707
0.931	0.001	0.067	0.001
0.001	0.565	0.431	0.003
0.001	0.001	0.007	0.991
0.807	0.001	0.189	0.003
0.008	0.449	0.531	0.012
0.102	0.071	0.108	0.719
0.880	0.011	0.090	0.019
>CGAGTCGCGACT	10-CGAGTCGCGACT	6.534707	-184.494658	0	T:1148.0(5.31%),B:788.5(2.89%),P:1e-80	Tpos:57.0,Tstd:26.2,Bpos:49.5,Bstd:29.0,StrandBias:0.0,Multiplicity:1.06
0.061	0.755	0.106	0.078
0.069	0.109	0.771	0.051
0.716	0.157	0.073	0.054
0.042	0.104	0.797	0.057
0.100	0.095	0.080	0.725
0.057	0.719	0.109	0.115
0.082	0.081	0.760	0.077
0.069	0.777	0.072	0.082
0.082	0.105	0.763	0.050
0.765	0.072	0.096	0.067
0.053	0.755	0.123	0.069
0.060	0.122	0.119	0.699
>CAATCCAATCAA	11-CAATCCAATCAA	8.284372	-173.263266	0	T:364.0(1.68%),B:146.6(0.54%),P:1e-75	Tpos:55.4,Tstd:26.3,Bpos:51.4,Bstd:26.0,StrandBias:1.4,Multiplicity:1.00
0.135	0.764	0.085	0.016
0.790	0.171	0.038	0.001
0.738	0.068	0.151	0.043
0.082	0.088	0.117	0.713
0.034	0.821	0.075	0.070
0.171	0.748	0.080	0.001
0.889	0.090	0.020	0.001
0.719	0.085	0.117	0.079
0.034	0.103	0.137	0.726
0.034	0.873	0.049	0.044
0.545	0.297	0.106	0.052
0.663	0.123	0.134	0.080
>TGMCTGCCTGCC	12-TGMCTGCCTGCC	8.145796	-170.816096	0	T:609.0(2.81%),B:332.6(1.22%),P:1e-74	Tpos:56.4,Tstd:26.0,Bpos:46.8,Bstd:30.5,StrandBias:-0.1,Multiplicity:1.02
0.098	0.182	0.087	0.633
0.036	0.073	0.822	0.069
0.350	0.483	0.135	0.033
0.012	0.835	0.091	0.062
0.086	0.021	0.040	0.853
0.004	0.033	0.926	0.037
0.149	0.695	0.127	0.029
0.033	0.913	0.021	0.033
0.057	0.049	0.077	0.817
0.004	0.062	0.869	0.065
0.115	0.725	0.116	0.044
0.058	0.736	0.075	0.131
>ATCCATCCATCA	13-ATCCATCCATCA	8.626934	-157.309995	0	T:279.0(1.29%),B:100.0(0.37%),P:1e-68	Tpos:54.4,Tstd:26.7,Bpos:48.9,Bstd:23.1,StrandBias:2.4,Multiplicity:1.00
0.772	0.062	0.095	0.071
0.070	0.039	0.008	0.883
0.008	0.915	0.008	0.069
0.125	0.722	0.099	0.054
0.914	0.001	0.078	0.007
0.015	0.054	0.096	0.835
0.001	0.899	0.031	0.069
0.101	0.838	0.060	0.001
0.845	0.062	0.070	0.023
0.062	0.072	0.130	0.736
0.077	0.883	0.016	0.024
0.690	0.117	0.077	0.116
>GCTAGCTAGCTA	14-GCTAGCTAGCTA	7.647764	-133.077233	0	T:521.0(2.41%),B:297.0(1.09%),P:1e-57	Tpos:59.5,Tstd:26.5,Bpos:51.5,Bstd:29.0,StrandBias:-0.0,Multiplicity:1.04
0.083	0.082	0.749	0.086
0.068	0.795	0.081	0.056
0.107	0.097	0.111	0.685
0.710	0.078	0.090	0.122
0.039	0.047	0.867	0.047
0.046	0.864	0.053	0.037
0.098	0.086	0.078	0.738
0.696	0.073	0.102	0.129
0.048	0.060	0.839	0.053
0.066	0.792	0.061	0.081
0.118	0.092	0.129	0.661
0.605	0.123	0.159	0.113
>CCATTCCATTCC	15-CCATTCCATTCC	9.581732	-117.592696	0	T:140.0(0.65%),B:35.9(0.13%),P:1e-51	Tpos:55.7,Tstd:27.2,Bpos:50.6,Bstd:18.5,StrandBias:1.8,Multiplicity:1.00
0.058	0.792	0.137	0.013
0.130	0.510	0.193	0.167
0.528	0.342	0.074	0.056
0.129	0.165	0.081	0.625
0.061	0.084	0.074	0.781
0.001	0.995	0.002	0.002
0.066	0.769	0.119	0.046
0.587	0.048	0.249	0.116
0.078	0.001	0.327	0.594
0.079	0.154	0.046	0.721
0.081	0.586	0.003	0.330
0.066	0.792	0.001	0.141
>CACTGCACTGCA	16-CACTGCACTGCA	7.955903	-117.572089	0	T:407.0(1.88%),B:220.0(0.81%),P:1e-51	Tpos:58.9,Tstd:25.7,Bpos:46.9,Bstd:26.0,StrandBias:0.6,Multiplicity:1.01
0.070	0.757	0.081	0.092
0.682	0.093	0.138	0.087
0.050	0.791	0.089	0.070
0.103	0.087	0.107	0.703
0.063	0.095	0.754	0.088
0.055	0.807	0.070	0.068
0.727	0.067	0.129	0.077
0.063	0.794	0.080	0.063
0.094	0.084	0.092	0.730
0.076	0.101	0.752	0.071
0.058	0.811	0.077	0.054
0.693	0.103	0.118	0.086
>AGGCCAGGCCAG	17-AGGCCAGGCCAG	10.449723	-109.300862	0	T:83.0(0.38%),B:12.9(0.05%),P:1e-47	Tpos:50.5,Tstd:26.4,Bpos:52.1,Bstd:18.8,StrandBias:0.5,Multiplicity:1.02
0.787	0.022	0.131	0.060
0.081	0.051	0.846	0.022
0.044	0.044	0.836	0.076
0.089	0.747	0.127	0.037
0.037	0.867	0.074	0.022
0.867	0.044	0.037	0.052
0.059	0.030	0.896	0.015
0.044	0.022	0.866	0.068
0.083	0.769	0.119	0.029
0.037	0.860	0.066	0.037
0.854	0.050	0.059	0.037
0.097	0.047	0.819	0.037
>AAGGCACACAGC	18-AAGGCACACAGC	12.534842	-100.997442	0	T:35.0(0.16%),B:1.7(0.01%),P:1e-43	Tpos:54.4,Tstd:24.7,Bpos:26.0,Bstd:0.0,StrandBias:3.5,Multiplicity:1.00
0.973	0.025	0.001	0.001
0.973	0.025	0.001	0.001
0.001	0.026	0.947	0.026
0.026	0.026	0.922	0.026
0.001	0.973	0.025	0.001
0.973	0.001	0.025	0.001
0.001	0.997	0.001	0.001
0.973	0.025	0.001	0.001
0.001	0.973	0.025	0.001
0.973	0.025	0.001	0.001
0.026	0.001	0.947	0.026
0.001	0.947	0.026	0.026
>AGCGAGCGAGAG	19-AGCGAGCGAGAG	10.932057	-90.304025	0	T:117.0(0.54%),B:32.2(0.12%),P:1e-39	Tpos:59.7,Tstd:26.0,Bpos:37.0,Bstd:0.0,StrandBias:-0.8,Multiplicity:1.02
0.688	0.001	0.086	0.225
0.057	0.001	0.941	0.001
0.001	0.997	0.001	0.001
0.088	0.001	0.794	0.117
0.970	0.001	0.001	0.028
0.001	0.057	0.796	0.146
0.176	0.822	0.001	0.001
0.001	0.115	0.823	0.061
0.853	0.001	0.145	0.001
0.148	0.088	0.704	0.060
0.729	0.001	0.213	0.057
0.087	0.156	0.670	0.087
>TGCGAGTCTGCG	20-TGCGAGTCTGCG	10.007115	-79.511143	0	T:58.0(0.27%),B:8.6(0.03%),P:1e-34	Tpos:53.3,Tstd:25.6,Bpos:71.2,Bstd:3.1,StrandBias:-0.6,Multiplicity:1.00
0.049	0.120	0.133	0.698
0.081	0.111	0.725	0.083
0.096	0.763	0.095	0.046
0.117	0.084	0.700	0.099
0.509	0.073	0.344	0.074
0.136	0.210	0.539	0.115
0.110	0.277	0.170	0.443
0.032	0.805	0.042	0.121
0.105	0.095	0.128	0.672
0.027	0.080	0.875	0.018
0.061	0.832	0.066	0.041
0.077	0.108	0.723	0.092
>CTACAGACTACN	21-CTACAGACTACN	8.216983	-72.323434	0	T:38.0(0.18%),B:3.2(0.01%),P:1e-31	Tpos:53.5,Tstd:26.9,Bpos:21.7,Bstd:10.9,StrandBias:0.7,Multiplicity:1.03
0.167	0.454	0.212	0.167
0.136	0.144	0.144	0.576
0.575	0.149	0.159	0.117
0.102	0.688	0.115	0.095
0.641	0.121	0.118	0.120
0.125	0.125	0.661	0.089
0.613	0.139	0.125	0.123
0.113	0.668	0.107	0.112
0.122	0.151	0.126	0.601
0.575	0.139	0.151	0.135
0.116	0.650	0.138	0.096
0.299	0.269	0.213	0.219
>YCCSGTCCRKGT	22-YCCSGTCCRKGT	10.354906	-59.056886	0	T:40.0(0.18%),B:5.9(0.02%),P:1e-25	Tpos:51.3,Tstd:28.9,Bpos:81.1,Bstd:6.2,StrandBias:-0.5,Multiplicity:1.00
0.025	0.367	0.150	0.458
0.029	0.838	0.054	0.079
0.009	0.481	0.221	0.289
0.021	0.464	0.340	0.175
0.034	0.008	0.913	0.045
0.017	0.050	0.084	0.849
0.021	0.870	0.079	0.030
0.046	0.878	0.038	0.038
0.340	0.154	0.317	0.189
0.021	0.029	0.512	0.438
0.029	0.059	0.570	0.342
0.034	0.084	0.037	0.845
>CGTTTCTTTAAC	23-CGTTTCTTTAAC	10.605813	-56.101888	0	T:32.0(0.15%),B:3.5(0.01%),P:1e-24	Tpos:41.6,Tstd:22.5,Bpos:59.9,Bstd:21.5,StrandBias:1.8,Multiplicity:1.00
0.094	0.859	0.023	0.024
0.118	0.047	0.741	0.094
0.047	0.117	0.023	0.813
0.023	0.001	0.046	0.930
0.023	0.048	0.047	0.882
0.001	0.952	0.001	0.046
0.094	0.117	0.094	0.695
0.001	0.023	0.046	0.930
0.023	0.094	0.070	0.813
0.835	0.070	0.071	0.024
0.848	0.056	0.070	0.026
0.047	0.743	0.070	0.140
>TAGCTAAGCTAG	24-TAGCTAAGCTAG	9.057566	-52.910057	0	T:106.0(0.49%),B:42.8(0.16%),P:1e-22	Tpos:58.8,Tstd:26.9,Bpos:52.8,Bstd:32.4,StrandBias:0.7,Multiplicity:1.01
0.171	0.028	0.058	0.743
0.886	0.028	0.043	0.043
0.028	0.028	0.915	0.029
0.071	0.844	0.057	0.028
0.071	0.043	0.071	0.815
0.780	0.057	0.043	0.120
0.847	0.014	0.125	0.014
0.044	0.097	0.831	0.028
0.014	0.971	0.014	0.001
0.114	0.058	0.057	0.771
0.831	0.044	0.085	0.040
0.072	0.101	0.799	0.028
>TGACGGACGGAC	25-TGACGGACGGAC	10.746844	-41.810005	0	T:46.0(0.21%),B:11.0(0.04%),P:1e-18	Tpos:51.8,Tstd:24.9,Bpos:56.8,Bstd:16.8,StrandBias:-0.2,Multiplicity:1.00
0.128	0.095	0.150	0.627
0.129	0.055	0.779	0.037
0.851	0.056	0.056	0.037
0.073	0.853	0.037	0.037
0.055	0.037	0.834	0.074
0.036	0.051	0.912	0.001
0.872	0.073	0.037	0.018
0.037	0.798	0.055	0.110
0.055	0.001	0.889	0.055
0.037	0.073	0.889	0.001
0.820	0.125	0.037	0.018
0.036	0.908	0.055	0.001
>TATATA	1-TATATA	5.476058	-1891.080780	0	T:4606.0(21.29%),B:2155.3(7.91%),P:1e-821	Tpos:31.1,Tstd:10.7,Bpos:49.6,Bstd:39.9,StrandBias:-0.4,Multiplicity:1.17
0.001	0.001	0.001	0.997
0.594	0.001	0.032	0.373
0.101	0.001	0.001	0.897
0.981	0.001	0.017	0.001
0.001	0.001	0.001	0.997
0.997	0.001	0.001	0.001
>TCACTC	2-TCACTC	4.783870	-569.017919	0	T:10260.0(47.41%),B:9874.4(36.24%),P:1e-247	Tpos:55.3,Tstd:27.3,Bpos:49.6,Bstd:33.0,StrandBias:1.5,Multiplicity:1.46
0.001	0.213	0.001	0.785
0.001	0.997	0.001	0.001
0.583	0.090	0.087	0.240
0.037	0.861	0.072	0.030
0.095	0.001	0.001	0.903
0.001	0.984	0.001	0.014
>CCCGTC	3-CCCGTC	4.038933	-528.716970	0	T:11708.0(54.11%),B:11752.1(43.13%),P:1e-229	Tpos:53.7,Tstd:28.1,Bpos:49.8,Bstd:30.8,StrandBias:1.7,Multiplicity:1.46
0.001	0.800	0.001	0.198
0.001	0.997	0.001	0.001
0.164	0.834	0.001	0.001
0.124	0.001	0.874	0.001
0.001	0.141	0.001	0.857
0.001	0.997	0.001	0.001
>CCMACC	4-CCMACC	5.695973	-486.972717	0	T:7939.0(36.69%),B:7358.1(27.01%),P:1e-211	Tpos:53.4,Tstd:27.5,Bpos:50.1,Bstd:30.8,StrandBias:2.1,Multiplicity:1.42
0.323	0.480	0.195	0.001
0.421	0.577	0.001	0.001
0.451	0.547	0.001	0.001
0.996	0.002	0.001	0.001
0.001	0.997	0.001	0.001
0.001	0.803	0.195	0.001
>AAGCGA	5-AAGCGA	2.769630	-486.120203	0	T:14379.0(66.45%),B:15286.3(56.11%),P:1e-211	Tpos:52.0,Tstd:27.8,Bpos:49.9,Bstd:31.9,StrandBias:-0.2,Multiplicity:1.60
0.997	0.001	0.001	0.001
0.797	0.031	0.154	0.018
0.120	0.021	0.821	0.038
0.001	0.957	0.023	0.019
0.234	0.001	0.764	0.001
0.913	0.001	0.085	0.001
>AAACCC	6-AAACCC	7.869041	-436.662460	0	T:2151.0(9.94%),B:1368.3(5.02%),P:1e-189	Tpos:52.2,Tstd:26.3,Bpos:50.1,Bstd:34.0,StrandBias:1.6,Multiplicity:1.07
0.997	0.001	0.001	0.001
0.997	0.001	0.001	0.001
0.862	0.136	0.001	0.001
0.001	0.866	0.132	0.001
0.001	0.997	0.001	0.001
0.133	0.863	0.001	0.003
>CMCTCC	7-CMCTCC	5.192300	-430.928137	0	T:8273.0(38.23%),B:7896.0(28.98%),P:1e-187	Tpos:54.2,Tstd:27.8,Bpos:50.2,Bstd:32.0,StrandBias:1.6,Multiplicity:1.17
0.001	0.997	0.001	0.001
0.524	0.474	0.001	0.001
0.194	0.495	0.079	0.231
0.001	0.001	0.218	0.780
0.001	0.560	0.244	0.195
0.001	0.921	0.001	0.077
>GCDGTG	8-GCDGTG	4.973684	-341.212814	0	T:7883.0(36.43%),B:7704.2(28.28%),P:1e-148	Tpos:58.1,Tstd:28.1,Bpos:49.9,Bstd:32.4,StrandBias:-1.1,Multiplicity:1.27
0.001	0.106	0.892	0.001
0.234	0.588	0.107	0.071
0.267	0.001	0.383	0.349
0.001	0.001	0.765	0.233
0.001	0.286	0.095	0.618
0.001	0.195	0.803	0.001
>CAKTYC	9-CAKTYC	5.138164	-300.154130	0	T:4580.0(21.17%),B:4077.6(14.97%),P:1e-130	Tpos:52.1,Tstd:27.6,Bpos:51.1,Bstd:30.5,StrandBias:1.2,Multiplicity:1.07
0.001	0.997	0.001	0.001
0.614	0.001	0.001	0.384
0.001	0.198	0.417	0.384
0.001	0.001	0.001	0.997
0.198	0.417	0.001	0.384
0.001	0.606	0.001	0.392
>GATCGG	10-GATCGG	5.844735	-251.894404	0	T:4550.0(21.03%),B:4175.9(15.33%),P:1e-109	Tpos:53.5,Tstd:28.8,Bpos:50.0,Bstd:29.0,StrandBias:-0.8,Multiplicity:1.14
0.001	0.001	0.997	0.001
0.997	0.001	0.001	0.001
0.294	0.001	0.001	0.704
0.001	0.692	0.001	0.306
0.001	0.001	0.997	0.001
0.395	0.001	0.603	0.001
>ASGCAG	11-ASGCAG	5.279391	-248.608558	0	T:7466.0(34.50%),B:7526.6(27.63%),P:1e-107	Tpos:54.0,Tstd:27.6,Bpos:50.2,Bstd:31.3,StrandBias:0.0,Multiplicity:1.25
0.552	0.108	0.001	0.339
0.001	0.449	0.549	0.001
0.001	0.001	0.997	0.001
0.001	0.997	0.001	0.001
0.997	0.001	0.001	0.001
0.001	0.001	0.997	0.001
>AAAACC	12-AAAACC	6.177716	-241.693201	0	T:1673.0(7.73%),B:1194.9(4.39%),P:1e-104	Tpos:47.9,Tstd:27.2,Bpos:50.5,Bstd:33.9,StrandBias:1.4,Multiplicity:1.02
0.700	0.100	0.100	0.100
0.700	0.100	0.100	0.100
0.700	0.100	0.100	0.100
0.700	0.100	0.100	0.100
0.100	0.700	0.100	0.100
0.100	0.700	0.100	0.100
>TCCGCT	13-TCCGCT	6.437331	-214.595421	0	T:3303.0(15.26%),B:2917.2(10.71%),P:1e-93	Tpos:53.3,Tstd:28.2,Bpos:51.3,Bstd:32.2,StrandBias:0.7,Multiplicity:1.05
0.001	0.001	0.001	0.997
0.001	0.806	0.001	0.192
0.001	0.997	0.001	0.001
0.001	0.001	0.997	0.001
0.001	0.804	0.001	0.194
0.001	0.001	0.001	0.997
>CACACA	14-CACACA	7.004459	-200.986771	0	T:2813.0(13.00%),B:2429.3(8.92%),P:1e-87	Tpos:53.4,Tstd:27.1,Bpos:49.3,Bstd:30.9,StrandBias:1.5,Multiplicity:1.11
0.001	0.997	0.001	0.001
0.997	0.001	0.001	0.001
0.001	0.997	0.001	0.001
0.725	0.001	0.273	0.001
0.001	0.997	0.001	0.001
0.997	0.001	0.001	0.001
>BTABTA	15-BTABTA	5.295900	-112.678717	0	T:2280.0(10.54%),B:2103.7(7.72%),P:1e-48	Tpos:42.3,Tstd:25.4,Bpos:49.1,Bstd:33.0,StrandBias:0.2,Multiplicity:1.21
0.001	0.375	0.269	0.354
0.001	0.001	0.001	0.997
0.729	0.001	0.269	0.001
0.062	0.273	0.372	0.292
0.001	0.001	0.269	0.729
0.898	0.100	0.001	0.001
>CCTGCC	16-CCTGCC	6.177716	-82.192689	0	T:2128.0(9.83%),B:2040.6(7.49%),P:1e-35	Tpos:53.0,Tstd:28.5,Bpos:50.8,Bstd:31.5,StrandBias:1.0,Multiplicity:1.05
0.100	0.700	0.100	0.100
0.100	0.700	0.100	0.100
0.100	0.100	0.100	0.700
0.100	0.100	0.700	0.100
0.100	0.700	0.100	0.100
0.100	0.700	0.100	0.100
>CAAATC	17-CAAATC	6.254800	-79.298339	0	T:2793.0(12.91%),B:2799.1(10.27%),P:1e-34	Tpos:52.1,Tstd:27.2,Bpos:49.2,Bstd:31.2,StrandBias:1.5,Multiplicity:1.07
0.001	0.997	0.001	0.001
0.997	0.001	0.001	0.001
0.997	0.001	0.001	0.001
0.542	0.001	0.129	0.328
0.001	0.001	0.001	0.997
0.001	0.997	0.001	0.001
>TACAWA	18-TACAWA	7.454111	-76.316853	0	T:1230.0(5.68%),B:1084.5(3.98%),P:1e-33	Tpos:37.5,Tstd:22.2,Bpos:49.2,Bstd:33.0,StrandBias:1.2,Multiplicity:1.05
0.001	0.001	0.001	0.997
0.997	0.001	0.001	0.001
0.001	0.997	0.001	0.001
0.997	0.001	0.001	0.001
0.428	0.001	0.001	0.570
0.997	0.001	0.001	0.001
>AGAMAG	19-AGAMAG	7.506455	-64.997477	0	T:2487.0(11.49%),B:2515.7(9.23%),P:1e-28	Tpos:51.4,Tstd:27.5,Bpos:50.6,Bstd:32.9,StrandBias:-0.4,Multiplicity:1.09
0.997	0.001	0.001	0.001
0.001	0.001	0.997	0.001
0.997	0.001	0.001	0.001
0.451	0.547	0.001	0.001
0.997	0.001	0.001	0.001
0.001	0.001	0.997	0.001
>ACTTGC	20-ACTTGC	5.969698	-58.009905	0	T:1600.0(7.39%),B:1546.6(5.68%),P:1e-25	Tpos:51.3,Tstd:28.2,Bpos:50.0,Bstd:31.5,StrandBias:0.5,Multiplicity:1.03
0.997	0.001	0.001	0.001
0.001	0.997	0.001	0.001
0.001	0.001	0.001	0.997
0.097	0.001	0.001	0.901
0.001	0.001	0.997	0.001
0.001	0.997	0.001	0.001
>TTTWAA	21-TTTWAA	6.799725	-45.223441	0	T:743.0(3.43%),B:658.3(2.42%),P:1e-19	Tpos:31.9,Tstd:19.7,Bpos:49.6,Bstd:38.3,StrandBias:-0.4,Multiplicity:1.02
0.001	0.001	0.001	0.997
0.017	0.002	0.001	0.980
0.016	0.001	0.001	0.982
0.295	0.265	0.003	0.437
0.714	0.001	0.001	0.284
0.732	0.001	0.002	0.265
>AGCTAG	22-AGCTAG	6.177716	-44.167655	0	T:1397.0(6.46%),B:1376.5(5.05%),P:1e-19	Tpos:56.5,Tstd:29.3,Bpos:50.5,Bstd:30.1,StrandBias:-0.0,Multiplicity:1.27
0.700	0.100	0.100	0.100
0.100	0.100	0.700	0.100
0.100	0.700	0.100	0.100
0.100	0.100	0.100	0.700
0.700	0.100	0.100	0.100
0.100	0.100	0.700	0.100
>TATATATA	1-TATATATA	5.064996	-1629.586958	0	T:4459.0(20.61%),B:2226.9(8.17%),P:1e-707	Tpos:31.5,Tstd:11.2,Bpos:49.5,Bstd:38.4,StrandBias:0.4,Multiplicity:1.06
0.048	0.151	0.140	0.661
0.602	0.182	0.139	0.077
0.083	0.001	0.001	0.915
0.913	0.001	0.005	0.081
0.199	0.036	0.008	0.757
0.968	0.009	0.022	0.001
0.255	0.073	0.129	0.543
0.639	0.148	0.187	0.026
>CTAYATAA	2-CTAYATAA	5.736713	-1323.015997	0	T:3595.0(16.61%),B:1763.9(6.47%),P:1e-574	Tpos:35.0,Tstd:19.2,Bpos:47.0,Bstd:33.2,StrandBias:0.8,Multiplicity:1.03
0.001	0.674	0.324	0.001
0.001	0.001	0.001	0.997
0.997	0.001	0.001	0.001
0.001	0.505	0.001	0.493
0.572	0.001	0.218	0.209
0.168	0.001	0.001	0.830
0.997	0.001	0.001	0.001
0.687	0.001	0.001	0.311
>SBTTTWAA	3-SBTTTWAA	5.410633	-1226.626618	0	T:3886.0(17.96%),B:2078.7(7.63%),P:1e-532	Tpos:34.6,Tstd:18.2,Bpos:48.8,Bstd:36.5,StrandBias:-0.2,Multiplicity:1.04
0.157	0.367	0.475	0.001
0.022	0.333	0.298	0.346
0.001	0.092	0.248	0.659
0.320	0.001	0.001	0.678
0.339	0.001	0.001	0.659
0.461	0.017	0.001	0.521
0.600	0.001	0.001	0.398
0.868	0.001	0.001	0.130
>CCMCYCCC	4-CCMCYCCC	4.309072	-1079.512207	0	T:13159.0(60.81%),B:12286.3(45.10%),P:1e-468	Tpos:54.4,Tstd:26.9,Bpos:49.8,Bstd:31.4,StrandBias:2.2,Multiplicity:1.82
0.016	0.861	0.001	0.122
0.065	0.891	0.025	0.019
0.424	0.375	0.156	0.046
0.250	0.452	0.175	0.123
0.201	0.315	0.022	0.462
0.039	0.755	0.056	0.150
0.103	0.811	0.036	0.050
0.204	0.695	0.065	0.036
>CTCGTCTC	5-CTCGTCTC	5.273160	-890.072742	0	T:9719.0(44.91%),B:8511.6(31.24%),P:1e-386	Tpos:54.9,Tstd:27.1,Bpos:50.2,Bstd:32.7,StrandBias:1.2,Multiplicity:1.34
0.001	0.600	0.120	0.279
0.049	0.256	0.115	0.580
0.001	0.997	0.001	0.001
0.045	0.235	0.548	0.172
0.113	0.203	0.131	0.553
0.007	0.594	0.001	0.398
0.015	0.019	0.014	0.952
0.001	0.760	0.001	0.238
>AAAMCCYW	6-AAAMCCYW	6.363008	-485.588450	0	T:1452.0(6.71%),B:728.2(2.67%),P:1e-210	Tpos:53.8,Tstd:26.3,Bpos:50.3,Bstd:34.7,StrandBias:1.3,Multiplicity:1.05
0.788	0.058	0.032	0.122
0.841	0.076	0.082	0.001
0.825	0.036	0.063	0.076
0.350	0.468	0.087	0.095
0.149	0.585	0.223	0.043
0.044	0.697	0.179	0.080
0.166	0.394	0.154	0.287
0.511	0.084	0.035	0.370
>TCCAGTCC	7-TCCAGTCC	3.518780	-465.996842	0	T:2334.0(10.79%),B:1497.9(5.50%),P:1e-202	Tpos:52.5,Tstd:28.9,Bpos:51.0,Bstd:30.6,StrandBias:1.2,Multiplicity:1.04
0.001	0.001	0.001	0.997
0.179	0.819	0.001	0.001
0.001	0.997	0.001	0.001
0.841	0.147	0.011	0.001
0.001	0.001	0.644	0.354
0.001	0.001	0.001	0.997
0.010	0.988	0.001	0.001
0.001	0.997	0.001	0.001
>CGGCMGCC	8-CGGCMGCC	5.668271	-383.367688	0	T:5332.0(24.64%),B:4691.8(17.22%),P:1e-166	Tpos:56.1,Tstd:27.5,Bpos:49.4,Bstd:32.0,StrandBias:0.5,Multiplicity:1.20
0.267	0.690	0.001	0.042
0.024	0.175	0.656	0.145
0.025	0.275	0.664	0.036
0.059	0.863	0.057	0.021
0.363	0.416	0.082	0.139
0.001	0.034	0.941	0.024
0.001	0.518	0.215	0.266
0.117	0.607	0.084	0.192
>CGTCMGTC	9-CGTCMGTC	5.007763	-381.877068	0	T:4445.0(20.54%),B:3738.3(13.72%),P:1e-165	Tpos:52.9,Tstd:27.9,Bpos:48.9,Bstd:28.9,StrandBias:0.9,Multiplicity:1.09
0.101	0.540	0.195	0.164
0.145	0.098	0.522	0.235
0.001	0.022	0.161	0.816
0.001	0.733	0.075	0.191
0.415	0.471	0.093	0.021
0.234	0.153	0.458	0.155
0.024	0.008	0.156	0.812
0.020	0.618	0.001	0.361
>GTTTGGTT	10-GTTTGGTT	5.680668	-360.004198	0	T:3031.0(14.01%),B:2321.8(8.52%),P:1e-156	Tpos:50.9,Tstd:27.7,Bpos:49.3,Bstd:32.5,StrandBias:-1.3,Multiplicity:1.09
0.064	0.030	0.821	0.085
0.138	0.145	0.092	0.625
0.036	0.031	0.074	0.859
0.049	0.131	0.100	0.720
0.042	0.096	0.771	0.091
0.178	0.181	0.497	0.144
0.057	0.010	0.024	0.909
0.053	0.065	0.082	0.800
>GTGTGTGT	11-GTGTGTGT	4.798678	-339.687513	0	T:5049.0(23.33%),B:4489.9(16.48%),P:1e-147	Tpos:53.6,Tstd:26.7,Bpos:48.9,Bstd:30.3,StrandBias:-1.4,Multiplicity:1.19
0.015	0.123	0.726	0.136
0.069	0.091	0.093	0.747
0.048	0.129	0.712	0.111
0.085	0.119	0.025	0.771
0.025	0.056	0.852	0.067
0.117	0.123	0.082	0.678
0.046	0.094	0.763	0.097
0.128	0.062	0.058	0.752
>YCGCAGTY	12-YCGCAGTY	6.089004	-284.584051	0	T:2981.0(13.78%),B:2415.2(8.86%),P:1e-123	Tpos:53.3,Tstd:27.8,Bpos:51.0,Bstd:30.0,StrandBias:0.7,Multiplicity:1.07
0.218	0.354	0.001	0.427
0.044	0.864	0.001	0.091
0.001	0.001	0.997	0.001
0.001	0.997	0.001	0.001
0.743	0.001	0.001	0.255
0.001	0.001	0.744	0.254
0.001	0.207	0.001	0.791
0.001	0.566	0.001	0.432
>AGAGAGAG	13-AGAGAGAG	6.555654	-269.556546	0	T:2323.0(10.74%),B:1779.9(6.53%),P:1e-117	Tpos:54.8,Tstd:27.1,Bpos:49.0,Bstd:33.4,StrandBias:-0.7,Multiplicity:1.10
0.797	0.199	0.001	0.003
0.001	0.001	0.997	0.001
0.644	0.138	0.001	0.217
0.195	0.177	0.530	0.098
0.539	0.184	0.001	0.276
0.001	0.001	0.997	0.001
0.870	0.001	0.001	0.128
0.148	0.230	0.621	0.001
>AACCCTAG	14-AACCCTAG	8.185286	-256.271826	0	T:804.0(3.72%),B:411.6(1.51%),P:1e-111	Tpos:54.6,Tstd:28.0,Bpos:51.8,Bstd:30.0,StrandBias:1.1,Multiplicity:1.00
0.997	0.001	0.001	0.001
0.997	0.001	0.001	0.001
0.001	0.901	0.097	0.001
0.001	0.997	0.001	0.001
0.001	0.997	0.001	0.001
0.227	0.001	0.001	0.771
0.918	0.080	0.001	0.001
0.001	0.001	0.997	0.001
>GTGCTGTG	15-GTGCTGTG	8.018287	-246.059842	0	T:853.0(3.94%),B:459.8(1.69%),P:1e-106	Tpos:49.7,Tstd:28.2,Bpos:47.6,Bstd:32.4,StrandBias:-1.3,Multiplicity:1.05
0.001	0.001	0.997	0.001
0.001	0.001	0.001	0.997
0.001	0.001	0.997	0.001
0.001	0.822	0.176	0.001
0.001	0.268	0.001	0.730
0.001	0.001	0.997	0.001
0.001	0.001	0.001	0.997
0.001	0.001	0.997	0.001
>GCAACGCA	16-GCAACGCA	6.336338	-238.028443	0	T:1934.0(8.94%),B:1452.4(5.33%),P:1e-103	Tpos:54.2,Tstd:27.8,Bpos:49.8,Bstd:30.2,StrandBias:0.7,Multiplicity:1.11
0.001	0.074	0.911	0.014
0.087	0.884	0.001	0.028
0.997	0.001	0.001	0.001
0.553	0.203	0.147	0.097
0.061	0.852	0.001	0.086
0.001	0.015	0.972	0.012
0.033	0.965	0.001	0.001
0.924	0.032	0.043	0.001
>TGCCTKCC	17-TGCCTKCC	7.484936	-197.950197	0	T:804.0(3.72%),B:466.9(1.71%),P:1e-85	Tpos:54.5,Tstd:27.6,Bpos:49.2,Bstd:33.0,StrandBias:0.7,Multiplicity:1.13
0.045	0.295	0.001	0.659
0.022	0.147	0.539	0.292
0.063	0.696	0.240	0.001
0.001	0.773	0.225	0.001
0.001	0.071	0.119	0.809
0.001	0.040	0.471	0.488
0.024	0.827	0.035	0.114
0.001	0.804	0.001	0.194
>TAGCTAGC	18-TAGCTAGC	6.612667	-172.259525	0	T:1245.0(5.75%),B:898.9(3.30%),P:1e-74	Tpos:56.8,Tstd:28.2,Bpos:50.8,Bstd:30.3,StrandBias:0.1,Multiplicity:1.15
0.103	0.090	0.059	0.748
0.593	0.122	0.056	0.229
0.116	0.020	0.837	0.027
0.112	0.804	0.065	0.019
0.122	0.074	0.051	0.753
0.614	0.105	0.074	0.207
0.032	0.065	0.853	0.050
0.042	0.802	0.039	0.117
>CATCCATC	19-CATCCATC	8.136305	-171.016467	0	T:608.0(2.81%),B:331.3(1.22%),P:1e-74	Tpos:54.4,Tstd:27.1,Bpos:49.2,Bstd:22.5,StrandBias:2.0,Multiplicity:1.08
0.001	0.997	0.001	0.001
0.997	0.001	0.001	0.001
0.001	0.081	0.001	0.917
0.001	0.905	0.001	0.093
0.001	0.882	0.116	0.001
0.816	0.001	0.182	0.001
0.001	0.001	0.001	0.997
0.001	0.997	0.001	0.001
>YAGTCTAG	20-YAGTCTAG	6.755968	-164.136669	0	T:1082.0(5.00%),B:757.8(2.78%),P:1e-71	Tpos:52.6,Tstd:28.2,Bpos:51.5,Bstd:29.5,StrandBias:0.7,Multiplicity:1.03
0.001	0.426	0.223	0.350
0.832	0.125	0.042	0.001
0.001	0.138	0.817	0.044
0.002	0.001	0.117	0.880
0.001	0.930	0.003	0.066
0.001	0.419	0.001	0.579
0.597	0.401	0.001	0.001
0.001	0.290	0.708	0.001
>ACCACCAA	21-ACCACCAA	6.590789	-149.086751	0	T:640.0(2.96%),B:380.4(1.40%),P:1e-64	Tpos:57.6,Tstd:26.3,Bpos:51.3,Bstd:28.5,StrandBias:1.8,Multiplicity:1.02
0.997	0.001	0.001	0.001
0.001	0.997	0.001	0.001
0.001	0.943	0.001	0.055
0.997	0.001	0.001	0.001
0.001	0.997	0.001	0.001
0.001	0.997	0.001	0.001
0.997	0.001	0.001	0.001
0.986	0.012	0.001	0.001
>CTACTAGT	22-CTACTAGT	5.992840	-135.844109	0	T:1088.0(5.03%),B:809.9(2.97%),P:1e-58	Tpos:47.6,Tstd:25.7,Bpos:47.2,Bstd:28.0,StrandBias:0.3,Multiplicity:1.06
0.001	0.929	0.056	0.014
0.024	0.017	0.001	0.958
0.914	0.026	0.059	0.001
0.001	0.835	0.163	0.001
0.010	0.012	0.001	0.977
0.946	0.019	0.019	0.016
0.039	0.230	0.730	0.001
0.075	0.028	0.012	0.885
>CGATCGAT	23-CGATCGAT	6.879776	-110.967436	0	T:689.0(3.18%),B:472.9(1.74%),P:1e-48	Tpos:53.0,Tstd:27.8,Bpos:48.9,Bstd:25.0,StrandBias:-0.0,Multiplicity:1.07
0.017	0.888	0.033	0.062
0.001	0.001	0.997	0.001
0.938	0.012	0.039	0.011
0.001	0.053	0.001	0.945
0.023	0.941	0.001	0.035
0.021	0.034	0.944	0.001
0.890	0.043	0.066	0.001
0.089	0.001	0.246	0.664
>TATTAATA	24-TATTAATA	8.236954	-67.210810	0	T:40.0(0.18%),B:4.3(0.02%),P:1e-29	Tpos:29.5,Tstd:11.3,Bpos:48.9,Bstd:44.7,StrandBias:0.0,Multiplicity:1.00
0.100	0.100	0.100	0.700
0.700	0.100	0.100	0.100
0.100	0.100	0.100	0.700
0.100	0.100	0.100	0.700
0.700	0.100	0.100	0.100
0.700	0.100	0.100	0.100
0.100	0.100	0.100	0.700
0.700	0.100	0.100	0.100
>GTTAAAWA	25-GTTAAAWA	9.116956	-37.554583	0	T:225.0(1.04%),B:154.6(0.57%),P:1e-16	Tpos:18.1,Tstd:11.7,Bpos:53.7,Bstd:16.6,StrandBias:0.0,Multiplicity:1.00
0.001	0.266	0.466	0.266
0.001	0.001	0.001	0.997
0.001	0.001	0.001	0.997
0.997	0.001	0.001	0.001
0.997	0.001	0.001	0.001
0.997	0.001	0.001	0.001
0.532	0.001	0.001	0.466
0.997	0.001	0.001	0.001
