>TATATANAVV	1-TATATANAVV	5.203743	-2097.785917	0	T:4305.0(19.90%),B:1795.3(6.59%),P:1e-911	Tpos:31.3,Tstd:10.1,Bpos:50.4,Bstd:37.5,StrandBias:0.0,Multiplicity:1.60
0.102	0.124	0.078	0.696
0.616	0.043	0.020	0.321
0.175	0.085	0.029	0.711
0.751	0.010	0.011	0.228
0.368	0.041	0.038	0.553
0.799	0.001	0.124	0.076
0.275	0.207	0.207	0.311
0.400	0.202	0.243	0.154
0.208	0.317	0.336	0.139
0.257	0.296	0.317	0.130
>CYCCCCTCCC	2-CYCCCCTCCC	4.888591	-1224.376687	0	T:11304.0(52.24%),B:9742.9(35.77%),P:1e-531	Tpos:56.2,Tstd:26.3,Bpos:49.9,Bstd:32.5,StrandBias:2.2,Multiplicity:1.64
0.001	0.711	0.003	0.285
0.168	0.460	0.001	0.371
0.046	0.734	0.040	0.180
0.078	0.615	0.177	0.130
0.229	0.594	0.128	0.049
0.219	0.438	0.165	0.177
0.193	0.232	0.059	0.516
0.016	0.631	0.009	0.344
0.008	0.641	0.043	0.308
0.001	0.827	0.084	0.088
>CMCACACMCA	3-CMCACACMCA	2.331204	-865.556697	0	T:7397.0(34.19%),B:5957.8(21.87%),P:1e-375	Tpos:54.0,Tstd:25.8,Bpos:49.5,Bstd:30.2,StrandBias:2.1,Multiplicity:1.21
0.162	0.836	0.001	0.001
0.515	0.483	0.001	0.001
0.290	0.708	0.001	0.001
0.822	0.176	0.001	0.001
0.250	0.748	0.001	0.001
0.774	0.212	0.013	0.001
0.221	0.777	0.001	0.001
0.530	0.468	0.001	0.001
0.299	0.699	0.001	0.001
0.578	0.420	0.001	0.001
>CHGCCGCCKC	4-CHGCCGCCKC	6.029630	-667.897840	0	T:6787.0(31.37%),B:5661.5(20.79%),P:1e-290	Tpos:58.4,Tstd:26.7,Bpos:50.6,Bstd:30.8,StrandBias:1.3,Multiplicity:1.15
0.177	0.630	0.001	0.192
0.344	0.348	0.088	0.219
0.238	0.215	0.543	0.004
0.008	0.576	0.001	0.415
0.164	0.682	0.001	0.153
0.290	0.001	0.584	0.125
0.001	0.997	0.001	0.001
0.314	0.467	0.001	0.217
0.229	0.001	0.440	0.330
0.001	0.997	0.001	0.001
>TCACAKCACA	5-TCACAKCACA	5.083235	-541.511161	0	T:4833.0(22.34%),B:3826.8(14.05%),P:1e-235	Tpos:53.5,Tstd:26.1,Bpos:50.3,Bstd:29.3,StrandBias:1.5,Multiplicity:1.12
0.232	0.182	0.198	0.388
0.038	0.900	0.033	0.029
0.654	0.102	0.122	0.122
0.246	0.553	0.176	0.025
0.498	0.157	0.162	0.182
0.084	0.210	0.292	0.414
0.050	0.862	0.050	0.038
0.483	0.097	0.190	0.230
0.109	0.794	0.062	0.035
0.616	0.198	0.102	0.084
>TCGTCTCGTC	6-TCGTCTCGTC	6.542654	-425.087230	0	T:2516.0(11.63%),B:1719.0(6.31%),P:1e-184	Tpos:54.3,Tstd:26.5,Bpos:51.6,Bstd:29.1,StrandBias:1.0,Multiplicity:1.12
0.056	0.059	0.027	0.858
0.040	0.819	0.055	0.086
0.059	0.098	0.762	0.081
0.069	0.116	0.072	0.743
0.020	0.859	0.027	0.094
0.030	0.107	0.044	0.819
0.051	0.850	0.045	0.054
0.060	0.095	0.732	0.113
0.066	0.093	0.090	0.751
0.039	0.810	0.064	0.087
>ATTCCATTCC	7-ATTCCATTCC	6.508146	-356.595008	0	T:1717.0(7.94%),B:1077.5(3.96%),P:1e-154	Tpos:53.4,Tstd:26.9,Bpos:50.3,Bstd:30.9,StrandBias:1.5,Multiplicity:1.08
0.746	0.055	0.125	0.074
0.080	0.074	0.144	0.702
0.026	0.076	0.061	0.837
0.036	0.826	0.048	0.090
0.060	0.834	0.060	0.046
0.762	0.083	0.057	0.098
0.095	0.075	0.128	0.702
0.023	0.063	0.022	0.892
0.032	0.830	0.044	0.094
0.067	0.873	0.032	0.028
>TCTCTCTCTC	8-TCTCTCTCTC	6.783276	-330.588287	0	T:1927.0(8.91%),B:1301.7(4.78%),P:1e-143	Tpos:57.1,Tstd:26.6,Bpos:50.5,Bstd:32.5,StrandBias:1.0,Multiplicity:1.04
0.095	0.067	0.059	0.779
0.054	0.781	0.092	0.073
0.075	0.051	0.071	0.803
0.036	0.832	0.079	0.053
0.051	0.046	0.080	0.823
0.054	0.811	0.082	0.053
0.076	0.059	0.086	0.779
0.079	0.793	0.066	0.062
0.069	0.046	0.116	0.769
0.040	0.833	0.068	0.059
>AAAACCCTAG	9-AAAACCCTAG	9.431045	-320.660742	0	T:528.0(2.44%),B:176.7(0.65%),P:1e-139	Tpos:56.1,Tstd:27.2,Bpos:51.3,Bstd:29.2,StrandBias:0.7,Multiplicity:1.03
0.740	0.027	0.125	0.108
0.872	0.001	0.126	0.001
0.991	0.001	0.001	0.007
0.974	0.008	0.017	0.001
0.001	0.978	0.004	0.017
0.001	0.997	0.001	0.001
0.001	0.997	0.001	0.001
0.016	0.001	0.001	0.982
0.898	0.100	0.001	0.001
0.108	0.200	0.680	0.012
>CYGCCTGSCT	10-CYGCCTGSCT	6.553377	-249.764998	0	T:903.0(4.17%),B:496.4(1.82%),P:1e-108	Tpos:52.4,Tstd:27.9,Bpos:47.4,Bstd:32.6,StrandBias:0.3,Multiplicity:1.02
0.033	0.679	0.058	0.230
0.140	0.306	0.160	0.394
0.071	0.009	0.669	0.251
0.061	0.535	0.196	0.208
0.001	0.698	0.001	0.300
0.155	0.227	0.100	0.518
0.003	0.241	0.701	0.055
0.056	0.404	0.292	0.247
0.015	0.593	0.146	0.246
0.128	0.169	0.226	0.477
>CGTTTCGTTT	11-CGTTTCGTTT	6.983378	-212.855016	0	T:894.0(4.13%),B:526.0(1.93%),P:1e-92	Tpos:48.3,Tstd:26.4,Bpos:49.7,Bstd:31.7,StrandBias:-0.2,Multiplicity:1.06
0.057	0.778	0.102	0.063
0.061	0.060	0.781	0.098
0.063	0.072	0.036	0.829
0.025	0.022	0.049	0.904
0.027	0.090	0.053	0.830
0.033	0.842	0.062	0.063
0.095	0.057	0.674	0.174
0.059	0.113	0.081	0.747
0.021	0.045	0.043	0.891
0.102	0.114	0.057	0.727
>GCTGCGCTGC	12-GCTGCGCTGC	7.455955	-177.988066	0	T:1112.0(5.14%),B:764.4(2.81%),P:1e-77	Tpos:55.7,Tstd:26.7,Bpos:49.4,Bstd:31.0,StrandBias:-0.3,Multiplicity:1.09
0.114	0.090	0.698	0.098
0.078	0.802	0.052	0.068
0.037	0.069	0.027	0.867
0.058	0.041	0.822	0.079
0.073	0.789	0.059	0.079
0.139	0.100	0.639	0.122
0.053	0.742	0.129	0.076
0.010	0.027	0.039	0.924
0.021	0.039	0.882	0.058
0.031	0.838	0.064	0.067
>ASTASTAGTA	13-ASTASTAGTA	5.659151	-177.608473	0	T:920.0(4.25%),B:590.2(2.17%),P:1e-77	Tpos:46.0,Tstd:25.1,Bpos:51.1,Bstd:27.4,StrandBias:0.1,Multiplicity:1.06
0.498	0.157	0.160	0.184
0.102	0.405	0.430	0.062
0.069	0.237	0.052	0.642
0.866	0.017	0.116	0.001
0.065	0.514	0.370	0.051
0.158	0.128	0.108	0.606
0.617	0.091	0.137	0.155
0.114	0.311	0.551	0.024
0.125	0.180	0.056	0.639
0.498	0.188	0.195	0.119
>RTCSATCVRT	14-RTCSATCVRT	7.171541	-169.557352	0	T:660.0(3.05%),B:375.0(1.38%),P:1e-73	Tpos:53.1,Tstd:27.5,Bpos:51.1,Bstd:25.8,StrandBias:1.0,Multiplicity:1.04
0.344	0.145	0.374	0.136
0.010	0.036	0.181	0.773
0.013	0.887	0.019	0.081
0.233	0.254	0.394	0.118
0.612	0.059	0.287	0.042
0.001	0.001	0.001	0.997
0.001	0.926	0.001	0.072
0.294	0.340	0.235	0.130
0.420	0.216	0.363	0.001
0.001	0.021	0.280	0.698
>TGCCGYCTGC	15-TGCCGYCTGC	8.538355	-161.003577	0	T:514.0(2.38%),B:265.3(0.97%),P:1e-69	Tpos:54.1,Tstd:26.7,Bpos:49.3,Bstd:28.5,StrandBias:-0.4,Multiplicity:1.03
0.001	0.001	0.310	0.688
0.001	0.161	0.808	0.030
0.001	0.997	0.001	0.001
0.152	0.705	0.120	0.023
0.039	0.169	0.782	0.010
0.188	0.319	0.118	0.375
0.001	0.653	0.213	0.133
0.001	0.174	0.001	0.824
0.001	0.124	0.774	0.101
0.001	0.942	0.056	0.001
>AGCTAGCTAG	16-AGCTAGCTAG	6.654855	-154.475411	0	T:1451.0(6.71%),B:1130.5(4.15%),P:1e-67	Tpos:57.0,Tstd:26.9,Bpos:51.9,Bstd:28.6,StrandBias:-0.1,Multiplicity:1.06
0.486	0.130	0.106	0.278
0.259	0.001	0.695	0.045
0.021	0.859	0.119	0.001
0.320	0.050	0.046	0.584
0.735	0.001	0.096	0.168
0.001	0.001	0.997	0.001
0.001	0.997	0.001	0.001
0.208	0.151	0.101	0.540
0.740	0.009	0.038	0.213
0.124	0.087	0.716	0.073
>CGCAGTCGCA	17-CGCAGTCGCA	9.450359	-119.222714	0	T:203.0(0.94%),B:70.4(0.26%),P:1e-51	Tpos:54.8,Tstd:25.7,Bpos:41.4,Bstd:29.9,StrandBias:0.7,Multiplicity:1.06
0.028	0.953	0.018	0.001
0.108	0.009	0.882	0.001
0.001	0.978	0.018	0.003
0.997	0.001	0.001	0.001
0.039	0.157	0.765	0.039
0.082	0.078	0.001	0.839
0.001	0.963	0.018	0.018
0.001	0.018	0.953	0.028
0.028	0.968	0.001	0.003
0.883	0.001	0.107	0.009
>CTACAAATAC	18-CTACAAATAC	9.697107	-94.582587	0	T:114.0(0.53%),B:29.9(0.11%),P:1e-41	Tpos:37.2,Tstd:16.4,Bpos:36.3,Bstd:23.7,StrandBias:2.3,Multiplicity:1.01
0.064	0.890	0.011	0.035
0.001	0.003	0.001	0.995
0.948	0.012	0.022	0.018
0.001	0.995	0.003	0.001
0.995	0.003	0.001	0.001
0.987	0.001	0.001	0.011
0.824	0.174	0.001	0.001
0.018	0.004	0.049	0.929
0.914	0.016	0.035	0.035
0.032	0.706	0.261	0.001
>GCAACTGCAA	19-GCAACTGCAA	9.851938	-73.822723	0	T:75.0(0.35%),B:16.3(0.06%),P:1e-32	Tpos:55.4,Tstd:30.8,Bpos:48.6,Bstd:21.3,StrandBias:0.7,Multiplicity:1.00
0.129	0.001	0.869	0.001
0.001	0.997	0.001	0.001
0.928	0.001	0.070	0.001
0.997	0.001	0.001	0.001
0.001	0.997	0.001	0.001
0.001	0.001	0.001	0.997
0.024	0.001	0.974	0.001
0.001	0.997	0.001	0.001
0.953	0.001	0.001	0.045
0.997	0.001	0.001	0.001
>ACCGGGCCGG	20-ACCGGGCCGG	9.962763	-59.047944	0	T:40.0(0.18%),B:5.5(0.02%),P:1e-25	Tpos:50.7,Tstd:29.6,Bpos:70.1,Bstd:16.3,StrandBias:0.2,Multiplicity:1.00
0.997	0.001	0.001	0.001
0.001	0.997	0.001	0.001
0.001	0.997	0.001	0.001
0.001	0.001	0.997	0.001
0.070	0.001	0.928	0.001
0.001	0.001	0.997	0.001
0.001	0.997	0.001	0.001
0.001	0.928	0.070	0.001
0.001	0.001	0.974	0.024
0.001	0.001	0.997	0.001
>GACGGGGRCG	21-GACGGGGRCG	12.083217	-47.507975	0	T:80.0(0.37%),B:28.9(0.11%),P:1e-20	Tpos:58.0,Tstd:24.4,Bpos:64.4,Bstd:22.8,StrandBias:-1.2,Multiplicity:1.00
0.363	0.001	0.635	0.001
0.997	0.001	0.001	0.001
0.001	0.997	0.001	0.001
0.001	0.001	0.997	0.001
0.001	0.001	0.997	0.001
0.001	0.001	0.997	0.001
0.001	0.001	0.997	0.001
0.476	0.001	0.522	0.001
0.001	0.997	0.001	0.001
0.001	0.001	0.997	0.001
>ATGWATGAAT	22-ATGWATGAAT	11.177563	-40.984659	0	T:26.0(0.12%),B:3.7(0.01%),P:1e-17	Tpos:52.8,Tstd:28.2,Bpos:57.7,Bstd:24.9,StrandBias:-1.2,Multiplicity:1.00
0.997	0.001	0.001	0.001
0.001	0.001	0.199	0.799
0.001	0.001	0.997	0.001
0.572	0.001	0.001	0.426
0.997	0.001	0.001	0.001
0.001	0.001	0.001	0.997
0.153	0.001	0.693	0.153
0.993	0.001	0.005	0.001
0.997	0.001	0.001	0.001
0.001	0.001	0.001	0.997
>AGCCAGCCAC	23-AGCCAGCCAC	10.296193	-37.100519	0	T:37.0(0.17%),B:9.0(0.03%),P:1e-16	Tpos:58.3,Tstd:25.0,Bpos:68.1,Bstd:16.5,StrandBias:1.4,Multiplicity:1.00
0.700	0.100	0.100	0.100
0.100	0.100	0.700	0.100
0.100	0.700	0.100	0.100
0.100	0.700	0.100	0.100
0.700	0.100	0.100	0.100
0.100	0.100	0.700	0.100
0.100	0.700	0.100	0.100
0.100	0.700	0.100	0.100
0.700	0.100	0.100	0.100
0.100	0.700	0.100	0.100
>AGYGAGCGGG	24-AGYGAGCGGG	11.624072	-33.590997	0	T:35.0(0.16%),B:8.1(0.03%),P:1e-14	Tpos:50.6,Tstd:26.6,Bpos:52.9,Bstd:24.0,StrandBias:-1.8,Multiplicity:1.00
0.997	0.001	0.001	0.001
0.001	0.001	0.732	0.266
0.001	0.439	0.001	0.559
0.001	0.001	0.997	0.001
0.997	0.001	0.001	0.001
0.266	0.001	0.732	0.001
0.001	0.997	0.001	0.001
0.001	0.001	0.997	0.001
0.001	0.001	0.997	0.001
0.001	0.001	0.997	0.001
>CGCTTCMTCM	25-CGCTTCMTCM	12.426192	-30.485551	0	T:60.0(0.28%),B:24.1(0.09%),P:1e-13	Tpos:61.3,Tstd:27.6,Bpos:42.1,Bstd:11.7,StrandBias:0.7,Multiplicity:1.03
0.018	0.980	0.001	0.001
0.001	0.001	0.997	0.001
0.001	0.997	0.001	0.001
0.001	0.001	0.001	0.997
0.001	0.001	0.001	0.997
0.001	0.997	0.001	0.001
0.463	0.535	0.001	0.001
0.001	0.001	0.001	0.997
0.001	0.997	0.001	0.001
0.463	0.535	0.001	0.001
>TATATAWANVSV	1-TATATAWANVSV	5.136414	-1942.957293	0	T:4790.0(22.14%),B:2264.9(8.32%),P:1e-843	Tpos:31.5,Tstd:10.6,Bpos:49.5,Bstd:36.5,StrandBias:0.1,Multiplicity:1.25
0.090	0.167	0.107	0.636
0.568	0.151	0.021	0.260
0.058	0.028	0.003	0.911
0.857	0.001	0.002	0.140
0.221	0.036	0.023	0.720
0.973	0.001	0.011	0.015
0.304	0.094	0.214	0.387
0.569	0.154	0.207	0.070
0.236	0.264	0.271	0.229
0.340	0.230	0.312	0.118
0.203	0.354	0.294	0.149
0.267	0.287	0.315	0.131
>CCCCMCCCCMCC	2-CCCCMCCCCMCC	5.026848	-1085.175063	0	T:9626.0(44.49%),B:8040.5(29.52%),P:1e-471	Tpos:56.4,Tstd:25.8,Bpos:50.4,Bstd:31.6,StrandBias:2.4,Multiplicity:1.39
0.079	0.724	0.067	0.130
0.119	0.634	0.086	0.161
0.114	0.652	0.102	0.132
0.138	0.685	0.087	0.090
0.298	0.388	0.093	0.222
0.093	0.717	0.093	0.097
0.101	0.606	0.134	0.159
0.112	0.632	0.111	0.145
0.100	0.796	0.051	0.053
0.277	0.361	0.155	0.208
0.101	0.660	0.111	0.128
0.077	0.807	0.050	0.066
>TCBTCTCBTCTC	3-TCBTCTCBTCTC	5.000746	-861.216694	0	T:7080.0(32.72%),B:5624.7(20.65%),P:1e-374	Tpos:56.3,Tstd:26.1,Bpos:49.6,Bstd:32.5,StrandBias:1.2,Multiplicity:1.14
0.004	0.246	0.047	0.703
0.001	0.884	0.016	0.099
0.015	0.273	0.409	0.303
0.008	0.226	0.050	0.716
0.001	0.830	0.032	0.137
0.001	0.069	0.020	0.910
0.001	0.964	0.004	0.031
0.004	0.355	0.363	0.279
0.012	0.099	0.056	0.833
0.001	0.869	0.020	0.110
0.010	0.070	0.068	0.852
0.002	0.865	0.044	0.089
>TTCCAATTCCCA	4-TTCCAATTCCCA	6.002181	-753.314909	0	T:3644.0(16.84%),B:2342.6(8.60%),P:1e-327	Tpos:53.2,Tstd:26.1,Bpos:49.8,Bstd:31.0,StrandBias:2.0,Multiplicity:1.12
0.099	0.252	0.027	0.622
0.008	0.364	0.055	0.573
0.011	0.877	0.017	0.095
0.154	0.812	0.023	0.011
0.658	0.252	0.070	0.020
0.629	0.124	0.123	0.124
0.127	0.129	0.134	0.610
0.006	0.116	0.020	0.858
0.011	0.743	0.026	0.220
0.030	0.924	0.019	0.027
0.302	0.600	0.057	0.041
0.586	0.254	0.076	0.084
>GGAATGGAAKRG	5-GGAATGGAAKRG	6.202892	-751.901832	0	T:3591.0(16.60%),B:2295.4(8.43%),P:1e-326	Tpos:54.6,Tstd:27.7,Bpos:48.7,Bstd:30.4,StrandBias:-1.9,Multiplicity:1.03
0.031	0.001	0.967	0.001
0.089	0.007	0.903	0.001
0.926	0.001	0.072	0.001
0.628	0.249	0.026	0.097
0.067	0.068	0.334	0.531
0.007	0.003	0.989	0.001
0.215	0.001	0.783	0.001
0.941	0.003	0.055	0.001
0.499	0.159	0.246	0.097
0.077	0.231	0.282	0.410
0.433	0.181	0.328	0.059
0.141	0.052	0.778	0.029
>AAACCAAAMCMA	6-AAACCAAAMCMA	5.664628	-580.471405	0	T:4432.0(20.48%),B:3348.8(12.29%),P:1e-252	Tpos:52.5,Tstd:25.4,Bpos:49.5,Bstd:31.0,StrandBias:2.0,Multiplicity:1.11
0.548	0.356	0.094	0.002
0.757	0.155	0.083	0.005
0.532	0.231	0.191	0.046
0.197	0.566	0.212	0.025
0.270	0.680	0.049	0.001
0.603	0.343	0.038	0.016
0.862	0.067	0.040	0.031
0.612	0.190	0.175	0.023
0.328	0.392	0.233	0.047
0.211	0.670	0.110	0.009
0.418	0.514	0.055	0.013
0.567	0.285	0.097	0.051
>TCACACACACAC	7-TCACACACACAC	4.220631	-498.328939	0	T:3108.0(14.36%),B:2174.0(7.98%),P:1e-216	Tpos:56.5,Tstd:25.7,Bpos:49.7,Bstd:28.8,StrandBias:1.8,Multiplicity:1.08
0.268	0.094	0.159	0.479
0.022	0.946	0.025	0.007
0.789	0.024	0.069	0.118
0.046	0.926	0.021	0.007
0.758	0.007	0.088	0.147
0.069	0.867	0.053	0.011
0.824	0.004	0.099	0.073
0.011	0.894	0.091	0.004
0.779	0.017	0.070	0.134
0.014	0.933	0.035	0.018
0.855	0.026	0.063	0.056
0.025	0.893	0.053	0.029
>GGCTAGGGTTTN	8-GGCTAGGGTTTN	7.917295	-454.266539	0	T:1132.0(5.23%),B:509.6(1.87%),P:1e-197	Tpos:54.4,Tstd:26.1,Bpos:53.3,Bstd:32.9,StrandBias:-1.0,Multiplicity:1.04
0.198	0.199	0.425	0.178
0.252	0.158	0.418	0.173
0.099	0.476	0.220	0.204
0.110	0.089	0.173	0.628
0.958	0.026	0.001	0.015
0.001	0.001	0.997	0.001
0.042	0.026	0.921	0.011
0.052	0.088	0.773	0.087
0.001	0.067	0.001	0.931
0.001	0.001	0.025	0.973
0.072	0.138	0.058	0.732
0.225	0.252	0.219	0.304
>CAGCAGBCAGCA	9-CAGCAGBCAGCA	7.247748	-346.941545	0	T:1733.0(8.01%),B:1103.7(4.05%),P:1e-150	Tpos:57.2,Tstd:25.7,Bpos:49.7,Bstd:28.3,StrandBias:1.2,Multiplicity:1.06
0.025	0.956	0.017	0.002
0.407	0.208	0.192	0.193
0.029	0.161	0.595	0.215
0.001	0.983	0.011	0.005
0.821	0.085	0.001	0.093
0.234	0.189	0.552	0.025
0.037	0.284	0.353	0.327
0.039	0.947	0.008	0.006
0.428	0.185	0.223	0.164
0.025	0.293	0.460	0.222
0.001	0.997	0.001	0.001
0.881	0.052	0.065	0.002
>CTCTCTCTCTCT	10-CTCTCTCTCTCT	6.951591	-319.293780	0	T:2171.0(10.03%),B:1547.4(5.68%),P:1e-138	Tpos:56.3,Tstd:26.2,Bpos:52.3,Bstd:33.0,StrandBias:1.0,Multiplicity:1.03
0.103	0.521	0.285	0.091
0.056	0.183	0.105	0.656
0.041	0.765	0.103	0.091
0.006	0.098	0.121	0.775
0.053	0.725	0.145	0.077
0.012	0.135	0.165	0.688
0.041	0.755	0.099	0.105
0.055	0.029	0.152	0.764
0.052	0.763	0.106	0.079
0.032	0.110	0.165	0.693
0.047	0.736	0.116	0.101
0.075	0.162	0.169	0.594
>GCAGGCAGGCAG	11-GCAGGCAGGCAG	7.662414	-265.791829	0	T:1080.0(4.99%),B:627.2(2.30%),P:1e-115	Tpos:53.8,Tstd:26.8,Bpos:47.2,Bstd:30.6,StrandBias:-0.1,Multiplicity:1.03
0.104	0.144	0.723	0.029
0.122	0.695	0.123	0.060
0.695	0.126	0.101	0.078
0.013	0.028	0.933	0.026
0.077	0.142	0.719	0.062
0.116	0.752	0.100	0.032
0.666	0.134	0.075	0.125
0.121	0.091	0.739	0.049
0.052	0.166	0.728	0.054
0.119	0.824	0.013	0.044
0.713	0.089	0.113	0.085
0.075	0.100	0.774	0.051
>YAMAGCCGCGGC	12-YAMAGCCGCGGC	7.397061	-176.914553	0	T:1747.0(8.07%),B:1381.1(5.07%),P:1e-76	Tpos:60.6,Tstd:26.0,Bpos:49.3,Bstd:31.1,StrandBias:0.1,Multiplicity:1.04
0.212	0.244	0.171	0.373
0.523	0.156	0.278	0.043
0.448	0.331	0.159	0.062
0.474	0.169	0.213	0.144
0.081	0.042	0.817	0.060
0.024	0.895	0.062	0.019
0.175	0.502	0.207	0.116
0.045	0.042	0.896	0.017
0.058	0.843	0.029	0.070
0.098	0.197	0.606	0.099
0.014	0.063	0.910	0.013
0.027	0.828	0.103	0.042
>GCTAGCTAGCTA	13-GCTAGCTAGCTA	7.330792	-159.301141	0	T:698.0(3.23%),B:418.1(1.53%),P:1e-69	Tpos:59.3,Tstd:26.1,Bpos:50.8,Bstd:27.8,StrandBias:-0.1,Multiplicity:1.03
0.082	0.078	0.769	0.071
0.064	0.805	0.089	0.042
0.124	0.099	0.105	0.672
0.704	0.068	0.086	0.142
0.038	0.034	0.883	0.045
0.043	0.871	0.048	0.038
0.118	0.094	0.076	0.712
0.691	0.081	0.087	0.141
0.041	0.049	0.868	0.042
0.062	0.791	0.065	0.082
0.146	0.090	0.116	0.648
0.588	0.126	0.163	0.123
>CTACTACTACTA	14-CTACTACTACTA	8.786891	-159.165211	0	T:261.0(1.21%),B:87.5(0.32%),P:1e-69	Tpos:46.1,Tstd:23.9,Bpos:51.8,Bstd:26.0,StrandBias:0.2,Multiplicity:1.04
0.073	0.697	0.211	0.019
0.142	0.030	0.038	0.790
0.743	0.034	0.188	0.035
0.012	0.721	0.252	0.015
0.053	0.122	0.030	0.795
0.789	0.047	0.102	0.062
0.012	0.706	0.257	0.025
0.022	0.060	0.019	0.899
0.693	0.039	0.208	0.060
0.043	0.539	0.359	0.059
0.103	0.158	0.040	0.699
0.587	0.155	0.093	0.165
>TCGCAATTCGCA	15-TCGCAATTCGCA	11.072946	-133.899789	0	T:52.0(0.24%),B:2.4(0.01%),P:1e-58	Tpos:63.3,Tstd:24.6,Bpos:34.5,Bstd:22.0,StrandBias:1.5,Multiplicity:1.00
0.045	0.045	0.034	0.876
0.065	0.842	0.012	0.081
0.160	0.001	0.828	0.011
0.011	0.876	0.090	0.023
0.867	0.065	0.045	0.023
0.853	0.068	0.045	0.034
0.045	0.115	0.126	0.714
0.034	0.056	0.056	0.854
0.099	0.752	0.034	0.115
0.149	0.001	0.817	0.033
0.001	0.876	0.101	0.022
0.867	0.054	0.068	0.011
>CTGCVCTGCVCN	16-CTGCVCTGCVCN	8.248895	-108.836115	0	T:227.0(1.05%),B:91.9(0.34%),P:1e-47	Tpos:58.1,Tstd:27.1,Bpos:51.3,Bstd:32.3,StrandBias:0.6,Multiplicity:1.00
0.068	0.703	0.138	0.091
0.076	0.097	0.186	0.641
0.053	0.110	0.654	0.183
0.043	0.736	0.055	0.166
0.280	0.273	0.300	0.147
0.061	0.766	0.151	0.022
0.156	0.080	0.181	0.583
0.011	0.051	0.768	0.170
0.068	0.783	0.024	0.125
0.305	0.291	0.310	0.094
0.074	0.499	0.253	0.174
0.179	0.276	0.236	0.309
>ATCCATCCATCC	17-ATCCATCCATCC	9.833352	-104.956873	0	T:81.0(0.37%),B:12.9(0.05%),P:1e-45	Tpos:56.6,Tstd:28.0,Bpos:56.4,Bstd:16.6,StrandBias:3.9,Multiplicity:1.00
0.885	0.008	0.065	0.042
0.008	0.008	0.008	0.976
0.008	0.983	0.008	0.001
0.001	0.997	0.001	0.001
0.991	0.007	0.001	0.001
0.001	0.001	0.022	0.976
0.001	0.991	0.001	0.007
0.001	0.991	0.007	0.001
0.969	0.001	0.022	0.008
0.001	0.008	0.008	0.983
0.008	0.961	0.008	0.023
0.042	0.912	0.023	0.023
>CTTGCAGTCGCA	18-CTTGCAGTCGCA	10.847817	-97.189668	0	T:80.0(0.37%),B:13.1(0.05%),P:1e-42	Tpos:55.7,Tstd:25.7,Bpos:78.9,Bstd:18.5,StrandBias:0.0,Multiplicity:1.00
0.108	0.729	0.054	0.109
0.018	0.018	0.009	0.955
0.027	0.146	0.220	0.607
0.001	0.009	0.954	0.036
0.036	0.847	0.063	0.054
0.892	0.018	0.036	0.054
0.063	0.045	0.856	0.036
0.018	0.090	0.054	0.838
0.036	0.711	0.211	0.042
0.018	0.070	0.858	0.054
0.036	0.928	0.018	0.018
0.838	0.045	0.054	0.063
>TAGCAATTAGCA	19-TAGCAATTAGCA	10.631634	-62.321964	0	T:30.0(0.14%),B:2.6(0.01%),P:1e-27	Tpos:45.9,Tstd:26.5,Bpos:24.0,Bstd:21.3,StrandBias:0.6,Multiplicity:1.04
0.147	0.057	0.083	0.713
0.813	0.047	0.010	0.130
0.060	0.020	0.900	0.020
0.037	0.820	0.057	0.086
0.590	0.133	0.097	0.180
0.750	0.070	0.146	0.034
0.170	0.206	0.198	0.427
0.043	0.119	0.093	0.745
0.799	0.027	0.070	0.104
0.063	0.091	0.800	0.046
0.030	0.857	0.056	0.057
0.797	0.029	0.070	0.104
>TTCACTTCACCT	20-TTCACTTCACCT	9.863630	-61.646726	0	T:68.0(0.31%),B:16.7(0.06%),P:1e-26	Tpos:52.5,Tstd:29.3,Bpos:48.8,Bstd:17.7,StrandBias:1.9,Multiplicity:1.00
0.070	0.080	0.047	0.803
0.012	0.082	0.047	0.859
0.047	0.846	0.059	0.048
0.707	0.095	0.083	0.115
0.056	0.803	0.047	0.094
0.059	0.056	0.047	0.838
0.036	0.047	0.012	0.905
0.012	0.893	0.071	0.024
0.905	0.001	0.024	0.070
0.081	0.792	0.045	0.082
0.035	0.841	0.048	0.076
0.048	0.062	0.060	0.830
>CCGTTTCAGTTT	21-CCGTTTCAGTTT	10.591266	-52.526689	0	T:40.0(0.18%),B:6.2(0.02%),P:1e-22	Tpos:41.7,Tstd:24.4,Bpos:58.2,Bstd:19.8,StrandBias:0.0,Multiplicity:1.00
0.070	0.797	0.016	0.117
0.094	0.638	0.015	0.253
0.072	0.108	0.542	0.278
0.008	0.101	0.078	0.813
0.040	0.162	0.008	0.790
0.008	0.008	0.252	0.732
0.015	0.969	0.008	0.008
0.640	0.117	0.024	0.219
0.055	0.131	0.692	0.122
0.023	0.008	0.008	0.961
0.016	0.155	0.016	0.813
0.008	0.086	0.184	0.722
>CGTCCCCGTCAC	22-CGTCCCCGTCAC	10.409522	-43.489502	0	T:47.0(0.22%),B:11.1(0.04%),P:1e-18	Tpos:52.6,Tstd:32.8,Bpos:58.8,Bstd:19.3,StrandBias:2.0,Multiplicity:1.00
0.100	0.700	0.100	0.100
0.100	0.100	0.700	0.100
0.100	0.100	0.100	0.700
0.100	0.700	0.100	0.100
0.100	0.700	0.100	0.100
0.100	0.700	0.100	0.100
0.100	0.700	0.100	0.100
0.100	0.100	0.700	0.100
0.100	0.100	0.100	0.700
0.100	0.700	0.100	0.100
0.700	0.100	0.100	0.100
0.100	0.700	0.100	0.100
>TCCGAGTTCCGA	23-TCCGAGTTCCGA	10.409522	-43.404474	0	T:33.0(0.15%),B:5.5(0.02%),P:1e-18	Tpos:62.9,Tstd:24.2,Bpos:48.6,Bstd:12.4,StrandBias:0.4,Multiplicity:1.00
0.100	0.100	0.100	0.700
0.100	0.700	0.100	0.100
0.100	0.700	0.100	0.100
0.100	0.100	0.700	0.100
0.700	0.100	0.100	0.100
0.100	0.100	0.700	0.100
0.100	0.100	0.100	0.700
0.100	0.100	0.100	0.700
0.100	0.700	0.100	0.100
0.100	0.700	0.100	0.100
0.100	0.100	0.700	0.100
0.700	0.100	0.100	0.100
>BTTTCTTTACCN	24-BTTTCTTTACCN	8.359861	-40.809240	0	T:29.0(0.13%),B:4.7(0.02%),P:1e-17	Tpos:53.7,Tstd:20.8,Bpos:69.0,Bstd:0.0,StrandBias:1.4,Multiplicity:1.00
0.189	0.220	0.348	0.243
0.112	0.155	0.109	0.624
0.095	0.125	0.099	0.681
0.097	0.138	0.129	0.636
0.094	0.667	0.107	0.132
0.108	0.128	0.100	0.664
0.085	0.147	0.120	0.648
0.093	0.167	0.133	0.607
0.535	0.155	0.149	0.161
0.101	0.641	0.124	0.134
0.110	0.636	0.106	0.148
0.222	0.312	0.207	0.259
>TATTCATTCATT	25-TATTCATTCATT	8.635465	-18.313564	0	T:27.0(0.12%),B:9.5(0.03%),P:1e-7	Tpos:36.1,Tstd:26.3,Bpos:69.0,Bstd:21.1,StrandBias:0.2,Multiplicity:1.00
0.113	0.130	0.109	0.648
0.592	0.147	0.116	0.145
0.110	0.100	0.088	0.702
0.077	0.110	0.090	0.723
0.098	0.652	0.108	0.142
0.620	0.136	0.103	0.141
0.109	0.095	0.095	0.701
0.083	0.128	0.082	0.707
0.095	0.668	0.113	0.124
0.641	0.117	0.117	0.125
0.119	0.112	0.105	0.664
0.082	0.133	0.103	0.682
>TATATA	1-TATATA	5.531539	-1876.148105	0	T:4619.0(21.35%),B:2175.9(7.99%),P:1e-814	Tpos:31.1,Tstd:10.7,Bpos:49.9,Bstd:38.8,StrandBias:-0.4,Multiplicity:1.17
0.001	0.035	0.001	0.963
0.621	0.001	0.001	0.377
0.108	0.001	0.001	0.890
0.980	0.001	0.018	0.001
0.001	0.021	0.001	0.977
0.997	0.001	0.001	0.001
>CCTCTC	2-CCTCTC	4.787622	-556.492736	0	T:10083.0(46.60%),B:9692.2(35.58%),P:1e-241	Tpos:55.0,Tstd:27.3,Bpos:49.9,Bstd:33.3,StrandBias:1.5,Multiplicity:1.42
0.030	0.648	0.001	0.321
0.001	0.774	0.224	0.001
0.119	0.085	0.001	0.795
0.001	0.997	0.001	0.001
0.001	0.001	0.001	0.997
0.001	0.997	0.001	0.001
>CCCGTC	3-CCCGTC	4.347229	-541.684759	0	T:9525.0(44.02%),B:9066.9(33.29%),P:1e-235	Tpos:53.2,Tstd:28.0,Bpos:50.6,Bstd:30.2,StrandBias:1.6,Multiplicity:1.32
0.001	0.836	0.001	0.162
0.001	0.997	0.001	0.001
0.171	0.827	0.001	0.001
0.163	0.001	0.835	0.001
0.001	0.129	0.001	0.869
0.001	0.997	0.001	0.001
>CACCGC	4-CACCGC	5.057991	-538.257449	0	T:12001.0(55.46%),B:12087.2(44.38%),P:1e-233	Tpos:56.7,Tstd:28.2,Bpos:49.8,Bstd:31.8,StrandBias:1.0,Multiplicity:1.55
0.001	0.997	0.001	0.001
0.536	0.187	0.276	0.001
0.001	0.810	0.188	0.001
0.297	0.472	0.001	0.231
0.194	0.057	0.748	0.001
0.001	0.997	0.001	0.001
>ARGCGR	5-ARGCGR	1.073742	-513.397609	0	T:8973.0(41.47%),B:8489.9(31.17%),P:1e-222	Tpos:53.6,Tstd:27.7,Bpos:49.5,Bstd:32.1,StrandBias:-0.5,Multiplicity:1.34
0.997	0.001	0.001	0.001
0.458	0.001	0.540	0.001
0.001	0.001	0.997	0.001
0.001	0.997	0.001	0.001
0.003	0.001	0.995	0.001
0.553	0.001	0.445	0.001
>CMMACC	6-CMMACC	5.896599	-506.135384	0	T:6708.0(31.00%),B:5917.3(21.72%),P:1e-219	Tpos:52.6,Tstd:27.5,Bpos:49.8,Bstd:30.9,StrandBias:2.2,Multiplicity:1.28
0.280	0.540	0.179	0.001
0.472	0.526	0.001	0.001
0.429	0.569	0.001	0.001
0.996	0.002	0.001	0.001
0.001	0.997	0.001	0.001
0.001	0.818	0.180	0.001
>TTAATA	7-TTAATA	3.531587	-475.257452	0	T:3228.0(14.92%),B:2324.4(8.53%),P:1e-206	Tpos:34.2,Tstd:20.0,Bpos:49.5,Bstd:37.0,StrandBias:0.0,Multiplicity:1.14
0.001	0.001	0.001	0.997
0.078	0.001	0.001	0.920
0.997	0.001	0.001	0.001
0.910	0.001	0.001	0.088
0.104	0.001	0.001	0.894
0.997	0.001	0.001	0.001
>AAAACC	8-AAAACC	3.474429	-397.407576	0	T:2965.0(13.70%),B:2191.7(8.05%),P:1e-172	Tpos:50.9,Tstd:26.1,Bpos:50.0,Bstd:34.8,StrandBias:1.6,Multiplicity:1.08
0.997	0.001	0.001	0.001
0.997	0.001	0.001	0.001
0.997	0.001	0.001	0.001
0.990	0.008	0.001	0.001
0.001	0.997	0.001	0.001
0.001	0.997	0.001	0.001
>GAAABG	9-GAAABG	4.787521	-333.330051	0	T:8783.0(40.59%),B:8791.5(32.28%),P:1e-144	Tpos:52.0,Tstd:28.0,Bpos:49.9,Bstd:32.3,StrandBias:-1.3,Multiplicity:1.29
0.187	0.032	0.780	0.001
0.632	0.001	0.366	0.001
0.929	0.069	0.001	0.001
0.594	0.144	0.043	0.219
0.182	0.190	0.334	0.293
0.001	0.001	0.997	0.001
>TGCGWK	10-TGCGWK	2.458026	-325.273390	0	T:6706.0(30.99%),B:6387.0(23.45%),P:1e-141	Tpos:52.9,Tstd:27.2,Bpos:49.6,Bstd:30.3,StrandBias:-1.3,Multiplicity:1.23
0.001	0.001	0.001	0.997
0.001	0.001	0.997	0.001
0.001	0.985	0.001	0.013
0.001	0.001	0.997	0.001
0.470	0.001	0.001	0.528
0.001	0.001	0.471	0.527
>GAAGCG	11-GAAGCG	5.827789	-232.458017	0	T:6232.0(28.80%),B:6142.0(22.55%),P:1e-100	Tpos:52.6,Tstd:27.9,Bpos:50.3,Bstd:31.5,StrandBias:-0.6,Multiplicity:1.14
0.001	0.001	0.997	0.001
0.997	0.001	0.001	0.001
0.829	0.169	0.001	0.001
0.001	0.224	0.655	0.120
0.157	0.841	0.001	0.001
0.001	0.001	0.997	0.001
>TGCAGT	12-TGCAGT	1.394987	-171.581836	0	T:4291.0(19.83%),B:4137.4(15.19%),P:1e-74	Tpos:50.4,Tstd:28.3,Bpos:50.9,Bstd:30.0,StrandBias:-0.4,Multiplicity:1.08
0.001	0.001	0.001	0.997
0.001	0.001	0.997	0.001
0.001	0.997	0.001	0.001
0.875	0.102	0.022	0.001
0.001	0.001	0.997	0.001
0.001	0.001	0.001	0.997
>CAGTCC	13-CAGTCC	6.177716	-141.840938	0	T:1191.0(5.50%),B:898.7(3.30%),P:1e-61	Tpos:53.2,Tstd:26.8,Bpos:49.5,Bstd:31.1,StrandBias:1.6,Multiplicity:1.02
0.100	0.700	0.100	0.100
0.700	0.100	0.100	0.100
0.100	0.100	0.700	0.100
0.100	0.100	0.100	0.700
0.100	0.700	0.100	0.100
0.100	0.700	0.100	0.100
>TCCGCT	14-TCCGCT	6.177716	-135.853108	0	T:1455.0(6.72%),B:1172.3(4.30%),P:1e-58	Tpos:54.4,Tstd:28.2,Bpos:47.8,Bstd:32.6,StrandBias:1.1,Multiplicity:1.03
0.100	0.100	0.100	0.700
0.100	0.700	0.100	0.100
0.100	0.700	0.100	0.100
0.100	0.100	0.700	0.100
0.100	0.700	0.100	0.100
0.100	0.100	0.100	0.700
>TCAATC	15-TCAATC	5.006107	-116.675396	0	T:2426.0(11.21%),B:2249.2(8.26%),P:1e-50	Tpos:52.9,Tstd:29.0,Bpos:49.9,Bstd:26.6,StrandBias:0.5,Multiplicity:1.12
0.188	0.043	0.260	0.509
0.289	0.615	0.037	0.059
0.581	0.066	0.352	0.001
0.576	0.001	0.388	0.035
0.036	0.126	0.128	0.710
0.035	0.809	0.097	0.059
>CTACTA	16-CTACTA	7.893422	-113.809027	0	T:857.0(3.96%),B:625.5(2.30%),P:1e-49	Tpos:46.3,Tstd:26.6,Bpos:51.0,Bstd:30.0,StrandBias:0.6,Multiplicity:1.21
0.001	0.861	0.137	0.001
0.001	0.001	0.001	0.997
0.997	0.001	0.001	0.001
0.001	0.769	0.229	0.001
0.001	0.001	0.001	0.997
0.997	0.001	0.001	0.001
>TATGTA	17-TATGTA	6.177716	-47.425637	0	T:542.0(2.50%),B:444.0(1.63%),P:1e-20	Tpos:37.8,Tstd:21.9,Bpos:50.4,Bstd:32.7,StrandBias:-1.0,Multiplicity:1.06
0.100	0.100	0.100	0.700
0.700	0.100	0.100	0.100
0.100	0.100	0.100	0.700
0.100	0.100	0.700	0.100
0.100	0.100	0.100	0.700
0.700	0.100	0.100	0.100
>AGCTAG	18-AGCTAG	6.177716	-41.583753	0	T:1382.0(6.39%),B:1370.6(5.03%),P:1e-18	Tpos:56.4,Tstd:29.2,Bpos:51.0,Bstd:30.3,StrandBias:-0.1,Multiplicity:1.27
0.700	0.100	0.100	0.100
0.100	0.100	0.700	0.100
0.100	0.700	0.100	0.100
0.100	0.100	0.100	0.700
0.700	0.100	0.100	0.100
0.100	0.100	0.700	0.100
>TATATADM	1-TATATADM	5.232571	-1907.052216	0	T:4473.0(20.67%),B:2040.2(7.49%),P:1e-828	Tpos:31.2,Tstd:10.3,Bpos:50.0,Bstd:38.4,StrandBias:0.2,Multiplicity:1.07
0.001	0.020	0.001	0.978
0.896	0.001	0.034	0.069
0.057	0.068	0.001	0.874
0.921	0.001	0.001	0.077
0.309	0.029	0.001	0.661
0.997	0.001	0.001	0.001
0.299	0.112	0.326	0.263
0.389	0.347	0.214	0.050
>CCCAYCCC	2-CCCAYCCC	5.144533	-1123.874795	0	T:10306.0(47.63%),B:8751.1(32.13%),P:1e-488	Tpos:55.0,Tstd:26.9,Bpos:50.4,Bstd:32.2,StrandBias:2.3,Multiplicity:1.58
0.001	0.652	0.001	0.346
0.001	0.997	0.001	0.001
0.257	0.695	0.047	0.001
0.610	0.142	0.117	0.131
0.108	0.394	0.001	0.497
0.001	0.631	0.001	0.367
0.044	0.793	0.100	0.063
0.092	0.906	0.001	0.001
>CYCGYCTC	3-CYCGYCTC	4.437683	-878.622186	0	T:12087.0(55.86%),B:11362.5(41.72%),P:1e-381	Tpos:56.3,Tstd:27.3,Bpos:50.0,Bstd:32.6,StrandBias:1.3,Multiplicity:1.40
0.021	0.538	0.227	0.214
0.102	0.376	0.125	0.397
0.062	0.865	0.030	0.043
0.082	0.282	0.467	0.169
0.113	0.410	0.069	0.408
0.069	0.548	0.090	0.293
0.050	0.086	0.243	0.621
0.077	0.691	0.005	0.227
>TTWAAAVG	4-TTWAAAVG	4.605783	-684.042932	0	T:2837.0(13.11%),B:1695.7(6.23%),P:1e-297	Tpos:34.8,Tstd:19.6,Bpos:50.5,Bstd:35.7,StrandBias:-0.1,Multiplicity:1.11
0.168	0.130	0.042	0.660
0.209	0.063	0.094	0.634
0.514	0.069	0.051	0.366
0.684	0.024	0.064	0.228
0.500	0.125	0.050	0.326
0.571	0.072	0.119	0.238
0.303	0.392	0.256	0.050
0.142	0.203	0.566	0.089
>CACASCAC	5-CACASCAC	4.948537	-667.470421	0	T:7550.0(34.89%),B:6501.8(23.87%),P:1e-289	Tpos:52.7,Tstd:26.8,Bpos:49.6,Bstd:29.9,StrandBias:1.5,Multiplicity:1.23
0.333	0.665	0.001	0.001
0.752	0.119	0.050	0.079
0.357	0.641	0.001	0.001
0.466	0.291	0.191	0.052
0.041	0.379	0.369	0.211
0.300	0.677	0.022	0.001
0.864	0.076	0.059	0.001
0.156	0.842	0.001	0.001
>YYYCCSTY	6-YYYCCSTY	4.463678	-621.198121	0	T:6782.0(31.34%),B:5749.2(21.11%),P:1e-269	Tpos:53.6,Tstd:27.9,Bpos:49.9,Bstd:30.1,StrandBias:1.2,Multiplicity:1.08
0.034	0.418	0.229	0.319
0.191	0.317	0.149	0.342
0.204	0.408	0.001	0.387
0.001	0.600	0.001	0.398
0.350	0.648	0.001	0.001
0.179	0.242	0.379	0.201
0.208	0.119	0.001	0.672
0.116	0.510	0.001	0.373
>AAACCCTA	7-AAACCCTA	7.366303	-507.295268	0	T:1261.0(5.83%),B:567.8(2.08%),P:1e-220	Tpos:55.9,Tstd:26.5,Bpos:52.0,Bstd:31.8,StrandBias:1.1,Multiplicity:1.05
0.907	0.001	0.091	0.001
0.997	0.001	0.001	0.001
0.997	0.001	0.001	0.001
0.001	0.959	0.039	0.001
0.001	0.997	0.001	0.001
0.001	0.997	0.001	0.001
0.076	0.001	0.001	0.922
0.749	0.125	0.001	0.125
>DGWGWGWG	8-DGWGWGWG	5.592101	-464.421772	0	T:5416.0(25.03%),B:4596.8(16.88%),P:1e-201	Tpos:56.3,Tstd:26.6,Bpos:49.6,Bstd:31.8,StrandBias:-1.6,Multiplicity:1.19
0.280	0.130	0.277	0.313
0.050	0.001	0.948	0.001
0.496	0.113	0.001	0.390
0.077	0.008	0.914	0.001
0.357	0.174	0.028	0.440
0.001	0.001	0.997	0.001
0.496	0.001	0.029	0.473
0.001	0.111	0.887	0.001
>CGGCAGCC	9-CGGCAGCC	6.545627	-458.284030	0	T:4782.0(22.10%),B:3933.6(14.44%),P:1e-199	Tpos:54.6,Tstd:28.0,Bpos:49.4,Bstd:32.4,StrandBias:0.9,Multiplicity:1.12
0.176	0.822	0.001	0.001
0.001	0.334	0.664	0.001
0.001	0.238	0.760	0.001
0.001	0.997	0.001	0.001
0.582	0.343	0.001	0.074
0.001	0.001	0.997	0.001
0.001	0.495	0.245	0.260
0.001	0.979	0.001	0.019
>ATAAATAS	10-ATAAATAS	7.484414	-423.315146	0	T:953.0(4.40%),B:401.8(1.48%),P:1e-183	Tpos:39.7,Tstd:22.2,Bpos:45.7,Bstd:33.8,StrandBias:0.2,Multiplicity:1.07
0.715	0.001	0.001	0.283
0.001	0.159	0.001	0.839
0.920	0.001	0.001	0.078
0.507	0.256	0.236	0.001
0.726	0.001	0.269	0.004
0.001	0.001	0.062	0.936
0.997	0.001	0.001	0.001
0.129	0.362	0.450	0.059
>CGAAKCGA	11-CGAAKCGA	4.712692	-388.209624	0	T:5457.0(25.22%),B:4815.9(17.68%),P:1e-168	Tpos:52.2,Tstd:28.1,Bpos:50.4,Bstd:29.2,StrandBias:-0.1,Multiplicity:1.14
0.030	0.867	0.087	0.016
0.075	0.118	0.779	0.028
0.656	0.047	0.230	0.067
0.618	0.064	0.056	0.262
0.211	0.154	0.243	0.392
0.052	0.691	0.140	0.117
0.103	0.137	0.742	0.018
0.633	0.014	0.323	0.030
>CACACASC	12-CACACASC	6.359112	-380.281364	0	T:3572.0(16.51%),B:2830.3(10.39%),P:1e-165	Tpos:55.8,Tstd:26.5,Bpos:50.0,Bstd:29.2,StrandBias:1.7,Multiplicity:1.04
0.001	0.997	0.001	0.001
0.956	0.001	0.042	0.001
0.060	0.640	0.299	0.001
0.561	0.280	0.158	0.001
0.046	0.952	0.001	0.001
0.510	0.188	0.082	0.220
0.070	0.285	0.414	0.232
0.024	0.974	0.001	0.001
>TATAAGTA	13-TATAAGTA	7.496966	-357.473205	0	T:935.0(4.32%),B:432.1(1.59%),P:1e-155	Tpos:33.6,Tstd:15.8,Bpos:48.9,Bstd:35.0,StrandBias:1.2,Multiplicity:1.01
0.369	0.001	0.001	0.629
0.997	0.001	0.001	0.001
0.001	0.115	0.001	0.883
0.997	0.001	0.001	0.001
0.997	0.001	0.001	0.001
0.386	0.001	0.612	0.001
0.001	0.001	0.001	0.997
0.997	0.001	0.001	0.001
>GCARGCWA	14-GCARGCWA	6.372710	-274.820532	0	T:2751.0(12.71%),B:2199.4(8.07%),P:1e-119	Tpos:56.3,Tstd:27.3,Bpos:49.8,Bstd:30.4,StrandBias:-0.2,Multiplicity:1.20
0.220	0.001	0.778	0.001
0.001	0.892	0.027	0.080
0.588	0.048	0.001	0.363
0.433	0.057	0.461	0.048
0.001	0.061	0.937	0.001
0.001	0.997	0.001	0.001
0.434	0.001	0.101	0.464
0.726	0.001	0.189	0.084
>TGCGCTGC	15-TGCGCTGC	7.008337	-232.340619	0	T:1424.0(6.58%),B:974.6(3.58%),P:1e-100	Tpos:56.1,Tstd:27.3,Bpos:50.6,Bstd:30.4,StrandBias:-0.3,Multiplicity:1.07
0.001	0.001	0.001	0.997
0.001	0.083	0.915	0.001
0.001	0.997	0.001	0.001
0.120	0.001	0.676	0.203
0.102	0.741	0.156	0.001
0.001	0.001	0.001	0.997
0.001	0.001	0.997	0.001
0.001	0.997	0.001	0.001
>CCGCTTCC	16-CCGCTTCC	5.748567	-211.956740	0	T:1662.0(7.68%),B:1232.4(4.52%),P:1e-92	Tpos:53.3,Tstd:28.4,Bpos:50.9,Bstd:32.1,StrandBias:0.9,Multiplicity:1.02
0.001	0.979	0.001	0.019
0.001	0.997	0.001	0.001
0.001	0.001	0.965	0.033
0.001	0.997	0.001	0.001
0.001	0.001	0.001	0.997
0.001	0.001	0.001	0.997
0.001	0.597	0.001	0.401
0.001	0.659	0.001	0.339
>GCCGCRGC	17-GCCGCRGC	6.458417	-205.999656	0	T:3209.0(14.83%),B:2838.2(10.42%),P:1e-89	Tpos:54.9,Tstd:27.5,Bpos:50.0,Bstd:32.1,StrandBias:-0.0,Multiplicity:1.05
0.090	0.001	0.819	0.090
0.206	0.699	0.001	0.094
0.001	0.566	0.277	0.156
0.074	0.001	0.924	0.001
0.001	0.997	0.001	0.001
0.402	0.131	0.466	0.001
0.115	0.001	0.797	0.087
0.080	0.757	0.001	0.162
>ACAAAACC	18-ACAAAACC	7.816229	-194.378330	0	T:981.0(4.53%),B:623.0(2.29%),P:1e-84	Tpos:49.2,Tstd:26.5,Bpos:52.5,Bstd:32.2,StrandBias:1.8,Multiplicity:1.02
0.597	0.195	0.001	0.207
0.001	0.997	0.001	0.001
0.857	0.141	0.001	0.001
0.694	0.205	0.001	0.100
0.997	0.001	0.001	0.001
0.862	0.001	0.136	0.001
0.001	0.866	0.001	0.132
0.001	0.997	0.001	0.001
>CTACTAGT	19-CTACTAGT	4.252023	-144.344524	0	T:451.0(2.08%),B:230.6(0.85%),P:1e-62	Tpos:43.4,Tstd:24.8,Bpos:50.2,Bstd:28.7,StrandBias:0.2,Multiplicity:1.04
0.001	0.993	0.005	0.001
0.001	0.001	0.001	0.997
0.997	0.001	0.001	0.001
0.001	0.723	0.275	0.001
0.001	0.001	0.001	0.997
0.997	0.001	0.001	0.001
0.001	0.301	0.697	0.001
0.001	0.001	0.001	0.997
>CTGGACTG	20-CTGGACTG	6.057083	-143.958241	0	T:1419.0(6.56%),B:1119.7(4.11%),P:1e-62	Tpos:51.4,Tstd:27.6,Bpos:49.0,Bstd:30.0,StrandBias:-0.6,Multiplicity:1.06
0.001	0.832	0.166	0.001
0.001	0.001	0.001	0.997
0.071	0.001	0.927	0.001
0.075	0.001	0.865	0.059
0.705	0.293	0.001	0.001
0.001	0.997	0.001	0.001
0.001	0.001	0.001	0.997
0.001	0.083	0.915	0.001
>TTTCTTTT	21-TTTCTTTT	4.054757	-127.133567	0	T:1108.0(5.12%),B:844.2(3.10%),P:1e-55	Tpos:46.6,Tstd:26.6,Bpos:48.1,Bstd:34.1,StrandBias:-0.1,Multiplicity:1.09
0.001	0.001	0.001	0.997
0.001	0.001	0.001	0.997
0.001	0.001	0.001	0.997
0.001	0.997	0.001	0.001
0.088	0.001	0.001	0.910
0.001	0.001	0.001	0.997
0.001	0.001	0.001	0.997
0.082	0.021	0.001	0.896
>ACACAGMC	22-ACACAGMC	7.816235	-115.608903	0	T:591.0(2.73%),B:377.3(1.39%),P:1e-50	Tpos:51.1,Tstd:27.4,Bpos:50.3,Bstd:27.9,StrandBias:0.8,Multiplicity:1.04
0.997	0.001	0.001	0.001
0.001	0.757	0.241	0.001
0.855	0.001	0.143	0.001
0.001	0.997	0.001	0.001
0.776	0.001	0.222	0.001
0.001	0.001	0.997	0.001
0.447	0.341	0.210	0.001
0.068	0.698	0.011	0.223
>ATCAAWCV	23-ATCAAWCV	6.474522	-98.502006	0	T:796.0(3.68%),B:593.0(2.18%),P:1e-42	Tpos:49.4,Tstd:27.5,Bpos:49.3,Bstd:28.7,StrandBias:0.9,Multiplicity:1.06
0.766	0.092	0.043	0.099
0.337	0.076	0.001	0.586
0.001	0.769	0.161	0.069
0.653	0.001	0.345	0.001
0.541	0.001	0.214	0.244
0.462	0.001	0.001	0.536
0.028	0.853	0.118	0.001
0.386	0.255	0.358	0.001
>TATTATAG	24-TATTATAG	7.476009	-90.586168	0	T:343.0(1.59%),B:193.2(0.71%),P:1e-39	Tpos:35.5,Tstd:19.6,Bpos:52.5,Bstd:34.2,StrandBias:-0.6,Multiplicity:1.02
0.001	0.001	0.001	0.997
0.823	0.175	0.001	0.001
0.001	0.001	0.001	0.997
0.121	0.001	0.001	0.877
0.997	0.001	0.001	0.001
0.001	0.001	0.001	0.997
0.830	0.001	0.001	0.168
0.214	0.080	0.705	0.001
>CGCTTCCC	25-CGCTTCCC	8.236954	-52.140751	0	T:195.0(0.90%),B:110.0(0.40%),P:1e-22	Tpos:54.1,Tstd:27.5,Bpos:52.6,Bstd:27.6,StrandBias:1.1,Multiplicity:1.00
0.100	0.700	0.100	0.100
0.100	0.100	0.700	0.100
0.100	0.700	0.100	0.100
0.100	0.100	0.100	0.700
0.100	0.100	0.100	0.700
0.100	0.700	0.100	0.100
0.100	0.700	0.100	0.100
0.100	0.700	0.100	0.100
