>TATATADAVS	1-TATATADAVS	5.579421	-1907.707152	0	T:3994.0(18.46%),B:1679.4(6.16%),P:1e-828	Tpos:31.2,Tstd:9.8,Bpos:52.1,Bstd:38.3,StrandBias:-0.0,Multiplicity:1.53
0.072	0.062	0.072	0.794
0.662	0.054	0.015	0.269
0.097	0.037	0.024	0.842
0.827	0.011	0.012	0.150
0.308	0.028	0.066	0.598
0.843	0.033	0.080	0.044
0.261	0.152	0.239	0.348
0.466	0.193	0.248	0.093
0.227	0.302	0.350	0.121
0.197	0.308	0.359	0.136
>GGGAGGGGRG	2-GGGAGGGGRG	5.639963	-1267.875328	0	T:8675.0(40.09%),B:6690.1(24.56%),P:1e-550	Tpos:55.7,Tstd:26.2,Bpos:50.4,Bstd:32.6,StrandBias:-2.2,Multiplicity:1.46
0.052	0.001	0.946	0.001
0.354	0.004	0.641	0.001
0.391	0.001	0.607	0.001
0.602	0.099	0.115	0.184
0.124	0.224	0.426	0.226
0.055	0.051	0.686	0.208
0.162	0.163	0.634	0.041
0.166	0.001	0.832	0.001
0.448	0.001	0.484	0.067
0.357	0.018	0.578	0.047
>CCAAWYCCCA	3-CCAAWYCCCA	5.930059	-837.835769	0	T:4733.0(21.87%),B:3264.3(11.98%),P:1e-363	Tpos:52.6,Tstd:26.7,Bpos:50.0,Bstd:30.7,StrandBias:1.9,Multiplicity:1.10
0.058	0.721	0.037	0.184
0.372	0.626	0.001	0.001
0.618	0.380	0.001	0.001
0.496	0.270	0.176	0.057
0.333	0.146	0.097	0.425
0.001	0.380	0.198	0.421
0.001	0.648	0.156	0.195
0.207	0.717	0.074	0.002
0.355	0.643	0.001	0.001
0.721	0.277	0.001	0.001
>CGTTTCGTTT	4-CGTTTCGTTT	4.503745	-785.823250	0	T:9646.0(44.58%),B:8639.5(31.71%),P:1e-341	Tpos:51.3,Tstd:26.7,Bpos:50.2,Bstd:31.6,StrandBias:-0.1,Multiplicity:1.34
0.007	0.668	0.194	0.131
0.068	0.153	0.586	0.193
0.088	0.286	0.074	0.552
0.001	0.153	0.073	0.773
0.001	0.136	0.170	0.693
0.001	0.728	0.168	0.103
0.087	0.210	0.569	0.134
0.086	0.156	0.120	0.638
0.001	0.165	0.077	0.757
0.001	0.175	0.109	0.715
>CCGCCGCCTC	5-CCGCCGCCTC	5.686412	-715.697888	0	T:6231.0(28.80%),B:4976.1(18.27%),P:1e-310	Tpos:59.9,Tstd:26.6,Bpos:49.5,Bstd:31.0,StrandBias:1.4,Multiplicity:1.17
0.069	0.658	0.054	0.219
0.087	0.627	0.102	0.184
0.112	0.104	0.641	0.143
0.048	0.574	0.061	0.317
0.107	0.678	0.058	0.157
0.065	0.066	0.552	0.317
0.057	0.714	0.085	0.144
0.094	0.641	0.128	0.137
0.160	0.081	0.299	0.460
0.060	0.701	0.104	0.135
>MMMMMMMMMM	6-MMMMMMMMMM	5.749932	-625.428081	0	T:4465.0(20.63%),B:3309.6(12.15%),P:1e-271	Tpos:54.1,Tstd:25.9,Bpos:50.0,Bstd:30.1,StrandBias:2.3,Multiplicity:1.09
0.432	0.472	0.001	0.095
0.432	0.468	0.099	0.001
0.469	0.439	0.090	0.001
0.445	0.431	0.061	0.063
0.448	0.468	0.083	0.001
0.417	0.450	0.096	0.037
0.471	0.508	0.009	0.012
0.396	0.450	0.086	0.069
0.445	0.477	0.078	0.001
0.403	0.475	0.106	0.016
>GGABGGATGG	7-GGABGGATGG	6.617273	-603.325760	0	T:3630.0(16.78%),B:2524.2(9.27%),P:1e-262	Tpos:52.2,Tstd:27.8,Bpos:49.6,Bstd:29.8,StrandBias:-1.9,Multiplicity:1.06
0.001	0.085	0.824	0.090
0.286	0.001	0.712	0.001
0.456	0.222	0.221	0.102
0.069	0.341	0.261	0.329
0.080	0.001	0.573	0.346
0.001	0.001	0.997	0.001
0.534	0.177	0.283	0.006
0.153	0.260	0.001	0.586
0.001	0.043	0.955	0.001
0.142	0.050	0.807	0.001
>AAACCCTAGC	8-AAACCCTAGC	7.633614	-469.667350	0	T:916.0(4.23%),B:349.7(1.28%),P:1e-203	Tpos:56.0,Tstd:26.7,Bpos:50.0,Bstd:32.0,StrandBias:0.9,Multiplicity:1.03
0.892	0.023	0.065	0.020
0.997	0.001	0.001	0.001
0.997	0.001	0.001	0.001
0.024	0.961	0.004	0.011
0.004	0.994	0.001	0.001
0.001	0.997	0.001	0.001
0.005	0.001	0.001	0.993
0.828	0.147	0.009	0.016
0.034	0.088	0.877	0.001
0.088	0.730	0.096	0.086
>CACACACACA	9-CACACACACA	6.354684	-429.923386	0	T:2344.0(10.83%),B:1552.1(5.70%),P:1e-186	Tpos:56.1,Tstd:26.4,Bpos:51.4,Bstd:30.4,StrandBias:1.6,Multiplicity:1.08
0.029	0.915	0.032	0.024
0.690	0.016	0.230	0.064
0.033	0.761	0.188	0.018
0.678	0.146	0.106	0.070
0.013	0.764	0.202	0.021
0.485	0.073	0.271	0.171
0.039	0.875	0.066	0.020
0.625	0.089	0.278	0.008
0.022	0.897	0.047	0.034
0.715	0.140	0.080	0.065
>TCTCTCTCTC	10-TCTCTCTCTC	6.380987	-399.606399	0	T:3190.0(14.74%),B:2410.3(8.85%),P:1e-173	Tpos:57.0,Tstd:26.6,Bpos:50.0,Bstd:32.5,StrandBias:1.2,Multiplicity:1.07
0.053	0.127	0.064	0.756
0.046	0.836	0.082	0.036
0.068	0.068	0.126	0.738
0.056	0.872	0.045	0.027
0.062	0.049	0.086	0.803
0.051	0.837	0.085	0.027
0.083	0.075	0.094	0.748
0.073	0.834	0.040	0.053
0.071	0.073	0.110	0.746
0.041	0.830	0.054	0.075
>TCACATCDCA	11-TCACATCDCA	6.784135	-341.333056	0	T:1839.0(8.50%),B:1206.1(4.43%),P:1e-148	Tpos:55.1,Tstd:26.1,Bpos:51.7,Bstd:28.0,StrandBias:1.7,Multiplicity:1.06
0.221	0.066	0.173	0.540
0.001	0.997	0.001	0.001
0.511	0.074	0.141	0.274
0.105	0.890	0.004	0.001
0.462	0.243	0.213	0.083
0.092	0.160	0.213	0.535
0.001	0.997	0.001	0.001
0.374	0.001	0.301	0.323
0.001	0.997	0.001	0.001
0.637	0.249	0.077	0.037
>CTAGCTAGCT	12-CTAGCTAGCT	8.252718	-210.900061	0	T:354.0(1.64%),B:120.1(0.44%),P:1e-91	Tpos:57.7,Tstd:28.6,Bpos:49.3,Bstd:29.3,StrandBias:0.2,Multiplicity:1.03
0.141	0.591	0.122	0.146
0.075	0.233	0.051	0.641
0.477	0.065	0.175	0.283
0.025	0.025	0.768	0.182
0.014	0.943	0.028	0.015
0.054	0.019	0.048	0.879
0.593	0.017	0.151	0.239
0.009	0.059	0.730	0.202
0.009	0.548	0.121	0.322
0.153	0.223	0.058	0.566
>TGCAGTGCAG	13-TGCAGTGCAG	6.366037	-202.564500	0	T:758.0(3.50%),B:423.3(1.55%),P:1e-87	Tpos:57.5,Tstd:25.6,Bpos:50.5,Bstd:29.0,StrandBias:-0.6,Multiplicity:1.07
0.207	0.193	0.160	0.440
0.027	0.127	0.776	0.070
0.093	0.655	0.235	0.017
0.472	0.156	0.195	0.177
0.072	0.226	0.614	0.088
0.168	0.186	0.193	0.453
0.039	0.240	0.646	0.075
0.095	0.618	0.215	0.072
0.428	0.148	0.203	0.221
0.064	0.196	0.648	0.092
>TACTASTAGT	14-TACTASTAGT	5.958739	-196.889778	0	T:1163.0(5.37%),B:784.5(2.88%),P:1e-85	Tpos:49.3,Tstd:25.5,Bpos:49.0,Bstd:28.6,StrandBias:0.0,Multiplicity:1.05
0.179	0.193	0.183	0.445
0.593	0.050	0.254	0.103
0.001	0.577	0.416	0.006
0.010	0.154	0.052	0.784
0.868	0.001	0.112	0.019
0.001	0.458	0.540	0.001
0.001	0.175	0.007	0.817
0.812	0.044	0.110	0.034
0.001	0.385	0.593	0.021
0.120	0.203	0.063	0.614
>CTGCCTGCCT	15-CTGCCTGCCT	9.321965	-192.355042	0	T:335.0(1.55%),B:117.0(0.43%),P:1e-83	Tpos:52.8,Tstd:28.1,Bpos:48.3,Bstd:29.1,StrandBias:0.3,Multiplicity:1.01
0.014	0.901	0.042	0.043
0.001	0.011	0.037	0.951
0.001	0.014	0.954	0.031
0.001	0.794	0.185	0.020
0.001	0.982	0.001	0.016
0.001	0.004	0.015	0.980
0.020	0.016	0.963	0.001
0.049	0.938	0.012	0.001
0.001	0.957	0.041	0.001
0.078	0.109	0.029	0.784
>TGCAGACTGC	16-TGCAGACTGC	8.673505	-133.246238	0	T:343.0(1.59%),B:157.5(0.58%),P:1e-57	Tpos:52.2,Tstd:25.7,Bpos:47.3,Bstd:30.6,StrandBias:-0.5,Multiplicity:1.04
0.036	0.001	0.001	0.962
0.005	0.040	0.954	0.001
0.040	0.864	0.040	0.056
0.743	0.127	0.085	0.045
0.001	0.069	0.929	0.001
0.664	0.128	0.098	0.110
0.001	0.956	0.031	0.012
0.001	0.001	0.001	0.997
0.001	0.004	0.994	0.001
0.039	0.959	0.001	0.001
>TCAGTCCTCA	17-TCAGTCCTCA	7.233952	-119.317157	0	T:362.0(1.67%),B:182.2(0.67%),P:1e-51	Tpos:56.1,Tstd:25.7,Bpos:55.5,Bstd:26.6,StrandBias:1.6,Multiplicity:1.04
0.001	0.001	0.012	0.986
0.001	0.997	0.001	0.001
0.986	0.001	0.001	0.012
0.054	0.069	0.872	0.005
0.025	0.194	0.001	0.780
0.013	0.894	0.039	0.054
0.089	0.740	0.082	0.089
0.013	0.001	0.004	0.982
0.001	0.994	0.004	0.001
0.874	0.001	0.071	0.054
>CTACAAATAC	18-CTACAAATAC	9.257123	-109.660318	0	T:137.0(0.63%),B:36.8(0.14%),P:1e-47	Tpos:36.2,Tstd:16.8,Bpos:46.3,Bstd:28.2,StrandBias:2.2,Multiplicity:1.01
0.038	0.874	0.023	0.065
0.011	0.004	0.001	0.984
0.976	0.001	0.001	0.022
0.001	0.964	0.034	0.001
0.987	0.001	0.001	0.011
0.995	0.001	0.001	0.003
0.886	0.091	0.019	0.004
0.035	0.004	0.035	0.926
0.929	0.035	0.035	0.001
0.001	0.732	0.266	0.001
>CGCCTATTTA	19-CGCCTATTTA	10.567755	-109.005492	0	T:80.0(0.37%),B:11.8(0.04%),P:1e-47	Tpos:33.1,Tstd:13.0,Bpos:51.0,Bstd:16.2,StrandBias:0.4,Multiplicity:1.00
0.001	0.972	0.001	0.026
0.001	0.006	0.744	0.249
0.001	0.724	0.274	0.001
0.001	0.865	0.001	0.133
0.001	0.001	0.133	0.865
0.847	0.133	0.001	0.019
0.001	0.133	0.133	0.733
0.001	0.001	0.001	0.997
0.001	0.001	0.001	0.997
0.997	0.001	0.001	0.001
>CAATCAATCA	20-CAATCAATCA	7.006259	-93.389469	0	T:40.0(0.18%),B:2.7(0.01%),P:1e-40	Tpos:48.3,Tstd:29.9,Bpos:34.9,Bstd:13.5,StrandBias:1.3,Multiplicity:1.00
0.001	0.997	0.001	0.001
0.997	0.001	0.001	0.001
0.991	0.001	0.007	0.001
0.001	0.001	0.001	0.997
0.001	0.997	0.001	0.001
0.997	0.001	0.001	0.001
0.997	0.001	0.001	0.001
0.001	0.001	0.001	0.997
0.001	0.997	0.001	0.001
0.844	0.154	0.001	0.001
>ATTTATTTAT	21-ATTTATTTAT	9.845972	-92.922067	0	T:111.0(0.51%),B:28.1(0.10%),P:1e-40	Tpos:37.9,Tstd:22.3,Bpos:63.8,Bstd:21.1,StrandBias:-0.5,Multiplicity:1.02
0.931	0.005	0.063	0.001
0.045	0.029	0.001	0.925
0.001	0.005	0.029	0.965
0.001	0.001	0.083	0.915
0.970	0.001	0.028	0.001
0.016	0.046	0.006	0.932
0.001	0.001	0.045	0.953
0.035	0.001	0.001	0.963
0.665	0.001	0.229	0.105
0.016	0.029	0.046	0.909
>CTTTACCCTA	22-CTTTACCCTA	9.141500	-71.343718	0	T:33.0(0.15%),B:3.0(0.01%),P:1e-30	Tpos:48.4,Tstd:20.6,Bpos:64.0,Bstd:19.8,StrandBias:2.1,Multiplicity:1.00
0.001	0.936	0.001	0.062
0.001	0.001	0.001	0.997
0.001	0.001	0.001	0.997
0.001	0.001	0.001	0.997
0.987	0.001	0.011	0.001
0.097	0.901	0.001	0.001
0.001	0.997	0.001	0.001
0.011	0.987	0.001	0.001
0.011	0.001	0.001	0.987
0.997	0.001	0.001	0.001
>CGCAACTCRC	23-CGCAACTCRC	11.574566	-66.142004	0	T:43.0(0.20%),B:5.4(0.02%),P:1e-28	Tpos:54.8,Tstd:28.2,Bpos:32.7,Bstd:10.9,StrandBias:1.1,Multiplicity:1.03
0.266	0.732	0.001	0.001
0.001	0.001	0.997	0.001
0.001	0.997	0.001	0.001
0.997	0.001	0.001	0.001
0.997	0.001	0.001	0.001
0.001	0.997	0.001	0.001
0.001	0.001	0.001	0.997
0.001	0.997	0.001	0.001
0.532	0.001	0.466	0.001
0.001	0.732	0.001	0.266
>TTATCTTCTC	24-TTATCTTCTC	8.801260	-47.625549	0	T:45.0(0.21%),B:9.9(0.04%),P:1e-20	Tpos:43.8,Tstd:26.0,Bpos:30.4,Bstd:17.2,StrandBias:1.5,Multiplicity:1.00
0.001	0.001	0.001	0.997
0.001	0.001	0.001	0.997
0.997	0.001	0.001	0.001
0.001	0.001	0.001	0.997
0.001	0.997	0.001	0.001
0.001	0.001	0.009	0.989
0.001	0.001	0.001	0.997
0.001	0.997	0.001	0.001
0.001	0.001	0.001	0.997
0.001	0.721	0.001	0.277
>GGCCGCCCGC	25-GGCCGCCCGC	10.296193	-35.181674	0	T:40.0(0.18%),B:11.0(0.04%),P:1e-15	Tpos:48.1,Tstd:25.9,Bpos:37.5,Bstd:11.6,StrandBias:0.8,Multiplicity:1.00
0.100	0.100	0.700	0.100
0.100	0.100	0.700	0.100
0.100	0.700	0.100	0.100
0.100	0.700	0.100	0.100
0.100	0.100	0.700	0.100
0.100	0.700	0.100	0.100
0.100	0.700	0.100	0.100
0.100	0.700	0.100	0.100
0.100	0.100	0.700	0.100
0.100	0.700	0.100	0.100
>TATATAWANVVV	1-TATATAWANVVV	5.176410	-1869.861039	0	T:4785.0(22.11%),B:2312.9(8.49%),P:1e-812	Tpos:31.6,Tstd:10.7,Bpos:51.2,Bstd:37.1,StrandBias:0.2,Multiplicity:1.19
0.115	0.197	0.117	0.571
0.526	0.177	0.033	0.264
0.052	0.045	0.002	0.901
0.848	0.001	0.001	0.150
0.247	0.024	0.006	0.723
0.968	0.001	0.009	0.022
0.316	0.106	0.176	0.402
0.573	0.143	0.197	0.087
0.238	0.248	0.279	0.236
0.317	0.237	0.299	0.147
0.213	0.352	0.287	0.148
0.252	0.304	0.309	0.135
>CCCCHCCCCHCC	2-CCCCHCCCCHCC	5.438668	-1095.660344	0	T:8069.0(37.29%),B:6301.3(23.13%),P:1e-475	Tpos:56.3,Tstd:25.8,Bpos:50.3,Bstd:31.0,StrandBias:2.4,Multiplicity:1.32
0.050	0.832	0.039	0.079
0.184	0.619	0.044	0.153
0.107	0.765	0.056	0.072
0.176	0.721	0.044	0.059
0.290	0.379	0.080	0.252
0.073	0.738	0.099	0.090
0.122	0.623	0.082	0.173
0.132	0.666	0.086	0.116
0.079	0.868	0.030	0.023
0.306	0.325	0.152	0.216
0.092	0.732	0.083	0.093
0.052	0.866	0.029	0.053
>CTCBTCTCBTCY	3-CTCBTCTCBTCY	4.167220	-889.915762	0	T:14874.0(68.74%),B:14909.3(54.73%),P:1e-386	Tpos:55.8,Tstd:26.3,Bpos:50.1,Bstd:32.4,StrandBias:1.2,Multiplicity:1.44
0.025	0.626	0.128	0.221
0.025	0.236	0.123	0.616
0.015	0.713	0.082	0.190
0.027	0.328	0.330	0.314
0.033	0.314	0.128	0.525
0.006	0.719	0.071	0.204
0.020	0.209	0.140	0.631
0.022	0.656	0.107	0.215
0.028	0.405	0.272	0.294
0.033	0.265	0.144	0.558
0.009	0.722	0.066	0.203
0.034	0.335	0.152	0.479
>GBTTGGGTTTGG	4-GBTTGGGTTTGG	6.670396	-673.597229	0	T:2954.0(13.65%),B:1810.9(6.65%),P:1e-292	Tpos:52.1,Tstd:25.7,Bpos:49.6,Bstd:30.5,StrandBias:-2.2,Multiplicity:1.08
0.053	0.136	0.557	0.254
0.057	0.237	0.335	0.370
0.082	0.090	0.240	0.588
0.154	0.006	0.226	0.614
0.001	0.001	0.689	0.309
0.001	0.001	0.997	0.001
0.087	0.099	0.538	0.276
0.001	0.177	0.001	0.821
0.001	0.001	0.001	0.997
0.001	0.091	0.352	0.556
0.010	0.095	0.655	0.240
0.107	0.075	0.552	0.266
>ATTCCCAATTCC	5-ATTCCCAATTCC	6.086831	-607.184818	0	T:2418.0(11.17%),B:1412.4(5.18%),P:1e-263	Tpos:55.4,Tstd:26.1,Bpos:47.3,Bstd:30.9,StrandBias:2.3,Multiplicity:1.09
0.452	0.248	0.151	0.149
0.208	0.259	0.077	0.456
0.059	0.230	0.086	0.625
0.040	0.627	0.095	0.238
0.083	0.731	0.090	0.096
0.229	0.581	0.129	0.061
0.624	0.213	0.120	0.043
0.492	0.184	0.183	0.141
0.170	0.192	0.132	0.506
0.044	0.227	0.086	0.643
0.037	0.694	0.079	0.190
0.085	0.693	0.088	0.134
>CTGTGTGTGTGT	6-CTGTGTGTGTGT	4.218480	-408.043613	0	T:3340.0(15.44%),B:2545.7(9.34%),P:1e-177	Tpos:55.0,Tstd:25.8,Bpos:50.9,Bstd:28.9,StrandBias:-1.5,Multiplicity:1.09
0.030	0.617	0.245	0.108
0.056	0.083	0.057	0.804
0.026	0.050	0.887	0.037
0.023	0.067	0.037	0.873
0.023	0.044	0.881	0.052
0.025	0.068	0.015	0.892
0.017	0.089	0.829	0.065
0.030	0.074	0.035	0.861
0.025	0.064	0.836	0.075
0.037	0.080	0.023	0.860
0.023	0.038	0.853	0.086
0.055	0.090	0.049	0.806
>TGCGRGCTGCGR	7-TGCGRGCTGCGR	8.225091	-211.406600	0	T:289.0(1.34%),B:82.4(0.30%),P:1e-91	Tpos:55.8,Tstd:25.6,Bpos:56.6,Bstd:27.5,StrandBias:-1.3,Multiplicity:1.05
0.001	0.025	0.001	0.973
0.001	0.001	0.997	0.001
0.001	0.702	0.001	0.296
0.001	0.001	0.997	0.001
0.499	0.001	0.499	0.001
0.060	0.056	0.871	0.013
0.001	0.595	0.001	0.403
0.001	0.001	0.034	0.964
0.001	0.001	0.997	0.001
0.001	0.715	0.001	0.283
0.001	0.001	0.997	0.001
0.464	0.001	0.500	0.035
>TGCAGACTGCAG	8-TGCAGACTGCAG	7.171588	-189.352103	0	T:629.0(2.91%),B:331.2(1.22%),P:1e-82	Tpos:55.6,Tstd:25.4,Bpos:46.6,Bstd:28.3,StrandBias:-0.2,Multiplicity:1.03
0.117	0.108	0.125	0.650
0.074	0.133	0.708	0.085
0.100	0.687	0.139	0.074
0.625	0.133	0.124	0.118
0.103	0.127	0.702	0.068
0.549	0.154	0.166	0.131
0.085	0.715	0.110	0.090
0.119	0.106	0.133	0.642
0.072	0.134	0.704	0.090
0.089	0.714	0.127	0.070
0.611	0.132	0.136	0.121
0.103	0.125	0.691	0.081
>TAGCTAGCTAGY	9-TAGCTAGCTAGY	6.770690	-154.110516	0	T:981.0(4.53%),B:678.6(2.49%),P:1e-66	Tpos:58.7,Tstd:26.2,Bpos:48.8,Bstd:28.5,StrandBias:-0.1,Multiplicity:1.06
0.157	0.201	0.169	0.472
0.542	0.131	0.173	0.154
0.053	0.063	0.851	0.033
0.049	0.876	0.037	0.038
0.104	0.127	0.044	0.725
0.680	0.093	0.108	0.119
0.044	0.071	0.856	0.029
0.049	0.849	0.046	0.056
0.106	0.133	0.098	0.663
0.445	0.148	0.236	0.170
0.103	0.293	0.480	0.124
0.106	0.411	0.141	0.341
>CTACTACTACTA	10-CTACTACTACTA	7.744847	-145.725358	0	T:396.0(1.83%),B:187.0(0.69%),P:1e-63	Tpos:49.4,Tstd:24.5,Bpos:49.4,Bstd:27.4,StrandBias:0.3,Multiplicity:1.06
0.110	0.577	0.269	0.044
0.147	0.056	0.043	0.754
0.811	0.029	0.143	0.017
0.001	0.747	0.244	0.008
0.034	0.148	0.004	0.814
0.911	0.017	0.059	0.013
0.013	0.640	0.343	0.004
0.013	0.026	0.013	0.948
0.848	0.034	0.114	0.004
0.009	0.601	0.377	0.013
0.039	0.160	0.025	0.776
0.637	0.112	0.149	0.102
>CGAGTCGCGAGT	11-CGAGTCGCGAGT	7.793596	-141.540351	0	T:351.0(1.62%),B:157.5(0.58%),P:1e-61	Tpos:56.9,Tstd:27.2,Bpos:52.8,Bstd:27.6,StrandBias:-0.2,Multiplicity:1.07
0.024	0.888	0.064	0.024
0.024	0.024	0.944	0.008
0.794	0.112	0.047	0.047
0.017	0.113	0.784	0.086
0.024	0.048	0.055	0.873
0.063	0.813	0.108	0.016
0.053	0.080	0.765	0.102
0.024	0.889	0.040	0.047
0.001	0.108	0.860	0.031
0.850	0.056	0.039	0.055
0.047	0.133	0.796	0.024
0.055	0.101	0.088	0.756
>CGAATCGAATCG	12-CGAATCGAATCG	8.693013	-138.964489	0	T:186.0(0.86%),B:52.3(0.19%),P:1e-60	Tpos:52.0,Tstd:27.4,Bpos:47.9,Bstd:25.1,StrandBias:1.5,Multiplicity:1.01
0.079	0.847	0.073	0.001
0.082	0.167	0.737	0.014
0.728	0.203	0.014	0.055
0.985	0.001	0.001	0.013
0.109	0.081	0.069	0.741
0.055	0.849	0.095	0.001
0.028	0.083	0.875	0.014
0.700	0.189	0.083	0.028
0.888	0.028	0.083	0.001
0.097	0.104	0.096	0.703
0.001	0.931	0.027	0.041
0.001	0.093	0.864	0.042
>CATCCATCCATC	13-CATCCATCCATC	9.627897	-137.985998	0	T:205.0(0.95%),B:63.4(0.23%),P:1e-59	Tpos:56.6,Tstd:27.2,Bpos:47.8,Bstd:19.4,StrandBias:2.5,Multiplicity:1.01
0.165	0.678	0.074	0.083
0.644	0.166	0.120	0.070
0.180	0.085	0.001	0.734
0.001	0.887	0.001	0.111
0.147	0.682	0.170	0.001
0.890	0.001	0.108	0.001
0.001	0.001	0.001	0.997
0.001	0.927	0.014	0.058
0.083	0.570	0.250	0.097
0.805	0.097	0.097	0.001
0.055	0.001	0.087	0.857
0.001	0.957	0.041	0.001
>ACTGCACTGCAC	14-ACTGCACTGCAC	10.579117	-96.284224	0	T:117.0(0.54%),B:30.0(0.11%),P:1e-41	Tpos:53.8,Tstd:27.8,Bpos:51.3,Bstd:34.0,StrandBias:0.4,Multiplicity:1.00
0.620	0.057	0.226	0.097
0.042	0.774	0.113	0.071
0.047	0.043	0.220	0.690
0.084	0.014	0.901	0.001
0.001	0.970	0.001	0.028
0.815	0.057	0.114	0.014
0.029	0.900	0.057	0.014
0.029	0.086	0.207	0.678
0.043	0.043	0.899	0.015
0.028	0.970	0.001	0.001
0.927	0.030	0.015	0.028
0.044	0.687	0.130	0.139
>GCAGGCAGGCAC	15-GCAGGCAGGCAC	9.968799	-87.512744	0	T:143.0(0.66%),B:48.2(0.18%),P:1e-38	Tpos:57.9,Tstd:26.4,Bpos:35.5,Bstd:27.4,StrandBias:-0.4,Multiplicity:1.00
0.043	0.094	0.835	0.028
0.111	0.657	0.041	0.191
0.624	0.059	0.168	0.149
0.049	0.139	0.772	0.040
0.049	0.072	0.764	0.115
0.031	0.826	0.025	0.118
0.871	0.079	0.028	0.022
0.137	0.069	0.787	0.007
0.022	0.312	0.605	0.061
0.028	0.599	0.178	0.195
0.578	0.166	0.113	0.143
0.028	0.563	0.372	0.037
>STGCGACTGCGN	16-STGCGACTGCGN	8.807380	-84.732067	0	T:54.0(0.25%),B:7.0(0.03%),P:1e-36	Tpos:60.0,Tstd:21.6,Bpos:60.9,Bstd:24.2,StrandBias:-1.0,Multiplicity:1.02
0.181	0.379	0.240	0.200
0.128	0.144	0.154	0.574
0.087	0.122	0.680	0.111
0.106	0.675	0.118	0.101
0.120	0.135	0.632	0.113
0.584	0.140	0.173	0.103
0.099	0.665	0.131	0.105
0.118	0.137	0.169	0.576
0.086	0.134	0.672	0.108
0.112	0.652	0.126	0.110
0.115	0.143	0.613	0.129
0.220	0.250	0.231	0.299
>SGCTAGGGTTTR	17-SGCTAGGGTTTR	9.427689	-83.970758	0	T:111.0(0.51%),B:31.6(0.12%),P:1e-36	Tpos:56.8,Tstd:26.6,Bpos:34.7,Bstd:32.4,StrandBias:-0.2,Multiplicity:1.00
0.169	0.402	0.255	0.173
0.186	0.119	0.557	0.138
0.120	0.617	0.105	0.158
0.052	0.070	0.270	0.608
0.692	0.076	0.090	0.142
0.093	0.089	0.689	0.129
0.152	0.007	0.790	0.051
0.159	0.018	0.721	0.102
0.105	0.069	0.110	0.716
0.065	0.087	0.140	0.708
0.218	0.127	0.128	0.527
0.364	0.170	0.263	0.203
>TAGGGTTTTCGC	18-TAGGGTTTTCGC	9.235897	-80.025681	0	T:119.0(0.55%),B:37.6(0.14%),P:1e-34	Tpos:57.4,Tstd:24.1,Bpos:85.5,Bstd:2.2,StrandBias:-0.2,Multiplicity:1.00
0.082	0.011	0.103	0.804
0.531	0.123	0.187	0.159
0.073	0.010	0.869	0.048
0.049	0.096	0.773	0.082
0.011	0.134	0.692	0.163
0.046	0.058	0.112	0.784
0.069	0.070	0.155	0.706
0.099	0.202	0.052	0.647
0.123	0.189	0.192	0.496
0.179	0.486	0.228	0.106
0.118	0.179	0.513	0.190
0.145	0.493	0.177	0.186
>TACAGSCTACAR	19-TACAGSCTACAR	10.376664	-77.943485	0	T:40.0(0.18%),B:3.8(0.01%),P:1e-33	Tpos:48.3,Tstd:26.0,Bpos:53.1,Bstd:14.8,StrandBias:0.9,Multiplicity:1.03
0.001	0.001	0.001	0.997
0.997	0.001	0.001	0.001
0.001	0.997	0.001	0.001
0.891	0.107	0.001	0.001
0.001	0.107	0.891	0.001
0.001	0.395	0.524	0.080
0.054	0.837	0.108	0.001
0.001	0.053	0.001	0.945
0.997	0.001	0.001	0.001
0.001	0.997	0.001	0.001
0.583	0.001	0.001	0.415
0.460	0.025	0.514	0.001
>ATCAATCAATCC	20-ATCAATCAATCC	11.331626	-75.119678	0	T:39.0(0.18%),B:3.3(0.01%),P:1e-32	Tpos:48.4,Tstd:28.1,Bpos:52.0,Bstd:25.4,StrandBias:0.9,Multiplicity:1.00
0.736	0.154	0.073	0.037
0.001	0.196	0.001	0.802
0.001	0.997	0.001	0.001
0.853	0.145	0.001	0.001
0.889	0.001	0.109	0.001
0.007	0.001	0.256	0.736
0.001	0.997	0.001	0.001
0.997	0.001	0.001	0.001
0.889	0.109	0.001	0.001
0.081	0.139	0.058	0.722
0.001	0.824	0.139	0.036
0.386	0.612	0.001	0.001
>CTGGCAGTCTGG	21-CTGGCAGTCTGG	12.114109	-69.548565	0	T:37.0(0.17%),B:3.8(0.01%),P:1e-30	Tpos:53.7,Tstd:23.2,Bpos:56.5,Bstd:18.6,StrandBias:0.9,Multiplicity:1.03
0.001	0.997	0.001	0.001
0.027	0.027	0.001	0.945
0.001	0.001	0.997	0.001
0.001	0.001	0.997	0.001
0.027	0.829	0.001	0.143
0.701	0.001	0.221	0.077
0.001	0.142	0.856	0.001
0.001	0.027	0.077	0.895
0.027	0.971	0.001	0.001
0.001	0.027	0.001	0.971
0.001	0.001	0.997	0.001
0.001	0.027	0.971	0.001
>CCCCCAAGGCCC	22-CCCCCAAGGCCC	10.996668	-69.180162	0	T:68.0(0.31%),B:14.6(0.05%),P:1e-30	Tpos:44.8,Tstd:24.9,Bpos:53.8,Bstd:11.8,StrandBias:1.6,Multiplicity:1.00
0.029	0.779	0.118	0.074
0.029	0.838	0.088	0.045
0.089	0.735	0.103	0.073
0.142	0.588	0.182	0.088
0.044	0.796	0.145	0.015
0.939	0.014	0.046	0.001
0.662	0.177	0.116	0.045
0.014	0.001	0.956	0.029
0.015	0.056	0.900	0.029
0.001	0.984	0.001	0.014
0.014	0.926	0.059	0.001
0.155	0.710	0.105	0.030
>AGAGTCCAGACT	23-AGAGTCCAGACT	10.123000	-52.678299	0	T:50.0(0.23%),B:10.3(0.04%),P:1e-22	Tpos:55.1,Tstd:25.1,Bpos:41.7,Bstd:13.5,StrandBias:1.7,Multiplicity:1.04
0.612	0.216	0.114	0.058
0.078	0.081	0.767	0.074
0.777	0.088	0.066	0.069
0.093	0.087	0.742	0.078
0.081	0.150	0.078	0.691
0.063	0.798	0.057	0.082
0.054	0.795	0.072	0.079
0.796	0.051	0.069	0.084
0.138	0.075	0.715	0.072
0.657	0.108	0.136	0.099
0.072	0.719	0.114	0.095
0.074	0.299	0.090	0.537
>GTTTCTTTAACC	24-GTTTCTTTAACC	10.933203	-52.380906	0	T:34.0(0.16%),B:4.6(0.02%),P:1e-22	Tpos:41.0,Tstd:22.2,Bpos:23.4,Bstd:2.1,StrandBias:1.2,Multiplicity:1.00
0.178	0.051	0.619	0.152
0.101	0.001	0.001	0.897
0.061	0.001	0.001	0.937
0.051	0.056	0.062	0.831
0.001	0.997	0.001	0.001
0.001	0.007	0.056	0.936
0.001	0.001	0.005	0.993
0.051	0.056	0.107	0.786
0.708	0.101	0.180	0.011
0.663	0.079	0.101	0.157
0.051	0.619	0.279	0.051
0.006	0.932	0.011	0.051
>GCTCTTGCTTGT	25-GCTCTTGCTTGT	10.690625	-46.936740	0	T:49.0(0.23%),B:11.6(0.04%),P:1e-20	Tpos:50.9,Tstd:25.5,Bpos:35.8,Bstd:12.9,StrandBias:-1.3,Multiplicity:1.03
0.051	0.039	0.833	0.077
0.025	0.859	0.064	0.052
0.025	0.026	0.079	0.870
0.014	0.807	0.075	0.104
0.064	0.076	0.089	0.771
0.077	0.025	0.114	0.784
0.025	0.025	0.886	0.064
0.025	0.879	0.058	0.038
0.001	0.025	0.025	0.949
0.039	0.064	0.048	0.849
0.038	0.089	0.835	0.038
0.052	0.167	0.077	0.704
>TATATA	1-TATATA	5.614909	-1730.555604	0	T:4613.0(21.32%),B:2275.5(8.35%),P:1e-751	Tpos:31.0,Tstd:10.7,Bpos:51.2,Bstd:40.0,StrandBias:-0.4,Multiplicity:1.17
0.001	0.030	0.001	0.968
0.592	0.028	0.001	0.379
0.118	0.001	0.001	0.880
0.997	0.001	0.001	0.001
0.001	0.001	0.001	0.997
0.997	0.001	0.001	0.001
>CCACTC	2-CCACTC	4.726264	-603.998609	0	T:10489.0(48.47%),B:10059.9(36.93%),P:1e-262	Tpos:54.2,Tstd:27.3,Bpos:50.5,Bstd:31.9,StrandBias:1.9,Multiplicity:1.46
0.001	0.932	0.001	0.066
0.001	0.997	0.001	0.001
0.756	0.001	0.001	0.242
0.077	0.716	0.119	0.088
0.098	0.125	0.001	0.776
0.001	0.997	0.001	0.001
>CCCGTC	3-CCCGTC	4.479850	-551.127836	0	T:10322.0(47.70%),B:9995.6(36.69%),P:1e-239	Tpos:53.3,Tstd:28.3,Bpos:50.3,Bstd:31.0,StrandBias:1.8,Multiplicity:1.39
0.001	0.757	0.001	0.241
0.001	0.997	0.001	0.001
0.001	0.997	0.001	0.001
0.145	0.001	0.853	0.001
0.001	0.198	0.001	0.800
0.001	0.997	0.001	0.001
>AAGCAA	4-AAGCAA	4.089443	-545.882761	0	T:9927.0(45.88%),B:9535.6(35.00%),P:1e-237	Tpos:53.7,Tstd:27.6,Bpos:50.2,Bstd:32.2,StrandBias:-0.3,Multiplicity:1.33
0.997	0.001	0.001	0.001
0.815	0.001	0.183	0.001
0.001	0.001	0.997	0.001
0.001	0.997	0.001	0.001
0.604	0.001	0.394	0.001
0.794	0.001	0.204	0.001
>AAACCC	5-AAACCC	7.917592	-378.076265	0	T:2155.0(9.96%),B:1447.3(5.31%),P:1e-164	Tpos:53.0,Tstd:26.0,Bpos:49.3,Bstd:32.7,StrandBias:1.9,Multiplicity:1.09
0.997	0.001	0.001	0.001
0.997	0.001	0.001	0.001
0.997	0.001	0.001	0.001
0.235	0.763	0.001	0.001
0.001	0.997	0.001	0.001
0.109	0.889	0.001	0.001
>CGCAGC	6-CGCAGC	5.202680	-365.187535	0	T:8931.0(41.27%),B:8866.3(32.55%),P:1e-158	Tpos:56.9,Tstd:28.1,Bpos:49.3,Bstd:31.8,StrandBias:0.8,Multiplicity:1.40
0.001	0.997	0.001	0.001
0.001	0.001	0.997	0.001
0.001	0.997	0.001	0.001
0.764	0.133	0.001	0.102
0.001	0.138	0.666	0.195
0.001	0.910	0.001	0.088
>TCGTCT	7-TCGTCT	4.598419	-335.903332	0	T:4495.0(20.77%),B:3896.5(14.30%),P:1e-145	Tpos:51.2,Tstd:27.9,Bpos:49.2,Bstd:31.6,StrandBias:0.5,Multiplicity:1.10
0.001	0.081	0.001	0.917
0.001	0.997	0.001	0.001
0.001	0.001	0.997	0.001
0.001	0.001	0.001	0.997
0.001	0.695	0.001	0.303
0.001	0.001	0.001	0.997
>GAGAGA	8-GAGAGA	5.497233	-318.944889	0	T:7817.0(36.13%),B:7697.0(28.25%),P:1e-138	Tpos:55.8,Tstd:27.7,Bpos:50.3,Bstd:33.1,StrandBias:-1.2,Multiplicity:1.25
0.001	0.001	0.997	0.001
0.903	0.095	0.001	0.001
0.001	0.001	0.997	0.001
0.715	0.159	0.125	0.001
0.001	0.001	0.997	0.001
0.885	0.113	0.001	0.001
>GGAAGG	9-GGAAGG	5.989651	-292.077615	0	T:5663.0(26.17%),B:5301.5(19.46%),P:1e-126	Tpos:52.7,Tstd:27.8,Bpos:50.6,Bstd:32.6,StrandBias:-1.3,Multiplicity:1.15
0.001	0.001	0.997	0.001
0.215	0.001	0.783	0.001
0.872	0.126	0.001	0.001
0.997	0.001	0.001	0.001
0.001	0.001	0.997	0.001
0.001	0.001	0.997	0.001
>KGTGTG	10-KGTGTG	5.102152	-271.044577	0	T:5811.0(26.86%),B:5533.0(20.31%),P:1e-117	Tpos:53.5,Tstd:27.5,Bpos:50.5,Bstd:30.6,StrandBias:-1.3,Multiplicity:1.18
0.001	0.001	0.445	0.553
0.076	0.320	0.509	0.095
0.072	0.307	0.001	0.620
0.001	0.072	0.802	0.125
0.001	0.095	0.151	0.753
0.075	0.001	0.769	0.155
>CCAACC	11-CCAACC	4.910605	-270.707899	0	T:5076.0(23.46%),B:4705.5(17.27%),P:1e-117	Tpos:51.8,Tstd:27.7,Bpos:50.5,Bstd:31.3,StrandBias:2.0,Multiplicity:1.13
0.206	0.667	0.063	0.064
0.347	0.499	0.153	0.001
0.746	0.198	0.055	0.001
0.896	0.102	0.001	0.001
0.129	0.542	0.001	0.328
0.157	0.653	0.040	0.150
>TAATAA	12-TAATAA	4.261335	-246.500340	0	T:2101.0(9.71%),B:1601.9(5.88%),P:1e-107	Tpos:34.5,Tstd:20.6,Bpos:48.4,Bstd:37.4,StrandBias:-0.0,Multiplicity:1.10
0.001	0.001	0.001	0.997
0.878	0.001	0.001	0.120
0.852	0.001	0.001	0.146
0.001	0.001	0.001	0.997
0.997	0.001	0.001	0.001
0.997	0.001	0.001	0.001
>TCCGCT	13-TCCGCT	7.337787	-199.407222	0	T:3525.0(16.29%),B:3200.0(11.75%),P:1e-86	Tpos:53.8,Tstd:27.5,Bpos:51.5,Bstd:33.5,StrandBias:1.4,Multiplicity:1.08
0.001	0.001	0.001	0.997
0.001	0.997	0.001	0.001
0.001	0.997	0.001	0.001
0.001	0.381	0.617	0.001
0.001	0.997	0.001	0.001
0.001	0.001	0.001	0.997
>ACCGCA	14-ACCGCA	5.125731	-192.867743	0	T:5307.0(24.53%),B:5218.8(19.16%),P:1e-83	Tpos:51.4,Tstd:28.2,Bpos:50.1,Bstd:30.5,StrandBias:0.6,Multiplicity:1.11
0.562	0.110	0.327	0.001
0.369	0.628	0.001	0.002
0.164	0.451	0.202	0.183
0.001	0.001	0.997	0.001
0.001	0.997	0.001	0.001
0.640	0.164	0.195	0.001
>CGAGAC	15-CGAGAC	6.214395	-135.119768	0	T:2942.0(13.60%),B:2756.1(10.12%),P:1e-58	Tpos:52.8,Tstd:27.9,Bpos:50.2,Bstd:30.3,StrandBias:0.8,Multiplicity:1.05
0.001	0.997	0.001	0.001
0.001	0.226	0.772	0.001
0.997	0.001	0.001	0.001
0.160	0.001	0.838	0.001
0.997	0.001	0.001	0.001
0.001	0.997	0.001	0.001
>GTAGTA	16-GTAGTA	6.799056	-89.140068	0	T:1260.0(5.82%),B:1081.7(3.97%),P:1e-38	Tpos:45.0,Tstd:25.5,Bpos:49.3,Bstd:29.9,StrandBias:-0.5,Multiplicity:1.25
0.001	0.326	0.672	0.001
0.001	0.001	0.001	0.997
0.997	0.001	0.001	0.001
0.001	0.007	0.991	0.001
0.001	0.001	0.001	0.997
0.684	0.314	0.001	0.001
>ACCACC	17-ACCACC	6.177716	-76.089721	0	T:2163.0(10.00%),B:2102.8(7.72%),P:1e-33	Tpos:55.8,Tstd:28.0,Bpos:50.6,Bstd:29.2,StrandBias:1.8,Multiplicity:1.17
0.700	0.100	0.100	0.100
0.100	0.700	0.100	0.100
0.100	0.700	0.100	0.100
0.700	0.100	0.100	0.100
0.100	0.700	0.100	0.100
0.100	0.700	0.100	0.100
>TACATA	18-TACATA	7.368797	-62.364523	0	T:1248.0(5.77%),B:1145.6(4.21%),P:1e-27	Tpos:37.9,Tstd:22.3,Bpos:49.6,Bstd:33.4,StrandBias:1.1,Multiplicity:1.05
0.001	0.001	0.001	0.997
0.997	0.001	0.001	0.001
0.001	0.997	0.001	0.001
0.997	0.001	0.001	0.001
0.393	0.001	0.001	0.605
0.997	0.001	0.001	0.001
>YATKTC	19-YATKTC	4.872129	-55.351181	0	T:1046.0(4.83%),B:950.9(3.49%),P:1e-24	Tpos:50.9,Tstd:28.2,Bpos:50.9,Bstd:33.8,StrandBias:1.6,Multiplicity:1.04
0.188	0.352	0.172	0.288
0.534	0.189	0.188	0.089
0.198	0.087	0.001	0.714
0.001	0.001	0.467	0.531
0.001	0.001	0.171	0.827
0.183	0.541	0.188	0.088
>AGCTAG	20-AGCTAG	6.177716	-51.095613	0	T:1371.0(6.34%),B:1319.6(4.84%),P:1e-22	Tpos:56.2,Tstd:29.3,Bpos:48.3,Bstd:31.0,StrandBias:-0.1,Multiplicity:1.29
0.700	0.100	0.100	0.100
0.100	0.100	0.700	0.100
0.100	0.700	0.100	0.100
0.100	0.100	0.100	0.700
0.700	0.100	0.100	0.100
0.100	0.100	0.700	0.100
>AAACAA	21-AAACAA	6.177716	-42.681607	0	T:1336.0(6.17%),B:1314.5(4.83%),P:1e-18	Tpos:45.2,Tstd:27.7,Bpos:49.0,Bstd:34.0,StrandBias:1.0,Multiplicity:1.08
0.700	0.100	0.100	0.100
0.700	0.100	0.100	0.100
0.700	0.100	0.100	0.100
0.100	0.700	0.100	0.100
0.700	0.100	0.100	0.100
0.700	0.100	0.100	0.100
>CCTATAWA	1-CCTATAWA	6.268788	-1711.794950	0	T:4080.0(18.86%),B:1867.9(6.86%),P:1e-743	Tpos:31.1,Tstd:10.0,Bpos:51.0,Bstd:39.6,StrandBias:0.1,Multiplicity:1.03
0.082	0.497	0.203	0.219
0.229	0.434	0.108	0.229
0.001	0.001	0.001	0.997
0.620	0.001	0.001	0.378
0.001	0.001	0.001	0.997
0.997	0.001	0.001	0.001
0.430	0.001	0.001	0.568
0.997	0.001	0.001	0.001
>CCMATCCC	2-CCMATCCC	5.718126	-930.660200	0	T:7732.0(35.73%),B:6208.5(22.79%),P:1e-404	Tpos:54.6,Tstd:26.7,Bpos:50.5,Bstd:31.1,StrandBias:2.4,Multiplicity:1.41
0.001	0.707	0.001	0.291
0.001	0.989	0.009	0.001
0.463	0.535	0.001	0.001
0.534	0.309	0.086	0.071
0.219	0.131	0.001	0.649
0.001	0.650	0.001	0.348
0.001	0.997	0.001	0.001
0.407	0.591	0.001	0.001
>GAGAGGRR	3-GAGAGGRR	5.667732	-826.146502	0	T:7897.0(36.50%),B:6575.8(24.14%),P:1e-358	Tpos:55.2,Tstd:27.1,Bpos:49.8,Bstd:33.5,StrandBias:-1.5,Multiplicity:1.33
0.233	0.001	0.765	0.001
0.772	0.209	0.001	0.018
0.309	0.001	0.689	0.001
0.553	0.184	0.213	0.050
0.001	0.416	0.582	0.001
0.357	0.018	0.624	0.001
0.469	0.001	0.529	0.001
0.371	0.185	0.443	0.001
>TWWAAAAV	4-TWWAAAAV	5.580957	-742.556383	0	T:3050.0(14.10%),B:1820.0(6.68%),P:1e-322	Tpos:34.0,Tstd:19.9,Bpos:49.1,Bstd:36.8,StrandBias:0.4,Multiplicity:1.08
0.404	0.001	0.001	0.594
0.468	0.001	0.001	0.530
0.538	0.001	0.001	0.460
0.628	0.001	0.001	0.370
0.665	0.001	0.001	0.333
0.627	0.001	0.012	0.360
0.672	0.229	0.098	0.001
0.339	0.306	0.354	0.001
>TCCCCTCC	5-TCCCCTCC	3.129864	-664.302779	0	T:4592.0(21.22%),B:3375.7(12.39%),P:1e-288	Tpos:54.6,Tstd:27.9,Bpos:50.9,Bstd:31.3,StrandBias:1.5,Multiplicity:1.08
0.001	0.001	0.001	0.997
0.183	0.548	0.013	0.256
0.001	0.997	0.001	0.001
0.001	0.761	0.237	0.001
0.001	0.731	0.009	0.259
0.007	0.001	0.001	0.991
0.001	0.997	0.001	0.001
0.001	0.997	0.001	0.001
>TTCGCTTC	6-TTCGCTTC	4.402313	-483.018682	0	T:8885.0(41.06%),B:8468.6(31.09%),P:1e-209	Tpos:52.3,Tstd:27.3,Bpos:50.4,Bstd:31.8,StrandBias:0.3,Multiplicity:1.25
0.070	0.127	0.096	0.707
0.059	0.113	0.078	0.750
0.024	0.817	0.049	0.110
0.068	0.033	0.802	0.097
0.118	0.621	0.110	0.151
0.044	0.083	0.076	0.797
0.065	0.056	0.038	0.841
0.087	0.666	0.114	0.133
>CACATCNC	7-CACATCNC	5.583844	-442.538443	0	T:4140.0(19.13%),B:3295.1(12.10%),P:1e-192	Tpos:53.5,Tstd:27.0,Bpos:50.9,Bstd:30.4,StrandBias:2.0,Multiplicity:1.07
0.001	0.997	0.001	0.001
0.868	0.001	0.001	0.130
0.148	0.766	0.085	0.001
0.837	0.111	0.051	0.001
0.023	0.179	0.229	0.569
0.040	0.604	0.001	0.355
0.274	0.273	0.182	0.272
0.001	0.997	0.001	0.001
>AAACCCTA	8-AAACCCTA	8.145747	-425.918605	0	T:1071.0(4.95%),B:484.2(1.78%),P:1e-184	Tpos:56.0,Tstd:26.7,Bpos:48.0,Bstd:32.8,StrandBias:1.0,Multiplicity:1.05
0.922	0.001	0.076	0.001
0.997	0.001	0.001	0.001
0.997	0.001	0.001	0.001
0.001	0.997	0.001	0.001
0.001	0.997	0.001	0.001
0.001	0.997	0.001	0.001
0.001	0.001	0.001	0.997
0.705	0.179	0.001	0.115
>CACTCGCA	9-CACTCGCA	5.043960	-415.279871	0	T:5349.0(24.72%),B:4634.4(17.01%),P:1e-180	Tpos:54.4,Tstd:26.8,Bpos:50.3,Bstd:30.2,StrandBias:1.3,Multiplicity:1.15
0.117	0.748	0.075	0.060
0.623	0.064	0.150	0.163
0.124	0.665	0.149	0.062
0.137	0.114	0.018	0.731
0.063	0.840	0.054	0.043
0.090	0.125	0.750	0.035
0.060	0.870	0.001	0.069
0.774	0.024	0.013	0.189
>CGGCAGCC	10-CGGCAGCC	6.981669	-413.850583	0	T:4172.0(19.28%),B:3384.8(12.42%),P:1e-179	Tpos:57.2,Tstd:27.5,Bpos:49.5,Bstd:32.8,StrandBias:0.9,Multiplicity:1.19
0.303	0.695	0.001	0.001
0.001	0.379	0.619	0.001
0.001	0.233	0.765	0.001
0.001	0.997	0.001	0.001
0.595	0.239	0.001	0.165
0.001	0.001	0.997	0.001
0.001	0.692	0.306	0.001
0.001	0.997	0.001	0.001
>GTGTGTGT	11-GTGTGTGT	4.978132	-408.616900	0	T:3803.0(17.58%),B:3013.2(11.06%),P:1e-177	Tpos:54.2,Tstd:26.8,Bpos:50.4,Bstd:29.5,StrandBias:-1.7,Multiplicity:1.13
0.009	0.147	0.747	0.097
0.085	0.067	0.131	0.717
0.064	0.094	0.789	0.053
0.120	0.102	0.079	0.699
0.029	0.032	0.862	0.077
0.087	0.148	0.090	0.675
0.053	0.082	0.793	0.072
0.161	0.054	0.068	0.717
>ATTAATAC	12-ATTAATAC	5.502323	-300.980800	0	T:1499.0(6.93%),B:951.1(3.49%),P:1e-130	Tpos:37.3,Tstd:22.7,Bpos:49.3,Bstd:33.6,StrandBias:0.6,Multiplicity:1.04
0.801	0.073	0.048	0.078
0.077	0.124	0.083	0.716
0.210	0.048	0.016	0.726
0.776	0.104	0.058	0.062
0.737	0.106	0.033	0.124
0.075	0.060	0.016	0.849
0.696	0.054	0.143	0.107
0.173	0.703	0.064	0.060
>CCACCACC	13-CCACCACC	7.289611	-293.079574	0	T:2285.0(10.56%),B:1700.7(6.24%),P:1e-127	Tpos:56.1,Tstd:27.5,Bpos:50.9,Bstd:29.5,StrandBias:1.9,Multiplicity:1.05
0.039	0.890	0.032	0.039
0.028	0.970	0.001	0.001
0.903	0.051	0.026	0.020
0.001	0.967	0.001	0.031
0.012	0.973	0.001	0.014
0.828	0.001	0.170	0.001
0.041	0.917	0.041	0.001
0.072	0.916	0.001	0.011
>CWGCCTGC	14-CWGCCTGC	6.754909	-273.513315	0	T:2092.0(9.67%),B:1545.6(5.67%),P:1e-118	Tpos:54.8,Tstd:27.6,Bpos:49.9,Bstd:30.5,StrandBias:0.3,Multiplicity:1.06
0.001	0.997	0.001	0.001
0.268	0.174	0.159	0.399
0.137	0.001	0.787	0.075
0.299	0.699	0.001	0.001
0.001	0.968	0.001	0.030
0.001	0.282	0.001	0.716
0.210	0.095	0.620	0.075
0.181	0.817	0.001	0.001
>GGGGTTTA	15-GGGGTTTA	9.244627	-267.287940	0	T:484.0(2.24%),B:175.0(0.64%),P:1e-116	Tpos:45.0,Tstd:22.9,Bpos:46.8,Bstd:30.3,StrandBias:-3.3,Multiplicity:1.00
0.223	0.001	0.775	0.001
0.001	0.001	0.997	0.001
0.001	0.001	0.997	0.001
0.001	0.001	0.721	0.277
0.001	0.001	0.001	0.997
0.001	0.001	0.001	0.997
0.001	0.001	0.001	0.997
0.997	0.001	0.001	0.001
>GATGAGAG	16-GATGAGAG	7.768437	-249.229468	0	T:1066.0(4.93%),B:633.2(2.32%),P:1e-108	Tpos:55.4,Tstd:27.5,Bpos:48.5,Bstd:29.8,StrandBias:-1.3,Multiplicity:1.01
0.024	0.015	0.928	0.033
0.952	0.001	0.018	0.029
0.001	0.165	0.228	0.606
0.101	0.001	0.870	0.028
0.894	0.016	0.001	0.089
0.001	0.021	0.977	0.001
0.958	0.001	0.001	0.040
0.001	0.018	0.930	0.051
>GCAACGCA	17-GCAACGCA	6.099794	-249.187567	0	T:2306.0(10.66%),B:1800.1(6.61%),P:1e-108	Tpos:54.6,Tstd:27.2,Bpos:49.5,Bstd:29.8,StrandBias:0.4,Multiplicity:1.14
0.090	0.032	0.838	0.040
0.031	0.827	0.079	0.063
0.774	0.094	0.055	0.077
0.440	0.267	0.201	0.093
0.164	0.524	0.131	0.181
0.040	0.009	0.872	0.079
0.072	0.851	0.061	0.016
0.876	0.033	0.060	0.031
>WTWTAACG	18-WTWTAACG	6.764941	-206.485427	0	T:244.0(1.13%),B:60.0(0.22%),P:1e-89	Tpos:34.3,Tstd:15.5,Bpos:50.1,Bstd:30.9,StrandBias:0.5,Multiplicity:1.00
0.501	0.001	0.001	0.497
0.001	0.001	0.001	0.997
0.547	0.001	0.001	0.451
0.001	0.001	0.001	0.997
0.997	0.001	0.001	0.001
0.997	0.001	0.001	0.001
0.001	0.997	0.001	0.001
0.001	0.049	0.949	0.001
>YTGCTAGY	19-YTGCTAGY	3.249749	-150.705681	0	T:2228.0(10.30%),B:1938.9(7.12%),P:1e-65	Tpos:56.3,Tstd:27.5,Bpos:49.0,Bstd:30.3,StrandBias:0.1,Multiplicity:1.16
0.009	0.532	0.001	0.458
0.289	0.001	0.001	0.709
0.001	0.001	0.997	0.001
0.001	0.997	0.001	0.001
0.281	0.001	0.001	0.717
0.993	0.001	0.001	0.005
0.001	0.001	0.997	0.001
0.001	0.547	0.001	0.451
>ACCAAACC	20-ACCAAACC	10.042100	-149.180994	0	T:354.0(1.64%),B:154.4(0.57%),P:1e-64	Tpos:54.2,Tstd:26.7,Bpos:47.4,Bstd:29.5,StrandBias:1.5,Multiplicity:1.04
0.997	0.001	0.001	0.001
0.001	0.997	0.001	0.001
0.001	0.997	0.001	0.001
0.997	0.001	0.001	0.001
0.640	0.001	0.358	0.001
0.997	0.001	0.001	0.001
0.001	0.997	0.001	0.001
0.001	0.997	0.001	0.001
>CTASTAST	21-CTASTAST	8.346398	-133.727650	0	T:517.0(2.39%),B:293.4(1.08%),P:1e-58	Tpos:44.8,Tstd:24.6,Bpos:50.5,Bstd:28.3,StrandBias:0.1,Multiplicity:1.04
0.001	0.611	0.292	0.096
0.001	0.001	0.001	0.997
0.997	0.001	0.001	0.001
0.001	0.492	0.506	0.001
0.001	0.001	0.001	0.997
0.997	0.001	0.001	0.001
0.001	0.499	0.499	0.001
0.090	0.001	0.001	0.908
>TAGATAGA	22-TAGATAGA	8.139545	-123.161076	0	T:458.0(2.12%),B:255.4(0.94%),P:1e-53	Tpos:45.0,Tstd:27.1,Bpos:49.7,Bstd:31.0,StrandBias:-0.7,Multiplicity:1.06
0.001	0.001	0.001	0.997
0.997	0.001	0.001	0.001
0.081	0.001	0.917	0.001
0.997	0.001	0.001	0.001
0.001	0.001	0.148	0.850
0.896	0.001	0.102	0.001
0.001	0.001	0.997	0.001
0.858	0.001	0.140	0.001
>CGTCCGTC	23-CGTCCGTC	7.998581	-113.865410	0	T:686.0(3.17%),B:465.7(1.71%),P:1e-49	Tpos:49.8,Tstd:29.0,Bpos:50.8,Bstd:28.8,StrandBias:1.4,Multiplicity:1.06
0.001	0.997	0.001	0.001
0.319	0.001	0.679	0.001
0.001	0.001	0.235	0.763
0.001	0.997	0.001	0.001
0.001	0.997	0.001	0.001
0.001	0.089	0.909	0.001
0.001	0.001	0.001	0.997
0.001	0.997	0.001	0.001
>TCCGTCTG	24-TCCGTCTG	5.849117	-60.602318	0	T:347.0(1.60%),B:232.5(0.85%),P:1e-26	Tpos:49.9,Tstd:28.3,Bpos:48.4,Bstd:29.6,StrandBias:0.2,Multiplicity:1.05
0.001	0.001	0.001	0.997
0.001	0.997	0.001	0.001
0.001	0.844	0.001	0.154
0.001	0.001	0.997	0.001
0.001	0.001	0.001	0.997
0.001	0.997	0.001	0.001
0.001	0.001	0.001	0.997
0.001	0.001	0.963	0.035
>AACAAACA	25-AACAAACA	8.236954	-42.621273	0	T:171.0(0.79%),B:100.3(0.37%),P:1e-18	Tpos:45.0,Tstd:27.7,Bpos:53.9,Bstd:30.1,StrandBias:1.2,Multiplicity:1.03
0.700	0.100	0.100	0.100
0.700	0.100	0.100	0.100
0.100	0.700	0.100	0.100
0.700	0.100	0.100	0.100
0.700	0.100	0.100	0.100
0.700	0.100	0.100	0.100
0.100	0.700	0.100	0.100
0.700	0.100	0.100	0.100
