>BBYMTATATA	1-BBYMTATATA	5.902517	-1984.429759	0	T:3998.0(18.48%),B:1637.5(6.01%),P:1e-861	Tpos:31.1,Tstd:9.4,Bpos:50.5,Bstd:37.7,StrandBias:0.1,Multiplicity:1.03
0.119	0.339	0.302	0.240
0.114	0.361	0.299	0.225
0.145	0.266	0.179	0.410
0.358	0.305	0.135	0.201
0.001	0.041	0.003	0.955
0.676	0.031	0.001	0.292
0.129	0.001	0.001	0.869
0.930	0.001	0.003	0.066
0.313	0.001	0.001	0.685
0.867	0.040	0.048	0.045
>YCCCCCHTCC	2-YCCCCCHTCC	5.570625	-1318.230053	0	T:8919.0(41.22%),B:6879.0(25.25%),P:1e-572	Tpos:55.8,Tstd:26.2,Bpos:49.8,Bstd:31.5,StrandBias:2.4,Multiplicity:1.43
0.280	0.434	0.001	0.285
0.001	0.662	0.001	0.336
0.226	0.514	0.001	0.259
0.145	0.674	0.001	0.180
0.001	0.779	0.200	0.020
0.315	0.467	0.184	0.034
0.226	0.347	0.169	0.259
0.239	0.291	0.005	0.465
0.001	0.832	0.001	0.166
0.001	0.997	0.001	0.001
>GAGRSGAGRR	3-GAGRSGAGRR	5.526996	-928.451115	0	T:9214.0(42.58%),B:7856.7(28.84%),P:1e-403	Tpos:55.6,Tstd:26.5,Bpos:49.9,Bstd:32.7,StrandBias:-1.3,Multiplicity:1.33
0.316	0.031	0.652	0.001
0.984	0.001	0.001	0.014
0.318	0.064	0.617	0.001
0.471	0.097	0.346	0.086
0.155	0.475	0.363	0.007
0.064	0.001	0.881	0.054
0.568	0.155	0.276	0.001
0.261	0.234	0.504	0.001
0.477	0.090	0.333	0.100
0.324	0.212	0.463	0.001
>CGTTTCGTTT	4-CGTTTCGTTT	4.612474	-726.978673	0	T:7344.0(33.94%),B:6154.3(22.59%),P:1e-315	Tpos:49.3,Tstd:27.0,Bpos:50.1,Bstd:31.8,StrandBias:-0.3,Multiplicity:1.20
0.066	0.697	0.130	0.107
0.108	0.095	0.678	0.119
0.091	0.140	0.112	0.657
0.053	0.106	0.060	0.781
0.038	0.121	0.121	0.720
0.060	0.689	0.140	0.111
0.107	0.133	0.629	0.131
0.102	0.113	0.106	0.679
0.051	0.116	0.070	0.763
0.050	0.126	0.116	0.708
>ACACACACAC	5-ACACACACAC	3.846898	-628.936531	0	T:9608.0(44.40%),B:8946.1(32.84%),P:1e-273	Tpos:54.4,Tstd:26.4,Bpos:50.1,Bstd:29.7,StrandBias:1.8,Multiplicity:1.26
0.557	0.194	0.128	0.121
0.187	0.668	0.134	0.011
0.575	0.164	0.144	0.117
0.188	0.643	0.157	0.012
0.561	0.187	0.142	0.110
0.186	0.619	0.144	0.051
0.544	0.192	0.147	0.117
0.179	0.657	0.158	0.006
0.543	0.176	0.170	0.111
0.166	0.649	0.146	0.039
>CCAATTCCCA	6-CCAATTCCCA	5.389799	-542.319686	0	T:3823.0(17.67%),B:2802.3(10.29%),P:1e-235	Tpos:52.4,Tstd:26.8,Bpos:49.3,Bstd:30.3,StrandBias:1.7,Multiplicity:1.11
0.015	0.869	0.032	0.084
0.109	0.854	0.025	0.012
0.787	0.123	0.052	0.038
0.777	0.072	0.066	0.085
0.162	0.070	0.132	0.636
0.018	0.090	0.088	0.804
0.029	0.862	0.072	0.037
0.026	0.832	0.055	0.087
0.144	0.772	0.049	0.035
0.806	0.107	0.041	0.046
>AAAACCCTAG	7-AAAACCCTAG	6.531241	-528.361319	0	T:1000.0(4.62%),B:373.4(1.37%),P:1e-229	Tpos:56.2,Tstd:27.0,Bpos:49.5,Bstd:30.9,StrandBias:1.0,Multiplicity:1.02
0.656	0.051	0.197	0.096
0.963	0.001	0.029	0.007
0.995	0.003	0.001	0.001
0.997	0.001	0.001	0.001
0.001	0.992	0.001	0.006
0.007	0.981	0.011	0.001
0.001	0.997	0.001	0.001
0.001	0.001	0.001	0.997
0.838	0.110	0.008	0.044
0.093	0.213	0.693	0.001
>ATAAATAGSC	8-ATAAATAGSC	7.380548	-488.406793	0	T:1040.0(4.81%),B:422.1(1.55%),P:1e-212	Tpos:33.0,Tstd:15.8,Bpos:51.8,Bstd:33.6,StrandBias:-0.0,Multiplicity:1.01
0.735	0.001	0.001	0.263
0.001	0.001	0.001	0.997
0.816	0.001	0.001	0.182
0.863	0.135	0.001	0.001
0.714	0.001	0.182	0.103
0.150	0.001	0.001	0.848
0.997	0.001	0.001	0.001
0.109	0.250	0.568	0.073
0.191	0.330	0.352	0.127
0.267	0.529	0.203	0.001
>CACACCACAC	9-CACACCACAC	6.642443	-469.924992	0	T:1858.0(8.59%),B:1074.6(3.95%),P:1e-204	Tpos:53.8,Tstd:26.4,Bpos:49.9,Bstd:27.9,StrandBias:1.8,Multiplicity:1.07
0.026	0.941	0.019	0.014
0.793	0.078	0.053	0.076
0.083	0.835	0.077	0.005
0.859	0.020	0.024	0.097
0.124	0.645	0.144	0.087
0.046	0.850	0.054	0.050
0.756	0.025	0.104	0.115
0.075	0.842	0.056	0.027
0.765	0.026	0.135	0.074
0.131	0.715	0.090	0.064
>TCTCTCTCTC	10-TCTCTCTCTC	6.910963	-271.489684	0	T:2326.0(10.75%),B:1779.0(6.53%),P:1e-117	Tpos:56.7,Tstd:27.4,Bpos:49.9,Bstd:34.9,StrandBias:1.3,Multiplicity:1.03
0.075	0.086	0.069	0.770
0.068	0.772	0.051	0.109
0.072	0.072	0.094	0.762
0.053	0.884	0.019	0.044
0.059	0.024	0.086	0.831
0.050	0.813	0.072	0.065
0.044	0.083	0.094	0.779
0.123	0.763	0.064	0.050
0.033	0.096	0.106	0.765
0.073	0.858	0.026	0.043
>GCTGTTTGCT	11-GCTGTTTGCT	7.172872	-229.664189	0	T:1344.0(6.21%),B:904.0(3.32%),P:1e-99	Tpos:54.9,Tstd:26.3,Bpos:48.8,Bstd:30.9,StrandBias:-0.9,Multiplicity:1.05
0.015	0.065	0.880	0.040
0.012	0.816	0.055	0.117
0.051	0.047	0.040	0.862
0.081	0.122	0.719	0.078
0.083	0.186	0.287	0.443
0.040	0.201	0.233	0.526
0.026	0.190	0.143	0.641
0.001	0.033	0.938	0.028
0.074	0.842	0.062	0.022
0.047	0.087	0.006	0.860
>TCACTNGTCA	12-TCACTNGTCA	3.780006	-227.594664	0	T:722.0(3.34%),B:371.2(1.36%),P:1e-98	Tpos:51.0,Tstd:26.0,Bpos:48.9,Bstd:24.1,StrandBias:1.4,Multiplicity:1.06
0.001	0.001	0.001	0.997
0.001	0.997	0.001	0.001
0.997	0.001	0.001	0.001
0.001	0.538	0.296	0.165
0.001	0.303	0.213	0.483
0.300	0.261	0.240	0.198
0.146	0.292	0.561	0.001
0.001	0.001	0.001	0.997
0.001	0.997	0.001	0.001
0.997	0.001	0.001	0.001
>MGSCSGCCGS	13-MGSCSGCCGS	6.021990	-199.340436	0	T:1724.0(7.97%),B:1315.4(4.83%),P:1e-86	Tpos:60.9,Tstd:26.1,Bpos:47.6,Bstd:31.6,StrandBias:0.2,Multiplicity:1.05
0.340	0.464	0.122	0.074
0.216	0.216	0.395	0.172
0.213	0.335	0.406	0.046
0.108	0.488	0.220	0.184
0.180	0.285	0.375	0.160
0.051	0.071	0.832	0.046
0.081	0.789	0.083	0.047
0.092	0.511	0.303	0.094
0.099	0.206	0.626	0.069
0.117	0.416	0.360	0.107
>AGCAGNGCAG	14-AGCAGNGCAG	7.192514	-196.594762	0	T:966.0(4.46%),B:607.6(2.23%),P:1e-85	Tpos:57.2,Tstd:27.1,Bpos:48.1,Bstd:30.8,StrandBias:-0.3,Multiplicity:1.08
0.576	0.088	0.148	0.188
0.098	0.160	0.674	0.068
0.006	0.786	0.140	0.068
0.682	0.069	0.212	0.037
0.057	0.185	0.674	0.084
0.212	0.260	0.211	0.318
0.163	0.172	0.663	0.002
0.056	0.683	0.254	0.007
0.754	0.018	0.059	0.169
0.124	0.032	0.817	0.027
>TGCTTTGCTT	15-TGCTTTGCTT	9.562685	-178.557036	0	T:175.0(0.81%),B:35.7(0.13%),P:1e-77	Tpos:56.7,Tstd:25.9,Bpos:41.0,Bstd:21.3,StrandBias:-1.4,Multiplicity:1.03
0.001	0.001	0.001	0.997
0.002	0.001	0.996	0.001
0.001	0.894	0.104	0.001
0.001	0.001	0.001	0.997
0.001	0.194	0.001	0.804
0.042	0.001	0.001	0.956
0.001	0.065	0.933	0.001
0.023	0.975	0.001	0.001
0.001	0.066	0.001	0.932
0.001	0.001	0.001	0.997
>CTAGCTAGCT	16-CTAGCTAGCT	6.878346	-165.791500	0	T:1152.0(5.32%),B:820.0(3.01%),P:1e-72	Tpos:57.5,Tstd:27.2,Bpos:48.2,Bstd:30.7,StrandBias:0.1,Multiplicity:1.06
0.088	0.778	0.100	0.034
0.091	0.106	0.080	0.723
0.737	0.091	0.112	0.060
0.021	0.047	0.902	0.030
0.030	0.926	0.029	0.015
0.068	0.037	0.027	0.868
0.706	0.097	0.104	0.093
0.037	0.047	0.864	0.052
0.083	0.796	0.053	0.068
0.094	0.125	0.081	0.700
>TACTASTAGT	17-TACTASTAGT	5.656495	-158.033361	0	T:910.0(4.21%),B:607.6(2.23%),P:1e-68	Tpos:47.9,Tstd:25.0,Bpos:53.8,Bstd:28.7,StrandBias:-0.0,Multiplicity:1.05
0.139	0.237	0.183	0.441
0.581	0.094	0.210	0.115
0.077	0.513	0.345	0.065
0.077	0.211	0.036	0.676
0.630	0.026	0.208	0.136
0.042	0.420	0.502	0.036
0.013	0.239	0.037	0.711
0.635	0.084	0.192	0.089
0.048	0.340	0.551	0.061
0.177	0.258	0.108	0.457
>CCCGCCCGCC	18-CCCGCCCGCC	9.454396	-140.046386	0	T:499.0(2.31%),B:272.4(1.00%),P:1e-60	Tpos:51.2,Tstd:27.3,Bpos:50.8,Bstd:32.4,StrandBias:1.6,Multiplicity:1.01
0.041	0.901	0.057	0.001
0.029	0.920	0.001	0.050
0.051	0.870	0.055	0.024
0.001	0.001	0.997	0.001
0.075	0.870	0.054	0.001
0.001	0.894	0.073	0.032
0.038	0.908	0.001	0.053
0.055	0.004	0.872	0.069
0.050	0.948	0.001	0.001
0.029	0.947	0.023	0.001
>CCAGWSTCCA	19-CCAGWSTCCA	8.791569	-139.112919	0	T:332.0(1.53%),B:145.7(0.54%),P:1e-60	Tpos:58.5,Tstd:27.5,Bpos:47.5,Bstd:28.5,StrandBias:2.0,Multiplicity:1.02
0.001	0.869	0.084	0.046
0.029	0.965	0.005	0.001
0.983	0.015	0.001	0.001
0.001	0.034	0.859	0.106
0.384	0.001	0.181	0.434
0.046	0.510	0.443	0.001
0.064	0.001	0.003	0.932
0.001	0.993	0.005	0.001
0.005	0.993	0.001	0.001
0.930	0.064	0.001	0.005
>CTGCCTGCCT	20-CTGCCTGCCT	9.721148	-127.437334	0	T:300.0(1.39%),B:130.2(0.48%),P:1e-55	Tpos:52.1,Tstd:26.5,Bpos:51.4,Bstd:27.6,StrandBias:0.1,Multiplicity:1.02
0.001	0.944	0.045	0.010
0.043	0.022	0.001	0.934
0.007	0.015	0.977	0.001
0.001	0.934	0.055	0.010
0.001	0.951	0.001	0.047
0.114	0.001	0.001	0.884
0.018	0.012	0.954	0.016
0.040	0.881	0.045	0.034
0.001	0.983	0.015	0.001
0.122	0.131	0.010	0.737
>TCGCAGTCGC	21-TCGCAGTCGC	10.773089	-110.079226	0	T:99.0(0.46%),B:18.6(0.07%),P:1e-47	Tpos:59.2,Tstd:24.0,Bpos:67.3,Bstd:20.5,StrandBias:0.9,Multiplicity:1.01
0.001	0.001	0.001	0.997
0.001	0.997	0.001	0.001
0.001	0.001	0.997	0.001
0.001	0.997	0.001	0.001
0.997	0.001	0.001	0.001
0.001	0.001	0.997	0.001
0.001	0.001	0.152	0.846
0.001	0.872	0.001	0.126
0.063	0.001	0.873	0.063
0.001	0.997	0.001	0.001
>CGAGTCGCGA	22-CGAGTCGCGA	9.265897	-110.014991	0	T:173.0(0.80%),B:56.0(0.21%),P:1e-47	Tpos:55.0,Tstd:27.3,Bpos:47.3,Bstd:27.9,StrandBias:-0.1,Multiplicity:1.02
0.001	0.995	0.001	0.003
0.001	0.001	0.997	0.001
0.940	0.040	0.019	0.001
0.030	0.116	0.834	0.020
0.003	0.001	0.001	0.995
0.001	0.688	0.152	0.159
0.001	0.030	0.852	0.117
0.001	0.957	0.001	0.041
0.001	0.001	0.995	0.003
0.856	0.042	0.001	0.101
>GCTTCTGCTT	23-GCTTCTGCTT	9.937583	-80.027707	0	T:168.0(0.78%),B:68.3(0.25%),P:1e-34	Tpos:57.1,Tstd:25.5,Bpos:56.2,Bstd:32.9,StrandBias:-0.9,Multiplicity:1.02
0.001	0.105	0.893	0.001
0.035	0.859	0.001	0.105
0.001	0.001	0.008	0.990
0.001	0.001	0.322	0.676
0.408	0.576	0.001	0.015
0.008	0.001	0.001	0.990
0.009	0.001	0.814	0.176
0.026	0.687	0.106	0.181
0.090	0.119	0.001	0.790
0.009	0.001	0.001	0.989
>CTTACCTGGA	24-CTTACCTGGA	10.931368	-50.764502	0	T:26.0(0.12%),B:2.7(0.01%),P:1e-22	Tpos:58.4,Tstd:17.6,Bpos:38.4,Bstd:14.1,StrandBias:2.5,Multiplicity:1.00
0.001	0.997	0.001	0.001
0.001	0.001	0.001	0.997
0.001	0.086	0.001	0.912
0.997	0.001	0.001	0.001
0.001	0.997	0.001	0.001
0.001	0.635	0.363	0.001
0.001	0.001	0.001	0.997
0.001	0.001	0.997	0.001
0.001	0.001	0.997	0.001
0.997	0.001	0.001	0.001
>ACCGGGCCGG	25-ACCGGGCCGG	10.296193	-29.418633	0	T:21.0(0.10%),B:3.6(0.01%),P:1e-12	Tpos:53.9,Tstd:29.4,Bpos:40.0,Bstd:13.9,StrandBias:0.5,Multiplicity:1.00
0.700	0.100	0.100	0.100
0.100	0.700	0.100	0.100
0.100	0.700	0.100	0.100
0.100	0.100	0.700	0.100
0.100	0.100	0.700	0.100
0.100	0.100	0.700	0.100
0.100	0.700	0.100	0.100
0.100	0.700	0.100	0.100
0.100	0.100	0.700	0.100
0.100	0.100	0.700	0.100
>BBBNTWTATATA	1-BBBNTWTATATA	5.108709	-1902.003694	0	T:5038.0(23.28%),B:2493.2(9.15%),P:1e-826	Tpos:31.6,Tstd:10.6,Bpos:50.1,Bstd:36.1,StrandBias:-0.1,Multiplicity:1.05
0.128	0.321	0.318	0.233
0.166	0.308	0.335	0.191
0.157	0.319	0.247	0.276
0.246	0.282	0.222	0.250
0.099	0.201	0.163	0.537
0.404	0.182	0.072	0.342
0.028	0.008	0.001	0.963
0.752	0.005	0.001	0.242
0.202	0.001	0.001	0.796
0.984	0.001	0.001	0.014
0.300	0.065	0.167	0.468
0.540	0.143	0.215	0.102
>CCCCCCCCCHCC	2-CCCCCCCCCHCC	5.135249	-1062.747269	0	T:9328.0(43.11%),B:7742.8(28.43%),P:1e-461	Tpos:56.7,Tstd:26.0,Bpos:49.3,Bstd:31.7,StrandBias:2.3,Multiplicity:1.38
0.077	0.684	0.077	0.162
0.090	0.709	0.071	0.130
0.122	0.715	0.076	0.087
0.248	0.486	0.118	0.148
0.118	0.621	0.095	0.166
0.088	0.692	0.064	0.156
0.121	0.566	0.145	0.168
0.083	0.705	0.102	0.110
0.100	0.785	0.049	0.066
0.250	0.350	0.146	0.254
0.071	0.718	0.092	0.119
0.057	0.808	0.056	0.079
>TCBTCTCYTCTC	3-TCBTCTCYTCTC	4.702039	-890.617678	0	T:11913.0(55.05%),B:11122.7(40.83%),P:1e-386	Tpos:55.8,Tstd:26.1,Bpos:49.8,Bstd:32.7,StrandBias:1.1,Multiplicity:1.28
0.011	0.338	0.097	0.554
0.004	0.647	0.081	0.268
0.029	0.303	0.265	0.403
0.015	0.361	0.074	0.550
0.004	0.647	0.074	0.275
0.005	0.148	0.099	0.748
0.006	0.737	0.036	0.221
0.022	0.420	0.231	0.327
0.024	0.237	0.081	0.658
0.006	0.693	0.047	0.254
0.006	0.246	0.143	0.605
0.009	0.645	0.068	0.278
>GBTTGGGTTTKG	4-GBTTGGGTTTKG	5.197644	-843.680638	0	T:5297.0(24.48%),B:3809.1(13.98%),P:1e-366	Tpos:52.8,Tstd:25.5,Bpos:50.5,Bstd:30.1,StrandBias:-2.1,Multiplicity:1.13
0.108	0.166	0.462	0.264
0.089	0.283	0.324	0.304
0.092	0.202	0.193	0.513
0.146	0.078	0.283	0.493
0.034	0.059	0.563	0.344
0.026	0.003	0.832	0.139
0.163	0.214	0.424	0.199
0.142	0.230	0.124	0.504
0.001	0.143	0.170	0.686
0.002	0.178	0.288	0.532
0.015	0.150	0.483	0.352
0.092	0.175	0.514	0.219
>CMTTCCATTCCA	5-CMTTCCATTCCA	6.066261	-796.497182	0	T:3865.0(17.86%),B:2494.4(9.16%),P:1e-345	Tpos:54.8,Tstd:26.4,Bpos:50.4,Bstd:29.4,StrandBias:2.1,Multiplicity:1.05
0.172	0.587	0.114	0.127
0.401	0.351	0.125	0.123
0.187	0.222	0.159	0.432
0.015	0.169	0.038	0.778
0.008	0.839	0.043	0.110
0.084	0.863	0.043	0.010
0.736	0.158	0.076	0.030
0.134	0.186	0.234	0.446
0.009	0.168	0.044	0.779
0.016	0.681	0.074	0.229
0.067	0.868	0.038	0.027
0.499	0.304	0.089	0.108
>CACACACACACV	6-CACACACACACV	5.150502	-559.075380	0	T:4106.0(18.97%),B:3056.7(11.22%),P:1e-242	Tpos:56.5,Tstd:25.5,Bpos:49.8,Bstd:29.1,StrandBias:1.9,Multiplicity:1.10
0.147	0.678	0.129	0.046
0.676	0.101	0.135	0.088
0.109	0.758	0.099	0.034
0.684	0.096	0.142	0.078
0.120	0.753	0.099	0.028
0.644	0.111	0.163	0.082
0.118	0.743	0.102	0.037
0.662	0.102	0.150	0.086
0.099	0.781	0.096	0.024
0.680	0.097	0.149	0.074
0.101	0.740	0.110	0.049
0.373	0.232	0.240	0.156
>ATCACTCATCAC	7-ATCACTCATCAC	5.456663	-456.847411	0	T:4160.0(19.22%),B:3288.0(12.07%),P:1e-198	Tpos:54.9,Tstd:26.5,Bpos:51.0,Bstd:28.0,StrandBias:1.7,Multiplicity:1.11
0.580	0.199	0.112	0.109
0.026	0.212	0.238	0.524
0.032	0.889	0.041	0.038
0.638	0.134	0.090	0.138
0.096	0.681	0.157	0.066
0.078	0.189	0.160	0.573
0.039	0.880	0.052	0.029
0.697	0.123	0.103	0.077
0.037	0.230	0.242	0.491
0.027	0.899	0.046	0.028
0.700	0.080	0.096	0.124
0.063	0.722	0.161	0.054
>CTAAAACCCTMG	8-CTAAAACCCTMG	10.359021	-290.583847	0	T:189.0(0.87%),B:21.8(0.08%),P:1e-126	Tpos:55.0,Tstd:25.5,Bpos:40.3,Bstd:20.5,StrandBias:0.6,Multiplicity:1.01
0.059	0.729	0.078	0.134
0.163	0.170	0.230	0.438
0.584	0.001	0.224	0.191
0.874	0.007	0.118	0.001
0.985	0.007	0.001	0.007
0.807	0.141	0.037	0.015
0.060	0.771	0.103	0.066
0.022	0.956	0.015	0.007
0.008	0.859	0.045	0.088
0.037	0.007	0.001	0.955
0.360	0.404	0.125	0.110
0.095	0.067	0.734	0.104
>CTAGGGTTNVGN	9-CTAGGGTTNVGN	7.708135	-248.958826	0	T:537.0(2.48%),B:219.5(0.81%),P:1e-108	Tpos:56.8,Tstd:26.9,Bpos:48.8,Bstd:28.4,StrandBias:-0.7,Multiplicity:1.02
0.126	0.415	0.208	0.251
0.094	0.240	0.238	0.428
0.696	0.098	0.079	0.127
0.065	0.008	0.861	0.066
0.127	0.085	0.728	0.060
0.084	0.012	0.778	0.126
0.083	0.009	0.066	0.842
0.032	0.150	0.071	0.747
0.207	0.262	0.215	0.315
0.312	0.347	0.324	0.017
0.162	0.193	0.486	0.160
0.281	0.230	0.314	0.175
>TGCGAGTTGCGA	10-TGCGAGTTGCGA	7.986077	-243.059117	0	T:495.0(2.29%),B:194.4(0.71%),P:1e-105	Tpos:54.5,Tstd:27.0,Bpos:49.8,Bstd:28.0,StrandBias:-1.2,Multiplicity:1.04
0.017	0.202	0.044	0.737
0.001	0.005	0.993	0.001
0.013	0.686	0.001	0.300
0.012	0.012	0.964	0.012
0.697	0.018	0.284	0.001
0.032	0.224	0.737	0.007
0.001	0.340	0.006	0.653
0.001	0.172	0.064	0.763
0.001	0.001	0.997	0.001
0.001	0.696	0.001	0.302
0.006	0.019	0.969	0.006
0.678	0.012	0.304	0.006
>GCTAGCTAGCTA	11-GCTAGCTAGCTA	7.816187	-146.176318	0	T:571.0(2.64%),B:325.8(1.20%),P:1e-63	Tpos:59.7,Tstd:26.5,Bpos:46.3,Bstd:30.1,StrandBias:-0.1,Multiplicity:1.04
0.101	0.071	0.781	0.047
0.051	0.834	0.092	0.023
0.100	0.174	0.087	0.639
0.741	0.063	0.098	0.098
0.013	0.013	0.965	0.009
0.022	0.934	0.035	0.009
0.111	0.160	0.045	0.684
0.662	0.059	0.131	0.148
0.022	0.035	0.925	0.018
0.050	0.761	0.061	0.128
0.137	0.134	0.184	0.545
0.461	0.198	0.235	0.106
>TASTAGTAGTAG	12-TASTAGTAGTAG	7.470747	-130.832465	0	T:461.0(2.13%),B:250.5(0.92%),P:1e-56	Tpos:48.2,Tstd:24.4,Bpos:55.0,Bstd:24.8,StrandBias:-0.2,Multiplicity:1.05
0.122	0.172	0.086	0.620
0.696	0.073	0.176	0.055
0.044	0.523	0.406	0.027
0.062	0.137	0.032	0.769
0.895	0.015	0.054	0.036
0.021	0.338	0.623	0.018
0.044	0.160	0.020	0.776
0.778	0.055	0.114	0.053
0.029	0.323	0.628	0.020
0.041	0.215	0.036	0.708
0.788	0.041	0.038	0.133
0.074	0.199	0.645	0.082
>CTGCAACTGCRA	13-CTGCAACTGCRA	10.569203	-122.586024	0	T:149.0(0.69%),B:38.8(0.14%),P:1e-53	Tpos:58.5,Tstd:24.4,Bpos:51.5,Bstd:34.0,StrandBias:0.1,Multiplicity:1.06
0.001	0.604	0.316	0.079
0.041	0.062	0.001	0.896
0.001	0.020	0.959	0.020
0.001	0.997	0.001	0.001
0.567	0.045	0.243	0.145
0.879	0.001	0.119	0.001
0.001	0.708	0.290	0.001
0.066	0.021	0.062	0.851
0.001	0.061	0.937	0.001
0.001	0.978	0.020	0.001
0.458	0.001	0.499	0.041
0.943	0.001	0.001	0.055
>CAGGCAGGCAGG	14-CAGGCAGGCAGG	11.032729	-119.635132	0	T:151.0(0.70%),B:40.4(0.15%),P:1e-51	Tpos:55.4,Tstd:26.2,Bpos:58.9,Bstd:25.7,StrandBias:-0.1,Multiplicity:1.01
0.201	0.411	0.195	0.193
0.733	0.001	0.265	0.001
0.001	0.001	0.997	0.001
0.001	0.048	0.755	0.196
0.001	0.997	0.001	0.001
0.733	0.001	0.102	0.164
0.001	0.001	0.997	0.001
0.001	0.112	0.886	0.001
0.001	0.997	0.001	0.001
0.784	0.001	0.003	0.212
0.244	0.099	0.656	0.001
0.001	0.251	0.747	0.001
>CTCGAGWCTCGA	15-CTCGAGWCTCGA	10.851614	-102.175559	0	T:71.0(0.33%),B:9.6(0.04%),P:1e-44	Tpos:68.1,Tstd:21.4,Bpos:46.1,Bstd:12.5,StrandBias:0.1,Multiplicity:1.07
0.001	0.615	0.383	0.001
0.001	0.147	0.034	0.818
0.001	0.965	0.001	0.033
0.001	0.158	0.699	0.142
0.997	0.001	0.001	0.001
0.212	0.034	0.753	0.001
0.426	0.095	0.105	0.373
0.001	0.820	0.178	0.001
0.033	0.001	0.001	0.965
0.034	0.846	0.119	0.001
0.080	0.257	0.662	0.001
0.850	0.001	0.115	0.034
>CTACAAATACSC	16-CTACAAATACSC	10.361213	-99.409630	0	T:52.0(0.24%),B:4.2(0.02%),P:1e-43	Tpos:37.5,Tstd:16.3,Bpos:50.8,Bstd:18.5,StrandBias:2.2,Multiplicity:1.00
0.001	0.997	0.001	0.001
0.001	0.001	0.001	0.997
0.997	0.001	0.001	0.001
0.001	0.997	0.001	0.001
0.997	0.001	0.001	0.001
0.997	0.001	0.001	0.001
0.959	0.039	0.001	0.001
0.001	0.001	0.001	0.997
0.959	0.001	0.001	0.039
0.040	0.847	0.112	0.001
0.209	0.323	0.467	0.001
0.040	0.807	0.113	0.040
>CTGAGAGCCTGA	17-CTGAGAGCCTGA	10.572670	-84.722539	0	T:54.0(0.25%),B:6.1(0.02%),P:1e-36	Tpos:54.6,Tstd:23.0,Bpos:14.8,Bstd:11.5,StrandBias:-0.8,Multiplicity:1.00
0.049	0.816	0.049	0.086
0.063	0.012	0.061	0.864
0.025	0.038	0.912	0.025
0.752	0.172	0.026	0.050
0.136	0.075	0.728	0.061
0.778	0.098	0.037	0.087
0.059	0.037	0.843	0.061
0.025	0.851	0.061	0.063
0.025	0.877	0.037	0.061
0.026	0.026	0.049	0.899
0.036	0.036	0.927	0.001
0.776	0.123	0.075	0.026
>AAGAGCGAGCGA	18-AAGAGCGAGCGA	11.690489	-79.185834	0	T:71.0(0.33%),B:13.2(0.05%),P:1e-34	Tpos:58.0,Tstd:26.6,Bpos:43.6,Bstd:23.6,StrandBias:-0.6,Multiplicity:1.00
0.839	0.009	0.126	0.026
0.734	0.086	0.179	0.001
0.086	0.307	0.606	0.001
0.879	0.001	0.001	0.119
0.001	0.001	0.997	0.001
0.001	0.997	0.001	0.001
0.001	0.059	0.881	0.059
0.997	0.001	0.001	0.001
0.001	0.001	0.997	0.001
0.059	0.881	0.059	0.001
0.001	0.119	0.879	0.001
0.879	0.119	0.001	0.001
>CGAATCGMATCG	19-CGAATCGMATCG	11.184559	-77.690781	0	T:60.0(0.28%),B:9.3(0.03%),P:1e-33	Tpos:58.8,Tstd:25.6,Bpos:59.1,Bstd:18.1,StrandBias:1.2,Multiplicity:1.00
0.001	0.997	0.001	0.001
0.034	0.001	0.964	0.001
0.479	0.257	0.263	0.001
0.960	0.038	0.001	0.001
0.001	0.329	0.070	0.600
0.001	0.997	0.001	0.001
0.001	0.034	0.964	0.001
0.347	0.469	0.182	0.001
0.701	0.217	0.081	0.001
0.108	0.001	0.326	0.565
0.001	0.997	0.001	0.001
0.001	0.241	0.757	0.001
>AGTCCGGACTCC	20-AGTCCGGACTCC	10.654042	-73.427804	0	T:46.0(0.21%),B:5.4(0.02%),P:1e-31	Tpos:57.5,Tstd:21.7,Bpos:45.8,Bstd:23.9,StrandBias:0.3,Multiplicity:1.00
0.741	0.114	0.083	0.062
0.042	0.142	0.767	0.049
0.010	0.041	0.041	0.908
0.041	0.888	0.001	0.070
0.052	0.865	0.041	0.042
0.135	0.091	0.689	0.085
0.052	0.031	0.865	0.052
0.855	0.052	0.072	0.021
0.039	0.818	0.112	0.031
0.021	0.031	0.042	0.906
0.041	0.845	0.083	0.031
0.032	0.874	0.052	0.042
>GCACTCGGCACT	21-GCACTCGGCACT	10.507489	-70.399159	0	T:51.0(0.24%),B:7.3(0.03%),P:1e-30	Tpos:63.0,Tstd:22.0,Bpos:42.2,Bstd:19.0,StrandBias:1.3,Multiplicity:1.02
0.019	0.068	0.847	0.066
0.039	0.884	0.048	0.029
0.797	0.059	0.049	0.095
0.001	0.852	0.128	0.019
0.135	0.048	0.058	0.759
0.010	0.884	0.077	0.029
0.048	0.049	0.799	0.104
0.048	0.049	0.884	0.019
0.030	0.932	0.019	0.019
0.791	0.039	0.102	0.068
0.039	0.872	0.070	0.019
0.137	0.068	0.075	0.720
>YTSAGCTCAGCT	22-YTSAGCTCAGCT	11.467667	-54.778277	0	T:35.0(0.16%),B:4.8(0.02%),P:1e-23	Tpos:63.6,Tstd:23.4,Bpos:19.5,Bstd:3.3,StrandBias:-0.2,Multiplicity:1.00
0.001	0.337	0.233	0.429
0.087	0.133	0.230	0.550
0.027	0.460	0.464	0.048
0.839	0.001	0.059	0.101
0.001	0.031	0.967	0.001
0.001	0.836	0.001	0.162
0.063	0.102	0.001	0.834
0.016	0.607	0.376	0.001
0.666	0.059	0.070	0.205
0.054	0.117	0.802	0.027
0.001	0.966	0.022	0.011
0.074	0.001	0.052	0.873
>SWAGCTWAGCBV	23-SWAGCTWAGCBV	10.266833	-49.134580	0	T:41.0(0.19%),B:7.6(0.03%),P:1e-21	Tpos:66.0,Tstd:26.7,Bpos:49.5,Bstd:33.1,StrandBias:1.1,Multiplicity:1.00
0.136	0.313	0.353	0.198
0.427	0.011	0.041	0.521
0.855	0.062	0.031	0.052
0.010	0.010	0.700	0.280
0.031	0.906	0.041	0.022
0.073	0.084	0.083	0.760
0.530	0.042	0.021	0.407
0.845	0.031	0.052	0.072
0.031	0.031	0.906	0.032
0.041	0.856	0.031	0.072
0.021	0.260	0.320	0.399
0.305	0.291	0.341	0.062
>CCAACCAACCAG	24-CCAACCAACCAG	10.505990	-47.515577	0	T:63.0(0.29%),B:18.3(0.07%),P:1e-20	Tpos:58.3,Tstd:27.5,Bpos:55.3,Bstd:6.2,StrandBias:2.2,Multiplicity:1.03
0.032	0.775	0.147	0.046
0.112	0.679	0.151	0.058
0.696	0.119	0.096	0.089
0.624	0.010	0.290	0.076
0.093	0.552	0.249	0.106
0.001	0.891	0.022	0.086
0.897	0.038	0.042	0.023
0.751	0.042	0.149	0.058
0.100	0.589	0.183	0.128
0.052	0.819	0.061	0.068
0.826	0.029	0.074	0.071
0.166	0.160	0.645	0.029
>TAGCAATTAGCA	25-TAGCAATTAGCA	9.155365	-41.281747	0	T:32.0(0.15%),B:5.3(0.02%),P:1e-17	Tpos:43.2,Tstd:25.0,Bpos:42.4,Bstd:20.0,StrandBias:0.6,Multiplicity:1.04
0.143	0.155	0.143	0.559
0.689	0.056	0.110	0.145
0.078	0.070	0.804	0.048
0.119	0.686	0.102	0.093
0.669	0.130	0.096	0.105
0.677	0.084	0.140	0.099
0.131	0.161	0.166	0.542
0.112	0.148	0.144	0.596
0.624	0.090	0.156	0.130
0.105	0.104	0.739	0.052
0.117	0.693	0.114	0.076
0.725	0.070	0.086	0.119
>TATATA	1-TATATA	5.626290	-1847.447470	0	T:4590.0(21.21%),B:2172.7(7.98%),P:1e-802	Tpos:31.0,Tstd:10.4,Bpos:50.1,Bstd:39.6,StrandBias:-0.4,Multiplicity:1.17
0.001	0.033	0.001	0.965
0.641	0.001	0.001	0.357
0.114	0.001	0.001	0.884
0.997	0.001	0.001	0.001
0.001	0.031	0.001	0.967
0.997	0.001	0.001	0.001
>CCCWCC	2-CCCWCC	4.244203	-635.434186	0	T:12495.0(57.74%),B:12444.9(45.69%),P:1e-275	Tpos:53.5,Tstd:27.8,Bpos:49.9,Bstd:32.1,StrandBias:2.0,Multiplicity:1.64
0.001	0.955	0.001	0.043
0.355	0.510	0.032	0.103
0.157	0.581	0.068	0.194
0.446	0.103	0.132	0.318
0.001	0.727	0.058	0.214
0.142	0.779	0.027	0.052
>CGCATC	3-CGCATC	1.319075	-528.203241	0	T:12860.0(59.43%),B:13197.4(48.45%),P:1e-229	Tpos:55.5,Tstd:28.2,Bpos:50.0,Bstd:31.9,StrandBias:0.7,Multiplicity:1.60
0.001	0.976	0.022	0.001
0.001	0.001	0.997	0.001
0.001	0.997	0.001	0.001
0.944	0.025	0.001	0.030
0.001	0.001	0.053	0.945
0.001	0.997	0.001	0.001
>GAGASR	4-GAGASR	5.125576	-453.048418	0	T:7581.0(35.03%),B:7033.7(25.82%),P:1e-196	Tpos:54.6,Tstd:27.5,Bpos:50.0,Bstd:33.0,StrandBias:-1.3,Multiplicity:1.26
0.001	0.136	0.862	0.001
0.961	0.001	0.001	0.037
0.332	0.083	0.494	0.092
0.682	0.001	0.316	0.001
0.001	0.493	0.400	0.106
0.368	0.086	0.508	0.038
>CCAGTC	5-CCAGTC	5.588811	-385.453418	0	T:5755.0(26.60%),B:5150.2(18.91%),P:1e-167	Tpos:53.8,Tstd:27.6,Bpos:50.5,Bstd:30.1,StrandBias:1.5,Multiplicity:1.14
0.001	0.826	0.123	0.050
0.001	0.997	0.001	0.001
0.747	0.251	0.001	0.001
0.137	0.001	0.717	0.145
0.001	0.001	0.001	0.997
0.001	0.997	0.001	0.001
>TCCRTY	6-TCCRTY	5.194048	-330.379604	0	T:5666.0(26.18%),B:5195.8(19.08%),P:1e-143	Tpos:53.6,Tstd:28.6,Bpos:49.5,Bstd:29.1,StrandBias:1.0,Multiplicity:1.18
0.001	0.001	0.001	0.997
0.001	0.768	0.052	0.179
0.148	0.443	0.274	0.135
0.454	0.001	0.328	0.217
0.001	0.089	0.001	0.909
0.001	0.563	0.001	0.435
>AAMCCY	7-AAMCCY	6.703722	-298.430447	0	T:3488.0(16.12%),B:2911.4(10.69%),P:1e-129	Tpos:53.4,Tstd:26.2,Bpos:49.6,Bstd:32.5,StrandBias:1.8,Multiplicity:1.14
0.997	0.001	0.001	0.001
0.997	0.001	0.001	0.001
0.484	0.514	0.001	0.001
0.001	0.997	0.001	0.001
0.001	0.997	0.001	0.001
0.122	0.485	0.001	0.392
>TGCGAG	8-TGCGAG	2.309198	-290.319738	0	T:6386.0(29.51%),B:6127.7(22.50%),P:1e-126	Tpos:55.2,Tstd:28.0,Bpos:49.3,Bstd:31.6,StrandBias:-0.7,Multiplicity:1.25
0.414	0.001	0.001	0.584
0.001	0.001	0.997	0.001
0.001	0.599	0.001	0.399
0.001	0.001	0.988	0.010
0.997	0.001	0.001	0.001
0.001	0.001	0.997	0.001
>TGCCTG	9-TGCCTG	3.946381	-284.169937	0	T:7627.0(35.25%),B:7588.2(27.86%),P:1e-123	Tpos:52.6,Tstd:27.4,Bpos:50.0,Bstd:30.4,StrandBias:-1.0,Multiplicity:1.35
0.001	0.001	0.001	0.997
0.001	0.001	0.997	0.001
0.092	0.776	0.001	0.131
0.001	0.535	0.098	0.366
0.005	0.001	0.001	0.993
0.001	0.001	0.997	0.001
>CTCTCA	10-CTCTCA	6.657678	-278.412783	0	T:5704.0(26.36%),B:5388.0(19.78%),P:1e-120	Tpos:56.1,Tstd:27.6,Bpos:49.6,Bstd:33.3,StrandBias:1.0,Multiplicity:1.03
0.001	0.997	0.001	0.001
0.001	0.001	0.001	0.997
0.001	0.997	0.001	0.001
0.001	0.001	0.001	0.997
0.001	0.997	0.001	0.001
0.516	0.290	0.193	0.001
>GGYTTT	11-GGYTTT	5.646158	-274.698003	0	T:3686.0(17.03%),B:3176.0(11.66%),P:1e-119	Tpos:47.1,Tstd:26.8,Bpos:50.7,Bstd:33.4,StrandBias:-1.0,Multiplicity:1.06
0.001	0.127	0.871	0.001
0.001	0.001	0.997	0.001
0.001	0.551	0.001	0.447
0.001	0.001	0.001	0.997
0.001	0.001	0.001	0.997
0.001	0.001	0.001	0.997
>AAGCGA	12-AAGCGA	5.736928	-226.255386	0	T:3373.0(15.59%),B:2961.5(10.87%),P:1e-98	Tpos:54.4,Tstd:27.8,Bpos:48.9,Bstd:31.2,StrandBias:-0.6,Multiplicity:1.12
0.997	0.001	0.001	0.001
0.774	0.001	0.224	0.001
0.001	0.001	0.899	0.099
0.001	0.997	0.001	0.001
0.001	0.001	0.997	0.001
0.997	0.001	0.001	0.001
>TAATAA	13-TAATAA	4.599233	-206.710414	0	T:2157.0(9.97%),B:1734.3(6.37%),P:1e-89	Tpos:34.3,Tstd:20.4,Bpos:51.1,Bstd:37.8,StrandBias:-0.1,Multiplicity:1.10
0.001	0.001	0.001	0.997
0.795	0.001	0.001	0.203
0.877	0.001	0.001	0.121
0.001	0.001	0.001	0.997
0.997	0.001	0.001	0.001
0.997	0.001	0.001	0.001
>CAAATC	14-CAAATC	6.178459	-185.742549	0	T:3427.0(15.84%),B:3131.3(11.50%),P:1e-80	Tpos:52.3,Tstd:27.5,Bpos:49.8,Bstd:31.7,StrandBias:1.7,Multiplicity:1.09
0.001	0.997	0.001	0.001
0.997	0.001	0.001	0.001
0.997	0.001	0.001	0.001
0.818	0.001	0.001	0.180
0.001	0.336	0.001	0.662
0.001	0.997	0.001	0.001
>CRTCAC	15-CRTCAC	5.302161	-174.580483	0	T:5267.0(24.34%),B:5239.8(19.24%),P:1e-75	Tpos:52.3,Tstd:28.3,Bpos:50.8,Bstd:26.7,StrandBias:1.4,Multiplicity:1.20
0.001	0.832	0.001	0.166
0.551	0.001	0.447	0.001
0.001	0.198	0.001	0.800
0.001	0.832	0.001	0.166
0.997	0.001	0.001	0.001
0.001	0.651	0.001	0.347
>GAAABG	16-GAAABG	5.056108	-163.712736	0	T:4472.0(20.67%),B:4370.2(16.04%),P:1e-71	Tpos:51.2,Tstd:27.7,Bpos:50.0,Bstd:33.4,StrandBias:-1.0,Multiplicity:1.12
0.108	0.072	0.791	0.029
0.724	0.060	0.085	0.131
0.729	0.068	0.202	0.001
0.989	0.005	0.001	0.005
0.105	0.244	0.357	0.294
0.260	0.206	0.474	0.060
>GCTGTG	17-GCTGTG	5.953709	-158.242686	0	T:3520.0(16.27%),B:3319.2(12.19%),P:1e-68	Tpos:52.7,Tstd:27.9,Bpos:49.1,Bstd:31.0,StrandBias:-0.9,Multiplicity:1.12
0.001	0.001	0.997	0.001
0.001	0.997	0.001	0.001
0.293	0.001	0.001	0.705
0.001	0.001	0.997	0.001
0.001	0.001	0.001	0.997
0.135	0.001	0.863	0.001
>GCCTGC	18-GCCTGC	7.258619	-142.579047	0	T:2833.0(13.09%),B:2612.1(9.59%),P:1e-61	Tpos:50.0,Tstd:28.3,Bpos:50.3,Bstd:32.2,StrandBias:0.1,Multiplicity:1.06
0.001	0.001	0.997	0.001
0.001	0.997	0.001	0.001
0.001	0.997	0.001	0.001
0.001	0.001	0.001	0.997
0.352	0.001	0.646	0.001
0.001	0.997	0.001	0.001
>CTACTA	19-CTACTA	7.959800	-109.040244	0	T:889.0(4.11%),B:664.4(2.44%),P:1e-47	Tpos:46.4,Tstd:26.7,Bpos:51.2,Bstd:31.8,StrandBias:0.5,Multiplicity:1.20
0.001	0.890	0.108	0.001
0.001	0.001	0.001	0.997
0.997	0.001	0.001	0.001
0.001	0.795	0.203	0.001
0.001	0.001	0.001	0.997
0.997	0.001	0.001	0.001
>TATATATA	1-TATATATA	4.605921	-1777.056355	0	T:3828.0(17.69%),B:1635.1(6.00%),P:1e-771	Tpos:31.0,Tstd:9.5,Bpos:50.3,Bstd:38.4,StrandBias:-0.0,Multiplicity:1.03
0.001	0.262	0.230	0.507
0.456	0.151	0.182	0.210
0.001	0.001	0.001	0.997
0.844	0.001	0.001	0.154
0.001	0.001	0.001	0.997
0.997	0.001	0.001	0.001
0.084	0.001	0.001	0.914
0.997	0.001	0.001	0.001
>ATAAATAC	2-ATAAATAC	5.840536	-1204.116033	0	T:2931.0(13.54%),B:1333.7(4.90%),P:1e-522	Tpos:35.1,Tstd:18.8,Bpos:47.3,Bstd:36.5,StrandBias:0.6,Multiplicity:1.07
0.912	0.023	0.001	0.064
0.026	0.081	0.001	0.892
0.943	0.001	0.001	0.055
0.909	0.033	0.009	0.049
0.961	0.001	0.018	0.020
0.040	0.001	0.001	0.958
0.942	0.028	0.029	0.001
0.161	0.588	0.238	0.013
>CCAMYCCC	3-CCAMYCCC	5.093694	-905.266909	0	T:9758.0(45.09%),B:8524.5(31.30%),P:1e-393	Tpos:54.1,Tstd:26.5,Bpos:49.6,Bstd:31.0,StrandBias:2.4,Multiplicity:1.49
0.001	0.997	0.001	0.001
0.184	0.780	0.035	0.001
0.611	0.324	0.064	0.001
0.427	0.406	0.120	0.047
0.243	0.314	0.001	0.443
0.141	0.702	0.001	0.156
0.015	0.983	0.001	0.001
0.311	0.687	0.001	0.001
>CTCGYCTC	4-CTCGYCTC	5.391031	-874.136808	0	T:8462.0(39.11%),B:7111.9(26.11%),P:1e-379	Tpos:56.0,Tstd:27.0,Bpos:49.8,Bstd:33.1,StrandBias:1.5,Multiplicity:1.33
0.001	0.603	0.197	0.199
0.147	0.315	0.027	0.511
0.067	0.904	0.028	0.001
0.001	0.263	0.555	0.181
0.137	0.436	0.068	0.359
0.071	0.640	0.001	0.288
0.001	0.001	0.075	0.923
0.001	0.758	0.001	0.240
>TYCVDTYC	5-TYCVDTYC	4.538416	-821.787080	0	T:7482.0(34.58%),B:6127.9(22.50%),P:1e-356	Tpos:52.5,Tstd:27.9,Bpos:50.0,Bstd:31.6,StrandBias:1.1,Multiplicity:1.22
0.193	0.116	0.164	0.527
0.006	0.418	0.090	0.486
0.001	0.792	0.105	0.102
0.306	0.404	0.288	0.001
0.288	0.145	0.314	0.253
0.099	0.075	0.058	0.768
0.054	0.448	0.029	0.468
0.197	0.523	0.028	0.252
>CACAKCWC	6-CACAKCWC	5.196808	-644.315318	0	T:6059.0(28.00%),B:4923.2(18.07%),P:1e-279	Tpos:54.5,Tstd:27.0,Bpos:50.1,Bstd:31.1,StrandBias:1.5,Multiplicity:1.14
0.093	0.839	0.001	0.067
0.730	0.001	0.072	0.197
0.029	0.780	0.093	0.098
0.497	0.332	0.064	0.107
0.101	0.142	0.402	0.354
0.273	0.725	0.001	0.001
0.410	0.119	0.150	0.322
0.035	0.857	0.001	0.107
>AAACCCTA	7-AAACCCTA	8.668550	-529.608665	0	T:1094.0(5.06%),B:436.0(1.60%),P:1e-230	Tpos:55.7,Tstd:26.8,Bpos:49.6,Bstd:30.1,StrandBias:0.9,Multiplicity:1.04
0.869	0.001	0.129	0.001
0.997	0.001	0.001	0.001
0.997	0.001	0.001	0.001
0.001	0.997	0.001	0.001
0.001	0.997	0.001	0.001
0.001	0.997	0.001	0.001
0.001	0.001	0.001	0.997
0.747	0.148	0.001	0.104
>GGVDGCGG	8-GGVDGCGG	6.726732	-457.551626	0	T:4410.0(20.38%),B:3545.8(13.02%),P:1e-198	Tpos:59.1,Tstd:27.5,Bpos:49.3,Bstd:31.7,StrandBias:-1.3,Multiplicity:1.14
0.133	0.035	0.831	0.001
0.143	0.255	0.601	0.001
0.311	0.294	0.257	0.138
0.371	0.007	0.351	0.271
0.001	0.001	0.997	0.001
0.001	0.936	0.001	0.062
0.001	0.204	0.794	0.001
0.001	0.001	0.920	0.078
>GAGAGAGA	9-GAGAGAGA	4.887089	-420.851307	0	T:5357.0(24.76%),B:4629.9(17.00%),P:1e-182	Tpos:55.0,Tstd:27.3,Bpos:49.6,Bstd:33.3,StrandBias:-1.4,Multiplicity:1.13
0.147	0.086	0.682	0.085
0.590	0.141	0.150	0.119
0.181	0.112	0.597	0.110
0.581	0.114	0.153	0.152
0.100	0.106	0.683	0.111
0.522	0.094	0.234	0.150
0.090	0.092	0.718	0.100
0.627	0.091	0.215	0.067
>CAATCGCA	10-CAATCGCA	4.771778	-379.865648	0	T:5534.0(25.57%),B:4920.2(18.06%),P:1e-164	Tpos:52.8,Tstd:27.6,Bpos:50.5,Bstd:29.5,StrandBias:1.2,Multiplicity:1.10
0.316	0.473	0.185	0.027
0.746	0.192	0.061	0.001
0.600	0.129	0.133	0.138
0.146	0.259	0.001	0.594
0.060	0.838	0.058	0.044
0.142	0.064	0.749	0.045
0.089	0.773	0.048	0.090
0.736	0.166	0.001	0.097
>CGCTTMDT	11-CGCTTMDT	5.800051	-346.629509	0	T:2580.0(11.92%),B:1898.4(6.97%),P:1e-150	Tpos:48.0,Tstd:27.0,Bpos:49.3,Bstd:30.6,StrandBias:0.3,Multiplicity:1.03
0.001	0.912	0.086	0.001
0.062	0.002	0.759	0.177
0.072	0.564	0.083	0.281
0.053	0.398	0.001	0.548
0.001	0.056	0.001	0.942
0.433	0.308	0.002	0.257
0.345	0.156	0.275	0.225
0.112	0.001	0.071	0.816
>GTGTGTGT	12-GTGTGTGT	4.321289	-324.048194	0	T:3656.0(16.90%),B:3032.0(11.13%),P:1e-140	Tpos:53.9,Tstd:27.0,Bpos:50.2,Bstd:30.4,StrandBias:-1.4,Multiplicity:1.16
0.001	0.246	0.651	0.102
0.216	0.135	0.148	0.501
0.088	0.296	0.518	0.098
0.271	0.105	0.095	0.529
0.061	0.169	0.661	0.109
0.228	0.261	0.065	0.447
0.087	0.232	0.520	0.161
0.263	0.056	0.119	0.562
>GCTTBGTT	13-GCTTBGTT	5.664820	-305.677400	0	T:3550.0(16.41%),B:2960.8(10.87%),P:1e-132	Tpos:50.5,Tstd:27.5,Bpos:51.7,Bstd:32.9,StrandBias:-0.9,Multiplicity:1.11
0.001	0.082	0.642	0.275
0.114	0.431	0.223	0.232
0.007	0.001	0.001	0.991
0.001	0.119	0.095	0.785
0.008	0.323	0.274	0.395
0.122	0.225	0.474	0.179
0.167	0.208	0.001	0.624
0.137	0.001	0.001	0.861
>CTGCYAGC	14-CTGCYAGC	6.170318	-230.128915	0	T:3270.0(15.11%),B:2841.8(10.43%),P:1e-99	Tpos:55.2,Tstd:27.3,Bpos:49.7,Bstd:30.3,StrandBias:0.3,Multiplicity:1.21
0.001	0.669	0.001	0.329
0.363	0.012	0.015	0.610
0.327	0.001	0.671	0.001
0.001	0.734	0.242	0.023
0.017	0.412	0.101	0.470
0.650	0.001	0.001	0.348
0.001	0.041	0.957	0.001
0.001	0.800	0.044	0.155
>KGGACTGA	15-KGGACTGA	3.637812	-210.412805	0	T:1060.0(4.90%),B:673.9(2.47%),P:1e-91	Tpos:52.2,Tstd:27.0,Bpos:48.8,Bstd:28.6,StrandBias:-1.2,Multiplicity:1.03
0.040	0.086	0.444	0.429
0.001	0.001	0.920	0.078
0.001	0.001	0.997	0.001
0.997	0.001	0.001	0.001
0.001	0.997	0.001	0.001
0.001	0.001	0.001	0.997
0.001	0.001	0.997	0.001
0.981	0.001	0.017	0.001
>CGCTRGCT	16-CGCTRGCT	7.272368	-177.589660	0	T:1417.0(6.55%),B:1054.8(3.87%),P:1e-77	Tpos:53.3,Tstd:27.8,Bpos:48.7,Bstd:32.1,StrandBias:0.0,Multiplicity:1.05
0.001	0.622	0.376	0.001
0.128	0.001	0.870	0.001
0.001	0.825	0.099	0.075
0.001	0.001	0.001	0.997
0.424	0.134	0.441	0.001
0.001	0.290	0.645	0.064
0.064	0.759	0.001	0.176
0.049	0.075	0.001	0.875
>CAACGCAA	17-CAACGCAA	6.850922	-143.241070	0	T:1007.0(4.65%),B:719.3(2.64%),P:1e-62	Tpos:53.1,Tstd:27.1,Bpos:51.2,Bstd:28.2,StrandBias:1.0,Multiplicity:1.06
0.015	0.938	0.012	0.035
0.958	0.040	0.001	0.001
0.933	0.028	0.001	0.038
0.182	0.668	0.038	0.112
0.020	0.001	0.978	0.001
0.013	0.985	0.001	0.001
0.835	0.105	0.059	0.001
0.897	0.001	0.070	0.032
>WSTAGTAG	18-WSTAGTAG	4.855268	-112.962981	0	T:521.0(2.41%),B:319.9(1.17%),P:1e-49	Tpos:44.8,Tstd:25.7,Bpos:55.2,Bstd:27.6,StrandBias:-0.5,Multiplicity:1.03
0.518	0.001	0.001	0.480
0.001	0.480	0.518	0.001
0.001	0.001	0.001	0.997
0.997	0.001	0.001	0.001
0.001	0.001	0.997	0.001
0.001	0.001	0.001	0.997
0.997	0.001	0.001	0.001
0.001	0.008	0.990	0.001
>TATWATAR	19-TATWATAR	7.139217	-112.769162	0	T:415.0(1.92%),B:230.1(0.84%),P:1e-48	Tpos:33.2,Tstd:18.7,Bpos:55.2,Bstd:36.3,StrandBias:-0.5,Multiplicity:1.03
0.122	0.045	0.106	0.727
0.513	0.339	0.032	0.116
0.024	0.001	0.031	0.944
0.431	0.001	0.060	0.508
0.997	0.001	0.001	0.001
0.004	0.001	0.001	0.994
0.847	0.001	0.060	0.092
0.475	0.001	0.373	0.151
>CCCATTTC	20-CCCATTTC	8.351182	-93.398741	0	T:448.0(2.07%),B:279.1(1.02%),P:1e-40	Tpos:54.1,Tstd:27.9,Bpos:49.0,Bstd:32.5,StrandBias:1.6,Multiplicity:1.01
0.001	0.761	0.237	0.001
0.001	0.821	0.177	0.001
0.001	0.997	0.001	0.001
0.997	0.001	0.001	0.001
0.105	0.001	0.001	0.893
0.001	0.001	0.001	0.997
0.001	0.001	0.001	0.997
0.001	0.997	0.001	0.001
>AAACCCAC	21-AAACCCAC	9.072243	-89.550753	0	T:316.0(1.46%),B:172.0(0.63%),P:1e-38	Tpos:48.5,Tstd:25.3,Bpos:52.9,Bstd:30.9,StrandBias:2.7,Multiplicity:1.01
0.819	0.001	0.001	0.179
0.997	0.001	0.001	0.001
0.997	0.001	0.001	0.001
0.001	0.997	0.001	0.001
0.001	0.997	0.001	0.001
0.001	0.997	0.001	0.001
0.997	0.001	0.001	0.001
0.001	0.756	0.242	0.001
>CGGCCGGC	22-CGGCCGGC	8.653431	-74.684360	0	T:852.0(3.94%),B:697.0(2.56%),P:1e-32	Tpos:52.3,Tstd:29.3,Bpos:50.3,Bstd:31.3,StrandBias:0.2,Multiplicity:1.05
0.001	0.997	0.001	0.001
0.001	0.001	0.715	0.283
0.001	0.001	0.997	0.001
0.001	0.997	0.001	0.001
0.394	0.604	0.001	0.001
0.001	0.107	0.891	0.001
0.001	0.001	0.581	0.417
0.001	0.997	0.001	0.001
>CCCGGCCC	23-CCCGGCCC	8.767702	-70.075155	0	T:503.0(2.32%),B:362.8(1.33%),P:1e-30	Tpos:43.6,Tstd:28.6,Bpos:50.3,Bstd:35.4,StrandBias:1.2,Multiplicity:1.05
0.001	0.997	0.001	0.001
0.269	0.729	0.001	0.001
0.001	0.997	0.001	0.001
0.001	0.001	0.997	0.001
0.001	0.001	0.997	0.001
0.149	0.771	0.079	0.001
0.001	0.916	0.001	0.082
0.001	0.997	0.001	0.001
>AAYMAATC	24-AAYMAATC	8.086508	-45.822888	0	T:91.0(0.42%),B:36.6(0.13%),P:1e-19	Tpos:46.4,Tstd:29.9,Bpos:53.4,Bstd:28.3,StrandBias:1.1,Multiplicity:1.06
0.636	0.127	0.001	0.236
0.716	0.038	0.118	0.128
0.041	0.400	0.047	0.512
0.299	0.433	0.229	0.039
0.825	0.155	0.001	0.019
0.952	0.001	0.046	0.001
0.019	0.048	0.238	0.695
0.059	0.900	0.001	0.040
>AGACTAGA	25-AGACTAGA	9.234582	-26.725414	0	T:124.0(0.57%),B:78.9(0.29%),P:1e-11	Tpos:54.6,Tstd:25.9,Bpos:54.2,Bstd:23.9,StrandBias:-0.6,Multiplicity:1.00
0.997	0.001	0.001	0.001
0.001	0.001	0.997	0.001
0.808	0.001	0.001	0.190
0.001	0.997	0.001	0.001
0.001	0.001	0.001	0.997
0.801	0.001	0.001	0.197
0.001	0.001	0.997	0.001
0.997	0.001	0.001	0.001
