>TATATADASV	1-TATATADASV	5.022797	-2160.123631	0	T:4803.0(22.20%),B:2129.7(7.82%),P:1e-938	Tpos:31.3,Tstd:10.7,Bpos:50.8,Bstd:37.6,StrandBias:-0.1,Multiplicity:1.67
0.023	0.030	0.057	0.890
0.677	0.038	0.007	0.278
0.055	0.022	0.010	0.913
0.888	0.003	0.005	0.104
0.233	0.025	0.015	0.727
0.922	0.007	0.055	0.016
0.256	0.130	0.260	0.354
0.448	0.183	0.253	0.116
0.184	0.352	0.355	0.109
0.264	0.311	0.321	0.104
>CCYCCCCTCC	2-CCYCCCCTCC	5.339585	-1106.427229	0	T:9205.0(42.54%),B:7524.7(27.64%),P:1e-480	Tpos:56.0,Tstd:26.3,Bpos:49.1,Bstd:32.2,StrandBias:2.2,Multiplicity:1.45
0.090	0.677	0.003	0.230
0.051	0.753	0.051	0.145
0.221	0.377	0.008	0.394
0.001	0.877	0.015	0.107
0.065	0.751	0.090	0.094
0.248	0.618	0.059	0.075
0.117	0.627	0.156	0.100
0.174	0.246	0.049	0.531
0.001	0.853	0.001	0.145
0.001	0.860	0.001	0.138
>CMAAACCCMM	3-CMAAACCCMM	4.802038	-921.277460	0	T:7131.0(32.95%),B:5574.8(20.48%),P:1e-400	Tpos:53.1,Tstd:25.9,Bpos:49.4,Bstd:30.4,StrandBias:2.2,Multiplicity:1.22
0.398	0.597	0.004	0.001
0.518	0.480	0.001	0.001
0.578	0.420	0.001	0.001
0.681	0.317	0.001	0.001
0.532	0.375	0.030	0.063
0.357	0.546	0.048	0.049
0.366	0.632	0.001	0.001
0.372	0.626	0.001	0.001
0.524	0.439	0.001	0.036
0.503	0.495	0.001	0.001
>DGGGAATGGG	4-DGGGAATGGG	5.562444	-701.646969	0	T:5918.0(27.35%),B:4667.8(17.15%),P:1e-304	Tpos:53.2,Tstd:27.1,Bpos:50.6,Bstd:30.5,StrandBias:-1.8,Multiplicity:1.15
0.200	0.160	0.296	0.345
0.015	0.063	0.644	0.278
0.020	0.120	0.859	0.001
0.263	0.020	0.716	0.001
0.807	0.006	0.186	0.001
0.741	0.257	0.001	0.001
0.205	0.222	0.156	0.418
0.001	0.182	0.508	0.309
0.001	0.001	0.923	0.075
0.357	0.070	0.572	0.001
>CGTCTCGTCT	5-CGTCTCGTCT	5.276407	-535.206946	0	T:4393.0(20.30%),B:3383.7(12.43%),P:1e-232	Tpos:53.9,Tstd:26.6,Bpos:48.9,Bstd:29.8,StrandBias:0.9,Multiplicity:1.17
0.059	0.750	0.099	0.092
0.062	0.131	0.725	0.082
0.056	0.112	0.057	0.775
0.026	0.805	0.051	0.118
0.031	0.068	0.058	0.843
0.018	0.893	0.041	0.048
0.056	0.057	0.751	0.136
0.067	0.082	0.065	0.786
0.023	0.860	0.070	0.047
0.057	0.077	0.055	0.811
>AAAACCCTAG	6-AAAACCCTAG	8.044682	-460.367112	0	T:1029.0(4.76%),B:431.5(1.59%),P:1e-199	Tpos:56.6,Tstd:26.7,Bpos:51.4,Bstd:32.6,StrandBias:0.9,Multiplicity:1.03
0.446	0.125	0.134	0.295
0.659	0.001	0.300	0.040
0.997	0.001	0.001	0.001
0.958	0.001	0.040	0.001
0.001	0.997	0.001	0.001
0.001	0.997	0.001	0.001
0.001	0.997	0.001	0.001
0.021	0.001	0.001	0.977
0.514	0.335	0.001	0.150
0.267	0.181	0.530	0.022
>GTGTGTGTGW	7-GTGTGTGTGW	5.368353	-376.013722	0	T:3459.0(15.99%),B:2721.2(10.00%),P:1e-163	Tpos:55.1,Tstd:26.6,Bpos:50.3,Bstd:30.2,StrandBias:-1.6,Multiplicity:1.08
0.071	0.167	0.714	0.048
0.148	0.172	0.098	0.582
0.025	0.154	0.779	0.042
0.110	0.209	0.125	0.556
0.050	0.201	0.720	0.029
0.192	0.187	0.089	0.532
0.037	0.128	0.797	0.038
0.116	0.222	0.095	0.567
0.041	0.102	0.843	0.014
0.367	0.133	0.112	0.388
>TCMGTCCGTC	8-TCMGTCCGTC	3.776697	-361.146211	0	T:1587.0(7.33%),B:957.9(3.52%),P:1e-156	Tpos:53.5,Tstd:27.0,Bpos:50.3,Bstd:27.1,StrandBias:1.2,Multiplicity:1.02
0.001	0.274	0.001	0.724
0.001	0.987	0.001	0.011
0.422	0.395	0.080	0.103
0.199	0.001	0.766	0.034
0.001	0.001	0.001	0.997
0.001	0.997	0.001	0.001
0.362	0.589	0.001	0.048
0.190	0.001	0.808	0.001
0.001	0.001	0.001	0.997
0.001	0.997	0.001	0.001
>TCTCTCTCTC	9-TCTCTCTCTC	6.760082	-360.234946	0	T:2461.0(11.37%),B:1760.7(6.47%),P:1e-156	Tpos:57.4,Tstd:26.4,Bpos:49.9,Bstd:33.3,StrandBias:1.4,Multiplicity:1.07
0.056	0.100	0.086	0.758
0.035	0.809	0.083	0.073
0.103	0.077	0.108	0.712
0.040	0.844	0.061	0.055
0.075	0.066	0.077	0.782
0.041	0.805	0.098	0.056
0.066	0.041	0.085	0.808
0.054	0.833	0.047	0.066
0.053	0.048	0.112	0.787
0.025	0.864	0.055	0.056
>CCGCCGCCGC	10-CCGCCGCCGC	7.291794	-344.952520	0	T:3000.0(13.86%),B:2315.1(8.50%),P:1e-149	Tpos:61.4,Tstd:26.3,Bpos:49.9,Bstd:30.6,StrandBias:1.3,Multiplicity:1.10
0.001	0.957	0.001	0.041
0.096	0.737	0.031	0.136
0.228	0.001	0.702	0.069
0.001	0.966	0.017	0.016
0.167	0.595	0.048	0.190
0.191	0.048	0.675	0.086
0.001	0.992	0.006	0.001
0.166	0.816	0.017	0.001
0.086	0.165	0.697	0.052
0.024	0.780	0.034	0.162
>CGCTTCGCTT	11-CGCTTCGCTT	6.746372	-289.738161	0	T:1445.0(6.68%),B:916.7(3.37%),P:1e-125	Tpos:55.7,Tstd:27.0,Bpos:49.2,Bstd:30.4,StrandBias:0.1,Multiplicity:1.08
0.049	0.673	0.154	0.124
0.037	0.061	0.838	0.064
0.037	0.851	0.068	0.044
0.078	0.078	0.031	0.813
0.041	0.114	0.049	0.796
0.016	0.781	0.064	0.139
0.074	0.053	0.825	0.048
0.057	0.831	0.049	0.063
0.068	0.034	0.052	0.846
0.043	0.087	0.122	0.748
>TGCBGDCTGC	12-TGCBGDCTGC	7.098936	-217.675448	0	T:1250.0(5.78%),B:834.7(3.07%),P:1e-94	Tpos:54.4,Tstd:26.2,Bpos:52.1,Bstd:30.5,StrandBias:-0.6,Multiplicity:1.04
0.049	0.073	0.111	0.767
0.017	0.152	0.787	0.044
0.059	0.794	0.103	0.044
0.134	0.283	0.359	0.224
0.036	0.095	0.776	0.093
0.319	0.098	0.282	0.302
0.090	0.595	0.246	0.069
0.072	0.057	0.017	0.854
0.034	0.086	0.851	0.029
0.024	0.887	0.084	0.005
>ATAAAACCGC	13-ATAAAACCGC	7.856332	-209.373012	0	T:295.0(1.36%),B:86.2(0.32%),P:1e-90	Tpos:47.1,Tstd:23.3,Bpos:52.2,Bstd:30.8,StrandBias:1.4,Multiplicity:1.01
0.800	0.073	0.058	0.069
0.092	0.093	0.162	0.653
0.701	0.102	0.145	0.052
0.861	0.073	0.034	0.032
0.912	0.025	0.023	0.040
0.801	0.077	0.083	0.039
0.124	0.771	0.071	0.034
0.067	0.832	0.050	0.051
0.082	0.030	0.844	0.044
0.072	0.828	0.070	0.030
>TCGTCGTCTT	14-TCGTCGTCTT	7.311011	-201.905794	0	T:1395.0(6.45%),B:992.0(3.64%),P:1e-87	Tpos:56.9,Tstd:27.3,Bpos:49.4,Bstd:28.0,StrandBias:1.2,Multiplicity:1.02
0.027	0.071	0.061	0.841
0.037	0.786	0.086	0.091
0.069	0.108	0.723	0.100
0.004	0.110	0.028	0.858
0.071	0.854	0.045	0.030
0.067	0.097	0.757	0.079
0.024	0.077	0.030	0.869
0.033	0.875	0.034	0.058
0.086	0.122	0.142	0.650
0.029	0.157	0.025	0.789
>CTAGCTAGCT	15-CTAGCTAGCT	6.885601	-201.690141	0	T:1194.0(5.52%),B:806.0(2.96%),P:1e-87	Tpos:58.5,Tstd:27.2,Bpos:51.2,Bstd:29.5,StrandBias:0.1,Multiplicity:1.06
0.073	0.793	0.090	0.044
0.108	0.106	0.100	0.686
0.714	0.079	0.090	0.117
0.027	0.041	0.920	0.012
0.020	0.934	0.034	0.012
0.082	0.047	0.025	0.846
0.681	0.091	0.104	0.124
0.031	0.065	0.875	0.029
0.066	0.860	0.029	0.045
0.127	0.095	0.084	0.694
>CTGCCTGCCT	16-CTGCCTGCCT	9.552145	-185.816141	0	T:338.0(1.56%),B:122.3(0.45%),P:1e-80	Tpos:54.0,Tstd:28.4,Bpos:47.4,Bstd:30.9,StrandBias:0.4,Multiplicity:1.02
0.001	0.950	0.030	0.019
0.018	0.001	0.012	0.969
0.001	0.001	0.984	0.014
0.001	0.886	0.090	0.023
0.008	0.946	0.016	0.030
0.035	0.001	0.001	0.963
0.001	0.033	0.965	0.001
0.011	0.967	0.021	0.001
0.001	0.922	0.048	0.029
0.072	0.105	0.001	0.822
>YGAGTKGCGA	17-YGAGTKGCGA	8.264036	-180.088311	0	T:435.0(2.01%),B:191.1(0.70%),P:1e-78	Tpos:53.8,Tstd:27.0,Bpos:51.8,Bstd:29.6,StrandBias:-1.2,Multiplicity:1.04
0.001	0.390	0.093	0.516
0.001	0.001	0.997	0.001
0.688	0.310	0.001	0.001
0.187	0.242	0.570	0.001
0.001	0.313	0.017	0.669
0.022	0.170	0.341	0.466
0.001	0.097	0.901	0.001
0.001	0.584	0.044	0.371
0.001	0.001	0.997	0.001
0.574	0.001	0.176	0.249
>TACTAGTAGT	18-TACTAGTAGT	6.446138	-169.544080	0	T:831.0(3.84%),B:521.7(1.92%),P:1e-73	Tpos:46.8,Tstd:24.6,Bpos:50.0,Bstd:28.5,StrandBias:0.1,Multiplicity:1.06
0.096	0.163	0.133	0.608
0.826	0.038	0.049	0.087
0.015	0.558	0.328	0.099
0.178	0.118	0.002	0.702
0.802	0.001	0.116	0.081
0.001	0.418	0.580	0.001
0.001	0.163	0.010	0.826
0.882	0.055	0.029	0.034
0.031	0.390	0.565	0.014
0.152	0.269	0.099	0.480
>CGCAGTCGCA	19-CGCAGTCGCA	10.734884	-99.135246	0	T:155.0(0.72%),B:50.3(0.18%),P:1e-43	Tpos:54.1,Tstd:26.7,Bpos:48.8,Bstd:31.5,StrandBias:0.5,Multiplicity:1.03
0.001	0.997	0.001	0.001
0.001	0.001	0.993	0.005
0.001	0.997	0.001	0.001
0.997	0.001	0.001	0.001
0.001	0.063	0.935	0.001
0.084	0.135	0.001	0.780
0.001	0.914	0.001	0.084
0.001	0.001	0.997	0.001
0.001	0.997	0.001	0.001
0.997	0.001	0.001	0.001
>TTTCCTTTCC	20-TTTCCTTTCC	11.348497	-87.065367	0	T:89.0(0.41%),B:19.2(0.07%),P:1e-37	Tpos:49.7,Tstd:31.5,Bpos:48.3,Bstd:35.9,StrandBias:0.0,Multiplicity:1.08
0.001	0.001	0.046	0.952
0.009	0.038	0.001	0.952
0.001	0.008	0.001	0.990
0.001	0.997	0.001	0.001
0.009	0.943	0.047	0.001
0.008	0.001	0.001	0.990
0.025	0.001	0.009	0.965
0.001	0.101	0.001	0.897
0.001	0.997	0.001	0.001
0.001	0.997	0.001	0.001
>CTACAAATAC	21-CTACAAATAC	8.380674	-86.245159	0	T:147.0(0.68%),B:51.8(0.19%),P:1e-37	Tpos:36.3,Tstd:17.3,Bpos:48.8,Bstd:34.9,StrandBias:1.5,Multiplicity:1.00
0.001	0.927	0.001	0.071
0.017	0.001	0.001	0.981
0.804	0.006	0.095	0.095
0.006	0.942	0.051	0.001
0.993	0.005	0.001	0.001
0.993	0.001	0.001	0.005
0.987	0.006	0.001	0.006
0.033	0.006	0.072	0.889
0.844	0.052	0.052	0.052
0.090	0.822	0.070	0.018
>GCAACTGCAA	22-GCAACTGCAA	9.791183	-85.741928	0	T:153.0(0.71%),B:55.4(0.20%),P:1e-37	Tpos:56.5,Tstd:28.2,Bpos:49.4,Bstd:25.9,StrandBias:0.3,Multiplicity:1.02
0.080	0.022	0.897	0.001
0.061	0.934	0.001	0.004
0.947	0.017	0.001	0.035
0.848	0.011	0.140	0.001
0.001	0.957	0.027	0.015
0.073	0.001	0.019	0.907
0.012	0.035	0.935	0.018
0.064	0.900	0.035	0.001
0.950	0.001	0.048	0.001
0.988	0.010	0.001	0.001
>TCCAGACTCY	23-TCCAGACTCY	10.949511	-77.911299	0	T:40.0(0.18%),B:3.7(0.01%),P:1e-33	Tpos:56.1,Tstd:25.7,Bpos:16.2,Bstd:8.7,StrandBias:0.5,Multiplicity:1.03
0.001	0.001	0.001	0.997
0.180	0.684	0.135	0.001
0.001	0.997	0.001	0.001
0.981	0.001	0.001	0.017
0.001	0.135	0.863	0.001
0.985	0.001	0.013	0.001
0.009	0.986	0.001	0.004
0.001	0.001	0.001	0.997
0.001	0.997	0.001	0.001
0.001	0.495	0.001	0.503
>CTCGCGCCGC	24-CTCGCGCCGC	12.457576	-66.466733	0	T:62.0(0.29%),B:12.4(0.05%),P:1e-28	Tpos:63.3,Tstd:25.3,Bpos:46.3,Bstd:35.9,StrandBias:1.7,Multiplicity:1.00
0.001	0.997	0.001	0.001
0.001	0.001	0.001	0.997
0.001	0.997	0.001	0.001
0.001	0.001	0.997	0.001
0.001	0.997	0.001	0.001
0.001	0.001	0.997	0.001
0.252	0.746	0.001	0.001
0.001	0.997	0.001	0.001
0.001	0.001	0.997	0.001
0.001	0.997	0.001	0.001
>CAGCGCAGTG	25-CAGCGCAGTG	9.404811	-64.970906	0	T:116.0(0.54%),B:42.1(0.15%),P:1e-28	Tpos:59.1,Tstd:24.6,Bpos:50.7,Bstd:28.5,StrandBias:0.1,Multiplicity:1.03
0.001	0.737	0.001	0.261
0.997	0.001	0.001	0.001
0.001	0.001	0.997	0.001
0.001	0.959	0.001	0.039
0.261	0.001	0.673	0.065
0.001	0.997	0.001	0.001
0.997	0.001	0.001	0.001
0.001	0.001	0.997	0.001
0.370	0.001	0.001	0.628
0.001	0.001	0.968	0.030
>TATATAWANVVV	1-TATATAWANVVV	5.171277	-2086.042388	0	T:4735.0(21.88%),B:2124.6(7.81%),P:1e-905	Tpos:31.6,Tstd:10.6,Bpos:50.6,Bstd:36.7,StrandBias:0.1,Multiplicity:1.21
0.085	0.185	0.114	0.616
0.558	0.166	0.020	0.256
0.061	0.024	0.004	0.911
0.851	0.001	0.001	0.147
0.204	0.024	0.018	0.754
0.971	0.001	0.017	0.011
0.323	0.077	0.199	0.401
0.567	0.153	0.206	0.074
0.233	0.256	0.280	0.231
0.327	0.237	0.314	0.122
0.202	0.352	0.307	0.139
0.263	0.308	0.297	0.132
>CCCCCCCCCCCC	2-CCCCCCCCCCCC	4.250739	-1110.291730	0	T:13456.0(62.18%),B:12590.2(46.25%),P:1e-482	Tpos:56.9,Tstd:25.9,Bpos:49.5,Bstd:32.4,StrandBias:2.1,Multiplicity:1.61
0.031	0.666	0.088	0.215
0.046	0.659	0.050	0.245
0.036	0.714	0.053	0.197
0.079	0.495	0.151	0.276
0.041	0.670	0.056	0.233
0.045	0.745	0.053	0.157
0.087	0.491	0.152	0.269
0.024	0.675	0.062	0.239
0.027	0.736	0.038	0.199
0.105	0.486	0.144	0.265
0.015	0.732	0.068	0.185
0.032	0.785	0.052	0.131
>CMAAACCMMMMM	3-CMAAACCMMMMM	5.180165	-936.506618	0	T:5845.0(27.01%),B:4221.5(15.51%),P:1e-406	Tpos:54.2,Tstd:25.3,Bpos:49.8,Bstd:30.1,StrandBias:2.3,Multiplicity:1.13
0.303	0.573	0.102	0.022
0.457	0.497	0.031	0.015
0.573	0.393	0.017	0.017
0.599	0.357	0.028	0.016
0.552	0.396	0.026	0.026
0.299	0.530	0.137	0.034
0.349	0.616	0.020	0.015
0.526	0.426	0.021	0.027
0.534	0.413	0.016	0.037
0.534	0.413	0.029	0.024
0.382	0.476	0.113	0.028
0.396	0.542	0.037	0.025
>CTCGTCTCGTCT	4-CTCGTCTCGTCT	6.094088	-549.496908	0	T:3715.0(17.17%),B:2683.9(9.86%),P:1e-238	Tpos:53.2,Tstd:26.5,Bpos:49.8,Bstd:29.0,StrandBias:0.4,Multiplicity:1.04
0.036	0.672	0.175	0.117
0.014	0.129	0.220	0.637
0.039	0.720	0.190	0.051
0.087	0.174	0.723	0.016
0.086	0.129	0.079	0.706
0.057	0.802	0.051	0.090
0.001	0.003	0.212	0.784
0.011	0.706	0.135	0.148
0.065	0.179	0.627	0.129
0.100	0.192	0.076	0.632
0.069	0.680	0.068	0.183
0.005	0.103	0.275	0.617
>CMATTCCCAATC	5-CMATTCCCAATC	6.500812	-520.811251	0	T:1919.0(8.87%),B:1074.6(3.95%),P:1e-226	Tpos:53.1,Tstd:26.8,Bpos:48.7,Bstd:29.4,StrandBias:1.9,Multiplicity:1.07
0.054	0.897	0.048	0.001
0.387	0.516	0.078	0.019
0.839	0.044	0.068	0.049
0.312	0.062	0.119	0.507
0.008	0.090	0.114	0.788
0.016	0.550	0.143	0.291
0.013	0.930	0.001	0.056
0.324	0.635	0.023	0.018
0.887	0.041	0.031	0.041
0.526	0.148	0.090	0.236
0.083	0.198	0.124	0.595
0.025	0.678	0.080	0.217
>NYNAAACCCTMG	6-NYNAAACCCTMG	8.132569	-495.730647	0	T:872.0(4.03%),B:307.2(1.13%),P:1e-215	Tpos:55.5,Tstd:26.8,Bpos:52.7,Bstd:31.8,StrandBias:1.1,Multiplicity:1.03
0.242	0.344	0.212	0.201
0.219	0.377	0.175	0.229
0.281	0.235	0.226	0.257
0.609	0.058	0.273	0.060
0.920	0.031	0.028	0.021
0.820	0.041	0.087	0.052
0.051	0.742	0.096	0.111
0.080	0.865	0.021	0.034
0.041	0.887	0.039	0.033
0.031	0.044	0.056	0.869
0.350	0.345	0.142	0.163
0.259	0.258	0.420	0.062
>CCACTCCACTCC	7-CCACTCCACTCC	6.593311	-491.426408	0	T:2333.0(10.78%),B:1464.5(5.38%),P:1e-213	Tpos:56.6,Tstd:27.0,Bpos:50.1,Bstd:30.1,StrandBias:1.8,Multiplicity:1.03
0.057	0.743	0.107	0.093
0.124	0.730	0.073	0.073
0.802	0.019	0.136	0.043
0.068	0.560	0.185	0.187
0.033	0.089	0.112	0.766
0.005	0.819	0.134	0.042
0.017	0.954	0.018	0.011
0.852	0.005	0.113	0.030
0.104	0.615	0.150	0.131
0.048	0.174	0.092	0.686
0.163	0.604	0.189	0.044
0.051	0.872	0.037	0.040
>TGTGACTGTGTG	8-TGTGACTGTGTG	6.398354	-443.215953	0	T:2249.0(10.39%),B:1447.6(5.32%),P:1e-192	Tpos:55.8,Tstd:25.6,Bpos:50.1,Bstd:29.1,StrandBias:-1.4,Multiplicity:1.10
0.067	0.155	0.132	0.646
0.036	0.088	0.835	0.041
0.095	0.282	0.085	0.538
0.018	0.092	0.865	0.025
0.452	0.208	0.153	0.187
0.049	0.625	0.257	0.069
0.071	0.124	0.093	0.712
0.025	0.054	0.849	0.072
0.101	0.272	0.097	0.530
0.028	0.130	0.778	0.064
0.250	0.149	0.050	0.551
0.034	0.115	0.806	0.045
>TGCGASTTGCGA	9-TGCGASTTGCGA	7.147363	-359.419570	0	T:1383.0(6.39%),B:785.8(2.89%),P:1e-156	Tpos:54.6,Tstd:25.9,Bpos:50.5,Bstd:30.1,StrandBias:-1.5,Multiplicity:1.07
0.031	0.293	0.221	0.455
0.006	0.019	0.938	0.037
0.062	0.512	0.164	0.262
0.047	0.056	0.866	0.031
0.746	0.099	0.119	0.036
0.086	0.353	0.444	0.116
0.028	0.221	0.049	0.702
0.001	0.240	0.267	0.492
0.001	0.005	0.993	0.001
0.099	0.448	0.222	0.231
0.030	0.034	0.930	0.006
0.702	0.034	0.214	0.050
>CTACTACTASTA	10-CTACTACTASTA	7.984514	-174.656005	0	T:396.0(1.83%),B:167.6(0.62%),P:1e-75	Tpos:48.7,Tstd:24.3,Bpos:52.7,Bstd:26.8,StrandBias:0.3,Multiplicity:1.06
0.078	0.697	0.224	0.001
0.070	0.091	0.055	0.784
0.697	0.014	0.244	0.045
0.001	0.735	0.244	0.020
0.083	0.189	0.007	0.721
0.961	0.028	0.001	0.010
0.014	0.599	0.380	0.007
0.001	0.038	0.010	0.951
0.722	0.030	0.247	0.001
0.018	0.510	0.451	0.021
0.108	0.167	0.025	0.700
0.676	0.011	0.172	0.141
>CATCCATCCATC	11-CATCCATCCATC	7.803182	-160.414368	0	T:240.0(1.11%),B:75.0(0.28%),P:1e-69	Tpos:53.7,Tstd:27.6,Bpos:48.5,Bstd:23.1,StrandBias:2.9,Multiplicity:1.00
0.170	0.623	0.099	0.108
0.549	0.138	0.229	0.084
0.095	0.148	0.141	0.616
0.062	0.622	0.096	0.220
0.154	0.621	0.137	0.088
0.520	0.067	0.359	0.054
0.083	0.134	0.128	0.655
0.077	0.663	0.074	0.186
0.169	0.654	0.117	0.060
0.517	0.117	0.293	0.073
0.190	0.149	0.112	0.549
0.094	0.649	0.080	0.177
>GCTAGCTAGCTA	12-GCTAGCTAGCTA	6.214666	-158.081158	0	T:1479.0(6.83%),B:1150.9(4.23%),P:1e-68	Tpos:57.4,Tstd:26.6,Bpos:51.3,Bstd:28.8,StrandBias:-0.1,Multiplicity:1.05
0.177	0.034	0.749	0.040
0.052	0.809	0.122	0.017
0.091	0.192	0.069	0.648
0.690	0.042	0.125	0.143
0.008	0.011	0.973	0.008
0.012	0.965	0.010	0.013
0.041	0.163	0.027	0.769
0.684	0.032	0.128	0.156
0.015	0.031	0.941	0.013
0.054	0.827	0.027	0.092
0.123	0.168	0.130	0.579
0.448	0.182	0.244	0.126
>TGATGAGTGACG	13-TGATGAGTGACG	7.270826	-152.076156	0	T:412.0(1.90%),B:194.2(0.71%),P:1e-66	Tpos:52.2,Tstd:25.6,Bpos:51.3,Bstd:24.9,StrandBias:-1.8,Multiplicity:1.05
0.086	0.072	0.083	0.759
0.033	0.069	0.855	0.043
0.771	0.085	0.087	0.057
0.089	0.115	0.091	0.705
0.046	0.105	0.768	0.081
0.744	0.098	0.077	0.081
0.088	0.106	0.736	0.070
0.093	0.099	0.077	0.731
0.051	0.072	0.831	0.046
0.697	0.096	0.108	0.099
0.100	0.640	0.115	0.145
0.074	0.071	0.764	0.091
>ACGCAACGCATC	14-ACGCAACGCATC	8.943845	-145.629741	0	T:273.0(1.26%),B:101.0(0.37%),P:1e-63	Tpos:53.7,Tstd:26.5,Bpos:45.3,Bstd:24.2,StrandBias:1.1,Multiplicity:1.01
0.562	0.141	0.137	0.160
0.036	0.844	0.119	0.001
0.012	0.037	0.926	0.025
0.023	0.975	0.001	0.001
0.928	0.012	0.048	0.012
0.464	0.115	0.174	0.246
0.060	0.903	0.001	0.036
0.001	0.012	0.951	0.036
0.046	0.906	0.024	0.024
0.866	0.037	0.037	0.060
0.280	0.024	0.184	0.512
0.001	0.742	0.221	0.036
>TGCAGACTGCAG	15-TGCAGACTGCAG	7.053183	-144.363772	0	T:380.0(1.76%),B:176.3(0.65%),P:1e-62	Tpos:54.6,Tstd:24.8,Bpos:50.5,Bstd:31.2,StrandBias:-0.1,Multiplicity:1.03
0.210	0.160	0.238	0.392
0.101	0.172	0.619	0.108
0.114	0.643	0.143	0.100
0.551	0.154	0.143	0.152
0.129	0.150	0.656	0.065
0.474	0.174	0.186	0.166
0.100	0.581	0.207	0.112
0.176	0.138	0.166	0.520
0.095	0.160	0.651	0.094
0.093	0.689	0.130	0.088
0.565	0.149	0.126	0.160
0.166	0.179	0.549	0.106
>ACAGGCAGGCAG	16-ACAGGCAGGCAG	9.375847	-142.151206	0	T:342.0(1.58%),B:150.8(0.55%),P:1e-61	Tpos:50.9,Tstd:27.4,Bpos:49.0,Bstd:30.4,StrandBias:-0.0,Multiplicity:1.00
0.574	0.183	0.209	0.034
0.106	0.688	0.119	0.087
0.690	0.175	0.060	0.075
0.060	0.038	0.901	0.001
0.067	0.092	0.840	0.001
0.001	0.974	0.024	0.001
0.651	0.189	0.126	0.034
0.059	0.001	0.913	0.027
0.052	0.153	0.794	0.001
0.046	0.952	0.001	0.001
0.824	0.094	0.048	0.034
0.060	0.006	0.933	0.001
>GCACTCCGCACT	17-GCACTCCGCACT	10.129637	-123.453372	0	T:49.0(0.23%),B:2.7(0.01%),P:1e-53	Tpos:57.3,Tstd:26.7,Bpos:74.4,Bstd:15.0,StrandBias:0.7,Multiplicity:1.03
0.001	0.001	0.997	0.001
0.001	0.997	0.001	0.001
0.924	0.001	0.025	0.050
0.050	0.924	0.025	0.001
0.001	0.001	0.001	0.997
0.025	0.949	0.001	0.025
0.083	0.563	0.296	0.058
0.289	0.001	0.709	0.001
0.289	0.709	0.001	0.001
0.974	0.001	0.001	0.024
0.075	0.849	0.075	0.001
0.001	0.001	0.001	0.997
>TCAGGCKCTCAG	18-TCAGGCKCTCAG	11.335713	-116.663679	0	T:53.0(0.24%),B:3.8(0.01%),P:1e-50	Tpos:58.1,Tstd:23.8,Bpos:20.5,Bstd:15.9,StrandBias:0.0,Multiplicity:1.00
0.044	0.001	0.001	0.954
0.001	0.958	0.040	0.001
0.914	0.045	0.040	0.001
0.040	0.081	0.878	0.001
0.040	0.159	0.800	0.001
0.195	0.686	0.001	0.118
0.119	0.041	0.426	0.414
0.001	0.914	0.040	0.045
0.041	0.041	0.041	0.877
0.001	0.958	0.040	0.001
0.869	0.045	0.041	0.045
0.001	0.001	0.997	0.001
>TGGTAGACTGGT	19-TGGTAGACTGGT	10.008534	-93.356623	0	T:40.0(0.18%),B:3.0(0.01%),P:1e-40	Tpos:50.4,Tstd:25.2,Bpos:26.3,Bstd:8.9,StrandBias:-1.2,Multiplicity:1.00
0.001	0.001	0.047	0.951
0.047	0.001	0.951	0.001
0.047	0.001	0.905	0.047
0.001	0.001	0.001	0.997
0.951	0.001	0.001	0.047
0.047	0.001	0.905	0.047
0.571	0.047	0.001	0.381
0.001	0.997	0.001	0.001
0.001	0.001	0.001	0.997
0.001	0.001	0.997	0.001
0.047	0.047	0.905	0.001
0.047	0.047	0.001	0.905
>CAAAGCGAGCGA	20-CAAAGCGAGCGA	10.102373	-91.559275	0	T:72.0(0.33%),B:11.6(0.04%),P:1e-39	Tpos:58.1,Tstd:28.4,Bpos:52.7,Bstd:16.7,StrandBias:0.1,Multiplicity:1.00
0.100	0.779	0.074	0.047
0.803	0.075	0.097	0.025
0.771	0.092	0.104	0.033
0.869	0.049	0.065	0.017
0.033	0.049	0.869	0.049
0.033	0.909	0.033	0.025
0.082	0.057	0.844	0.017
0.885	0.033	0.049	0.033
0.082	0.066	0.819	0.033
0.058	0.885	0.041	0.016
0.098	0.058	0.756	0.088
0.827	0.066	0.066	0.041
>ATGGTAAAGAAA	21-ATGGTAAAGAAA	10.521335	-80.758916	0	T:41.0(0.19%),B:3.5(0.01%),P:1e-35	Tpos:53.3,Tstd:24.9,Bpos:67.9,Bstd:10.3,StrandBias:-1.4,Multiplicity:1.00
0.700	0.111	0.081	0.108
0.155	0.077	0.169	0.599
0.170	0.081	0.627	0.122
0.096	0.077	0.764	0.063
0.245	0.124	0.207	0.424
0.856	0.040	0.103	0.001
0.780	0.048	0.087	0.085
0.831	0.033	0.059	0.077
0.001	0.167	0.784	0.048
0.795	0.102	0.018	0.085
0.841	0.044	0.089	0.026
0.835	0.044	0.059	0.062
>CCAAGCSTCCAA	22-CCAAGCSTCCAA	11.457425	-71.312825	0	T:57.0(0.26%),B:9.1(0.03%),P:1e-30	Tpos:45.8,Tstd:28.6,Bpos:24.8,Bstd:20.3,StrandBias:1.4,Multiplicity:1.02
0.001	0.997	0.001	0.001
0.037	0.961	0.001	0.001
0.924	0.074	0.001	0.001
0.961	0.001	0.001	0.037
0.037	0.001	0.961	0.001
0.305	0.657	0.001	0.037
0.038	0.415	0.469	0.079
0.105	0.049	0.157	0.689
0.001	0.886	0.112	0.001
0.001	0.961	0.037	0.001
0.997	0.001	0.001	0.001
0.997	0.001	0.001	0.001
>ATGGATGATGGA	23-ATGGATGATGGA	10.374592	-42.538665	0	T:40.0(0.18%),B:8.5(0.03%),P:1e-18	Tpos:48.2,Tstd:28.2,Bpos:43.6,Bstd:15.8,StrandBias:-1.5,Multiplicity:1.00
0.836	0.055	0.055	0.054
0.054	0.063	0.009	0.874
0.082	0.036	0.837	0.045
0.045	0.054	0.864	0.037
0.792	0.045	0.127	0.036
0.091	0.047	0.037	0.825
0.036	0.117	0.792	0.055
0.837	0.054	0.082	0.027
0.036	0.027	0.027	0.910
0.037	0.046	0.871	0.046
0.063	0.046	0.846	0.045
0.737	0.082	0.127	0.054
>AAATAAAAWVAA	24-AAATAAAAWVAA	10.168288	-34.448129	0	T:47.0(0.22%),B:14.3(0.05%),P:1e-14	Tpos:42.5,Tstd:27.1,Bpos:32.2,Bstd:31.6,StrandBias:0.9,Multiplicity:1.03
0.799	0.013	0.022	0.166
0.826	0.013	0.160	0.001
0.698	0.018	0.153	0.131
0.013	0.259	0.195	0.533
0.543	0.081	0.367	0.009
0.959	0.009	0.027	0.005
0.874	0.018	0.018	0.090
0.732	0.027	0.223	0.018
0.378	0.048	0.050	0.524
0.368	0.369	0.240	0.022
0.567	0.031	0.375	0.027
0.530	0.257	0.191	0.022
>GTTTCTCTCTCC	25-GTTTCTCTCTCC	11.466397	-25.938183	0	T:56.0(0.26%),B:24.1(0.09%),P:1e-11	Tpos:59.9,Tstd:26.5,Bpos:47.0,Bstd:0.0,StrandBias:0.4,Multiplicity:1.00
0.001	0.001	0.967	0.031
0.001	0.001	0.031	0.967
0.031	0.001	0.001	0.967
0.001	0.032	0.032	0.935
0.001	0.967	0.001	0.031
0.032	0.001	0.032	0.935
0.001	0.967	0.001	0.031
0.001	0.001	0.031	0.967
0.001	0.997	0.001	0.001
0.032	0.001	0.032	0.935
0.001	0.967	0.031	0.001
0.032	0.678	0.032	0.258
>TATATA	1-TATATA	5.421055	-1932.615456	0	T:4619.0(21.35%),B:2135.6(7.85%),P:1e-839	Tpos:31.2,Tstd:10.8,Bpos:50.9,Bstd:39.0,StrandBias:-0.4,Multiplicity:1.17
0.001	0.001	0.001	0.997
0.607	0.033	0.001	0.359
0.095	0.001	0.001	0.903
0.997	0.001	0.001	0.001
0.001	0.032	0.001	0.966
0.997	0.001	0.001	0.001
>CCACTC	2-CCACTC	4.070702	-677.099335	0	T:13624.0(62.96%),B:13765.7(50.57%),P:1e-294	Tpos:54.5,Tstd:27.4,Bpos:49.5,Bstd:32.6,StrandBias:1.8,Multiplicity:1.73
0.001	0.872	0.001	0.126
0.001	0.997	0.001	0.001
0.732	0.068	0.001	0.199
0.063	0.754	0.093	0.090
0.074	0.110	0.001	0.815
0.001	0.997	0.001	0.001
>CCYTCC	3-CCYTCC	4.910861	-526.690371	0	T:11080.0(51.20%),B:10973.3(40.31%),P:1e-228	Tpos:52.7,Tstd:28.3,Bpos:49.3,Bstd:31.0,StrandBias:1.5,Multiplicity:1.36
0.001	0.997	0.001	0.001
0.001	0.997	0.001	0.001
0.094	0.334	0.112	0.460
0.369	0.003	0.090	0.538
0.090	0.908	0.001	0.001
0.002	0.887	0.001	0.110
>GARGCG	4-GARGCG	5.120868	-507.078635	0	T:10038.0(46.39%),B:9764.3(35.87%),P:1e-220	Tpos:56.8,Tstd:27.9,Bpos:50.0,Bstd:32.0,StrandBias:-1.0,Multiplicity:1.49
0.001	0.001	0.997	0.001
0.544	0.265	0.190	0.001
0.437	0.001	0.459	0.102
0.404	0.001	0.594	0.001
0.190	0.598	0.001	0.211
0.001	0.001	0.997	0.001
>GGGTTT	5-GGGTTT	7.978397	-505.852310	0	T:2160.0(9.98%),B:1295.7(4.76%),P:1e-219	Tpos:53.0,Tstd:26.0,Bpos:51.6,Bstd:34.0,StrandBias:-1.9,Multiplicity:1.10
0.001	0.001	0.997	0.001
0.001	0.001	0.997	0.001
0.001	0.001	0.723	0.275
0.001	0.001	0.001	0.997
0.001	0.001	0.001	0.997
0.001	0.001	0.001	0.997
>CCCACC	6-CCCACC	5.301415	-388.895451	0	T:8419.0(38.91%),B:8180.4(30.05%),P:1e-168	Tpos:53.0,Tstd:28.1,Bpos:49.9,Bstd:30.7,StrandBias:1.7,Multiplicity:1.23
0.211	0.787	0.001	0.001
0.001	0.725	0.267	0.007
0.386	0.609	0.001	0.004
0.666	0.134	0.199	0.001
0.001	0.988	0.004	0.007
0.199	0.799	0.001	0.001
>AACCCT	7-AACCCT	6.177716	-357.821494	0	T:1742.0(8.05%),B:1098.0(4.03%),P:1e-155	Tpos:53.8,Tstd:27.9,Bpos:52.2,Bstd:30.6,StrandBias:1.0,Multiplicity:1.02
0.700	0.100	0.100	0.100
0.700	0.100	0.100	0.100
0.100	0.700	0.100	0.100
0.100	0.700	0.100	0.100
0.100	0.700	0.100	0.100
0.100	0.100	0.100	0.700
>TGTGTG	8-TGTGTG	2.348020	-307.580884	0	T:8040.0(37.16%),B:7991.0(29.36%),P:1e-133	Tpos:53.9,Tstd:27.4,Bpos:50.1,Bstd:31.6,StrandBias:-1.1,Multiplicity:1.26
0.134	0.001	0.001	0.864
0.001	0.001	0.997	0.001
0.001	0.159	0.001	0.839
0.001	0.001	0.997	0.001
0.121	0.001	0.001	0.877
0.001	0.001	0.997	0.001
>AMVGCA	9-AMVGCA	4.522020	-273.969217	0	T:8084.0(37.36%),B:8158.8(29.97%),P:1e-118	Tpos:51.8,Tstd:27.7,Bpos:50.0,Bstd:30.9,StrandBias:0.6,Multiplicity:1.19
0.623	0.237	0.139	0.001
0.480	0.438	0.080	0.002
0.311	0.297	0.315	0.077
0.001	0.092	0.906	0.001
0.001	0.997	0.001	0.001
0.703	0.136	0.068	0.093
>TTCGTT	10-TTCGTT	3.155776	-262.220643	0	T:6060.0(28.00%),B:5839.7(21.45%),P:1e-113	Tpos:52.0,Tstd:27.6,Bpos:50.3,Bstd:31.5,StrandBias:-0.2,Multiplicity:1.16
0.001	0.001	0.001	0.997
0.001	0.025	0.001	0.973
0.001	0.703	0.295	0.001
0.001	0.001	0.997	0.001
0.001	0.329	0.001	0.669
0.001	0.001	0.001	0.997
>CACAGC	11-CACAGC	4.863460	-247.842024	0	T:6363.0(29.41%),B:6235.0(22.91%),P:1e-107	Tpos:53.3,Tstd:27.9,Bpos:49.9,Bstd:31.8,StrandBias:0.9,Multiplicity:1.17
0.103	0.569	0.110	0.218
0.677	0.088	0.234	0.001
0.152	0.748	0.005	0.095
0.601	0.095	0.098	0.206
0.012	0.001	0.986	0.001
0.004	0.911	0.001	0.084
>AGACAG	12-AGACAG	5.696924	-247.370104	0	T:5365.0(24.79%),B:5096.3(18.72%),P:1e-107	Tpos:51.1,Tstd:28.0,Bpos:49.5,Bstd:32.7,StrandBias:-0.6,Multiplicity:1.09
0.997	0.001	0.001	0.001
0.001	0.001	0.997	0.001
0.770	0.001	0.228	0.001
0.223	0.775	0.001	0.001
0.875	0.001	0.123	0.001
0.001	0.001	0.997	0.001
>TAATAA	13-TAATAA	4.473085	-229.247514	0	T:2329.0(10.76%),B:1861.7(6.84%),P:1e-99	Tpos:35.5,Tstd:21.8,Bpos:49.7,Bstd:36.5,StrandBias:-0.0,Multiplicity:1.12
0.001	0.001	0.001	0.997
0.851	0.001	0.001	0.147
0.833	0.001	0.001	0.165
0.001	0.001	0.001	0.997
0.890	0.001	0.001	0.108
0.997	0.001	0.001	0.001
>CGAGAC	14-CGAGAC	5.902384	-220.098283	0	T:4285.0(19.80%),B:3971.8(14.59%),P:1e-95	Tpos:52.7,Tstd:28.1,Bpos:51.8,Bstd:30.0,StrandBias:0.4,Multiplicity:1.08
0.001	0.997	0.001	0.001
0.001	0.208	0.790	0.001
0.862	0.001	0.001	0.136
0.001	0.001	0.997	0.001
0.997	0.001	0.001	0.001
0.001	0.839	0.159	0.001
>TSGACT	15-TSGACT	6.419607	-199.662821	0	T:3628.0(16.77%),B:3308.4(12.15%),P:1e-86	Tpos:51.8,Tstd:27.8,Bpos:49.3,Bstd:30.3,StrandBias:0.0,Multiplicity:1.07
0.001	0.001	0.001	0.997
0.001	0.426	0.315	0.258
0.001	0.001	0.997	0.001
0.642	0.001	0.001	0.356
0.001	0.997	0.001	0.001
0.001	0.001	0.001	0.997
>ACGCGA	16-ACGCGA	6.117178	-184.177686	0	T:3686.0(17.03%),B:3418.7(12.56%),P:1e-79	Tpos:53.4,Tstd:27.7,Bpos:50.7,Bstd:30.7,StrandBias:-0.6,Multiplicity:1.08
0.997	0.001	0.001	0.001
0.067	0.743	0.189	0.001
0.001	0.001	0.997	0.001
0.001	0.593	0.405	0.001
0.001	0.001	0.997	0.001
0.997	0.001	0.001	0.001
>CTASTA	17-CTASTA	7.470333	-106.359318	0	T:1176.0(5.43%),B:953.2(3.50%),P:1e-46	Tpos:44.2,Tstd:25.8,Bpos:50.3,Bstd:31.1,StrandBias:0.3,Multiplicity:1.23
0.001	0.997	0.001	0.001
0.001	0.001	0.001	0.997
0.997	0.001	0.001	0.001
0.001	0.563	0.435	0.001
0.001	0.001	0.001	0.997
0.997	0.001	0.001	0.001
>TWTGTA	18-TWTGTA	7.506455	-80.051797	0	T:1255.0(5.80%),B:1099.1(4.04%),P:1e-34	Tpos:37.4,Tstd:22.5,Bpos:47.8,Bstd:32.2,StrandBias:-1.2,Multiplicity:1.05
0.001	0.001	0.001	0.997
0.451	0.001	0.001	0.547
0.001	0.001	0.001	0.997
0.001	0.001	0.997	0.001
0.001	0.001	0.001	0.997
0.997	0.001	0.001	0.001
>CATCSA	19-CATCSA	5.197083	-79.167380	0	T:3367.0(15.56%),B:3454.9(12.69%),P:1e-34	Tpos:54.0,Tstd:28.6,Bpos:49.7,Bstd:27.5,StrandBias:0.4,Multiplicity:1.10
0.271	0.462	0.266	0.001
0.997	0.001	0.001	0.001
0.310	0.001	0.131	0.558
0.164	0.558	0.001	0.277
0.001	0.462	0.536	0.001
0.997	0.001	0.001	0.001
>GGCTTT	20-GGCTTT	6.177716	-53.739022	0	T:1180.0(5.45%),B:1099.4(4.04%),P:1e-23	Tpos:44.2,Tstd:26.6,Bpos:50.2,Bstd:33.0,StrandBias:-1.2,Multiplicity:1.02
0.100	0.100	0.700	0.100
0.100	0.100	0.700	0.100
0.100	0.700	0.100	0.100
0.100	0.100	0.100	0.700
0.100	0.100	0.100	0.700
0.100	0.100	0.100	0.700
>CTAGCT	21-CTAGCT	6.177716	-49.639440	0	T:1394.0(6.44%),B:1349.2(4.96%),P:1e-21	Tpos:56.3,Tstd:29.1,Bpos:50.2,Bstd:30.2,StrandBias:0.1,Multiplicity:1.32
0.100	0.700	0.100	0.100
0.100	0.100	0.100	0.700
0.700	0.100	0.100	0.100
0.100	0.100	0.700	0.100
0.100	0.700	0.100	0.100
0.100	0.100	0.100	0.700
>TATATADV	1-TATATADV	6.378529	-1896.392393	0	T:3422.0(15.81%),B:1280.9(4.71%),P:1e-823	Tpos:31.5,Tstd:9.6,Bpos:50.7,Bstd:38.1,StrandBias:0.5,Multiplicity:1.11
0.091	0.001	0.001	0.907
0.788	0.092	0.001	0.119
0.001	0.035	0.001	0.963
0.938	0.001	0.001	0.060
0.308	0.001	0.001	0.690
0.997	0.001	0.001	0.001
0.335	0.119	0.250	0.296
0.371	0.381	0.247	0.001
>CTTTTTAA	2-CTTTTTAA	5.715077	-1677.470541	0	T:4087.0(18.89%),B:1894.5(6.96%),P:1e-728	Tpos:34.0,Tstd:17.4,Bpos:51.2,Bstd:37.3,StrandBias:0.0,Multiplicity:1.04
0.001	0.667	0.305	0.027
0.096	0.171	0.167	0.566
0.328	0.001	0.030	0.641
0.009	0.018	0.001	0.972
0.387	0.001	0.001	0.611
0.413	0.001	0.001	0.585
0.812	0.001	0.001	0.186
0.514	0.087	0.082	0.317
>CCCATCCC	3-CCCATCCC	4.557470	-1011.568999	0	T:10891.0(50.33%),B:9637.8(35.41%),P:1e-439	Tpos:54.1,Tstd:27.1,Bpos:49.6,Bstd:31.7,StrandBias:2.3,Multiplicity:1.64
0.031	0.806	0.001	0.162
0.044	0.845	0.070	0.041
0.161	0.759	0.053	0.027
0.594	0.163	0.105	0.138
0.163	0.150	0.055	0.632
0.025	0.778	0.005	0.192
0.077	0.782	0.054	0.087
0.097	0.801	0.048	0.054
>TYCVKTCC	4-TYCVKTCC	4.900893	-907.044565	0	T:7774.0(35.93%),B:6289.0(23.10%),P:1e-393	Tpos:53.5,Tstd:28.2,Bpos:49.9,Bstd:31.2,StrandBias:1.2,Multiplicity:1.17
0.062	0.123	0.115	0.700
0.086	0.489	0.016	0.409
0.033	0.876	0.032	0.059
0.291	0.320	0.365	0.025
0.153	0.196	0.355	0.296
0.014	0.001	0.001	0.984
0.066	0.581	0.001	0.352
0.073	0.788	0.007	0.132
>CTCGTCTC	5-CTCGTCTC	5.067358	-653.899565	0	T:5542.0(25.61%),B:4358.9(16.01%),P:1e-283	Tpos:56.8,Tstd:26.8,Bpos:50.2,Bstd:32.2,StrandBias:1.4,Multiplicity:1.18
0.001	0.809	0.139	0.051
0.016	0.001	0.001	0.982
0.031	0.949	0.019	0.001
0.022	0.097	0.827	0.054
0.103	0.089	0.027	0.781
0.006	0.970	0.001	0.023
0.026	0.020	0.001	0.953
0.001	0.870	0.001	0.128
>AAAMCCYM	6-AAAMCCYM	7.320818	-537.603050	0	T:1494.0(6.90%),B:719.7(2.64%),P:1e-233	Tpos:53.1,Tstd:26.2,Bpos:52.8,Bstd:34.8,StrandBias:1.5,Multiplicity:1.06
0.530	0.306	0.001	0.163
0.974	0.001	0.001	0.024
0.957	0.013	0.001	0.029
0.455	0.464	0.026	0.055
0.266	0.682	0.051	0.001
0.013	0.893	0.067	0.027
0.122	0.417	0.008	0.452
0.421	0.404	0.084	0.091
>CCGCHKBC	7-CCGCHKBC	5.090269	-473.677583	0	T:5633.0(26.03%),B:4807.2(17.66%),P:1e-205	Tpos:57.6,Tstd:27.7,Bpos:49.8,Bstd:31.3,StrandBias:0.9,Multiplicity:1.20
0.001	0.663	0.172	0.164
0.067	0.466	0.213	0.254
0.107	0.001	0.891	0.001
0.127	0.700	0.095	0.078
0.231	0.370	0.153	0.246
0.095	0.130	0.383	0.391
0.080	0.322	0.364	0.235
0.001	0.674	0.081	0.244
>CACRBCAC	8-CACRBCAC	6.158615	-456.422667	0	T:2506.0(11.58%),B:1665.6(6.12%),P:1e-198	Tpos:51.8,Tstd:27.8,Bpos:50.1,Bstd:30.0,StrandBias:1.8,Multiplicity:1.06
0.028	0.853	0.001	0.118
0.855	0.077	0.045	0.023
0.243	0.698	0.058	0.001
0.412	0.191	0.276	0.121
0.036	0.400	0.260	0.305
0.096	0.664	0.100	0.140
0.550	0.234	0.197	0.019
0.031	0.887	0.001	0.081
>MCACCAMM	9-MCACCAMM	6.391442	-415.617222	0	T:3878.0(17.92%),B:3074.5(11.29%),P:1e-180	Tpos:54.0,Tstd:27.4,Bpos:49.9,Bstd:29.8,StrandBias:1.5,Multiplicity:1.11
0.436	0.333	0.001	0.230
0.395	0.581	0.001	0.023
0.945	0.028	0.026	0.001
0.058	0.534	0.285	0.123
0.122	0.876	0.001	0.001
0.919	0.001	0.001	0.079
0.489	0.399	0.110	0.001
0.433	0.544	0.001	0.022
>AACCCTAY	10-AACCCTAY	5.787912	-409.013029	0	T:1283.0(5.93%),B:658.8(2.42%),P:1e-177	Tpos:53.3,Tstd:27.2,Bpos:50.1,Bstd:29.7,StrandBias:1.1,Multiplicity:1.01
0.997	0.001	0.001	0.001
0.997	0.001	0.001	0.001
0.001	0.997	0.001	0.001
0.001	0.997	0.001	0.001
0.001	0.997	0.001	0.001
0.153	0.001	0.001	0.845
0.997	0.001	0.001	0.001
0.006	0.458	0.177	0.359
>ACACACAC	11-ACACACAC	4.720133	-404.276348	0	T:5664.0(26.17%),B:5000.6(18.37%),P:1e-175	Tpos:53.9,Tstd:26.8,Bpos:50.0,Bstd:30.1,StrandBias:1.7,Multiplicity:1.21
0.784	0.048	0.032	0.136
0.095	0.756	0.102	0.047
0.680	0.095	0.105	0.120
0.073	0.831	0.060	0.036
0.678	0.093	0.101	0.128
0.107	0.741	0.092	0.060
0.750	0.106	0.062	0.082
0.090	0.782	0.118	0.010
>GAGAGAGA	12-GAGAGAGA	5.254550	-385.190589	0	T:5705.0(26.36%),B:5092.6(18.71%),P:1e-167	Tpos:54.9,Tstd:27.4,Bpos:49.3,Bstd:33.0,StrandBias:-1.1,Multiplicity:1.17
0.126	0.055	0.760	0.059
0.796	0.132	0.034	0.038
0.103	0.043	0.823	0.031
0.733	0.104	0.083	0.080
0.043	0.187	0.708	0.062
0.626	0.199	0.116	0.059
0.096	0.047	0.816	0.041
0.740	0.089	0.117	0.054
>TACTAGTA	13-TACTAGTA	6.152197	-238.329191	0	T:1132.0(5.23%),B:703.0(2.58%),P:1e-103	Tpos:40.4,Tstd:22.9,Bpos:50.1,Bstd:30.2,StrandBias:0.3,Multiplicity:1.08
0.031	0.001	0.001	0.967
0.927	0.055	0.017	0.001
0.106	0.508	0.239	0.147
0.197	0.168	0.036	0.599
0.973	0.001	0.009	0.017
0.260	0.175	0.497	0.067
0.029	0.112	0.023	0.836
0.695	0.169	0.071	0.065
>GCAACGCA	14-GCAACGCA	6.051419	-236.398089	0	T:2366.0(10.93%),B:1885.0(6.92%),P:1e-102	Tpos:55.0,Tstd:27.8,Bpos:50.2,Bstd:30.4,StrandBias:0.7,Multiplicity:1.12
0.018	0.074	0.907	0.001
0.060	0.908	0.010	0.022
0.951	0.034	0.014	0.001
0.579	0.201	0.151	0.069
0.060	0.871	0.001	0.068
0.001	0.001	0.974	0.024
0.012	0.986	0.001	0.001
0.951	0.018	0.030	0.001
>CACTCGCA	15-CACTCGCA	6.511479	-195.558850	0	T:1340.0(6.19%),B:950.4(3.49%),P:1e-84	Tpos:52.6,Tstd:27.2,Bpos:49.4,Bstd:31.2,StrandBias:1.0,Multiplicity:1.05
0.112	0.842	0.045	0.001
0.919	0.026	0.001	0.054
0.102	0.693	0.062	0.143
0.017	0.031	0.001	0.951
0.001	0.917	0.061	0.021
0.001	0.001	0.979	0.019
0.001	0.968	0.001	0.030
0.844	0.050	0.045	0.061
>TAMATAAR	16-TAMATAAR	5.752418	-185.276576	0	T:531.0(2.45%),B:258.8(0.95%),P:1e-80	Tpos:32.1,Tstd:16.9,Bpos:51.0,Bstd:35.7,StrandBias:0.7,Multiplicity:1.02
0.001	0.001	0.001	0.997
0.997	0.001	0.001	0.001
0.525	0.473	0.001	0.001
0.997	0.001	0.001	0.001
0.001	0.001	0.001	0.997
0.997	0.001	0.001	0.001
0.980	0.001	0.001	0.018
0.573	0.001	0.425	0.001
>CATCCGTC	17-CATCCGTC	8.867014	-172.019765	0	T:385.0(1.78%),B:161.7(0.59%),P:1e-74	Tpos:51.4,Tstd:27.7,Bpos:49.6,Bstd:22.4,StrandBias:1.9,Multiplicity:1.01
0.001	0.997	0.001	0.001
0.997	0.001	0.001	0.001
0.001	0.001	0.001	0.997
0.001	0.997	0.001	0.001
0.001	0.997	0.001	0.001
0.399	0.001	0.599	0.001
0.184	0.001	0.001	0.814
0.001	0.997	0.001	0.001
>TTTGCTTG	18-TTTGCTTG	6.744200	-151.578438	0	T:1562.0(7.22%),B:1246.3(4.58%),P:1e-65	Tpos:53.9,Tstd:27.1,Bpos:50.8,Bstd:31.8,StrandBias:-0.7,Multiplicity:1.07
0.023	0.175	0.084	0.718
0.001	0.042	0.034	0.923
0.059	0.102	0.063	0.776
0.001	0.001	0.997	0.001
0.041	0.877	0.001	0.081
0.001	0.133	0.016	0.850
0.019	0.001	0.001	0.979
0.001	0.058	0.940	0.001
>TAGCTAGC	19-TAGCTAGC	6.491654	-136.777892	0	T:661.0(3.05%),B:412.4(1.51%),P:1e-59	Tpos:56.8,Tstd:29.0,Bpos:50.0,Bstd:28.5,StrandBias:0.2,Multiplicity:1.15
0.001	0.122	0.001	0.876
0.997	0.001	0.001	0.001
0.001	0.001	0.997	0.001
0.001	0.997	0.001	0.001
0.001	0.001	0.001	0.997
0.997	0.001	0.001	0.001
0.001	0.001	0.997	0.001
0.001	0.844	0.071	0.084
>CTACTACT	20-CTACTACT	8.896929	-118.375843	0	T:323.0(1.49%),B:153.2(0.56%),P:1e-51	Tpos:43.6,Tstd:26.1,Bpos:49.4,Bstd:31.6,StrandBias:0.3,Multiplicity:1.01
0.001	0.859	0.139	0.001
0.001	0.001	0.001	0.997
0.997	0.001	0.001	0.001
0.001	0.817	0.181	0.001
0.001	0.001	0.001	0.997
0.997	0.001	0.001	0.001
0.001	0.997	0.001	0.001
0.001	0.001	0.001	0.997
>AAGCGAAG	21-AAGCGAAG	8.236954	-86.360121	0	T:178.0(0.82%),B:71.1(0.26%),P:1e-37	Tpos:50.8,Tstd:27.9,Bpos:49.7,Bstd:27.6,StrandBias:0.3,Multiplicity:1.00
0.700	0.100	0.100	0.100
0.700	0.100	0.100	0.100
0.100	0.100	0.700	0.100
0.100	0.700	0.100	0.100
0.100	0.100	0.700	0.100
0.700	0.100	0.100	0.100
0.700	0.100	0.100	0.100
0.100	0.100	0.700	0.100
>CGCCCSCC	22-CGCCCSCC	9.505086	-84.876100	0	T:712.0(3.29%),B:536.5(1.97%),P:1e-36	Tpos:52.4,Tstd:27.1,Bpos:52.7,Bstd:32.6,StrandBias:1.3,Multiplicity:1.04
0.001	0.997	0.001	0.001
0.001	0.001	0.997	0.001
0.001	0.997	0.001	0.001
0.001	0.997	0.001	0.001
0.001	0.997	0.001	0.001
0.001	0.449	0.549	0.001
0.032	0.535	0.380	0.053
0.001	0.997	0.001	0.001
>AAACGGCA	23-AAACGGCA	8.598049	-63.794550	0	T:285.0(1.32%),B:173.3(0.64%),P:1e-27	Tpos:48.8,Tstd:26.0,Bpos:45.8,Bstd:37.0,StrandBias:0.0,Multiplicity:1.00
0.826	0.001	0.001	0.172
0.997	0.001	0.001	0.001
0.997	0.001	0.001	0.001
0.001	0.997	0.001	0.001
0.001	0.216	0.782	0.001
0.001	0.001	0.997	0.001
0.001	0.868	0.130	0.001
0.997	0.001	0.001	0.001
>RGCAGCTG	24-RGCAGCTG	10.069650	-53.224882	0	T:390.0(1.80%),B:283.9(1.04%),P:1e-23	Tpos:54.9,Tstd:26.2,Bpos:47.5,Bstd:29.9,StrandBias:-0.0,Multiplicity:1.00
0.368	0.001	0.494	0.137
0.001	0.001	0.997	0.001
0.001	0.997	0.001	0.001
0.997	0.001	0.001	0.001
0.001	0.001	0.997	0.001
0.001	0.997	0.001	0.001
0.001	0.001	0.001	0.997
0.001	0.001	0.997	0.001
>TAGATAGA	25-TAGATAGA	9.629627	-44.494171	0	T:149.0(0.69%),B:80.3(0.29%),P:1e-19	Tpos:42.9,Tstd:26.8,Bpos:54.6,Bstd:31.4,StrandBias:-1.0,Multiplicity:1.06
0.001	0.001	0.001	0.997
0.997	0.001	0.001	0.001
0.001	0.001	0.997	0.001
0.997	0.001	0.001	0.001
0.001	0.001	0.001	0.997
0.997	0.001	0.001	0.001
0.001	0.001	0.997	0.001
0.761	0.001	0.237	0.001
