>BSYHTATATA	1-BSYHTATATA	5.443839	-1932.156316	0	T:4373.0(20.21%),B:1947.3(7.15%),P:1e-839	Tpos:31.5,Tstd:10.2,Bpos:50.1,Bstd:37.5,StrandBias:0.0,Multiplicity:1.04
0.092	0.366	0.294	0.248
0.097	0.402	0.335	0.166
0.102	0.279	0.198	0.421
0.322	0.276	0.156	0.245
0.019	0.057	0.010	0.914
0.645	0.027	0.023	0.305
0.107	0.008	0.003	0.882
0.870	0.023	0.034	0.073
0.274	0.017	0.006	0.703
0.810	0.068	0.088	0.034
>YCYCYCTCTC	2-YCYCYCTCTC	4.990179	-1001.426925	0	T:12006.0(55.48%),B:11007.4(40.41%),P:1e-434	Tpos:56.4,Tstd:26.5,Bpos:50.3,Bstd:33.1,StrandBias:1.6,Multiplicity:1.55
0.001	0.453	0.001	0.545
0.001	0.597	0.135	0.267
0.002	0.367	0.210	0.421
0.001	0.592	0.183	0.224
0.078	0.500	0.070	0.353
0.001	0.549	0.365	0.085
0.061	0.319	0.125	0.495
0.001	0.703	0.089	0.207
0.001	0.217	0.041	0.741
0.001	0.861	0.001	0.137
>CCMMMMCCCC	3-CCMMMMCCCC	5.023832	-879.795133	0	T:8697.0(40.19%),B:7364.6(27.03%),P:1e-382	Tpos:53.9,Tstd:25.7,Bpos:49.5,Bstd:29.9,StrandBias:2.4,Multiplicity:1.35
0.366	0.560	0.001	0.073
0.414	0.584	0.001	0.001
0.435	0.563	0.001	0.001
0.413	0.445	0.112	0.030
0.378	0.426	0.001	0.194
0.345	0.457	0.001	0.197
0.364	0.565	0.001	0.070
0.365	0.633	0.001	0.001
0.383	0.615	0.001	0.001
0.414	0.584	0.001	0.001
>TYCCMATTCC	4-TYCCMATTCC	6.071822	-755.299565	0	T:3604.0(16.65%),B:2303.3(8.46%),P:1e-328	Tpos:55.1,Tstd:26.9,Bpos:49.1,Bstd:32.1,StrandBias:1.9,Multiplicity:1.10
0.066	0.164	0.032	0.738
0.029	0.539	0.025	0.407
0.032	0.829	0.053	0.086
0.162	0.570	0.169	0.099
0.372	0.376	0.211	0.041
0.604	0.029	0.163	0.204
0.124	0.209	0.196	0.471
0.001	0.157	0.025	0.817
0.001	0.638	0.075	0.286
0.029	0.879	0.054	0.038
>AAACCCTAGY	5-AAACCCTAGY	8.611836	-454.901833	0	T:749.0(3.46%),B:250.8(0.92%),P:1e-197	Tpos:56.3,Tstd:26.7,Bpos:51.6,Bstd:28.6,StrandBias:0.9,Multiplicity:1.02
0.710	0.041	0.156	0.093
0.939	0.019	0.028	0.014
0.894	0.020	0.041	0.045
0.037	0.875	0.027	0.061
0.021	0.927	0.025	0.027
0.021	0.946	0.024	0.009
0.045	0.014	0.014	0.927
0.786	0.122	0.031	0.061
0.099	0.242	0.628	0.031
0.114	0.431	0.083	0.372
>CCGCCGCCGC	6-CCGCCGCCGC	6.512860	-367.357985	0	T:4773.0(22.06%),B:4121.2(15.13%),P:1e-159	Tpos:60.0,Tstd:27.0,Bpos:50.5,Bstd:31.5,StrandBias:1.1,Multiplicity:1.14
0.077	0.813	0.047	0.063
0.060	0.792	0.093	0.055
0.081	0.075	0.782	0.062
0.056	0.849	0.054	0.041
0.052	0.812	0.069	0.067
0.114	0.057	0.777	0.052
0.040	0.842	0.084	0.034
0.116	0.771	0.046	0.067
0.118	0.062	0.730	0.090
0.054	0.833	0.049	0.064
>CTGCCTGCYT	7-CTGCCTGCYT	7.184384	-360.253266	0	T:1723.0(7.96%),B:1078.2(3.96%),P:1e-156	Tpos:55.4,Tstd:26.6,Bpos:49.2,Bstd:30.7,StrandBias:-0.3,Multiplicity:1.03
0.001	0.712	0.001	0.286
0.001	0.167	0.088	0.744
0.063	0.001	0.929	0.007
0.076	0.735	0.073	0.116
0.001	0.616	0.001	0.382
0.001	0.086	0.051	0.862
0.001	0.001	0.887	0.111
0.016	0.661	0.115	0.208
0.019	0.454	0.049	0.478
0.035	0.126	0.228	0.611
>GTCTCGTCTC	8-GTCTCGTCTC	6.329492	-354.894795	0	T:1037.0(4.79%),B:511.6(1.88%),P:1e-154	Tpos:54.4,Tstd:26.6,Bpos:49.7,Bstd:30.7,StrandBias:1.1,Multiplicity:1.06
0.127	0.252	0.433	0.189
0.124	0.154	0.158	0.564
0.050	0.742	0.125	0.083
0.124	0.101	0.204	0.571
0.097	0.603	0.182	0.118
0.137	0.118	0.556	0.189
0.150	0.133	0.148	0.569
0.022	0.740	0.120	0.118
0.124	0.185	0.099	0.592
0.041	0.553	0.188	0.218
>ACGCACACAC	9-ACGCACACAC	6.005598	-346.038676	0	T:2839.0(13.12%),B:2154.4(7.91%),P:1e-150	Tpos:56.1,Tstd:26.9,Bpos:50.2,Bstd:30.4,StrandBias:1.4,Multiplicity:1.07
0.527	0.174	0.161	0.138
0.059	0.810	0.108	0.023
0.324	0.001	0.521	0.154
0.008	0.919	0.072	0.001
0.625	0.071	0.216	0.088
0.001	0.747	0.251	0.001
0.534	0.085	0.212	0.169
0.045	0.857	0.097	0.001
0.606	0.048	0.240	0.106
0.092	0.786	0.121	0.001
>CGAATCGAAT	10-CGAATCGAAT	5.183668	-279.841171	0	T:2171.0(10.03%),B:1611.1(5.91%),P:1e-121	Tpos:52.7,Tstd:27.3,Bpos:49.9,Bstd:29.2,StrandBias:-0.1,Multiplicity:1.10
0.081	0.732	0.114	0.073
0.103	0.105	0.743	0.049
0.728	0.119	0.105	0.048
0.697	0.089	0.125	0.089
0.121	0.104	0.148	0.627
0.070	0.732	0.121	0.077
0.100	0.126	0.723	0.051
0.734	0.114	0.103	0.049
0.677	0.100	0.118	0.105
0.112	0.124	0.158	0.606
>TCASBMBTCA	11-TCASBMBTCA	8.097262	-274.751665	0	T:609.0(2.81%),B:253.8(0.93%),P:1e-119	Tpos:52.8,Tstd:25.1,Bpos:47.8,Bstd:27.6,StrandBias:1.2,Multiplicity:1.06
0.001	0.001	0.001	0.997
0.001	0.997	0.001	0.001
0.982	0.001	0.001	0.016
0.017	0.486	0.379	0.118
0.143	0.266	0.265	0.325
0.400	0.299	0.114	0.187
0.039	0.302	0.347	0.312
0.001	0.045	0.039	0.915
0.001	0.928	0.001	0.070
0.997	0.001	0.001	0.001
>KTGGAGTGGA	12-KTGGAGTGGA	7.824743	-259.504876	0	T:748.0(3.46%),B:366.0(1.34%),P:1e-112	Tpos:55.8,Tstd:26.2,Bpos:53.6,Bstd:29.6,StrandBias:-2.2,Multiplicity:1.05
0.122	0.169	0.413	0.296
0.126	0.126	0.205	0.543
0.014	0.058	0.886	0.042
0.136	0.056	0.781	0.027
0.873	0.050	0.017	0.060
0.196	0.281	0.506	0.017
0.017	0.212	0.041	0.730
0.046	0.077	0.848	0.029
0.128	0.089	0.767	0.016
0.734	0.126	0.008	0.132
>YCCATCCATC	13-YCCATCCATC	7.336993	-224.345472	0	T:869.0(4.02%),B:493.3(1.81%),P:1e-97	Tpos:54.5,Tstd:27.5,Bpos:51.1,Bstd:23.8,StrandBias:2.2,Multiplicity:1.02
0.122	0.334	0.163	0.381
0.001	0.511	0.178	0.310
0.258	0.568	0.173	0.001
0.725	0.113	0.161	0.001
0.001	0.017	0.001	0.981
0.001	0.997	0.001	0.001
0.231	0.404	0.207	0.158
0.626	0.190	0.113	0.071
0.018	0.223	0.095	0.664
0.020	0.847	0.001	0.132
>CTAGCTAGCT	14-CTAGCTAGCT	6.187707	-202.656136	0	T:804.0(3.72%),B:461.2(1.69%),P:1e-88	Tpos:57.5,Tstd:27.6,Bpos:50.7,Bstd:28.7,StrandBias:0.2,Multiplicity:1.05
0.115	0.643	0.136	0.106
0.142	0.160	0.134	0.564
0.515	0.176	0.147	0.162
0.116	0.134	0.638	0.112
0.103	0.663	0.114	0.120
0.139	0.171	0.144	0.546
0.522	0.144	0.173	0.161
0.103	0.130	0.649	0.118
0.103	0.660	0.105	0.132
0.144	0.131	0.124	0.601
>TGCBGNTTGC	15-TGCBGNTTGC	8.227488	-194.989173	0	T:858.0(3.96%),B:515.3(1.89%),P:1e-84	Tpos:53.2,Tstd:26.4,Bpos:49.2,Bstd:29.5,StrandBias:-0.5,Multiplicity:1.02
0.001	0.146	0.038	0.815
0.001	0.001	0.997	0.001
0.001	0.864	0.134	0.001
0.175	0.262	0.351	0.212
0.384	0.001	0.614	0.001
0.231	0.284	0.295	0.190
0.160	0.340	0.001	0.499
0.001	0.001	0.239	0.759
0.001	0.001	0.997	0.001
0.001	0.987	0.001	0.011
>TACTASTAGT	16-TACTASTAGT	5.740326	-177.779227	0	T:1263.0(5.84%),B:906.5(3.33%),P:1e-77	Tpos:47.1,Tstd:25.1,Bpos:47.9,Bstd:29.2,StrandBias:-0.0,Multiplicity:1.05
0.216	0.143	0.172	0.469
0.588	0.075	0.174	0.163
0.047	0.621	0.328	0.004
0.073	0.106	0.001	0.820
0.785	0.001	0.125	0.089
0.001	0.434	0.564	0.001
0.001	0.125	0.001	0.873
0.711	0.023	0.142	0.124
0.037	0.340	0.565	0.058
0.192	0.156	0.096	0.556
>CGCCTCGCCT	17-CGCCTCGCCT	8.708409	-151.567266	0	T:506.0(2.34%),B:267.3(0.98%),P:1e-65	Tpos:52.4,Tstd:27.3,Bpos:51.4,Bstd:32.0,StrandBias:1.0,Multiplicity:1.07
0.001	0.834	0.097	0.068
0.099	0.108	0.792	0.001
0.001	0.830	0.168	0.001
0.001	0.763	0.160	0.076
0.001	0.161	0.147	0.691
0.043	0.766	0.001	0.190
0.001	0.001	0.878	0.120
0.001	0.676	0.253	0.070
0.114	0.702	0.001	0.183
0.001	0.212	0.001	0.786
>CTGTGCTGTG	18-CTGTGCTGTG	9.431713	-121.715153	0	T:195.0(0.90%),B:64.9(0.24%),P:1e-52	Tpos:53.8,Tstd:25.8,Bpos:51.8,Bstd:26.6,StrandBias:-1.3,Multiplicity:1.04
0.040	0.821	0.017	0.122
0.001	0.020	0.001	0.978
0.017	0.001	0.981	0.001
0.050	0.073	0.051	0.826
0.010	0.050	0.846	0.094
0.052	0.910	0.028	0.010
0.024	0.001	0.001	0.974
0.001	0.079	0.919	0.001
0.001	0.012	0.009	0.978
0.001	0.065	0.882	0.052
>TGCTGTTGCT	19-TGCTGTTGCT	9.136266	-107.596853	0	T:383.0(1.77%),B:209.3(0.77%),P:1e-46	Tpos:58.3,Tstd:27.0,Bpos:52.2,Bstd:27.5,StrandBias:-0.9,Multiplicity:1.01
0.001	0.058	0.041	0.900
0.022	0.001	0.882	0.095
0.001	0.963	0.035	0.001
0.001	0.001	0.001	0.997
0.001	0.018	0.845	0.136
0.023	0.248	0.059	0.670
0.010	0.001	0.029	0.960
0.001	0.022	0.941	0.036
0.001	0.969	0.010	0.020
0.015	0.001	0.044	0.940
>TCCAGGCTCC	20-TCCAGGCTCC	8.514656	-92.282685	0	T:75.0(0.35%),B:12.1(0.04%),P:1e-40	Tpos:58.0,Tstd:26.9,Bpos:47.6,Bstd:18.1,StrandBias:1.9,Multiplicity:1.00
0.001	0.001	0.001	0.997
0.001	0.997	0.001	0.001
0.001	0.997	0.001	0.001
0.696	0.001	0.281	0.022
0.001	0.001	0.997	0.001
0.001	0.001	0.997	0.001
0.001	0.997	0.001	0.001
0.001	0.007	0.001	0.991
0.001	0.997	0.001	0.001
0.001	0.997	0.001	0.001
>AAGCAAAGCA	21-AAGCAAAGCA	8.466761	-91.653469	0	T:116.0(0.54%),B:31.7(0.12%),P:1e-39	Tpos:59.2,Tstd:26.1,Bpos:59.6,Bstd:20.0,StrandBias:1.3,Multiplicity:1.05
0.997	0.001	0.001	0.001
0.997	0.001	0.001	0.001
0.001	0.001	0.997	0.001
0.001	0.977	0.001	0.021
0.977	0.001	0.021	0.001
0.997	0.001	0.001	0.001
0.821	0.177	0.001	0.001
0.001	0.001	0.991	0.007
0.001	0.997	0.001	0.001
0.839	0.001	0.001	0.159
>TTTCTTTACC	22-TTTCTTTACC	9.192110	-74.405893	0	T:34.0(0.16%),B:2.9(0.01%),P:1e-32	Tpos:48.8,Tstd:22.6,Bpos:62.2,Bstd:15.9,StrandBias:2.1,Multiplicity:1.00
0.001	0.001	0.011	0.987
0.001	0.032	0.011	0.956
0.032	0.001	0.059	0.908
0.001	0.997	0.001	0.001
0.011	0.001	0.011	0.977
0.001	0.001	0.001	0.997
0.001	0.001	0.001	0.997
0.997	0.001	0.001	0.001
0.001	0.997	0.001	0.001
0.001	0.987	0.011	0.001
>CTCAGCTCCG	23-CTCAGCTCCG	11.229872	-73.906266	0	T:106.0(0.49%),B:32.1(0.12%),P:1e-32	Tpos:60.6,Tstd:27.5,Bpos:48.7,Bstd:33.1,StrandBias:0.0,Multiplicity:1.00
0.026	0.864	0.084	0.026
0.001	0.001	0.001	0.997
0.001	0.988	0.010	0.001
0.598	0.392	0.001	0.009
0.001	0.001	0.627	0.371
0.009	0.964	0.026	0.001
0.001	0.001	0.047	0.951
0.001	0.895	0.103	0.001
0.386	0.612	0.001	0.001
0.104	0.001	0.711	0.184
>CAAACGAAAC	24-CAAACGAAAC	9.578076	-56.443259	0	T:115.0(0.53%),B:46.3(0.17%),P:1e-24	Tpos:52.3,Tstd:25.5,Bpos:52.0,Bstd:30.1,StrandBias:1.4,Multiplicity:1.00
0.213	0.779	0.001	0.007
0.980	0.001	0.001	0.018
0.992	0.006	0.001	0.001
0.765	0.156	0.078	0.001
0.101	0.897	0.001	0.001
0.001	0.001	0.980	0.018
0.955	0.043	0.001	0.001
0.885	0.078	0.036	0.001
0.927	0.036	0.036	0.001
0.056	0.889	0.036	0.019
>AGCCAGCCAC	25-AGCCAGCCAC	12.331813	-48.405940	0	T:54.0(0.25%),B:13.3(0.05%),P:1e-21	Tpos:51.4,Tstd:26.7,Bpos:38.6,Bstd:9.2,StrandBias:1.7,Multiplicity:1.00
0.997	0.001	0.001	0.001
0.001	0.001	0.997	0.001
0.001	0.997	0.001	0.001
0.001	0.997	0.001	0.001
0.759	0.239	0.001	0.001
0.001	0.001	0.927	0.071
0.001	0.997	0.001	0.001
0.001	0.997	0.001	0.001
0.997	0.001	0.001	0.001
0.001	0.997	0.001	0.001
>TATATAWANVVV	1-TATATAWANVVV	4.972796	-1861.212335	0	T:5070.0(23.43%),B:2550.8(9.36%),P:1e-808	Tpos:31.8,Tstd:11.1,Bpos:49.5,Bstd:36.6,StrandBias:0.2,Multiplicity:1.25
0.099	0.180	0.116	0.605
0.544	0.166	0.032	0.258
0.051	0.038	0.003	0.908
0.870	0.001	0.001	0.128
0.234	0.024	0.018	0.724
0.948	0.001	0.028	0.023
0.303	0.122	0.189	0.387
0.568	0.141	0.196	0.095
0.236	0.245	0.292	0.227
0.324	0.251	0.306	0.120
0.199	0.344	0.300	0.157
0.274	0.313	0.287	0.125
>CCCCMCCCCMCC	2-CCCCMCCCCMCC	5.485346	-982.348503	0	T:7116.0(32.88%),B:5464.6(20.06%),P:1e-426	Tpos:56.2,Tstd:25.8,Bpos:50.2,Bstd:30.8,StrandBias:2.5,Multiplicity:1.28
0.038	0.854	0.032	0.076
0.111	0.731	0.076	0.082
0.096	0.815	0.038	0.051
0.133	0.763	0.040	0.064
0.390	0.325	0.069	0.216
0.091	0.792	0.061	0.056
0.097	0.691	0.096	0.116
0.086	0.741	0.064	0.109
0.073	0.897	0.022	0.008
0.422	0.332	0.153	0.094
0.056	0.827	0.048	0.069
0.013	0.946	0.021	0.020
>CTCBTCTCCTCT	3-CTCBTCTCCTCT	4.902960	-874.940063	0	T:10509.0(48.56%),B:9464.5(34.74%),P:1e-379	Tpos:56.7,Tstd:26.1,Bpos:50.2,Bstd:32.5,StrandBias:1.4,Multiplicity:1.29
0.007	0.773	0.071	0.149
0.011	0.163	0.080	0.746
0.005	0.808	0.052	0.135
0.018	0.404	0.296	0.282
0.021	0.285	0.084	0.610
0.002	0.827	0.039	0.132
0.004	0.157	0.078	0.761
0.004	0.804	0.054	0.138
0.014	0.459	0.246	0.281
0.015	0.231	0.094	0.660
0.003	0.815	0.037	0.145
0.015	0.331	0.091	0.563
>CCATTCCATTYC	4-CCATTCCATTYC	5.545973	-715.050895	0	T:3574.0(16.52%),B:2324.9(8.53%),P:1e-310	Tpos:55.6,Tstd:26.9,Bpos:49.6,Bstd:29.8,StrandBias:2.2,Multiplicity:1.07
0.001	0.905	0.027	0.067
0.113	0.836	0.035	0.016
0.678	0.133	0.073	0.116
0.044	0.193	0.033	0.730
0.001	0.192	0.001	0.806
0.001	0.910	0.046	0.043
0.001	0.997	0.001	0.001
0.800	0.127	0.072	0.001
0.157	0.153	0.214	0.475
0.001	0.060	0.001	0.938
0.001	0.502	0.121	0.376
0.001	0.953	0.001	0.045
>CAAACCAAACCA	5-CAAACCAAACCA	5.503947	-675.366905	0	T:3469.0(16.03%),B:2276.5(8.36%),P:1e-293	Tpos:53.1,Tstd:26.0,Bpos:48.6,Bstd:29.0,StrandBias:1.9,Multiplicity:1.06
0.190	0.582	0.170	0.058
0.578	0.227	0.142	0.053
0.619	0.183	0.148	0.050
0.532	0.176	0.169	0.123
0.171	0.542	0.171	0.116
0.200	0.644	0.121	0.035
0.644	0.186	0.127	0.043
0.646	0.188	0.125	0.041
0.542	0.154	0.169	0.135
0.158	0.559	0.176	0.107
0.209	0.621	0.117	0.053
0.504	0.217	0.170	0.109
>GBTWGGGTTTKG	6-GBTWGGGTTTKG	7.932817	-624.496069	0	T:1382.0(6.39%),B:578.5(2.12%),P:1e-271	Tpos:54.4,Tstd:25.7,Bpos:50.3,Bstd:29.7,StrandBias:-1.8,Multiplicity:1.06
0.157	0.186	0.461	0.196
0.079	0.361	0.338	0.223
0.069	0.125	0.234	0.572
0.416	0.049	0.001	0.534
0.001	0.001	0.788	0.210
0.001	0.003	0.988	0.008
0.001	0.022	0.958	0.019
0.001	0.121	0.003	0.875
0.001	0.001	0.001	0.997
0.079	0.146	0.122	0.653
0.136	0.188	0.386	0.290
0.135	0.135	0.511	0.219
>CACACACACACC	7-CACACACACACC	6.934358	-371.670377	0	T:1269.0(5.86%),B:680.2(2.50%),P:1e-161	Tpos:57.9,Tstd:25.3,Bpos:50.4,Bstd:29.0,StrandBias:1.9,Multiplicity:1.03
0.090	0.799	0.065	0.046
0.758	0.064	0.092	0.086
0.085	0.794	0.078	0.043
0.755	0.050	0.129	0.066
0.079	0.789	0.096	0.036
0.721	0.069	0.128	0.082
0.080	0.798	0.082	0.040
0.740	0.072	0.113	0.075
0.093	0.793	0.076	0.038
0.743	0.074	0.107	0.076
0.076	0.732	0.124	0.068
0.204	0.580	0.139	0.077
>ACTCGCAGTCGC	8-ACTCGCAGTCGC	-0.649039	-307.705064	0	T:1496.0(6.91%),B:940.5(3.45%),P:1e-133	Tpos:56.2,Tstd:25.9,Bpos:49.3,Bstd:29.6,StrandBias:0.9,Multiplicity:1.08
0.714	0.032	0.089	0.165
0.001	0.997	0.001	0.001
0.001	0.001	0.001	0.997
0.001	0.997	0.001	0.001
0.001	0.001	0.997	0.001
0.001	0.997	0.001	0.001
0.997	0.001	0.001	0.001
0.001	0.001	0.997	0.001
0.001	0.001	0.001	0.997
0.001	0.997	0.001	0.001
0.001	0.001	0.714	0.284
0.001	0.997	0.001	0.001
>CTCCAGAGTCCA	9-CTCCAGAGTCCA	10.826677	-288.462763	0	T:124.0(0.57%),B:6.4(0.02%),P:1e-125	Tpos:58.5,Tstd:23.0,Bpos:33.5,Bstd:17.0,StrandBias:1.6,Multiplicity:1.01
0.058	0.673	0.164	0.105
0.029	0.001	0.029	0.941
0.028	0.970	0.001	0.001
0.029	0.912	0.001	0.058
0.709	0.187	0.046	0.058
0.394	0.001	0.576	0.029
0.970	0.001	0.028	0.001
0.081	0.264	0.654	0.001
0.001	0.029	0.029	0.941
0.001	0.933	0.065	0.001
0.029	0.755	0.187	0.029
0.762	0.128	0.029	0.081
>GCCTACAARTAC	10-GCCTACAARTAC	10.056354	-214.019436	0	T:144.0(0.67%),B:17.4(0.06%),P:1e-92	Tpos:30.6,Tstd:9.2,Bpos:60.9,Bstd:9.5,StrandBias:3.7,Multiplicity:1.00
0.040	0.001	0.628	0.331
0.065	0.616	0.119	0.200
0.032	0.901	0.035	0.032
0.001	0.031	0.001	0.967
0.997	0.001	0.001	0.001
0.032	0.708	0.001	0.259
0.997	0.001	0.001	0.001
0.997	0.001	0.001	0.001
0.539	0.007	0.453	0.001
0.031	0.001	0.001	0.967
0.933	0.032	0.032	0.003
0.001	0.930	0.067	0.002
>CATCCATCCATC	11-CATCCATCCATC	7.452667	-210.955126	0	T:831.0(3.84%),B:475.6(1.75%),P:1e-91	Tpos:55.4,Tstd:27.0,Bpos:47.9,Bstd:25.4,StrandBias:2.4,Multiplicity:1.01
0.081	0.692	0.147	0.080
0.620	0.134	0.141	0.105
0.075	0.058	0.089	0.778
0.022	0.873	0.042	0.063
0.078	0.758	0.136	0.028
0.700	0.063	0.172	0.065
0.001	0.054	0.154	0.791
0.018	0.873	0.032	0.077
0.075	0.710	0.163	0.052
0.658	0.131	0.124	0.087
0.078	0.157	0.126	0.639
0.055	0.807	0.074	0.064
>GCAGCCYGCAGC	12-GCAGCCYGCAGC	8.285212	-185.631693	0	T:792.0(3.66%),B:469.4(1.72%),P:1e-80	Tpos:55.9,Tstd:26.3,Bpos:48.8,Bstd:30.5,StrandBias:0.4,Multiplicity:1.03
0.020	0.041	0.938	0.001
0.005	0.926	0.059	0.010
0.888	0.092	0.010	0.010
0.039	0.098	0.848	0.015
0.152	0.506	0.267	0.075
0.191	0.715	0.005	0.089
0.192	0.355	0.180	0.272
0.001	0.025	0.969	0.005
0.001	0.970	0.028	0.001
0.891	0.001	0.001	0.107
0.030	0.108	0.769	0.093
0.213	0.586	0.135	0.066
>CGAATCGAATCG	13-CGAATCGAATCG	7.707477	-182.909620	0	T:487.0(2.25%),B:227.3(0.83%),P:1e-79	Tpos:56.0,Tstd:26.3,Bpos:52.9,Bstd:25.7,StrandBias:0.8,Multiplicity:1.02
0.047	0.808	0.144	0.001
0.116	0.140	0.729	0.015
0.540	0.287	0.134	0.039
0.823	0.066	0.099	0.012
0.101	0.119	0.170	0.610
0.039	0.858	0.047	0.056
0.098	0.065	0.828	0.009
0.543	0.281	0.137	0.039
0.781	0.075	0.143	0.001
0.092	0.084	0.240	0.584
0.039	0.880	0.036	0.045
0.112	0.104	0.728	0.056
>GCTAGCTAGCTA	14-GCTAGCTAGCTA	7.657488	-173.029300	0	T:578.0(2.67%),B:305.0(1.12%),P:1e-75	Tpos:58.9,Tstd:25.9,Bpos:49.5,Bstd:28.5,StrandBias:0.0,Multiplicity:1.04
0.086	0.078	0.757	0.079
0.071	0.810	0.073	0.046
0.093	0.124	0.106	0.677
0.708	0.081	0.097	0.114
0.035	0.039	0.878	0.048
0.040	0.874	0.051	0.035
0.092	0.106	0.075	0.727
0.688	0.085	0.102	0.125
0.041	0.049	0.862	0.048
0.065	0.785	0.066	0.084
0.107	0.107	0.132	0.654
0.582	0.148	0.166	0.104
>TGCTGTGCTGTG	15-TGCTGTGCTGTG	8.280373	-169.190965	0	T:412.0(1.90%),B:182.8(0.67%),P:1e-73	Tpos:54.5,Tstd:24.9,Bpos:49.4,Bstd:28.6,StrandBias:-1.2,Multiplicity:1.01
0.039	0.090	0.095	0.776
0.023	0.112	0.800	0.065
0.050	0.808	0.047	0.095
0.102	0.086	0.028	0.784
0.001	0.026	0.972	0.001
0.028	0.071	0.054	0.847
0.028	0.040	0.931	0.001
0.033	0.871	0.001	0.095
0.103	0.091	0.093	0.713
0.001	0.039	0.959	0.001
0.095	0.094	0.088	0.723
0.033	0.072	0.820	0.075
>TGCCTGCCTTCC	16-TGCCTGCCTTCC	7.315595	-163.966026	0	T:1054.0(4.87%),B:731.2(2.68%),P:1e-71	Tpos:55.6,Tstd:27.2,Bpos:48.7,Bstd:30.3,StrandBias:0.3,Multiplicity:1.02
0.082	0.131	0.077	0.710
0.065	0.107	0.709	0.119
0.034	0.785	0.090	0.091
0.053	0.791	0.077	0.079
0.076	0.077	0.076	0.771
0.059	0.057	0.790	0.094
0.048	0.805	0.085	0.062
0.051	0.815	0.062	0.072
0.084	0.089	0.083	0.744
0.048	0.100	0.226	0.626
0.048	0.732	0.121	0.099
0.066	0.722	0.105	0.107
>CCCGAGTCCCGA	17-CCCGAGTCCCGA	10.384513	-161.994607	0	T:67.0(0.31%),B:3.3(0.01%),P:1e-70	Tpos:58.9,Tstd:22.6,Bpos:64.8,Bstd:8.8,StrandBias:1.9,Multiplicity:1.00
0.023	0.953	0.023	0.001
0.001	0.997	0.001	0.001
0.023	0.953	0.023	0.001
0.023	0.023	0.931	0.023
0.976	0.022	0.001	0.001
0.121	0.001	0.855	0.023
0.023	0.023	0.023	0.931
0.001	0.997	0.001	0.001
0.001	0.953	0.023	0.023
0.001	0.976	0.001	0.022
0.023	0.001	0.953	0.023
0.953	0.023	0.001	0.023
>CGGCGGCGGCGG	18-CGGCGGCGGCGG	9.000326	-152.916663	0	T:578.0(2.67%),B:324.5(1.19%),P:1e-66	Tpos:66.6,Tstd:23.9,Bpos:49.3,Bstd:30.6,StrandBias:-1.2,Multiplicity:1.01
0.280	0.518	0.069	0.133
0.144	0.047	0.677	0.132
0.045	0.239	0.577	0.139
0.179	0.606	0.037	0.178
0.049	0.173	0.733	0.045
0.053	0.263	0.653	0.031
0.092	0.642	0.075	0.191
0.044	0.168	0.703	0.085
0.043	0.072	0.833	0.052
0.053	0.714	0.039	0.194
0.152	0.062	0.532	0.254
0.245	0.057	0.427	0.271
>CTCACTAGTCAC	19-CTCACTAGTCAC	9.187453	-146.608553	0	T:73.0(0.34%),B:6.0(0.02%),P:1e-63	Tpos:53.3,Tstd:22.4,Bpos:44.4,Bstd:13.1,StrandBias:1.9,Multiplicity:1.08
0.001	0.736	0.262	0.001
0.001	0.001	0.001	0.997
0.001	0.997	0.001	0.001
0.997	0.001	0.001	0.001
0.001	0.997	0.001	0.001
0.001	0.065	0.065	0.869
0.997	0.001	0.001	0.001
0.001	0.065	0.933	0.001
0.001	0.001	0.001	0.997
0.001	0.997	0.001	0.001
0.997	0.001	0.001	0.001
0.001	0.997	0.001	0.001
>TTGCGAGTTGCG	20-TTGCGAGTTGCG	10.271747	-139.690034	0	T:111.0(0.51%),B:17.9(0.07%),P:1e-60	Tpos:61.3,Tstd:25.2,Bpos:49.7,Bstd:24.4,StrandBias:-1.1,Multiplicity:1.04
0.024	0.030	0.054	0.892
0.030	0.172	0.042	0.756
0.001	0.024	0.951	0.024
0.030	0.678	0.090	0.202
0.030	0.036	0.922	0.012
0.819	0.060	0.037	0.084
0.041	0.038	0.891	0.030
0.018	0.084	0.024	0.874
0.030	0.165	0.066	0.739
0.001	0.036	0.939	0.024
0.042	0.679	0.089	0.190
0.036	0.042	0.874	0.048
>TTCTTTACCCWA	21-TTCTTTACCCWA	10.748342	-133.902529	0	T:52.0(0.24%),B:2.2(0.01%),P:1e-58	Tpos:42.5,Tstd:23.4,Bpos:53.4,Bstd:25.3,StrandBias:1.7,Multiplicity:1.00
0.001	0.030	0.030	0.939
0.064	0.031	0.098	0.807
0.001	0.935	0.063	0.001
0.001	0.159	0.001	0.839
0.001	0.030	0.001	0.968
0.034	0.190	0.001	0.775
0.816	0.001	0.182	0.001
0.135	0.803	0.061	0.001
0.001	0.690	0.001	0.308
0.091	0.878	0.001	0.030
0.441	0.030	0.001	0.528
0.765	0.173	0.031	0.031
>CAGAGCCTCAGA	22-CAGAGCCTCAGA	10.950081	-128.391669	0	T:62.0(0.29%),B:4.2(0.02%),P:1e-55	Tpos:52.5,Tstd:27.0,Bpos:43.0,Bstd:14.1,StrandBias:0.2,Multiplicity:1.00
0.001	0.997	0.001	0.001
0.903	0.001	0.095	0.001
0.144	0.001	0.854	0.001
0.997	0.001	0.001	0.001
0.192	0.001	0.583	0.224
0.116	0.610	0.211	0.063
0.001	0.997	0.001	0.001
0.256	0.056	0.201	0.486
0.001	0.997	0.001	0.001
0.840	0.001	0.063	0.096
0.048	0.001	0.903	0.048
0.903	0.001	0.095	0.001
>TACTACTACTAC	23-TACTACTACTAC	7.436888	-117.969350	0	T:567.0(2.62%),B:354.0(1.30%),P:1e-51	Tpos:48.9,Tstd:25.5,Bpos:49.1,Bstd:27.9,StrandBias:0.1,Multiplicity:1.03
0.095	0.119	0.078	0.708
0.503	0.149	0.183	0.165
0.043	0.771	0.139	0.047
0.054	0.040	0.052	0.854
0.666	0.039	0.245	0.050
0.050	0.713	0.190	0.047
0.040	0.059	0.041	0.860
0.626	0.090	0.167	0.117
0.047	0.704	0.205	0.044
0.077	0.075	0.049	0.799
0.590	0.114	0.237	0.059
0.058	0.618	0.286	0.038
>GTCTGTCCGTCT	24-GTCTGTCCGTCT	10.535450	-70.424667	0	T:48.0(0.22%),B:6.1(0.02%),P:1e-30	Tpos:53.5,Tstd:26.0,Bpos:81.0,Bstd:9.6,StrandBias:-1.3,Multiplicity:1.00
0.092	0.069	0.814	0.025
0.001	0.048	0.106	0.845
0.036	0.870	0.047	0.047
0.024	0.047	0.024	0.905
0.060	0.072	0.844	0.024
0.036	0.025	0.069	0.870
0.024	0.858	0.047	0.071
0.083	0.696	0.060	0.161
0.083	0.001	0.881	0.035
0.024	0.083	0.071	0.822
0.036	0.821	0.072	0.071
0.072	0.062	0.071	0.795
>CAGCTCAGCTCT	25-CAGCTCAGCTCT	10.979487	-51.781146	0	T:56.0(0.26%),B:13.2(0.05%),P:1e-22	Tpos:56.3,Tstd:26.0,Bpos:58.4,Bstd:13.6,StrandBias:0.1,Multiplicity:1.00
0.046	0.862	0.055	0.037
0.845	0.064	0.027	0.064
0.036	0.018	0.900	0.046
0.018	0.901	0.054	0.027
0.054	0.073	0.018	0.855
0.018	0.864	0.073	0.045
0.763	0.046	0.045	0.146
0.035	0.037	0.910	0.018
0.045	0.847	0.062	0.046
0.036	0.123	0.089	0.752
0.045	0.854	0.064	0.037
0.189	0.091	0.056	0.664
>TATATA	1-TATATA	5.598600	-1794.980210	0	T:4611.0(21.31%),B:2226.2(8.17%),P:1e-779	Tpos:31.2,Tstd:10.9,Bpos:49.3,Bstd:38.9,StrandBias:-0.4,Multiplicity:1.17
0.001	0.032	0.001	0.966
0.663	0.001	0.001	0.335
0.106	0.001	0.001	0.892
0.997	0.001	0.001	0.001
0.001	0.021	0.001	0.977
0.997	0.001	0.001	0.001
>AAGCGA	2-AAGCGA	3.985171	-624.377364	0	T:8937.0(41.30%),B:8173.3(30.00%),P:1e-271	Tpos:52.7,Tstd:28.2,Bpos:49.7,Bstd:32.2,StrandBias:-0.7,Multiplicity:1.23
0.997	0.001	0.001	0.001
0.830	0.001	0.168	0.001
0.191	0.001	0.807	0.001
0.001	0.997	0.001	0.001
0.001	0.001	0.997	0.001
0.585	0.001	0.413	0.001
>TGHGTG	3-TGHGTG	4.441372	-494.061821	0	T:14860.0(68.67%),B:15894.4(58.35%),P:1e-214	Tpos:53.0,Tstd:27.5,Bpos:50.2,Bstd:30.7,StrandBias:-1.2,Multiplicity:1.63
0.001	0.001	0.408	0.590
0.001	0.001	0.997	0.001
0.410	0.295	0.001	0.295
0.001	0.409	0.589	0.001
0.298	0.001	0.001	0.700
0.001	0.001	0.708	0.290
>CCCACC	4-CCCACC	5.157729	-488.446435	0	T:10277.0(47.49%),B:10111.8(37.12%),P:1e-212	Tpos:53.2,Tstd:27.8,Bpos:49.9,Bstd:31.2,StrandBias:2.0,Multiplicity:1.54
0.109	0.889	0.001	0.001
0.067	0.931	0.001	0.001
0.078	0.920	0.001	0.001
0.734	0.045	0.102	0.119
0.001	0.898	0.001	0.100
0.001	0.997	0.001	0.001
>GAGAGG	5-GAGAGG	6.338169	-457.552053	0	T:6905.0(31.91%),B:6254.9(22.96%),P:1e-198	Tpos:54.9,Tstd:27.3,Bpos:50.6,Bstd:33.7,StrandBias:-1.4,Multiplicity:1.24
0.001	0.001	0.997	0.001
0.997	0.001	0.001	0.001
0.001	0.001	0.997	0.001
0.997	0.001	0.001	0.001
0.001	0.365	0.633	0.001
0.383	0.001	0.615	0.001
>AAACCC	6-AAACCC	5.917648	-437.579488	0	T:3812.0(17.62%),B:2968.6(10.90%),P:1e-190	Tpos:51.3,Tstd:26.3,Bpos:50.9,Bstd:33.0,StrandBias:1.8,Multiplicity:1.15
0.997	0.001	0.001	0.001
0.997	0.001	0.001	0.001
0.997	0.001	0.001	0.001
0.220	0.778	0.001	0.001
0.001	0.997	0.001	0.001
0.118	0.880	0.001	0.001
>CCCGTC	7-CCCGTC	5.090258	-360.288539	0	T:6114.0(28.25%),B:5616.7(20.62%),P:1e-156	Tpos:52.5,Tstd:28.5,Bpos:49.5,Bstd:30.7,StrandBias:1.0,Multiplicity:1.16
0.001	0.708	0.001	0.290
0.001	0.847	0.151	0.001
0.074	0.924	0.001	0.001
0.001	0.001	0.997	0.001
0.001	0.001	0.001	0.997
0.001	0.926	0.001	0.072
>AACCCT	8-AACCCT	6.177716	-359.054440	0	T:1718.0(7.94%),B:1075.0(3.95%),P:1e-155	Tpos:52.7,Tstd:28.2,Bpos:47.9,Bstd:28.9,StrandBias:0.9,Multiplicity:1.03
0.700	0.100	0.100	0.100
0.700	0.100	0.100	0.100
0.100	0.700	0.100	0.100
0.100	0.700	0.100	0.100
0.100	0.700	0.100	0.100
0.100	0.100	0.100	0.700
>CATTCC	9-CATTCC	5.873509	-257.981575	0	T:5506.0(25.44%),B:5226.7(19.19%),P:1e-112	Tpos:53.3,Tstd:27.7,Bpos:50.0,Bstd:32.5,StrandBias:1.6,Multiplicity:1.19
0.001	0.997	0.001	0.001
0.638	0.360	0.001	0.001
0.001	0.001	0.001	0.997
0.001	0.001	0.001	0.997
0.001	0.754	0.001	0.244
0.001	0.997	0.001	0.001
>YCGATC	10-YCGATC	4.752832	-257.304813	0	T:6120.0(28.28%),B:5928.9(21.76%),P:1e-111	Tpos:55.1,Tstd:28.5,Bpos:50.4,Bstd:28.2,StrandBias:0.9,Multiplicity:1.17
0.001	0.495	0.001	0.503
0.177	0.644	0.178	0.001
0.112	0.360	0.527	0.001
0.776	0.222	0.001	0.001
0.001	0.001	0.108	0.890
0.068	0.839	0.001	0.092
>THGCTT	11-THGCTT	5.184801	-232.581011	0	T:3895.0(18.00%),B:3509.8(12.88%),P:1e-101	Tpos:54.0,Tstd:28.3,Bpos:49.7,Bstd:32.4,StrandBias:-0.3,Multiplicity:1.18
0.001	0.163	0.054	0.782
0.334	0.332	0.001	0.333
0.122	0.001	0.876	0.001
0.182	0.816	0.001	0.001
0.037	0.202	0.062	0.699
0.334	0.157	0.001	0.508
>ACCGCA	12-ACCGCA	5.687759	-173.405668	0	T:4805.0(22.20%),B:4714.3(17.31%),P:1e-75	Tpos:51.7,Tstd:28.3,Bpos:49.9,Bstd:30.7,StrandBias:0.6,Multiplicity:1.13
0.920	0.078	0.001	0.001
0.001	0.835	0.001	0.163
0.230	0.485	0.116	0.169
0.001	0.001	0.997	0.001
0.001	0.997	0.001	0.001
0.997	0.001	0.001	0.001
>TTATAA	13-TTATAA	4.720146	-158.099883	0	T:1455.0(6.72%),B:1127.4(4.14%),P:1e-68	Tpos:32.6,Tstd:19.3,Bpos:49.1,Bstd:37.1,StrandBias:0.0,Multiplicity:1.03
0.001	0.001	0.001	0.997
0.001	0.001	0.001	0.997
0.878	0.001	0.001	0.120
0.231	0.001	0.001	0.767
0.997	0.001	0.001	0.001
0.997	0.001	0.001	0.001
>AGGCAG	14-AGGCAG	6.177716	-155.106754	0	T:2080.0(9.61%),B:1771.1(6.50%),P:1e-67	Tpos:52.6,Tstd:28.1,Bpos:52.4,Bstd:32.0,StrandBias:-0.7,Multiplicity:1.03
0.700	0.100	0.100	0.100
0.100	0.100	0.700	0.100
0.100	0.100	0.700	0.100
0.100	0.700	0.100	0.100
0.700	0.100	0.100	0.100
0.100	0.100	0.700	0.100
>GCCGCC	15-GCCGCC	6.355592	-142.920257	0	T:5857.0(27.07%),B:6057.1(22.23%),P:1e-62	Tpos:58.2,Tstd:28.4,Bpos:50.5,Bstd:33.3,StrandBias:0.6,Multiplicity:1.32
0.001	0.001	0.997	0.001
0.001	0.997	0.001	0.001
0.001	0.997	0.001	0.001
0.001	0.001	0.997	0.001
0.001	0.786	0.212	0.001
0.327	0.671	0.001	0.001
>CAAATC	16-CAAATC	5.696637	-111.599539	0	T:3024.0(13.97%),B:2930.0(10.76%),P:1e-48	Tpos:52.4,Tstd:27.6,Bpos:51.0,Bstd:30.5,StrandBias:1.7,Multiplicity:1.10
0.001	0.997	0.001	0.001
0.870	0.128	0.001	0.001
0.997	0.001	0.001	0.001
0.575	0.001	0.001	0.423
0.001	0.001	0.001	0.997
0.001	0.997	0.001	0.001
>TASTAG	17-TASTAG	7.122005	-95.332480	0	T:1186.0(5.48%),B:989.9(3.63%),P:1e-41	Tpos:45.6,Tstd:26.6,Bpos:47.6,Bstd:30.9,StrandBias:-0.3,Multiplicity:1.20
0.001	0.001	0.001	0.997
0.997	0.001	0.001	0.001
0.001	0.565	0.433	0.001
0.001	0.001	0.001	0.997
0.997	0.001	0.001	0.001
0.001	0.291	0.707	0.001
>TAATAA	18-TAATAA	6.177716	-88.588431	0	T:732.0(3.38%),B:549.4(2.02%),P:1e-38	Tpos:37.2,Tstd:22.6,Bpos:49.6,Bstd:37.0,StrandBias:0.0,Multiplicity:1.08
0.100	0.100	0.100	0.700
0.700	0.100	0.100	0.100
0.700	0.100	0.100	0.100
0.100	0.100	0.100	0.700
0.700	0.100	0.100	0.100
0.700	0.100	0.100	0.100
>GACTAG	19-GACTAG	6.485768	-79.004602	0	T:686.0(3.17%),B:522.3(1.92%),P:1e-34	Tpos:50.7,Tstd:26.9,Bpos:47.9,Bstd:30.7,StrandBias:-0.6,Multiplicity:1.01
0.299	0.001	0.589	0.111
0.902	0.004	0.003	0.091
0.001	0.831	0.163	0.005
0.174	0.001	0.096	0.729
0.836	0.001	0.160	0.003
0.170	0.144	0.595	0.091
>CCGTTC	20-CCGTTC	7.383949	-70.688642	0	T:2094.0(9.68%),B:2046.6(7.51%),P:1e-30	Tpos:52.0,Tstd:29.1,Bpos:50.0,Bstd:30.1,StrandBias:0.8,Multiplicity:1.05
0.001	0.997	0.001	0.001
0.001	0.997	0.001	0.001
0.001	0.001	0.997	0.001
0.001	0.001	0.399	0.599
0.001	0.001	0.001	0.997
0.001	0.997	0.001	0.001
>CGTCAC	21-CGTCAC	6.177716	-43.347391	0	T:943.0(4.36%),B:878.4(3.22%),P:1e-18	Tpos:48.3,Tstd:28.9,Bpos:46.8,Bstd:27.8,StrandBias:0.9,Multiplicity:1.03
0.100	0.700	0.100	0.100
0.100	0.100	0.700	0.100
0.100	0.100	0.100	0.700
0.100	0.700	0.100	0.100
0.700	0.100	0.100	0.100
0.100	0.700	0.100	0.100
>TWTATABS	1-TWTATABS	5.777906	-1813.418050	0	T:4298.0(19.86%),B:1967.3(7.22%),P:1e-787	Tpos:31.4,Tstd:10.5,Bpos:49.7,Bstd:38.0,StrandBias:-0.0,Multiplicity:1.06
0.072	0.001	0.001	0.926
0.546	0.001	0.001	0.452
0.145	0.001	0.001	0.853
0.997	0.001	0.001	0.001
0.374	0.001	0.001	0.624
0.952	0.001	0.046	0.001
0.137	0.311	0.348	0.205
0.224	0.334	0.441	0.001
>YCGCYTCC	2-YCGCYTCC	5.021808	-911.780352	0	T:10482.0(48.44%),B:9357.7(34.35%),P:1e-395	Tpos:57.5,Tstd:27.4,Bpos:50.7,Bstd:31.9,StrandBias:1.2,Multiplicity:1.30
0.001	0.546	0.001	0.452
0.087	0.610	0.001	0.302
0.100	0.233	0.666	0.001
0.001	0.780	0.001	0.218
0.141	0.448	0.053	0.358
0.123	0.112	0.135	0.630
0.013	0.722	0.254	0.011
0.142	0.576	0.120	0.162
>YCMMHCCC	3-YCMMHCCC	5.134438	-904.137547	0	T:9564.0(44.20%),B:8303.8(30.48%),P:1e-392	Tpos:54.5,Tstd:26.7,Bpos:49.9,Bstd:30.5,StrandBias:2.4,Multiplicity:1.51
0.001	0.515	0.001	0.483
0.037	0.961	0.001	0.001
0.427	0.525	0.047	0.001
0.400	0.403	0.151	0.046
0.311	0.274	0.001	0.414
0.209	0.609	0.001	0.181
0.233	0.765	0.001	0.001
0.365	0.633	0.001	0.001
>RAGAGAGR	4-RAGAGAGR	4.281590	-549.817054	0	T:9474.0(43.78%),B:8985.2(32.98%),P:1e-238	Tpos:55.0,Tstd:27.0,Bpos:51.1,Bstd:34.0,StrandBias:-1.4,Multiplicity:1.34
0.393	0.068	0.490	0.049
0.465	0.227	0.215	0.093
0.259	0.047	0.643	0.051
0.512	0.249	0.107	0.132
0.061	0.209	0.695	0.035
0.453	0.186	0.259	0.102
0.219	0.152	0.586	0.043
0.464	0.057	0.395	0.085
>GTTAWTAA	5-GTTAWTAA	4.386421	-531.818000	0	T:2567.0(11.86%),B:1627.6(5.97%),P:1e-230	Tpos:36.6,Tstd:21.6,Bpos:48.3,Bstd:35.4,StrandBias:0.2,Multiplicity:1.02
0.001	0.298	0.528	0.173
0.001	0.159	0.001	0.839
0.416	0.001	0.001	0.582
0.838	0.001	0.001	0.160
0.515	0.001	0.001	0.483
0.001	0.001	0.001	0.997
0.997	0.001	0.001	0.001
0.997	0.001	0.001	0.001
>AAACCCTA	6-AAACCCTA	8.466932	-528.219509	0	T:1081.0(5.00%),B:427.6(1.57%),P:1e-229	Tpos:56.1,Tstd:26.9,Bpos:49.6,Bstd:32.4,StrandBias:1.0,Multiplicity:1.04
0.859	0.001	0.139	0.001
0.997	0.001	0.001	0.001
0.997	0.001	0.001	0.001
0.001	0.997	0.001	0.001
0.001	0.997	0.001	0.001
0.001	0.997	0.001	0.001
0.001	0.001	0.001	0.997
0.772	0.141	0.001	0.086
>CACMGCAC	7-CACMGCAC	6.000092	-400.751853	0	T:2829.0(13.07%),B:2054.0(7.54%),P:1e-174	Tpos:54.2,Tstd:27.4,Bpos:49.0,Bstd:30.5,StrandBias:1.5,Multiplicity:1.08
0.141	0.678	0.020	0.161
0.713	0.095	0.001	0.191
0.001	0.846	0.119	0.034
0.436	0.318	0.177	0.068
0.104	0.231	0.549	0.116
0.053	0.945	0.001	0.001
0.625	0.208	0.034	0.133
0.096	0.702	0.112	0.090
>GAGGCGGG	8-GAGGCGGG	5.477234	-392.405209	0	T:3776.0(17.45%),B:3016.2(11.07%),P:1e-170	Tpos:53.6,Tstd:27.8,Bpos:48.8,Bstd:32.0,StrandBias:-1.5,Multiplicity:1.04
0.036	0.001	0.942	0.021
0.898	0.045	0.001	0.056
0.006	0.030	0.899	0.065
0.065	0.061	0.829	0.045
0.035	0.963	0.001	0.001
0.065	0.001	0.933	0.001
0.082	0.020	0.802	0.096
0.081	0.062	0.856	0.001
>GTGTGTGT	9-GTGTGTGT	4.602445	-372.295799	0	T:5571.0(25.74%),B:4980.7(18.28%),P:1e-161	Tpos:53.3,Tstd:26.8,Bpos:49.5,Bstd:29.5,StrandBias:-1.5,Multiplicity:1.17
0.005	0.126	0.793	0.076
0.046	0.103	0.164	0.687
0.046	0.100	0.801	0.053
0.059	0.143	0.071	0.727
0.042	0.079	0.779	0.100
0.131	0.119	0.069	0.681
0.059	0.083	0.769	0.089
0.123	0.074	0.040	0.763
>GCAACGCA	10-GCAACGCA	6.163415	-252.871475	0	T:2063.0(9.53%),B:1552.7(5.70%),P:1e-109	Tpos:54.7,Tstd:27.5,Bpos:51.2,Bstd:30.7,StrandBias:0.8,Multiplicity:1.11
0.019	0.151	0.807	0.023
0.042	0.911	0.001	0.046
0.983	0.015	0.001	0.001
0.537	0.207	0.151	0.105
0.101	0.872	0.001	0.026
0.001	0.001	0.997	0.001
0.029	0.969	0.001	0.001
0.979	0.001	0.019	0.001
>AATAAAAA	11-AATAAAAA	4.904907	-252.162842	0	T:3633.0(16.79%),B:3174.2(11.65%),P:1e-109	Tpos:40.5,Tstd:25.0,Bpos:50.3,Bstd:35.8,StrandBias:0.4,Multiplicity:1.14
0.810	0.041	0.065	0.084
0.747	0.071	0.100	0.082
0.058	0.076	0.124	0.742
0.708	0.140	0.094	0.058
0.770	0.035	0.097	0.098
0.718	0.054	0.075	0.153
0.710	0.053	0.097	0.140
0.799	0.068	0.045	0.088
>CAAAAGCC	12-CAAAAGCC	8.716383	-231.383972	0	T:624.0(2.88%),B:294.0(1.08%),P:1e-100	Tpos:49.3,Tstd:26.6,Bpos:53.4,Bstd:32.4,StrandBias:1.8,Multiplicity:1.01
0.001	0.997	0.001	0.001
0.997	0.001	0.001	0.001
0.997	0.001	0.001	0.001
0.997	0.001	0.001	0.001
0.861	0.001	0.137	0.001
0.141	0.166	0.692	0.001
0.001	0.997	0.001	0.001
0.001	0.997	0.001	0.001
>CGAAACGA	13-CGAAACGA	5.852224	-219.610180	0	T:1612.0(7.45%),B:1171.1(4.30%),P:1e-95	Tpos:51.6,Tstd:28.0,Bpos:49.0,Bstd:29.1,StrandBias:-0.1,Multiplicity:1.07
0.040	0.958	0.001	0.001
0.001	0.077	0.900	0.022
0.902	0.001	0.096	0.001
0.835	0.001	0.134	0.030
0.836	0.052	0.001	0.111
0.035	0.895	0.016	0.054
0.062	0.046	0.891	0.001
0.868	0.001	0.130	0.001
>CCTKTCCT	14-CCTKTCCT	6.906146	-204.374292	0	T:1922.0(8.88%),B:1502.5(5.52%),P:1e-88	Tpos:52.8,Tstd:28.5,Bpos:52.7,Bstd:29.9,StrandBias:1.1,Multiplicity:1.04
0.108	0.847	0.001	0.044
0.001	0.856	0.001	0.142
0.234	0.190	0.001	0.575
0.053	0.193	0.397	0.357
0.001	0.109	0.239	0.651
0.037	0.865	0.097	0.001
0.001	0.901	0.001	0.097
0.081	0.001	0.001	0.917
>AGWCYGSA	15-AGWCYGSA	6.433915	-195.856803	0	T:1293.0(5.98%),B:906.6(3.33%),P:1e-85	Tpos:53.6,Tstd:26.7,Bpos:49.9,Bstd:30.1,StrandBias:0.1,Multiplicity:1.08
0.702	0.001	0.296	0.001
0.055	0.050	0.894	0.001
0.441	0.124	0.106	0.328
0.069	0.900	0.001	0.030
0.075	0.474	0.066	0.385
0.290	0.001	0.630	0.079
0.057	0.491	0.450	0.001
0.829	0.053	0.001	0.117
>STACTAGT	16-STACTAGT	4.886323	-172.350251	0	T:1972.0(9.11%),B:1619.5(5.94%),P:1e-74	Tpos:45.3,Tstd:25.5,Bpos:49.0,Bstd:29.8,StrandBias:-0.1,Multiplicity:1.08
0.099	0.370	0.324	0.207
0.084	0.054	0.242	0.620
0.633	0.011	0.304	0.052
0.045	0.614	0.190	0.151
0.241	0.179	0.108	0.472
0.659	0.001	0.086	0.254
0.273	0.156	0.523	0.048
0.076	0.108	0.025	0.791
>CCACCACC	17-CCACCACC	8.746535	-163.448398	0	T:1148.0(5.30%),B:820.8(3.01%),P:1e-70	Tpos:56.9,Tstd:27.4,Bpos:53.0,Bstd:29.0,StrandBias:1.8,Multiplicity:1.02
0.001	0.997	0.001	0.001
0.001	0.997	0.001	0.001
0.997	0.001	0.001	0.001
0.001	0.997	0.001	0.001
0.001	0.997	0.001	0.001
0.997	0.001	0.001	0.001
0.143	0.758	0.098	0.001
0.001	0.997	0.001	0.001
>CACTCGCA	18-CACTCGCA	6.998897	-159.284070	0	T:998.0(4.61%),B:686.1(2.52%),P:1e-69	Tpos:55.1,Tstd:27.2,Bpos:49.7,Bstd:31.5,StrandBias:1.1,Multiplicity:1.05
0.265	0.711	0.023	0.001
0.937	0.001	0.061	0.001
0.080	0.786	0.094	0.040
0.001	0.043	0.001	0.955
0.001	0.950	0.048	0.001
0.001	0.021	0.977	0.001
0.001	0.973	0.001	0.025
0.822	0.026	0.074	0.078
>ATAAAACG	19-ATAAAACG	8.805958	-157.369513	0	T:258.0(1.19%),B:86.9(0.32%),P:1e-68	Tpos:32.1,Tstd:17.7,Bpos:40.3,Bstd:20.9,StrandBias:0.3,Multiplicity:1.00
0.997	0.001	0.001	0.001
0.001	0.001	0.001	0.997
0.997	0.001	0.001	0.001
0.997	0.001	0.001	0.001
0.997	0.001	0.001	0.001
0.997	0.001	0.001	0.001
0.104	0.894	0.001	0.001
0.001	0.001	0.997	0.001
>TTCCTTTC	20-TTCCTTTC	7.871684	-149.771392	0	T:628.0(2.90%),B:369.6(1.36%),P:1e-65	Tpos:53.0,Tstd:28.0,Bpos:48.3,Bstd:33.3,StrandBias:1.2,Multiplicity:1.02
0.001	0.001	0.001	0.997
0.001	0.001	0.001	0.997
0.001	0.997	0.001	0.001
0.001	0.931	0.067	0.001
0.001	0.390	0.001	0.608
0.001	0.001	0.001	0.997
0.001	0.001	0.001	0.997
0.001	0.997	0.001	0.001
>ATCGATCG	21-ATCGATCG	6.695171	-140.474626	0	T:744.0(3.44%),B:481.3(1.77%),P:1e-61	Tpos:54.2,Tstd:28.3,Bpos:50.6,Bstd:25.8,StrandBias:0.3,Multiplicity:1.07
0.741	0.230	0.001	0.028
0.001	0.136	0.041	0.822
0.001	0.929	0.043	0.027
0.027	0.047	0.912	0.014
0.978	0.001	0.020	0.001
0.001	0.073	0.001	0.925
0.001	0.984	0.014	0.001
0.062	0.013	0.924	0.001
>TARCTAGT	22-TARCTAGT	7.498191	-139.881412	0	T:455.0(2.10%),B:237.4(0.87%),P:1e-60	Tpos:55.1,Tstd:29.2,Bpos:48.0,Bstd:28.2,StrandBias:0.1,Multiplicity:1.13
0.045	0.355	0.001	0.599
0.546	0.104	0.186	0.164
0.458	0.001	0.540	0.001
0.130	0.782	0.087	0.001
0.001	0.226	0.054	0.719
0.997	0.001	0.001	0.001
0.001	0.001	0.997	0.001
0.185	0.279	0.001	0.535
>TCGTCTTC	23-TCGTCTTC	8.626287	-112.911942	0	T:790.0(3.65%),B:563.4(2.07%),P:1e-49	Tpos:55.9,Tstd:27.5,Bpos:47.6,Bstd:25.4,StrandBias:0.9,Multiplicity:1.01
0.001	0.001	0.001	0.997
0.001	0.997	0.001	0.001
0.001	0.001	0.997	0.001
0.001	0.001	0.001	0.997
0.001	0.997	0.001	0.001
0.001	0.001	0.282	0.716
0.001	0.001	0.001	0.997
0.001	0.746	0.121	0.132
>CGGCCGGC	24-CGGCCGGC	8.042918	-102.229931	0	T:979.0(4.52%),B:765.1(2.81%),P:1e-44	Tpos:52.5,Tstd:28.9,Bpos:50.4,Bstd:31.8,StrandBias:0.1,Multiplicity:1.07
0.001	0.997	0.001	0.001
0.001	0.001	0.880	0.118
0.001	0.183	0.815	0.001
0.001	0.997	0.001	0.001
0.001	0.997	0.001	0.001
0.001	0.048	0.848	0.103
0.001	0.067	0.846	0.086
0.001	0.916	0.082	0.001
>CAGCCAGC	25-CAGCCAGC	8.027404	-65.984790	0	T:680.0(3.14%),B:542.9(1.99%),P:1e-28	Tpos:55.1,Tstd:26.8,Bpos:49.6,Bstd:32.2,StrandBias:1.5,Multiplicity:1.06
0.001	0.997	0.001	0.001
0.997	0.001	0.001	0.001
0.083	0.001	0.846	0.070
0.001	0.997	0.001	0.001
0.001	0.997	0.001	0.001
0.680	0.318	0.001	0.001
0.001	0.001	0.997	0.001
0.001	0.997	0.001	0.001
