>TATATANVVV	1-TATATANVVV	5.053627	-2002.703028	0	T:4578.0(21.16%),B:2058.6(7.56%),P:1e-869	Tpos:31.3,Tstd:10.5,Bpos:50.9,Bstd:37.6,StrandBias:-0.0,Multiplicity:1.82
0.001	0.001	0.002	0.996
0.735	0.003	0.001	0.261
0.001	0.001	0.001	0.997
0.929	0.001	0.001	0.069
0.339	0.001	0.001	0.659
0.997	0.001	0.001	0.001
0.249	0.182	0.283	0.286
0.309	0.309	0.296	0.085
0.230	0.362	0.289	0.119
0.267	0.315	0.339	0.079
>YCYCCMBTCC	2-YCYCCMBTCC	5.612607	-1388.571713	0	T:9441.0(43.63%),B:7343.4(26.96%),P:1e-603	Tpos:56.1,Tstd:26.3,Bpos:50.3,Bstd:32.4,StrandBias:2.2,Multiplicity:1.48
0.175	0.480	0.001	0.344
0.097	0.482	0.091	0.330
0.094	0.497	0.001	0.408
0.001	0.814	0.001	0.184
0.001	0.815	0.183	0.001
0.307	0.411	0.182	0.100
0.186	0.339	0.194	0.280
0.100	0.372	0.001	0.527
0.001	0.685	0.001	0.313
0.001	0.997	0.001	0.001
>MMMMMCMMMM	3-MMMMMCMMMM	6.835822	-743.530843	0	T:3393.0(15.68%),B:2124.0(7.80%),P:1e-322	Tpos:54.4,Tstd:26.1,Bpos:49.5,Bstd:30.0,StrandBias:2.4,Multiplicity:1.08
0.452	0.546	0.001	0.001
0.481	0.517	0.001	0.001
0.485	0.495	0.019	0.001
0.474	0.524	0.001	0.001
0.457	0.501	0.041	0.001
0.419	0.579	0.001	0.001
0.475	0.516	0.008	0.001
0.437	0.561	0.001	0.001
0.448	0.508	0.043	0.001
0.434	0.564	0.001	0.001
>CACAGCHCAC	4-CACAGCHCAC	5.872627	-538.639469	0	T:3973.0(18.36%),B:2956.1(10.85%),P:1e-233	Tpos:54.2,Tstd:26.9,Bpos:48.6,Bstd:30.7,StrandBias:1.5,Multiplicity:1.13
0.012	0.941	0.014	0.033
0.740	0.043	0.162	0.055
0.006	0.883	0.103	0.008
0.573	0.126	0.124	0.177
0.093	0.211	0.526	0.170
0.026	0.770	0.153	0.051
0.377	0.233	0.107	0.282
0.014	0.919	0.064	0.003
0.628	0.102	0.147	0.123
0.083	0.678	0.229	0.010
>TTGGGANTTG	5-TTGGGANTTG	6.069153	-531.467388	0	T:2381.0(11.00%),B:1461.4(5.37%),P:1e-230	Tpos:52.0,Tstd:26.3,Bpos:49.0,Bstd:30.3,StrandBias:-1.5,Multiplicity:1.07
0.097	0.082	0.141	0.680
0.007	0.003	0.179	0.811
0.010	0.043	0.744	0.203
0.094	0.192	0.661	0.053
0.179	0.112	0.674	0.035
0.860	0.088	0.032	0.020
0.336	0.208	0.202	0.254
0.065	0.068	0.035	0.832
0.037	0.078	0.168	0.717
0.029	0.025	0.763	0.183
>AAACCAAACC	6-AAACCAAACC	5.430035	-520.363483	0	T:3691.0(17.06%),B:2706.2(9.94%),P:1e-225	Tpos:50.5,Tstd:25.6,Bpos:49.3,Bstd:31.9,StrandBias:1.4,Multiplicity:1.16
0.711	0.148	0.102	0.039
0.782	0.065	0.109	0.044
0.510	0.169	0.197	0.124
0.131	0.543	0.205	0.121
0.218	0.586	0.158	0.038
0.622	0.168	0.172	0.038
0.868	0.062	0.033	0.037
0.542	0.146	0.235	0.077
0.245	0.437	0.267	0.052
0.185	0.607	0.175	0.033
>CACACACACA	7-CACACACACA	4.816892	-483.015633	0	T:4864.0(22.48%),B:3969.1(14.57%),P:1e-209	Tpos:54.6,Tstd:26.5,Bpos:50.3,Bstd:30.4,StrandBias:1.7,Multiplicity:1.10
0.089	0.742	0.085	0.084
0.697	0.095	0.118	0.090
0.121	0.709	0.109	0.061
0.685	0.093	0.134	0.088
0.110	0.709	0.106	0.075
0.666	0.085	0.152	0.097
0.094	0.730	0.116	0.060
0.643	0.122	0.152	0.083
0.111	0.739	0.094	0.056
0.680	0.136	0.117	0.067
>TCTCTCTCTC	8-TCTCTCTCTC	4.854262	-462.366950	0	T:5962.0(27.55%),B:5194.0(19.07%),P:1e-200	Tpos:56.1,Tstd:26.7,Bpos:49.8,Bstd:31.6,StrandBias:1.2,Multiplicity:1.12
0.086	0.124	0.091	0.699
0.071	0.723	0.103	0.103
0.111	0.118	0.133	0.638
0.073	0.733	0.103	0.091
0.119	0.087	0.135	0.659
0.060	0.751	0.103	0.086
0.113	0.106	0.108	0.673
0.062	0.733	0.108	0.097
0.098	0.103	0.118	0.681
0.077	0.711	0.103	0.109
>GTCTCGTCTC	9-GTCTCGTCTC	6.828921	-442.975435	0	T:1775.0(8.20%),B:1031.4(3.79%),P:1e-192	Tpos:56.4,Tstd:26.7,Bpos:51.2,Bstd:31.9,StrandBias:1.0,Multiplicity:1.11
0.051	0.190	0.654	0.105
0.079	0.055	0.094	0.772
0.023	0.887	0.041	0.049
0.035	0.069	0.081	0.815
0.060	0.840	0.065	0.035
0.055	0.074	0.779	0.092
0.131	0.090	0.068	0.711
0.011	0.863	0.062	0.064
0.053	0.057	0.034	0.856
0.030	0.825	0.060	0.085
>AAAACCCTAG	10-AAAACCCTAG	6.935777	-440.356826	0	T:971.0(4.49%),B:403.8(1.48%),P:1e-191	Tpos:57.2,Tstd:26.9,Bpos:50.0,Bstd:32.3,StrandBias:1.0,Multiplicity:1.03
0.698	0.079	0.161	0.062
0.875	0.001	0.113	0.011
0.988	0.004	0.001	0.007
0.977	0.011	0.011	0.001
0.020	0.972	0.007	0.001
0.001	0.992	0.006	0.001
0.001	0.997	0.001	0.001
0.001	0.001	0.001	0.997
0.787	0.161	0.015	0.037
0.089	0.072	0.830	0.009
>GCGGCGGCGG	11-GCGGCGGCGG	7.171020	-301.717716	0	T:2712.0(12.53%),B:2107.1(7.74%),P:1e-131	Tpos:62.1,Tstd:26.1,Bpos:49.9,Bstd:31.1,StrandBias:-1.5,Multiplicity:1.08
0.067	0.056	0.815	0.062
0.091	0.740	0.056	0.113
0.077	0.010	0.858	0.055
0.033	0.085	0.846	0.036
0.062	0.746	0.087	0.105
0.077	0.033	0.815	0.075
0.046	0.042	0.860	0.052
0.079	0.758	0.094	0.069
0.093	0.072	0.763	0.072
0.046	0.061	0.801	0.092
>YYCRTCMATC	12-YYCRTCMATC	7.596850	-252.897457	0	T:908.0(4.20%),B:497.9(1.83%),P:1e-109	Tpos:52.1,Tstd:28.0,Bpos:50.4,Bstd:23.6,StrandBias:2.1,Multiplicity:1.03
0.228	0.446	0.001	0.326
0.085	0.467	0.121	0.327
0.275	0.470	0.255	0.001
0.512	0.001	0.486	0.001
0.001	0.001	0.001	0.997
0.001	0.997	0.001	0.001
0.268	0.395	0.215	0.122
0.519	0.283	0.197	0.001
0.001	0.278	0.001	0.720
0.001	0.997	0.001	0.001
>CTGCCTGCYT	13-CTGCCTGCYT	8.174633	-247.116605	0	T:1013.0(4.68%),B:590.4(2.17%),P:1e-107	Tpos:55.4,Tstd:25.9,Bpos:49.3,Bstd:30.8,StrandBias:-0.3,Multiplicity:1.03
0.001	0.667	0.013	0.319
0.009	0.001	0.001	0.989
0.001	0.035	0.920	0.044
0.015	0.700	0.284	0.001
0.001	0.784	0.019	0.196
0.012	0.103	0.186	0.699
0.001	0.001	0.891	0.107
0.001	0.870	0.128	0.001
0.001	0.573	0.001	0.425
0.001	0.220	0.209	0.570
>TACTASTAGT	14-TACTASTAGT	6.200721	-181.827606	0	T:899.0(4.15%),B:566.4(2.08%),P:1e-78	Tpos:48.0,Tstd:25.2,Bpos:51.1,Bstd:29.1,StrandBias:-0.1,Multiplicity:1.05
0.152	0.173	0.159	0.516
0.633	0.036	0.253	0.078
0.001	0.585	0.412	0.002
0.080	0.086	0.041	0.793
0.812	0.028	0.145	0.015
0.005	0.474	0.520	0.001
0.002	0.151	0.020	0.827
0.804	0.043	0.084	0.069
0.022	0.389	0.553	0.036
0.181	0.218	0.078	0.523
>CGAATCGAAT	15-CGAATCGAAT	6.943939	-177.171938	0	T:624.0(2.88%),B:338.8(1.24%),P:1e-76	Tpos:52.3,Tstd:27.7,Bpos:46.4,Bstd:25.7,StrandBias:0.0,Multiplicity:1.04
0.027	0.829	0.117	0.027
0.117	0.058	0.805	0.020
0.781	0.097	0.065	0.057
0.795	0.081	0.050	0.074
0.083	0.046	0.093	0.778
0.047	0.889	0.023	0.041
0.077	0.091	0.822	0.010
0.784	0.065	0.111	0.040
0.777	0.056	0.099	0.068
0.053	0.080	0.126	0.741
>CTTCCTTTTT	16-CTTCCTTTTT	8.226922	-175.429850	0	T:649.0(3.00%),B:360.1(1.32%),P:1e-76	Tpos:50.4,Tstd:25.4,Bpos:48.5,Bstd:33.5,StrandBias:0.2,Multiplicity:1.02
0.001	0.841	0.011	0.147
0.001	0.144	0.001	0.854
0.033	0.001	0.230	0.736
0.001	0.921	0.061	0.017
0.017	0.798	0.002	0.183
0.115	0.069	0.133	0.683
0.038	0.070	0.011	0.881
0.053	0.230	0.043	0.674
0.011	0.122	0.024	0.843
0.032	0.080	0.099	0.789
>CTAGCTAGCT	17-CTAGCTAGCT	8.424096	-136.143758	0	T:369.0(1.71%),B:174.4(0.64%),P:1e-59	Tpos:58.0,Tstd:28.6,Bpos:51.1,Bstd:28.0,StrandBias:0.2,Multiplicity:1.03
0.013	0.925	0.030	0.032
0.001	0.091	0.001	0.907
0.886	0.019	0.047	0.048
0.001	0.001	0.997	0.001
0.005	0.989	0.001	0.005
0.028	0.001	0.001	0.970
0.817	0.015	0.146	0.022
0.016	0.001	0.910	0.073
0.001	0.987	0.011	0.001
0.083	0.049	0.047	0.821
>TCGCCTCGCC	18-TCGCCTCGCC	8.799811	-132.779006	0	T:472.0(2.18%),B:257.6(0.95%),P:1e-57	Tpos:55.9,Tstd:27.0,Bpos:48.1,Bstd:27.8,StrandBias:1.2,Multiplicity:1.02
0.291	0.001	0.001	0.707
0.040	0.958	0.001	0.001
0.092	0.118	0.789	0.001
0.118	0.639	0.242	0.001
0.265	0.681	0.053	0.001
0.008	0.156	0.001	0.835
0.007	0.991	0.001	0.001
0.001	0.043	0.955	0.001
0.001	0.803	0.108	0.088
0.129	0.595	0.001	0.275
>TCGTCGTCTT	19-TCGTCGTCTT	9.421786	-130.341054	0	T:314.0(1.45%),B:138.5(0.51%),P:1e-56	Tpos:55.0,Tstd:26.5,Bpos:46.9,Bstd:26.8,StrandBias:1.2,Multiplicity:1.00
0.025	0.047	0.011	0.917
0.003	0.989	0.001	0.007
0.001	0.140	0.832	0.027
0.001	0.007	0.001	0.991
0.001	0.996	0.002	0.001
0.030	0.188	0.724	0.058
0.007	0.014	0.001	0.978
0.001	0.949	0.042	0.008
0.028	0.021	0.028	0.923
0.008	0.126	0.080	0.786
>WTGCGGTGCG	20-WTGCGGTGCG	9.526522	-130.257283	0	T:213.0(0.98%),B:71.8(0.26%),P:1e-56	Tpos:49.7,Tstd:27.9,Bpos:51.2,Bstd:24.5,StrandBias:-1.3,Multiplicity:1.01
0.362	0.168	0.001	0.469
0.001	0.001	0.001	0.997
0.001	0.001	0.997	0.001
0.001	0.997	0.001	0.001
0.001	0.001	0.997	0.001
0.001	0.001	0.646	0.352
0.001	0.001	0.385	0.613
0.001	0.001	0.807	0.191
0.001	0.801	0.126	0.072
0.001	0.001	0.742	0.256
>CTATAAGTAG	21-CTATAAGTAG	9.285414	-123.590307	0	T:73.0(0.34%),B:7.3(0.03%),P:1e-53	Tpos:35.0,Tstd:14.1,Bpos:55.9,Bstd:22.1,StrandBias:1.7,Multiplicity:1.00
0.001	0.842	0.156	0.001
0.147	0.001	0.147	0.705
0.480	0.009	0.304	0.206
0.001	0.073	0.001	0.925
0.997	0.001	0.001	0.001
0.997	0.001	0.001	0.001
0.001	0.304	0.694	0.001
0.104	0.001	0.001	0.894
0.915	0.001	0.083	0.001
0.001	0.083	0.762	0.154
>CAGTCAGTCA	22-CAGTCAGTCA	9.605846	-116.619359	0	T:123.0(0.57%),B:27.8(0.10%),P:1e-50	Tpos:56.8,Tstd:25.7,Bpos:55.2,Bstd:23.5,StrandBias:0.8,Multiplicity:1.00
0.001	0.921	0.001	0.077
0.879	0.001	0.119	0.001
0.001	0.119	0.879	0.001
0.003	0.177	0.001	0.819
0.001	0.997	0.001	0.001
0.997	0.001	0.001	0.001
0.001	0.001	0.921	0.077
0.001	0.120	0.175	0.704
0.001	0.997	0.001	0.001
0.536	0.175	0.169	0.120
>GCTGMTGCKT	23-GCTGMTGCKT	9.359820	-108.890131	0	T:187.0(0.86%),B:65.4(0.24%),P:1e-47	Tpos:56.0,Tstd:25.9,Bpos:55.1,Bstd:31.3,StrandBias:-1.1,Multiplicity:1.02
0.117	0.006	0.820	0.057
0.124	0.773	0.097	0.006
0.001	0.329	0.130	0.540
0.070	0.001	0.923	0.006
0.465	0.341	0.193	0.001
0.001	0.066	0.001	0.932
0.017	0.101	0.654	0.228
0.201	0.797	0.001	0.001
0.001	0.001	0.545	0.453
0.001	0.312	0.001	0.686
>TTATCTTCTC	24-TTATCTTCTC	9.042578	-90.146583	0	T:39.0(0.18%),B:2.9(0.01%),P:1e-39	Tpos:49.6,Tstd:26.8,Bpos:18.6,Bstd:17.6,StrandBias:3.9,Multiplicity:1.00
0.001	0.001	0.001	0.997
0.001	0.001	0.001	0.997
0.997	0.001	0.001	0.001
0.001	0.001	0.001	0.997
0.001	0.989	0.009	0.001
0.049	0.001	0.001	0.949
0.026	0.001	0.001	0.972
0.001	0.989	0.009	0.001
0.001	0.001	0.001	0.997
0.001	0.997	0.001	0.001
>ATTAATTAAT	25-ATTAATTAAT	10.297241	-45.336422	0	T:31.0(0.14%),B:4.8(0.02%),P:1e-19	Tpos:36.5,Tstd:26.9,Bpos:67.1,Bstd:19.3,StrandBias:-0.7,Multiplicity:1.03
0.924	0.001	0.043	0.032
0.001	0.001	0.001	0.997
0.001	0.165	0.245	0.589
0.996	0.001	0.001	0.002
0.860	0.032	0.037	0.071
0.001	0.068	0.001	0.930
0.001	0.001	0.182	0.816
0.997	0.001	0.001	0.001
0.934	0.064	0.001	0.001
0.001	0.070	0.001	0.928
>TATATAWANVSV	1-TATATAWANVSV	5.359142	-1978.358297	0	T:4403.0(20.35%),B:1940.6(7.13%),P:1e-859	Tpos:31.5,Tstd:10.3,Bpos:50.5,Bstd:37.0,StrandBias:0.1,Multiplicity:1.21
0.085	0.192	0.110	0.613
0.574	0.148	0.016	0.262
0.063	0.047	0.005	0.885
0.823	0.001	0.003	0.173
0.229	0.043	0.022	0.706
0.975	0.001	0.012	0.012
0.306	0.094	0.197	0.404
0.574	0.150	0.214	0.062
0.230	0.272	0.282	0.216
0.335	0.251	0.292	0.121
0.199	0.359	0.300	0.142
0.267	0.306	0.299	0.128
>CCCCCCCCCYCC	2-CCCCCCCCCYCC	4.022077	-1122.723771	0	T:13739.0(63.49%),B:12933.3(47.49%),P:1e-487	Tpos:56.4,Tstd:25.9,Bpos:49.7,Bstd:31.3,StrandBias:2.3,Multiplicity:1.65
0.101	0.559	0.132	0.208
0.119	0.640	0.091	0.150
0.154	0.667	0.083	0.096
0.230	0.415	0.160	0.195
0.144	0.572	0.103	0.181
0.121	0.617	0.099	0.163
0.145	0.475	0.183	0.198
0.114	0.647	0.099	0.140
0.141	0.707	0.056	0.096
0.226	0.378	0.162	0.233
0.096	0.631	0.130	0.143
0.116	0.626	0.099	0.159
>TTYCMAWTYCCA	3-TTYCMAWTYCCA	5.165308	-1000.762492	0	T:6381.0(29.49%),B:4673.6(17.16%),P:1e-434	Tpos:52.9,Tstd:26.7,Bpos:50.6,Bstd:31.3,StrandBias:1.7,Multiplicity:1.13
0.174	0.267	0.090	0.469
0.060	0.313	0.084	0.543
0.020	0.489	0.088	0.403
0.082	0.791	0.034	0.093
0.410	0.491	0.049	0.051
0.513	0.195	0.249	0.043
0.423	0.030	0.143	0.405
0.065	0.284	0.121	0.530
0.009	0.400	0.081	0.510
0.104	0.636	0.083	0.177
0.180	0.706	0.058	0.056
0.539	0.263	0.092	0.106
>CTCBTCTCKTCT	4-CTCBTCTCKTCT	4.832790	-800.931886	0	T:10497.0(48.51%),B:9604.8(35.27%),P:1e-347	Tpos:54.4,Tstd:26.0,Bpos:49.3,Bstd:32.1,StrandBias:0.6,Multiplicity:1.20
0.046	0.646	0.102	0.206
0.013	0.093	0.090	0.804
0.011	0.664	0.109	0.216
0.030	0.295	0.396	0.279
0.027	0.291	0.128	0.554
0.002	0.818	0.042	0.138
0.002	0.052	0.048	0.898
0.010	0.715	0.085	0.190
0.037	0.214	0.414	0.335
0.008	0.293	0.155	0.544
0.004	0.751	0.039	0.206
0.011	0.165	0.154	0.670
>MAAACCCAARCC	5-MAAACCCAARCC	7.039194	-631.166670	0	T:2066.0(9.55%),B:1094.7(4.02%),P:1e-274	Tpos:53.3,Tstd:25.8,Bpos:52.0,Bstd:30.0,StrandBias:1.8,Multiplicity:1.06
0.352	0.410	0.174	0.064
0.671	0.150	0.152	0.027
0.994	0.004	0.001	0.001
0.922	0.031	0.032	0.015
0.315	0.492	0.076	0.118
0.003	0.953	0.017	0.027
0.081	0.854	0.061	0.004
0.571	0.112	0.057	0.260
0.700	0.162	0.093	0.045
0.359	0.195	0.356	0.090
0.219	0.534	0.111	0.136
0.224	0.466	0.196	0.114
>CWCACACACACA	6-CWCACACACACA	5.696761	-512.689623	0	T:2962.0(13.69%),B:2015.9(7.40%),P:1e-222	Tpos:56.8,Tstd:25.4,Bpos:50.9,Bstd:30.3,StrandBias:1.6,Multiplicity:1.08
0.105	0.742	0.099	0.054
0.405	0.091	0.200	0.303
0.064	0.835	0.072	0.029
0.666	0.073	0.189	0.072
0.100	0.776	0.100	0.024
0.671	0.055	0.201	0.073
0.098	0.710	0.157	0.035
0.602	0.062	0.181	0.155
0.074	0.820	0.082	0.024
0.591	0.069	0.266	0.074
0.111	0.783	0.083	0.023
0.695	0.106	0.133	0.066
>CSVGAGTCSVGA	7-CSVGAGTCSVGA	7.079302	-249.939276	0	T:598.0(2.76%),B:261.1(0.96%),P:1e-108	Tpos:55.3,Tstd:26.2,Bpos:48.5,Bstd:26.5,StrandBias:0.4,Multiplicity:1.05
0.129	0.608	0.163	0.100
0.100	0.437	0.407	0.056
0.314	0.394	0.271	0.020
0.277	0.115	0.590	0.018
0.899	0.036	0.040	0.025
0.209	0.135	0.567	0.089
0.228	0.203	0.036	0.533
0.026	0.664	0.123	0.187
0.028	0.433	0.429	0.109
0.332	0.363	0.244	0.061
0.304	0.141	0.540	0.015
0.738	0.126	0.117	0.019
>CACTTCACTKCA	8-CACTTCACTKCA	8.023992	-206.810812	0	T:412.0(1.90%),B:159.4(0.59%),P:1e-89	Tpos:55.8,Tstd:26.1,Bpos:52.1,Bstd:26.8,StrandBias:1.0,Multiplicity:1.01
0.057	0.813	0.055	0.075
0.771	0.034	0.121	0.074
0.032	0.804	0.058	0.106
0.057	0.033	0.081	0.829
0.034	0.074	0.281	0.611
0.024	0.910	0.065	0.001
0.829	0.008	0.114	0.049
0.032	0.837	0.049	0.082
0.073	0.058	0.065	0.804
0.049	0.050	0.378	0.523
0.016	0.918	0.065	0.001
0.707	0.066	0.089	0.138
>CCAACCAAGCAA	9-CCAACCAAGCAA	7.613046	-204.438295	0	T:1019.0(4.71%),B:644.7(2.37%),P:1e-88	Tpos:54.7,Tstd:25.7,Bpos:51.1,Bstd:28.7,StrandBias:1.7,Multiplicity:1.03
0.086	0.614	0.242	0.058
0.130	0.753	0.100	0.017
0.837	0.090	0.062	0.011
0.739	0.033	0.185	0.043
0.079	0.674	0.218	0.029
0.136	0.774	0.069	0.021
0.910	0.048	0.027	0.015
0.795	0.055	0.133	0.017
0.125	0.192	0.639	0.044
0.031	0.925	0.031	0.013
0.794	0.122	0.038	0.046
0.544	0.152	0.247	0.057
>CGAATCGAATCG	10-CGAATCGAATCG	7.801626	-188.700412	0	T:420.0(1.94%),B:175.8(0.65%),P:1e-81	Tpos:54.2,Tstd:27.6,Bpos:46.6,Bstd:24.4,StrandBias:0.8,Multiplicity:1.01
0.062	0.749	0.150	0.039
0.179	0.065	0.753	0.003
0.632	0.154	0.179	0.035
0.832	0.058	0.109	0.001
0.127	0.113	0.141	0.619
0.007	0.951	0.013	0.029
0.084	0.114	0.801	0.001
0.593	0.228	0.169	0.010
0.777	0.055	0.167	0.001
0.082	0.107	0.193	0.618
0.042	0.796	0.094	0.068
0.190	0.088	0.673	0.049
>TACTACTASTAG	11-TACTACTASTAG	6.389884	-187.966707	0	T:703.0(3.25%),B:392.5(1.44%),P:1e-81	Tpos:47.0,Tstd:24.1,Bpos:50.5,Bstd:28.4,StrandBias:-0.1,Multiplicity:1.03
0.078	0.132	0.066	0.724
0.734	0.046	0.135	0.085
0.041	0.574	0.331	0.054
0.047	0.143	0.041	0.769
0.837	0.034	0.094	0.035
0.024	0.557	0.390	0.029
0.049	0.060	0.003	0.888
0.779	0.025	0.111	0.085
0.033	0.407	0.527	0.033
0.042	0.154	0.060	0.744
0.706	0.063	0.133	0.098
0.041	0.300	0.551	0.108
>CATCCATCCATC	12-CATCCATCCATC	8.510995	-171.653066	0	T:386.0(1.78%),B:162.9(0.60%),P:1e-74	Tpos:54.6,Tstd:27.7,Bpos:49.8,Bstd:19.7,StrandBias:2.4,Multiplicity:1.00
0.119	0.693	0.174	0.014
0.710	0.021	0.198	0.071
0.049	0.042	0.100	0.809
0.035	0.875	0.035	0.055
0.119	0.665	0.188	0.028
0.810	0.028	0.141	0.021
0.001	0.021	0.154	0.824
0.001	0.888	0.028	0.083
0.042	0.776	0.126	0.056
0.888	0.042	0.042	0.028
0.021	0.145	0.153	0.681
0.021	0.872	0.029	0.078
>TGCGGACTGCGG	13-TGCGGACTGCGG	8.877617	-157.505770	0	T:343.0(1.59%),B:141.8(0.52%),P:1e-68	Tpos:52.2,Tstd:25.7,Bpos:45.0,Bstd:26.5,StrandBias:-0.8,Multiplicity:1.03
0.028	0.084	0.037	0.851
0.014	0.028	0.939	0.019
0.041	0.913	0.023	0.023
0.096	0.137	0.630	0.137
0.019	0.042	0.903	0.036
0.719	0.184	0.064	0.033
0.028	0.866	0.059	0.047
0.023	0.037	0.068	0.872
0.014	0.023	0.949	0.014
0.031	0.924	0.014	0.031
0.091	0.221	0.547	0.141
0.028	0.032	0.895	0.045
>CAGCACAGCACA	14-CAGCACAGCACA	7.021116	-152.673714	0	T:687.0(3.17%),B:416.0(1.53%),P:1e-66	Tpos:54.4,Tstd:25.5,Bpos:49.8,Bstd:29.9,StrandBias:1.1,Multiplicity:1.02
0.115	0.714	0.099	0.072
0.651	0.117	0.120	0.112
0.113	0.115	0.682	0.090
0.097	0.728	0.095	0.080
0.632	0.126	0.136	0.106
0.118	0.688	0.128	0.066
0.641	0.115	0.131	0.113
0.123	0.130	0.660	0.087
0.110	0.710	0.104	0.076
0.622	0.126	0.141	0.111
0.134	0.660	0.132	0.074
0.613	0.155	0.132	0.100
>TCGCAATTCGCA	15-TCGCAATTCGCA	11.357305	-137.888464	0	T:70.0(0.32%),B:5.5(0.02%),P:1e-59	Tpos:59.4,Tstd:24.2,Bpos:24.6,Bstd:17.2,StrandBias:1.3,Multiplicity:1.00
0.026	0.039	0.039	0.896
0.013	0.948	0.013	0.026
0.026	0.212	0.723	0.039
0.026	0.948	0.013	0.013
0.870	0.052	0.052	0.026
0.817	0.091	0.066	0.026
0.105	0.144	0.104	0.647
0.039	0.065	0.039	0.857
0.039	0.870	0.052	0.039
0.050	0.224	0.700	0.026
0.013	0.909	0.052	0.026
0.844	0.065	0.065	0.026
>TCACRACTCACR	16-TCACRACTCACR	10.153228	-126.886718	0	T:122.0(0.56%),B:24.4(0.09%),P:1e-55	Tpos:54.6,Tstd:25.8,Bpos:63.1,Bstd:22.4,StrandBias:1.8,Multiplicity:1.07
0.042	0.312	0.001	0.645
0.001	0.997	0.001	0.001
0.997	0.001	0.001	0.001
0.001	0.997	0.001	0.001
0.516	0.076	0.407	0.001
0.702	0.146	0.076	0.076
0.001	0.705	0.108	0.186
0.001	0.271	0.001	0.727
0.001	0.997	0.001	0.001
0.959	0.001	0.039	0.001
0.040	0.807	0.152	0.001
0.521	0.001	0.400	0.078
>GCTAGCTAGCTA	17-GCTAGCTAGCTA	9.097817	-118.742301	0	T:275.0(1.27%),B:118.6(0.44%),P:1e-51	Tpos:59.2,Tstd:27.5,Bpos:50.2,Bstd:27.8,StrandBias:0.1,Multiplicity:1.02
0.127	0.085	0.713	0.075
0.089	0.778	0.112	0.021
0.138	0.144	0.130	0.588
0.739	0.081	0.061	0.119
0.008	0.013	0.974	0.005
0.010	0.959	0.022	0.009
0.113	0.093	0.084	0.710
0.719	0.061	0.096	0.124
0.013	0.025	0.953	0.009
0.066	0.769	0.071	0.094
0.142	0.111	0.172	0.575
0.544	0.170	0.162	0.124
>CGAGTCCCGTCC	18-CGAGTCCCGTCC	8.016390	-115.230865	0	T:66.0(0.31%),B:6.2(0.02%),P:1e-50	Tpos:57.2,Tstd:25.1,Bpos:38.8,Bstd:19.9,StrandBias:1.5,Multiplicity:1.00
0.210	0.619	0.074	0.097
0.158	0.195	0.520	0.127
0.491	0.174	0.165	0.170
0.095	0.183	0.592	0.130
0.112	0.201	0.140	0.547
0.002	0.692	0.179	0.127
0.115	0.594	0.256	0.035
0.254	0.479	0.155	0.112
0.151	0.127	0.620	0.102
0.194	0.151	0.214	0.441
0.112	0.577	0.203	0.108
0.136	0.609	0.203	0.052
>TCAGTCAGTCAG	19-TCAGTCAGTCAG	11.014944	-113.244106	0	T:46.0(0.21%),B:2.7(0.01%),P:1e-49	Tpos:55.2,Tstd:25.8,Bpos:55.6,Bstd:13.8,StrandBias:0.4,Multiplicity:1.00
0.001	0.117	0.203	0.679
0.001	0.992	0.006	0.001
0.792	0.042	0.165	0.001
0.042	0.117	0.840	0.001
0.001	0.206	0.001	0.792
0.001	0.997	0.001	0.001
0.835	0.006	0.158	0.001
0.001	0.001	0.992	0.006
0.042	0.001	0.083	0.874
0.001	0.997	0.001	0.001
0.818	0.084	0.049	0.049
0.001	0.290	0.702	0.007
>AGGCAGGCAGGC	20-AGGCAGGCAGGC	9.888637	-110.028990	0	T:213.0(0.98%),B:81.6(0.30%),P:1e-47	Tpos:56.9,Tstd:27.1,Bpos:54.0,Bstd:32.1,StrandBias:-0.1,Multiplicity:1.02
0.680	0.097	0.120	0.103
0.078	0.045	0.831	0.046
0.045	0.060	0.855	0.040
0.039	0.874	0.049	0.038
0.845	0.060	0.051	0.044
0.034	0.023	0.926	0.017
0.017	0.066	0.894	0.023
0.034	0.910	0.028	0.028
0.816	0.084	0.038	0.062
0.034	0.046	0.892	0.028
0.099	0.109	0.741	0.051
0.169	0.746	0.039	0.046
>CGAGACCGCGAG	21-CGAGACCGCGAG	10.331426	-73.810647	0	T:75.0(0.35%),B:16.8(0.06%),P:1e-32	Tpos:54.9,Tstd:26.9,Bpos:41.6,Bstd:18.0,StrandBias:-0.8,Multiplicity:1.02
0.013	0.985	0.001	0.001
0.013	0.001	0.985	0.001
0.997	0.001	0.001	0.001
0.001	0.001	0.985	0.013
0.785	0.001	0.201	0.013
0.013	0.973	0.001	0.013
0.001	0.645	0.153	0.201
0.013	0.013	0.973	0.001
0.253	0.719	0.014	0.014
0.013	0.001	0.985	0.001
0.985	0.001	0.013	0.001
0.001	0.013	0.985	0.001
>TTGCTTCGCGTT	22-TTGCTTCGCGTT	10.030333	-63.121998	0	T:53.0(0.24%),B:9.3(0.03%),P:1e-27	Tpos:52.9,Tstd:27.7,Bpos:36.0,Bstd:10.6,StrandBias:-0.4,Multiplicity:1.00
0.027	0.055	0.080	0.838
0.027	0.041	0.055	0.877
0.001	0.080	0.891	0.028
0.013	0.906	0.041	0.040
0.027	0.040	0.055	0.878
0.027	0.013	0.055	0.905
0.107	0.758	0.080	0.055
0.013	0.080	0.840	0.067
0.067	0.812	0.054	0.067
0.094	0.054	0.757	0.095
0.067	0.067	0.095	0.771
0.028	0.068	0.108	0.796
>TCMGGCKCTCMG	23-TCMGGCKCTCMG	9.621392	-54.772417	0	T:35.0(0.16%),B:4.1(0.01%),P:1e-23	Tpos:55.3,Tstd:25.3,Bpos:6.0,Bstd:0.0,StrandBias:0.1,Multiplicity:1.00
0.164	0.218	0.097	0.521
0.032	0.865	0.071	0.032
0.407	0.264	0.219	0.110
0.064	0.047	0.870	0.019
0.032	0.317	0.474	0.178
0.076	0.634	0.211	0.079
0.007	0.109	0.493	0.390
0.015	0.684	0.254	0.047
0.083	0.100	0.132	0.685
0.104	0.840	0.037	0.019
0.417	0.282	0.082	0.218
0.049	0.121	0.780	0.050
>CTCGCTTTCGCC	24-CTCGCTTTCGCC	11.314341	-52.138314	0	T:45.0(0.21%),B:8.2(0.03%),P:1e-22	Tpos:61.9,Tstd:27.7,Bpos:79.0,Bstd:0.0,StrandBias:0.8,Multiplicity:1.00
0.070	0.790	0.093	0.047
0.012	0.012	0.114	0.862
0.023	0.884	0.035	0.058
0.012	0.023	0.929	0.036
0.047	0.871	0.047	0.035
0.025	0.044	0.170	0.761
0.095	0.170	0.036	0.699
0.012	0.035	0.083	0.870
0.047	0.883	0.035	0.035
0.058	0.079	0.793	0.070
0.036	0.822	0.082	0.060
0.047	0.860	0.023	0.070
>ACASGTTTCTTT	25-ACASGTTTCTTT	10.930969	-47.188278	0	T:47.0(0.22%),B:10.4(0.04%),P:1e-20	Tpos:40.5,Tstd:22.7,Bpos:17.0,Bstd:4.6,StrandBias:0.9,Multiplicity:1.00
0.797	0.101	0.051	0.051
0.154	0.640	0.205	0.001
0.997	0.001	0.001	0.001
0.001	0.436	0.405	0.159
0.001	0.001	0.997	0.001
0.050	0.362	0.001	0.587
0.050	0.001	0.001	0.948
0.001	0.001	0.001	0.997
0.001	0.997	0.001	0.001
0.001	0.001	0.001	0.997
0.001	0.153	0.001	0.845
0.001	0.204	0.001	0.794
>TATATA	1-TATATA	5.341478	-1902.639936	0	T:4616.0(21.33%),B:2154.8(7.91%),P:1e-826	Tpos:31.3,Tstd:10.7,Bpos:50.1,Bstd:39.4,StrandBias:0.6,Multiplicity:1.16
0.001	0.030	0.001	0.968
0.997	0.001	0.001	0.001
0.091	0.001	0.001	0.907
0.997	0.001	0.001	0.001
0.389	0.026	0.001	0.584
0.997	0.001	0.001	0.001
>CCTCTC	2-CCTCTC	4.643102	-612.207707	0	T:10710.0(49.49%),B:10301.5(37.83%),P:1e-265	Tpos:55.1,Tstd:27.4,Bpos:49.9,Bstd:33.0,StrandBias:1.4,Multiplicity:1.44
0.001	0.642	0.055	0.302
0.001	0.752	0.246	0.001
0.136	0.001	0.053	0.810
0.001	0.997	0.001	0.001
0.001	0.001	0.001	0.997
0.001	0.997	0.001	0.001
>AAGCGA	3-AAGCGA	3.972928	-533.632358	0	T:11712.0(54.12%),B:11738.4(43.10%),P:1e-231	Tpos:53.2,Tstd:27.7,Bpos:49.8,Bstd:31.3,StrandBias:-0.4,Multiplicity:1.45
0.964	0.001	0.034	0.001
0.784	0.028	0.159	0.029
0.047	0.001	0.912	0.040
0.001	0.968	0.001	0.030
0.259	0.001	0.739	0.001
0.849	0.001	0.149	0.001
>CAAACC	4-CAAACC	6.021865	-511.720854	0	T:6744.0(31.17%),B:5944.0(21.83%),P:1e-222	Tpos:52.5,Tstd:27.5,Bpos:49.9,Bstd:31.8,StrandBias:2.2,Multiplicity:1.28
0.003	0.798	0.198	0.001
0.583	0.415	0.001	0.001
0.614	0.384	0.001	0.001
0.995	0.003	0.001	0.001
0.001	0.997	0.001	0.001
0.001	0.798	0.199	0.002
>CCTTCC	5-CCTTCC	1.041317	-506.868814	0	T:9830.0(45.43%),B:9520.5(34.96%),P:1e-220	Tpos:54.1,Tstd:27.8,Bpos:50.2,Bstd:31.4,StrandBias:1.9,Multiplicity:1.41
0.001	0.997	0.001	0.001
0.298	0.700	0.001	0.001
0.181	0.001	0.170	0.648
0.001	0.001	0.001	0.997
0.001	0.997	0.001	0.001
0.001	0.997	0.001	0.001
>AAACCC	6-AAACCC	7.118147	-442.767999	0	T:2190.0(10.12%),B:1395.7(5.13%),P:1e-192	Tpos:52.0,Tstd:26.4,Bpos:50.6,Bstd:34.6,StrandBias:1.6,Multiplicity:1.07
0.841	0.157	0.001	0.001
0.997	0.001	0.001	0.001
0.710	0.288	0.001	0.001
0.158	0.714	0.127	0.001
0.001	0.997	0.001	0.001
0.127	0.711	0.001	0.161
>CACHGC	7-CACHGC	5.352993	-306.016344	0	T:6750.0(31.19%),B:6495.7(23.85%),P:1e-132	Tpos:55.4,Tstd:27.9,Bpos:48.7,Bstd:30.5,StrandBias:1.3,Multiplicity:1.24
0.001	0.997	0.001	0.001
0.852	0.146	0.001	0.001
0.105	0.595	0.195	0.105
0.316	0.367	0.001	0.316
0.311	0.083	0.605	0.001
0.001	0.894	0.001	0.104
>GCCGCC	8-GCCGCC	4.667060	-269.057211	0	T:9430.0(43.58%),B:9795.2(35.97%),P:1e-116	Tpos:56.1,Tstd:28.2,Bpos:50.1,Bstd:32.7,StrandBias:0.6,Multiplicity:1.49
0.001	0.196	0.802	0.001
0.001	0.997	0.001	0.001
0.001	0.902	0.096	0.001
0.001	0.001	0.997	0.001
0.001	0.860	0.138	0.001
0.191	0.766	0.001	0.042
>GTGTGT	9-GTGTGT	5.425035	-228.989825	0	T:4510.0(20.84%),B:4196.3(15.41%),P:1e-99	Tpos:52.7,Tstd:27.5,Bpos:50.5,Bstd:30.7,StrandBias:-1.3,Multiplicity:1.15
0.001	0.096	0.902	0.001
0.001	0.001	0.001	0.997
0.001	0.001	0.997	0.001
0.001	0.174	0.001	0.824
0.001	0.001	0.997	0.001
0.142	0.150	0.001	0.707
>TAATAA	10-TAATAA	4.518593	-223.771353	0	T:2113.0(9.76%),B:1655.7(6.08%),P:1e-97	Tpos:34.4,Tstd:20.5,Bpos:51.0,Bstd:37.4,StrandBias:-0.0,Multiplicity:1.10
0.001	0.001	0.001	0.997
0.888	0.001	0.001	0.110
0.792	0.001	0.001	0.206
0.001	0.001	0.001	0.997
0.997	0.001	0.001	0.001
0.997	0.001	0.001	0.001
>SYASTS	11-SYASTS	5.683369	-221.271288	0	T:2970.0(13.73%),B:2544.6(9.34%),P:1e-96	Tpos:53.0,Tstd:27.3,Bpos:50.4,Bstd:29.9,StrandBias:0.7,Multiplicity:1.05
0.001	0.505	0.493	0.001
0.001	0.505	0.001	0.493
0.997	0.001	0.001	0.001
0.001	0.448	0.550	0.001
0.001	0.001	0.044	0.954
0.002	0.551	0.446	0.001
>CATTTC	12-CATTTC	5.446362	-214.277903	0	T:5743.0(26.54%),B:5640.4(20.71%),P:1e-93	Tpos:52.4,Tstd:28.0,Bpos:51.0,Bstd:32.5,StrandBias:1.2,Multiplicity:1.15
0.001	0.997	0.001	0.001
0.594	0.301	0.104	0.001
0.187	0.001	0.261	0.551
0.001	0.001	0.001	0.997
0.001	0.001	0.001	0.997
0.001	0.997	0.001	0.001
>CTCGCA	13-CTCGCA	7.134780	-137.786371	0	T:1915.0(8.85%),B:1641.5(6.03%),P:1e-59	Tpos:53.9,Tstd:28.0,Bpos:49.9,Bstd:32.0,StrandBias:1.0,Multiplicity:1.06
0.311	0.687	0.001	0.001
0.001	0.001	0.001	0.997
0.001	0.997	0.001	0.001
0.001	0.001	0.997	0.001
0.001	0.997	0.001	0.001
0.997	0.001	0.001	0.001
>AGGCAG	14-AGGCAG	6.177716	-126.646994	0	T:2081.0(9.62%),B:1846.3(6.78%),P:1e-55	Tpos:53.1,Tstd:27.6,Bpos:48.9,Bstd:32.6,StrandBias:-0.4,Multiplicity:1.12
0.700	0.100	0.100	0.100
0.100	0.100	0.700	0.100
0.100	0.100	0.700	0.100
0.100	0.700	0.100	0.100
0.700	0.100	0.100	0.100
0.100	0.100	0.700	0.100
>AGTCCA	15-AGTCCA	6.593484	-100.756514	0	T:2227.0(10.29%),B:2083.3(7.65%),P:1e-43	Tpos:50.2,Tstd:28.0,Bpos:49.9,Bstd:29.1,StrandBias:0.3,Multiplicity:1.05
0.997	0.001	0.001	0.001
0.001	0.001	0.997	0.001
0.001	0.001	0.001	0.997
0.001	0.997	0.001	0.001
0.200	0.618	0.181	0.001
0.997	0.001	0.001	0.001
>CTACTA	16-CTACTA	7.884506	-87.684507	0	T:875.0(4.04%),B:691.4(2.54%),P:1e-38	Tpos:45.9,Tstd:26.7,Bpos:49.9,Bstd:31.0,StrandBias:0.6,Multiplicity:1.20
0.001	0.888	0.110	0.001
0.001	0.001	0.001	0.997
0.997	0.001	0.001	0.001
0.001	0.739	0.259	0.001
0.001	0.001	0.001	0.997
0.997	0.001	0.001	0.001
>TTTAAA	17-TTTAAA	6.177716	-74.923884	0	T:477.0(2.20%),B:330.3(1.21%),P:1e-32	Tpos:32.0,Tstd:17.0,Bpos:52.4,Bstd:38.3,StrandBias:0.0,Multiplicity:1.00
0.100	0.100	0.100	0.700
0.100	0.100	0.100	0.700
0.100	0.100	0.100	0.700
0.700	0.100	0.100	0.100
0.700	0.100	0.100	0.100
0.700	0.100	0.100	0.100
>AACGCA	18-AACGCA	6.177716	-46.633442	0	T:818.0(3.78%),B:733.9(2.69%),P:1e-20	Tpos:51.7,Tstd:28.0,Bpos:50.3,Bstd:31.1,StrandBias:0.8,Multiplicity:1.05
0.700	0.100	0.100	0.100
0.700	0.100	0.100	0.100
0.100	0.700	0.100	0.100
0.100	0.100	0.700	0.100
0.100	0.700	0.100	0.100
0.700	0.100	0.100	0.100
>AGCTAG	19-AGCTAG	6.177716	-29.007985	0	T:1383.0(6.39%),B:1432.2(5.26%),P:1e-12	Tpos:56.7,Tstd:29.5,Bpos:50.4,Bstd:30.7,StrandBias:-0.1,Multiplicity:1.27
0.700	0.100	0.100	0.100
0.100	0.100	0.700	0.100
0.100	0.700	0.100	0.100
0.100	0.100	0.100	0.700
0.700	0.100	0.100	0.100
0.100	0.100	0.700	0.100
>TATATAVM	1-TATATAVM	5.162764	-1904.337795	0	T:4165.0(19.25%),B:1807.0(6.64%),P:1e-827	Tpos:31.2,Tstd:10.4,Bpos:50.7,Bstd:38.6,StrandBias:0.1,Multiplicity:1.13
0.001	0.001	0.001	0.997
0.859	0.001	0.001	0.139
0.001	0.001	0.001	0.997
0.997	0.001	0.001	0.001
0.394	0.001	0.001	0.604
0.997	0.001	0.001	0.001
0.280	0.347	0.304	0.070
0.437	0.288	0.162	0.113
>CCCATCCC	2-CCCATCCC	5.599709	-1025.576967	0	T:8309.0(38.40%),B:6673.4(24.50%),P:1e-445	Tpos:54.4,Tstd:26.9,Bpos:50.1,Bstd:31.8,StrandBias:2.4,Multiplicity:1.46
0.001	0.677	0.001	0.321
0.001	0.997	0.001	0.001
0.399	0.599	0.001	0.001
0.539	0.257	0.107	0.097
0.246	0.184	0.093	0.477
0.001	0.683	0.001	0.315
0.001	0.997	0.001	0.001
0.237	0.761	0.001	0.001
>CYCGCYTC	3-CYCGCYTC	5.559138	-755.918185	0	T:6824.0(31.54%),B:5534.7(20.32%),P:1e-328	Tpos:54.4,Tstd:27.6,Bpos:50.1,Bstd:31.5,StrandBias:1.3,Multiplicity:1.15
0.001	0.579	0.134	0.286
0.203	0.348	0.001	0.448
0.001	0.997	0.001	0.001
0.232	0.001	0.766	0.001
0.247	0.469	0.152	0.131
0.234	0.342	0.001	0.424
0.001	0.001	0.001	0.997
0.001	0.814	0.001	0.184
>YTCCTCTC	4-YTCCTCTC	5.788347	-641.553130	0	T:7497.0(34.65%),B:6495.6(23.85%),P:1e-278	Tpos:55.3,Tstd:26.9,Bpos:49.9,Bstd:33.4,StrandBias:1.3,Multiplicity:1.30
0.001	0.503	0.115	0.381
0.001	0.341	0.092	0.566
0.001	0.674	0.019	0.306
0.001	0.598	0.400	0.001
0.001	0.001	0.214	0.784
0.001	0.845	0.001	0.153
0.001	0.001	0.179	0.819
0.001	0.611	0.001	0.387
>CACACCAC	5-CACACCAC	5.175823	-620.711765	0	T:3822.0(17.66%),B:2683.7(9.85%),P:1e-269	Tpos:55.1,Tstd:27.1,Bpos:49.2,Bstd:31.1,StrandBias:1.8,Multiplicity:1.09
0.001	0.997	0.001	0.001
0.869	0.024	0.059	0.048
0.031	0.924	0.044	0.001
0.829	0.046	0.001	0.124
0.019	0.859	0.088	0.034
0.001	0.962	0.001	0.036
0.852	0.029	0.077	0.042
0.022	0.976	0.001	0.001
>ATAAATAC	6-ATAAATAC	6.480059	-558.220558	0	T:1442.0(6.66%),B:665.5(2.44%),P:1e-242	Tpos:34.0,Tstd:17.6,Bpos:48.8,Bstd:35.9,StrandBias:0.3,Multiplicity:1.04
0.829	0.020	0.001	0.150
0.001	0.001	0.001	0.997
0.980	0.001	0.001	0.018
0.937	0.061	0.001	0.001
0.968	0.017	0.001	0.014
0.134	0.013	0.012	0.841
0.927	0.017	0.055	0.001
0.096	0.694	0.209	0.001
>GGCGGCGG	7-GGCGGCGG	6.619372	-557.571053	0	T:5160.0(23.85%),B:4136.6(15.19%),P:1e-242	Tpos:59.0,Tstd:27.1,Bpos:49.8,Bstd:31.7,StrandBias:-1.4,Multiplicity:1.16
0.129	0.001	0.869	0.001
0.001	0.078	0.920	0.001
0.062	0.704	0.001	0.233
0.242	0.001	0.551	0.206
0.001	0.001	0.997	0.001
0.001	0.644	0.145	0.210
0.113	0.073	0.813	0.001
0.050	0.001	0.948	0.001
>AAACCCTA	8-AAACCCTA	8.312962	-468.327915	0	T:1084.0(5.01%),B:465.7(1.71%),P:1e-203	Tpos:56.2,Tstd:27.3,Bpos:51.3,Bstd:33.4,StrandBias:0.9,Multiplicity:1.04
0.892	0.001	0.106	0.001
0.997	0.001	0.001	0.001
0.997	0.001	0.001	0.001
0.001	0.997	0.001	0.001
0.001	0.997	0.001	0.001
0.001	0.997	0.001	0.001
0.001	0.001	0.001	0.997
0.765	0.163	0.001	0.071
>GTGTGTGT	9-GTGTGTGT	4.874884	-457.221591	0	T:4508.0(20.83%),B:3647.9(13.40%),P:1e-198	Tpos:54.0,Tstd:26.7,Bpos:50.1,Bstd:29.9,StrandBias:-1.6,Multiplicity:1.15
0.020	0.107	0.781	0.092
0.101	0.081	0.124	0.694
0.036	0.079	0.814	0.071
0.122	0.108	0.068	0.702
0.013	0.050	0.892	0.045
0.133	0.136	0.092	0.639
0.063	0.124	0.747	0.066
0.157	0.060	0.048	0.735
>TTKGCTTT	10-TTKGCTTT	5.788423	-315.382676	0	T:3856.0(17.82%),B:3260.0(11.97%),P:1e-136	Tpos:48.0,Tstd:25.8,Bpos:50.0,Bstd:33.1,StrandBias:-1.2,Multiplicity:1.16
0.001	0.001	0.044	0.954
0.001	0.001	0.393	0.605
0.001	0.089	0.389	0.521
0.001	0.339	0.581	0.079
0.137	0.446	0.233	0.183
0.001	0.067	0.142	0.790
0.001	0.034	0.150	0.815
0.001	0.001	0.133	0.865
>CACTCGCA	11-CACTCGCA	6.172325	-288.916475	0	T:2041.0(9.43%),B:1470.2(5.40%),P:1e-125	Tpos:55.5,Tstd:27.3,Bpos:49.0,Bstd:31.4,StrandBias:1.0,Multiplicity:1.06
0.217	0.753	0.029	0.001
0.834	0.001	0.115	0.050
0.074	0.856	0.001	0.069
0.027	0.030	0.001	0.942
0.001	0.935	0.027	0.037
0.001	0.001	0.974	0.024
0.001	0.997	0.001	0.001
0.756	0.023	0.037	0.184
>GCAGGCHG	12-GCAGGCHG	6.630494	-259.872036	0	T:2744.0(12.68%),B:2222.5(8.16%),P:1e-112	Tpos:52.9,Tstd:27.7,Bpos:49.5,Bstd:30.8,StrandBias:-0.4,Multiplicity:1.10
0.060	0.001	0.891	0.048
0.001	0.810	0.001	0.188
0.516	0.280	0.095	0.109
0.001	0.001	0.997	0.001
0.001	0.036	0.705	0.258
0.001	0.853	0.145	0.001
0.231	0.251	0.160	0.358
0.001	0.032	0.966	0.001
>CTCTCCTC	13-CTCTCCTC	3.861752	-256.663498	0	T:2062.0(9.53%),B:1544.3(5.67%),P:1e-111	Tpos:54.9,Tstd:27.8,Bpos:50.3,Bstd:30.9,StrandBias:1.2,Multiplicity:1.03
0.001	0.997	0.001	0.001
0.001	0.001	0.001	0.997
0.001	0.881	0.117	0.001
0.001	0.001	0.001	0.997
0.001	0.997	0.001	0.001
0.162	0.836	0.001	0.001
0.001	0.001	0.001	0.997
0.001	0.836	0.162	0.001
>TKCCTKCC	14-TKCCTKCC	8.510617	-248.872879	0	T:829.0(3.83%),B:437.9(1.61%),P:1e-108	Tpos:54.1,Tstd:27.7,Bpos:50.3,Bstd:31.6,StrandBias:0.7,Multiplicity:1.12
0.147	0.001	0.001	0.851
0.112	0.001	0.456	0.432
0.198	0.800	0.001	0.001
0.001	0.997	0.001	0.001
0.148	0.001	0.101	0.750
0.050	0.001	0.455	0.495
0.198	0.800	0.001	0.001
0.001	0.897	0.001	0.101
>WTATAACG	15-WTATAACG	7.784727	-218.540102	0	T:338.0(1.56%),B:107.1(0.39%),P:1e-94	Tpos:35.3,Tstd:17.2,Bpos:51.9,Bstd:31.8,StrandBias:0.4,Multiplicity:1.00
0.479	0.001	0.142	0.378
0.001	0.001	0.001	0.997
0.640	0.001	0.217	0.142
0.373	0.001	0.001	0.625
0.782	0.001	0.216	0.001
0.997	0.001	0.001	0.001
0.001	0.997	0.001	0.001
0.001	0.247	0.751	0.001
>TCCAGTCC	16-TCCAGTCC	8.269430	-205.250667	0	T:701.0(3.24%),B:374.3(1.37%),P:1e-89	Tpos:53.7,Tstd:28.2,Bpos:48.5,Bstd:27.8,StrandBias:1.4,Multiplicity:1.03
0.001	0.001	0.001	0.997
0.032	0.966	0.001	0.001
0.001	0.997	0.001	0.001
0.596	0.196	0.207	0.001
0.001	0.001	0.997	0.001
0.001	0.001	0.001	0.997
0.001	0.893	0.001	0.105
0.001	0.997	0.001	0.001
>TACTAGTA	17-TACTAGTA	6.548357	-201.299174	0	T:694.0(3.21%),B:372.8(1.37%),P:1e-87	Tpos:40.2,Tstd:22.6,Bpos:53.1,Bstd:33.8,StrandBias:0.4,Multiplicity:1.03
0.013	0.113	0.001	0.873
0.842	0.056	0.101	0.001
0.060	0.595	0.084	0.261
0.279	0.074	0.008	0.639
0.908	0.010	0.056	0.026
0.204	0.308	0.458	0.031
0.038	0.059	0.001	0.902
0.785	0.133	0.001	0.081
>TGATTGGT	18-TGATTGGT	6.385507	-179.805887	0	T:1772.0(8.19%),B:1400.1(5.14%),P:1e-78	Tpos:49.1,Tstd:27.7,Bpos:50.1,Bstd:27.2,StrandBias:-1.1,Multiplicity:1.08
0.001	0.275	0.001	0.723
0.001	0.001	0.997	0.001
0.681	0.001	0.317	0.001
0.001	0.184	0.001	0.814
0.001	0.277	0.106	0.616
0.355	0.001	0.643	0.001
0.385	0.001	0.613	0.001
0.016	0.001	0.001	0.982
>TAGCTAGC	19-TAGCTAGC	5.978152	-152.524877	0	T:1682.0(7.77%),B:1366.4(5.02%),P:1e-66	Tpos:55.9,Tstd:28.0,Bpos:49.1,Bstd:29.9,StrandBias:0.1,Multiplicity:1.17
0.169	0.087	0.034	0.710
0.678	0.111	0.036	0.175
0.128	0.027	0.811	0.034
0.131	0.767	0.087	0.015
0.174	0.064	0.111	0.651
0.694	0.093	0.045	0.168
0.040	0.065	0.894	0.001
0.078	0.797	0.014	0.111
>CAACGCAA	20-CAACGCAA	8.488912	-149.278602	0	T:618.0(2.86%),B:361.0(1.33%),P:1e-64	Tpos:53.5,Tstd:27.6,Bpos:48.4,Bstd:29.4,StrandBias:1.3,Multiplicity:1.01
0.001	0.997	0.001	0.001
0.859	0.139	0.001	0.001
0.852	0.146	0.001	0.001
0.184	0.814	0.001	0.001
0.001	0.001	0.997	0.001
0.001	0.997	0.001	0.001
0.872	0.126	0.001	0.001
0.997	0.001	0.001	0.001
>CATTTCCA	21-CATTTCCA	6.230260	-144.823603	0	T:533.0(2.46%),B:295.8(1.09%),P:1e-62	Tpos:52.2,Tstd:26.7,Bpos:48.5,Bstd:29.3,StrandBias:2.4,Multiplicity:1.01
0.001	0.997	0.001	0.001
0.997	0.001	0.001	0.001
0.062	0.001	0.001	0.936
0.001	0.001	0.001	0.997
0.001	0.001	0.001	0.997
0.001	0.997	0.001	0.001
0.001	0.933	0.065	0.001
0.862	0.136	0.001	0.001
>CGTCTCGT	22-CGTCTCGT	8.342046	-111.167375	0	T:376.0(1.74%),B:200.9(0.74%),P:1e-48	Tpos:49.9,Tstd:27.7,Bpos:50.5,Bstd:22.5,StrandBias:1.0,Multiplicity:1.01
0.001	0.997	0.001	0.001
0.001	0.001	0.997	0.001
0.001	0.001	0.001	0.997
0.001	0.997	0.001	0.001
0.001	0.001	0.001	0.997
0.001	0.883	0.001	0.115
0.214	0.001	0.784	0.001
0.277	0.001	0.001	0.721
>AAGAAGAG	23-AAGAAGAG	8.960593	-83.701477	0	T:776.0(3.59%),B:601.3(2.21%),P:1e-36	Tpos:51.0,Tstd:27.4,Bpos:52.0,Bstd:32.2,StrandBias:-1.0,Multiplicity:1.00
0.997	0.001	0.001	0.001
0.840	0.001	0.158	0.001
0.001	0.001	0.997	0.001
0.997	0.001	0.001	0.001
0.997	0.001	0.001	0.001
0.001	0.001	0.997	0.001
0.997	0.001	0.001	0.001
0.001	0.001	0.766	0.232
>AAAGGCGA	24-AAAGGCGA	9.494286	-51.620721	0	T:210.0(0.97%),B:123.2(0.45%),P:1e-22	Tpos:50.2,Tstd:26.1,Bpos:53.0,Bstd:35.1,StrandBias:-0.4,Multiplicity:1.00
0.997	0.001	0.001	0.001
0.997	0.001	0.001	0.001
0.997	0.001	0.001	0.001
0.001	0.001	0.997	0.001
0.001	0.001	0.997	0.001
0.001	0.997	0.001	0.001
0.001	0.001	0.997	0.001
0.791	0.207	0.001	0.001
>TAGATAGA	25-TAGATAGA	8.236954	-44.646339	0	T:90.0(0.42%),B:36.6(0.13%),P:1e-19	Tpos:41.8,Tstd:25.2,Bpos:56.7,Bstd:33.8,StrandBias:-0.5,Multiplicity:1.10
0.100	0.100	0.100	0.700
0.700	0.100	0.100	0.100
0.100	0.100	0.700	0.100
0.700	0.100	0.100	0.100
0.100	0.100	0.100	0.700
0.700	0.100	0.100	0.100
0.100	0.100	0.700	0.100
0.700	0.100	0.100	0.100
