>TATATADASV	1-TATATADASV	5.541279	-2047.959478	0	T:4121.0(19.05%),B:1690.2(6.20%),P:1e-889	Tpos:31.2,Tstd:10.1,Bpos:49.6,Bstd:37.9,StrandBias:-0.1,Multiplicity:1.57
0.059	0.061	0.060	0.820
0.665	0.032	0.022	0.281
0.072	0.030	0.016	0.882
0.836	0.004	0.010	0.150
0.283	0.013	0.050	0.654
0.841	0.013	0.109	0.037
0.255	0.141	0.238	0.366
0.466	0.186	0.237	0.111
0.213	0.285	0.380	0.122
0.232	0.276	0.341	0.151
>YCYCCHYYCC	2-YCYCCHYYCC	5.987270	-1175.535574	0	T:8552.0(39.52%),B:6698.6(24.59%),P:1e-510	Tpos:56.6,Tstd:26.3,Bpos:49.8,Bstd:32.8,StrandBias:2.1,Multiplicity:1.47
0.117	0.460	0.001	0.422
0.001	0.589	0.001	0.409
0.071	0.516	0.001	0.412
0.001	0.911	0.001	0.087
0.001	0.762	0.236	0.001
0.261	0.347	0.189	0.203
0.161	0.365	0.108	0.366
0.050	0.409	0.001	0.540
0.001	0.647	0.001	0.351
0.001	0.997	0.001	0.001
>CMCACMCCCM	3-CMCACMCCCM	4.455284	-838.817284	0	T:6571.0(30.37%),B:5123.9(18.81%),P:1e-364	Tpos:54.1,Tstd:25.7,Bpos:51.1,Bstd:30.5,StrandBias:2.3,Multiplicity:1.21
0.175	0.823	0.001	0.001
0.434	0.564	0.001	0.001
0.423	0.575	0.001	0.001
0.677	0.321	0.001	0.001
0.303	0.695	0.001	0.001
0.408	0.520	0.060	0.012
0.281	0.717	0.001	0.001
0.409	0.589	0.001	0.001
0.346	0.652	0.001	0.001
0.484	0.514	0.001	0.001
>CTCKCSTCTC	4-CTCKCSTCTC	6.407945	-750.763191	0	T:3993.0(18.45%),B:2671.8(9.81%),P:1e-326	Tpos:56.5,Tstd:26.7,Bpos:49.7,Bstd:31.2,StrandBias:1.6,Multiplicity:1.13
0.074	0.657	0.182	0.087
0.068	0.114	0.002	0.816
0.001	0.967	0.024	0.008
0.112	0.026	0.369	0.493
0.049	0.856	0.057	0.038
0.137	0.384	0.312	0.168
0.169	0.162	0.011	0.658
0.001	0.957	0.001	0.041
0.121	0.054	0.181	0.644
0.001	0.906	0.025	0.068
>CCCGCCCGCC	5-CCCGCCCGCC	4.800928	-641.992485	0	T:9450.0(43.67%),B:8731.2(32.05%),P:1e-278	Tpos:53.4,Tstd:27.7,Bpos:50.2,Bstd:31.0,StrandBias:1.3,Multiplicity:1.21
0.137	0.652	0.103	0.108
0.100	0.745	0.098	0.057
0.098	0.670	0.126	0.106
0.103	0.113	0.653	0.131
0.079	0.657	0.137	0.127
0.090	0.768	0.018	0.124
0.089	0.701	0.128	0.082
0.042	0.162	0.703	0.093
0.047	0.727	0.113	0.113
0.140	0.663	0.074	0.123
>CCAATTCCCA	6-CCAATTCCCA	7.029049	-442.642314	0	T:1224.0(5.66%),B:586.7(2.15%),P:1e-192	Tpos:53.2,Tstd:25.5,Bpos:49.3,Bstd:28.7,StrandBias:2.0,Multiplicity:1.02
0.057	0.811	0.052	0.080
0.122	0.821	0.032	0.025
0.835	0.069	0.063	0.033
0.782	0.088	0.071	0.059
0.095	0.059	0.165	0.681
0.018	0.106	0.069	0.807
0.026	0.806	0.109	0.059
0.051	0.799	0.093	0.057
0.108	0.796	0.047	0.049
0.864	0.065	0.035	0.036
>CTAGGGTTYD	7-CTAGGGTTYD	8.804608	-428.746486	0	T:822.0(3.80%),B:309.7(1.14%),P:1e-186	Tpos:57.4,Tstd:26.6,Bpos:50.1,Bstd:29.0,StrandBias:-1.0,Multiplicity:1.03
0.047	0.551	0.248	0.154
0.047	0.001	0.252	0.700
0.948	0.001	0.050	0.001
0.001	0.001	0.997	0.001
0.001	0.001	0.997	0.001
0.056	0.001	0.918	0.025
0.001	0.001	0.001	0.997
0.001	0.001	0.001	0.997
0.025	0.348	0.145	0.481
0.261	0.078	0.396	0.266
>TCTCTCTCTC	8-TCTCTCTCTC	6.569163	-415.659460	0	T:2680.0(12.39%),B:1887.0(6.93%),P:1e-180	Tpos:56.9,Tstd:26.4,Bpos:50.7,Bstd:33.8,StrandBias:1.2,Multiplicity:1.06
0.062	0.112	0.085	0.741
0.038	0.828	0.085	0.049
0.102	0.059	0.093	0.746
0.037	0.816	0.098	0.049
0.072	0.033	0.098	0.797
0.044	0.824	0.093	0.039
0.076	0.069	0.088	0.767
0.059	0.829	0.065	0.047
0.068	0.049	0.105	0.778
0.034	0.875	0.037	0.054
>ACACACACAC	9-ACACACACAC	5.898625	-411.161270	0	T:2148.0(9.93%),B:1397.6(5.13%),P:1e-178	Tpos:54.7,Tstd:26.9,Bpos:50.2,Bstd:29.9,StrandBias:1.4,Multiplicity:1.06
0.553	0.100	0.177	0.170
0.078	0.740	0.124	0.058
0.653	0.021	0.223	0.103
0.076	0.718	0.146	0.060
0.636	0.091	0.166	0.107
0.034	0.726	0.169	0.071
0.641	0.067	0.200	0.092
0.013	0.839	0.121	0.027
0.663	0.036	0.184	0.117
0.070	0.693	0.193	0.044
>TCCATCCGTC	10-TCCATCCGTC	6.871850	-313.705058	0	T:1430.0(6.61%),B:875.5(3.21%),P:1e-136	Tpos:54.9,Tstd:27.6,Bpos:47.0,Bstd:29.2,StrandBias:2.0,Multiplicity:1.03
0.051	0.065	0.058	0.826
0.018	0.844	0.071	0.067
0.041	0.859	0.047	0.053
0.690	0.075	0.124	0.111
0.040	0.046	0.066	0.848
0.012	0.888	0.039	0.061
0.094	0.814	0.032	0.060
0.226	0.068	0.637	0.069
0.051	0.122	0.057	0.770
0.033	0.824	0.063	0.080
>CCGCCGCCGC	11-CCGCCGCCGC	8.227705	-249.623424	0	T:1723.0(7.96%),B:1229.4(4.51%),P:1e-108	Tpos:63.4,Tstd:25.4,Bpos:49.4,Bstd:30.8,StrandBias:1.3,Multiplicity:1.06
0.062	0.857	0.001	0.080
0.129	0.791	0.001	0.079
0.128	0.101	0.770	0.001
0.068	0.692	0.137	0.103
0.105	0.659	0.159	0.077
0.183	0.086	0.646	0.085
0.001	0.942	0.056	0.001
0.001	0.950	0.001	0.048
0.001	0.112	0.840	0.047
0.032	0.770	0.066	0.132
>CTGCCTGCCT	12-CTGCCTGCCT	7.228820	-239.007991	0	T:1198.0(5.54%),B:760.9(2.79%),P:1e-103	Tpos:53.5,Tstd:27.6,Bpos:49.9,Bstd:31.1,StrandBias:0.5,Multiplicity:1.02
0.046	0.748	0.112	0.094
0.047	0.128	0.088	0.737
0.036	0.060	0.833	0.071
0.055	0.821	0.049	0.075
0.031	0.826	0.045	0.098
0.052	0.067	0.036	0.845
0.017	0.067	0.832	0.084
0.061	0.792	0.078	0.069
0.045	0.829	0.031	0.095
0.063	0.078	0.120	0.739
>NVTGCNSTGC	13-NVTGCNSTGC	6.885749	-219.485420	0	T:920.0(4.25%),B:541.9(1.99%),P:1e-95	Tpos:55.1,Tstd:26.9,Bpos:50.3,Bstd:30.0,StrandBias:-0.6,Multiplicity:1.09
0.276	0.161	0.269	0.295
0.314	0.325	0.320	0.041
0.231	0.072	0.076	0.621
0.029	0.053	0.882	0.036
0.117	0.711	0.114	0.058
0.302	0.226	0.238	0.234
0.246	0.289	0.408	0.058
0.246	0.045	0.061	0.648
0.025	0.193	0.745	0.037
0.034	0.847	0.060	0.059
>GCTTGGYTTK	14-GCTTGGYTTK	8.676352	-202.172887	0	T:455.0(2.10%),B:191.5(0.70%),P:1e-87	Tpos:52.2,Tstd:27.9,Bpos:50.7,Bstd:30.5,StrandBias:-1.1,Multiplicity:1.04
0.001	0.001	0.914	0.084
0.001	0.747	0.251	0.001
0.001	0.010	0.089	0.900
0.154	0.001	0.001	0.844
0.061	0.214	0.598	0.127
0.001	0.231	0.767	0.001
0.152	0.440	0.004	0.405
0.001	0.037	0.001	0.961
0.001	0.001	0.317	0.681
0.026	0.001	0.483	0.490
>CGTTTCGTTT	15-CGTTTCGTTT	7.984597	-200.593339	0	T:586.0(2.71%),B:288.4(1.06%),P:1e-87	Tpos:50.3,Tstd:26.7,Bpos:51.7,Bstd:28.9,StrandBias:-0.3,Multiplicity:1.04
0.001	0.664	0.319	0.016
0.001	0.255	0.743	0.001
0.117	0.198	0.119	0.566
0.001	0.062	0.001	0.936
0.001	0.052	0.001	0.946
0.001	0.997	0.001	0.001
0.132	0.001	0.656	0.211
0.001	0.165	0.176	0.658
0.001	0.001	0.001	0.997
0.160	0.158	0.001	0.681
>CTAGCTAGCT	16-CTAGCTAGCT	6.081817	-193.133030	0	T:1706.0(7.88%),B:1309.5(4.81%),P:1e-83	Tpos:57.6,Tstd:27.0,Bpos:49.7,Bstd:31.1,StrandBias:0.1,Multiplicity:1.07
0.081	0.672	0.148	0.099
0.136	0.142	0.077	0.645
0.518	0.123	0.152	0.207
0.059	0.085	0.808	0.048
0.034	0.874	0.057	0.035
0.120	0.109	0.076	0.695
0.552	0.102	0.182	0.164
0.054	0.165	0.734	0.047
0.061	0.757	0.040	0.142
0.134	0.158	0.128	0.580
>TASTASTAGT	17-TASTASTAGT	5.933531	-189.953818	0	T:1046.0(4.83%),B:687.3(2.52%),P:1e-82	Tpos:46.9,Tstd:24.9,Bpos:50.0,Bstd:28.7,StrandBias:-0.2,Multiplicity:1.04
0.105	0.161	0.134	0.600
0.670	0.038	0.172	0.120
0.033	0.521	0.395	0.051
0.088	0.078	0.026	0.808
0.816	0.002	0.116	0.066
0.022	0.432	0.533	0.013
0.007	0.151	0.019	0.823
0.774	0.039	0.131	0.056
0.027	0.356	0.547	0.070
0.170	0.210	0.073	0.547
>AGTCCAGNCC	18-AGTCCAGNCC	8.054671	-184.859344	0	T:525.0(2.43%),B:254.9(0.94%),P:1e-80	Tpos:53.0,Tstd:26.1,Bpos:52.7,Bstd:26.8,StrandBias:1.6,Multiplicity:1.05
0.997	0.001	0.001	0.001
0.299	0.001	0.684	0.016
0.001	0.095	0.144	0.760
0.161	0.837	0.001	0.001
0.001	0.997	0.001	0.001
0.852	0.125	0.008	0.015
0.267	0.193	0.511	0.029
0.316	0.190	0.242	0.252
0.270	0.537	0.001	0.192
0.001	0.823	0.001	0.175
>CGAATCGAAT	19-CGAATCGAAT	6.777767	-152.923448	0	T:672.0(3.11%),B:403.9(1.48%),P:1e-66	Tpos:53.4,Tstd:27.2,Bpos:50.0,Bstd:28.4,StrandBias:0.2,Multiplicity:1.06
0.030	0.873	0.059	0.038
0.092	0.059	0.833	0.016
0.789	0.126	0.048	0.037
0.744	0.101	0.078	0.077
0.038	0.057	0.062	0.843
0.050	0.879	0.022	0.049
0.062	0.104	0.820	0.014
0.754	0.128	0.089	0.029
0.710	0.094	0.128	0.068
0.068	0.085	0.091	0.756
>TCAGTCCTCA	20-TCAGTCCTCA	9.499718	-124.926165	0	T:132.0(0.61%),B:29.3(0.11%),P:1e-54	Tpos:60.2,Tstd:23.4,Bpos:52.6,Bstd:18.9,StrandBias:2.7,Multiplicity:1.03
0.001	0.001	0.001	0.997
0.001	0.993	0.003	0.003
0.997	0.001	0.001	0.001
0.051	0.003	0.919	0.027
0.027	0.069	0.051	0.853
0.001	0.877	0.001	0.121
0.107	0.764	0.078	0.051
0.017	0.001	0.001	0.981
0.001	0.997	0.001	0.001
0.855	0.001	0.038	0.106
>CTACAAATAC	21-CTACAAATAC	7.072859	-114.604906	0	T:91.0(0.42%),B:14.0(0.05%),P:1e-49	Tpos:35.9,Tstd:15.1,Bpos:33.2,Bstd:25.1,StrandBias:1.5,Multiplicity:1.00
0.001	0.997	0.001	0.001
0.001	0.005	0.001	0.993
0.869	0.001	0.065	0.065
0.001	0.997	0.001	0.001
0.987	0.006	0.001	0.006
0.997	0.001	0.001	0.001
0.993	0.001	0.005	0.001
0.001	0.005	0.001	0.993
0.997	0.001	0.001	0.001
0.001	0.775	0.223	0.001
>GACTGACTGA	22-GACTGACTGA	8.922641	-99.583439	0	T:111.0(0.51%),B:26.6(0.10%),P:1e-43	Tpos:56.1,Tstd:24.5,Bpos:51.1,Bstd:21.7,StrandBias:-0.8,Multiplicity:1.00
0.145	0.006	0.848	0.001
0.963	0.018	0.001	0.018
0.001	0.966	0.001	0.032
0.001	0.005	0.001	0.993
0.005	0.001	0.993	0.001
0.909	0.006	0.052	0.033
0.018	0.897	0.052	0.033
0.033	0.033	0.001	0.933
0.001	0.017	0.981	0.001
0.711	0.072	0.145	0.072
>GCAATCGCAA	23-GCAATCGCAA	9.299269	-98.589372	0	T:128.0(0.59%),B:35.1(0.13%),P:1e-42	Tpos:57.5,Tstd:24.2,Bpos:56.8,Bstd:23.7,StrandBias:0.4,Multiplicity:1.03
0.001	0.041	0.932	0.026
0.001	0.973	0.025	0.001
0.994	0.001	0.001	0.004
0.898	0.001	0.075	0.026
0.001	0.001	0.095	0.903
0.001	0.635	0.158	0.206
0.041	0.001	0.932	0.026
0.001	0.997	0.001	0.001
0.876	0.057	0.026	0.041
0.989	0.005	0.001	0.005
>TGATGATGAT	24-TGATGATGAT	8.808058	-70.122567	0	T:169.0(0.78%),B:75.3(0.28%),P:1e-30	Tpos:51.0,Tstd:27.8,Bpos:46.6,Bstd:19.0,StrandBias:-1.2,Multiplicity:1.01
0.124	0.042	0.038	0.796
0.032	0.001	0.947	0.020
0.959	0.001	0.025	0.015
0.010	0.010	0.001	0.979
0.011	0.004	0.974	0.011
0.927	0.001	0.038	0.034
0.001	0.044	0.001	0.954
0.021	0.011	0.936	0.032
0.821	0.081	0.068	0.030
0.001	0.081	0.138	0.780
>TGCTTTGCTT	25-TGCTTTGCTT	11.382494	-51.377705	0	T:71.0(0.33%),B:21.1(0.08%),P:1e-22	Tpos:58.5,Tstd:27.9,Bpos:47.1,Bstd:21.5,StrandBias:-1.0,Multiplicity:1.02
0.001	0.001	0.001	0.997
0.001	0.001	0.997	0.001
0.001	0.912	0.001	0.086
0.001	0.001	0.001	0.997
0.001	0.001	0.001	0.997
0.001	0.001	0.001	0.997
0.001	0.001	0.997	0.001
0.001	0.997	0.001	0.001
0.001	0.001	0.001	0.997
0.001	0.001	0.001	0.997
>TATATAWANVVV	1-TATATAWANVVV	5.169594	-1960.585984	0	T:4674.0(21.60%),B:2161.6(7.93%),P:1e-851	Tpos:31.6,Tstd:10.7,Bpos:49.4,Bstd:36.6,StrandBias:0.1,Multiplicity:1.24
0.094	0.170	0.108	0.628
0.556	0.147	0.022	0.275
0.057	0.045	0.008	0.890
0.840	0.004	0.002	0.154
0.231	0.036	0.019	0.714
0.958	0.003	0.026	0.013
0.314	0.096	0.192	0.398
0.572	0.124	0.231	0.073
0.240	0.264	0.287	0.209
0.317	0.234	0.302	0.148
0.212	0.340	0.299	0.149
0.261	0.296	0.309	0.135
>CCCCMCCCCMCC	2-CCCCMCCCCMCC	4.955635	-1098.984065	0	T:8905.0(41.15%),B:7209.7(26.46%),P:1e-477	Tpos:56.3,Tstd:25.8,Bpos:50.0,Bstd:31.7,StrandBias:2.4,Multiplicity:1.37
0.030	0.863	0.024	0.083
0.092	0.768	0.054	0.086
0.098	0.787	0.036	0.079
0.134	0.761	0.047	0.058
0.360	0.366	0.079	0.196
0.065	0.791	0.061	0.083
0.087	0.713	0.086	0.114
0.092	0.720	0.078	0.110
0.071	0.872	0.020	0.037
0.372	0.364	0.088	0.176
0.052	0.828	0.047	0.073
0.032	0.903	0.025	0.040
>TTCCNTTYCMNY	3-TTCCNTTYCMNY	6.514559	-930.483037	0	T:5401.0(24.96%),B:3791.5(13.92%),P:1e-404	Tpos:54.5,Tstd:26.8,Bpos:48.8,Bstd:31.2,StrandBias:1.9,Multiplicity:1.09
0.076	0.356	0.023	0.545
0.001	0.367	0.001	0.631
0.001	0.795	0.001	0.203
0.277	0.721	0.001	0.001
0.323	0.269	0.198	0.210
0.220	0.208	0.197	0.375
0.001	0.001	0.001	0.997
0.001	0.559	0.001	0.439
0.001	0.997	0.001	0.001
0.259	0.397	0.161	0.182
0.223	0.284	0.209	0.284
0.183	0.380	0.144	0.293
>TCGTCTCGTCTC	4-TCGTCTCGTCTC	5.733780	-730.923447	0	T:6399.0(29.57%),B:5127.3(18.82%),P:1e-317	Tpos:56.0,Tstd:26.5,Bpos:51.1,Bstd:31.2,StrandBias:1.3,Multiplicity:1.09
0.034	0.213	0.128	0.625
0.036	0.817	0.070	0.077
0.058	0.265	0.517	0.160
0.053	0.193	0.136	0.618
0.022	0.796	0.072	0.110
0.033	0.067	0.106	0.794
0.031	0.870	0.050	0.049
0.039	0.280	0.502	0.179
0.065	0.170	0.126	0.639
0.027	0.763	0.070	0.140
0.035	0.158	0.159	0.648
0.026	0.764	0.095	0.115
>TCTCGCTCTCTC	5-TCTCGCTCTCTC	-11.019526	-719.604313	0	T:7801.0(36.05%),B:6675.5(24.50%),P:1e-312	Tpos:56.1,Tstd:26.1,Bpos:50.0,Bstd:32.2,StrandBias:1.3,Multiplicity:1.22
0.001	0.001	0.001	0.997
0.001	0.997	0.001	0.001
0.001	0.001	0.001	0.997
0.001	0.997	0.001	0.001
0.001	0.207	0.791	0.001
0.001	0.997	0.001	0.001
0.001	0.001	0.001	0.997
0.001	0.997	0.001	0.001
0.001	0.001	0.001	0.997
0.001	0.997	0.001	0.001
0.001	0.001	0.001	0.997
0.001	0.997	0.001	0.001
>GBTTGGGTTTKG	6-GBTTGGGTTTKG	6.147724	-702.931451	0	T:3410.0(15.76%),B:2188.4(8.03%),P:1e-305	Tpos:52.6,Tstd:25.3,Bpos:49.3,Bstd:30.8,StrandBias:-2.0,Multiplicity:1.10
0.092	0.155	0.545	0.208
0.080	0.367	0.253	0.300
0.039	0.122	0.173	0.666
0.154	0.085	0.175	0.586
0.001	0.048	0.631	0.320
0.001	0.044	0.856	0.099
0.088	0.213	0.492	0.208
0.025	0.233	0.046	0.696
0.001	0.038	0.001	0.960
0.016	0.122	0.232	0.630
0.046	0.161	0.436	0.356
0.098	0.172	0.502	0.228
>CACACGCACACA	7-CACACGCACACA	4.521489	-475.515736	0	T:3265.0(15.09%),B:2360.1(8.66%),P:1e-206	Tpos:55.5,Tstd:25.7,Bpos:50.4,Bstd:28.4,StrandBias:1.7,Multiplicity:1.10
0.039	0.880	0.047	0.034
0.794	0.051	0.119	0.036
0.042	0.923	0.019	0.016
0.861	0.009	0.103	0.027
0.065	0.818	0.096	0.021
0.299	0.026	0.640	0.035
0.048	0.820	0.095	0.037
0.852	0.046	0.081	0.021
0.016	0.930	0.033	0.021
0.868	0.014	0.099	0.019
0.026	0.902	0.037	0.035
0.822	0.068	0.082	0.028
>TCACACKTCACA	8-TCACACKTCACA	7.374861	-229.874881	0	T:383.0(1.77%),B:129.5(0.48%),P:1e-99	Tpos:55.8,Tstd:25.1,Bpos:48.3,Bstd:26.6,StrandBias:1.8,Multiplicity:1.03
0.166	0.246	0.187	0.401
0.040	0.749	0.146	0.065
0.524	0.070	0.182	0.224
0.125	0.707	0.166	0.002
0.701	0.081	0.082	0.136
0.276	0.434	0.266	0.024
0.124	0.220	0.267	0.389
0.049	0.237	0.207	0.507
0.003	0.776	0.150	0.071
0.478	0.131	0.191	0.200
0.115	0.831	0.027	0.027
0.652	0.142	0.088	0.118
>TGCTGTGCTGTG	9-TGCTGTGCTGTG	8.095717	-210.209928	0	T:584.0(2.70%),B:279.2(1.02%),P:1e-91	Tpos:56.7,Tstd:25.8,Bpos:48.3,Bstd:27.6,StrandBias:-1.1,Multiplicity:1.02
0.036	0.058	0.051	0.855
0.026	0.047	0.895	0.032
0.032	0.848	0.051	0.069
0.128	0.029	0.023	0.820
0.013	0.129	0.766	0.092
0.039	0.073	0.038	0.850
0.029	0.034	0.927	0.010
0.026	0.872	0.026	0.076
0.148	0.035	0.068	0.749
0.026	0.124	0.801	0.049
0.046	0.056	0.100	0.798
0.045	0.046	0.827	0.082
>GAGTCCAGACTC	10-GAGTCCAGACTC	10.285514	-181.236232	0	T:79.0(0.37%),B:4.2(0.02%),P:1e-78	Tpos:57.1,Tstd:21.6,Bpos:54.7,Bstd:20.0,StrandBias:1.3,Multiplicity:1.10
0.001	0.089	0.909	0.001
0.856	0.044	0.030	0.070
0.001	0.177	0.821	0.001
0.073	0.014	0.001	0.912
0.001	0.814	0.155	0.030
0.070	0.841	0.059	0.030
0.745	0.163	0.076	0.016
0.070	0.029	0.900	0.001
0.826	0.044	0.071	0.059
0.059	0.742	0.184	0.015
0.015	0.164	0.029	0.792
0.070	0.756	0.156	0.018
>AGGCAGGCAGGC	11-AGGCAGGCAGGC	9.893840	-173.742197	0	T:290.0(1.34%),B:98.4(0.36%),P:1e-75	Tpos:53.1,Tstd:27.0,Bpos:46.4,Bstd:27.6,StrandBias:-0.1,Multiplicity:1.02
0.602	0.134	0.141	0.123
0.094	0.019	0.835	0.052
0.019	0.122	0.833	0.026
0.026	0.872	0.077	0.025
0.866	0.038	0.077	0.019
0.012	0.006	0.981	0.001
0.006	0.158	0.786	0.050
0.018	0.881	0.095	0.006
0.893	0.045	0.049	0.013
0.109	0.001	0.866	0.024
0.085	0.163	0.726	0.026
0.047	0.757	0.175	0.021
>TGCMGGCKGCRG	12-TGCMGGCKGCRG	8.489608	-165.327580	0	T:1231.0(5.69%),B:896.7(3.29%),P:1e-71	Tpos:57.8,Tstd:26.3,Bpos:48.2,Bstd:31.3,StrandBias:-0.4,Multiplicity:1.03
0.180	0.196	0.163	0.460
0.011	0.027	0.953	0.009
0.066	0.811	0.122	0.001
0.391	0.282	0.173	0.154
0.005	0.060	0.930	0.005
0.216	0.257	0.487	0.041
0.036	0.816	0.125	0.023
0.136	0.136	0.401	0.327
0.001	0.013	0.973	0.013
0.005	0.977	0.002	0.016
0.314	0.171	0.347	0.168
0.007	0.015	0.967	0.011
>HAGCTAGCTAGC	13-HAGCTAGCTAGC	7.463853	-157.695482	0	T:816.0(3.77%),B:523.6(1.92%),P:1e-68	Tpos:60.3,Tstd:25.8,Bpos:48.5,Bstd:31.3,StrandBias:0.4,Multiplicity:1.03
0.265	0.281	0.066	0.389
0.654	0.106	0.125	0.115
0.133	0.051	0.799	0.017
0.005	0.874	0.090	0.031
0.296	0.165	0.028	0.511
0.823	0.039	0.114	0.024
0.036	0.042	0.897	0.025
0.001	0.949	0.037	0.013
0.226	0.170	0.051	0.553
0.739	0.067	0.096	0.098
0.028	0.205	0.723	0.044
0.063	0.637	0.083	0.217
>CGCCACTCGCAA	14-CGCCACTCGCAA	9.338551	-145.447649	0	T:257.0(1.19%),B:91.4(0.34%),P:1e-63	Tpos:57.6,Tstd:27.0,Bpos:50.8,Bstd:28.9,StrandBias:0.8,Multiplicity:1.05
0.001	0.985	0.013	0.001
0.028	0.057	0.887	0.028
0.014	0.901	0.057	0.028
0.239	0.540	0.193	0.028
0.788	0.001	0.183	0.028
0.057	0.705	0.181	0.057
0.085	0.093	0.172	0.650
0.014	0.958	0.014	0.014
0.057	0.028	0.901	0.014
0.001	0.997	0.001	0.001
0.567	0.225	0.179	0.029
0.746	0.029	0.082	0.143
>CTACTACTASTA	15-CTACTACTASTA	6.330267	-143.276529	0	T:828.0(3.83%),B:553.7(2.03%),P:1e-62	Tpos:48.4,Tstd:24.2,Bpos:51.0,Bstd:27.6,StrandBias:0.1,Multiplicity:1.05
0.048	0.572	0.287	0.093
0.116	0.129	0.063	0.692
0.620	0.064	0.210	0.106
0.021	0.590	0.375	0.014
0.065	0.092	0.039	0.804
0.742	0.033	0.168	0.057
0.011	0.590	0.386	0.013
0.050	0.121	0.025	0.804
0.808	0.036	0.106	0.050
0.020	0.463	0.500	0.017
0.107	0.163	0.064	0.666
0.641	0.105	0.169	0.085
>TTCTTTACCCTA	16-TTCTTTACCCTA	9.780411	-132.252673	0	T:43.0(0.20%),B:1.9(0.01%),P:1e-57	Tpos:46.6,Tstd:24.6,Bpos:12.0,Bstd:0.0,StrandBias:1.5,Multiplicity:1.00
0.248	0.024	0.017	0.711
0.292	0.017	0.182	0.509
0.028	0.899	0.031	0.042
0.024	0.154	0.014	0.808
0.010	0.290	0.194	0.506
0.042	0.049	0.031	0.878
0.655	0.252	0.048	0.045
0.164	0.574	0.021	0.241
0.021	0.649	0.010	0.320
0.241	0.687	0.037	0.035
0.284	0.038	0.049	0.629
0.439	0.244	0.167	0.150
>CATCCATCCATC	17-CATCCATCCATC	12.127740	-125.930872	0	T:70.0(0.32%),B:6.7(0.02%),P:1e-54	Tpos:55.8,Tstd:29.7,Bpos:32.3,Bstd:13.2,StrandBias:3.5,Multiplicity:1.00
0.113	0.885	0.001	0.001
0.663	0.041	0.255	0.041
0.041	0.114	0.001	0.844
0.001	0.917	0.041	0.041
0.040	0.958	0.001	0.001
0.958	0.040	0.001	0.001
0.001	0.040	0.001	0.958
0.001	0.958	0.040	0.001
0.001	0.958	0.001	0.040
0.958	0.001	0.040	0.001
0.001	0.040	0.001	0.958
0.001	0.785	0.213	0.001
>CCAGTCACCACT	18-CCAGTCACCACT	10.726213	-114.047916	0	T:96.0(0.44%),B:16.3(0.06%),P:1e-49	Tpos:60.1,Tstd:23.7,Bpos:33.4,Bstd:20.1,StrandBias:1.5,Multiplicity:1.10
0.161	0.784	0.001	0.054
0.001	0.945	0.053	0.001
0.832	0.001	0.166	0.001
0.054	0.212	0.727	0.007
0.001	0.001	0.001	0.997
0.001	0.750	0.248	0.001
0.595	0.001	0.118	0.286
0.001	0.905	0.001	0.093
0.053	0.945	0.001	0.001
0.866	0.001	0.132	0.001
0.001	0.609	0.389	0.001
0.198	0.001	0.001	0.800
>CGCATCGCAGCG	19-CGCATCGCAGCG	10.373053	-86.391527	0	T:64.0(0.30%),B:9.1(0.03%),P:1e-37	Tpos:63.6,Tstd:23.4,Bpos:65.7,Bstd:17.9,StrandBias:1.1,Multiplicity:1.00
0.135	0.608	0.152	0.105
0.153	0.127	0.620	0.100
0.126	0.740	0.133	0.001
0.633	0.156	0.155	0.056
0.128	0.100	0.159	0.613
0.001	0.924	0.002	0.073
0.061	0.002	0.936	0.001
0.001	0.900	0.098	0.001
0.686	0.140	0.069	0.105
0.110	0.069	0.670	0.151
0.075	0.812	0.001	0.112
0.085	0.296	0.534	0.085
>AAGCGAACGAAC	20-AAGCGAACGAAC	9.797313	-56.427616	0	T:52.0(0.24%),B:10.2(0.04%),P:1e-24	Tpos:54.3,Tstd:27.3,Bpos:61.2,Bstd:12.1,StrandBias:0.8,Multiplicity:1.00
0.949	0.049	0.001	0.001
0.949	0.049	0.001	0.001
0.050	0.050	0.850	0.050
0.001	0.997	0.001	0.001
0.049	0.001	0.901	0.049
0.949	0.049	0.001	0.001
0.901	0.049	0.049	0.001
0.049	0.949	0.001	0.001
0.049	0.049	0.901	0.001
0.997	0.001	0.001	0.001
0.949	0.001	0.049	0.001
0.001	0.742	0.256	0.001
>GTCAGTCAGTCV	21-GTCAGTCAGTCV	10.729985	-54.784441	0	T:35.0(0.16%),B:4.8(0.02%),P:1e-23	Tpos:60.9,Tstd:21.7,Bpos:53.2,Bstd:28.3,StrandBias:0.8,Multiplicity:1.00
0.179	0.180	0.508	0.133
0.011	0.310	0.210	0.469
0.001	0.988	0.010	0.001
0.834	0.011	0.001	0.154
0.121	0.001	0.877	0.001
0.001	0.245	0.011	0.743
0.001	0.977	0.021	0.001
0.580	0.213	0.185	0.022
0.145	0.011	0.843	0.001
0.011	0.177	0.187	0.625
0.022	0.755	0.155	0.068
0.298	0.347	0.211	0.144
>GTGACGGCCGTC	22-GTGACGGCCGTC	11.301809	-54.451731	0	T:38.0(0.18%),B:5.2(0.02%),P:1e-23	Tpos:57.7,Tstd:28.3,Bpos:27.6,Bstd:15.4,StrandBias:-0.5,Multiplicity:1.00
0.033	0.040	0.880	0.047
0.071	0.187	0.127	0.615
0.008	0.024	0.960	0.008
0.677	0.137	0.123	0.063
0.071	0.841	0.040	0.048
0.048	0.050	0.869	0.033
0.048	0.016	0.870	0.066
0.031	0.895	0.032	0.042
0.032	0.901	0.010	0.057
0.024	0.008	0.928	0.040
0.139	0.050	0.119	0.692
0.008	0.888	0.056	0.048
>AGCAACTAGCAA	23-AGCAACTAGCAA	8.975866	-43.496569	0	T:47.0(0.22%),B:11.8(0.04%),P:1e-18	Tpos:53.7,Tstd:25.5,Bpos:61.4,Bstd:11.7,StrandBias:1.0,Multiplicity:1.00
0.670	0.105	0.122	0.103
0.106	0.119	0.682	0.093
0.117	0.707	0.100	0.076
0.706	0.114	0.094	0.086
0.664	0.103	0.156	0.077
0.119	0.671	0.122	0.088
0.168	0.172	0.127	0.533
0.664	0.115	0.123	0.098
0.125	0.123	0.675	0.077
0.119	0.692	0.113	0.076
0.668	0.130	0.106	0.096
0.669	0.116	0.124	0.091
>AGGACTGAGGAG	24-AGGACTGAGGAG	12.217786	-39.686208	0	T:61.0(0.28%),B:20.2(0.07%),P:1e-17	Tpos:62.8,Tstd:29.1,Bpos:35.0,Bstd:26.2,StrandBias:-1.9,Multiplicity:1.00
0.964	0.001	0.034	0.001
0.070	0.001	0.928	0.001
0.001	0.001	0.997	0.001
0.964	0.001	0.034	0.001
0.001	0.645	0.353	0.001
0.035	0.106	0.252	0.607
0.118	0.268	0.520	0.094
0.997	0.001	0.001	0.001
0.106	0.039	0.854	0.001
0.001	0.001	0.997	0.001
0.964	0.001	0.001	0.034
0.180	0.141	0.678	0.001
>STTCRCTTCTCB	25-STTCRCTTCTCB	9.535080	-30.568085	0	T:54.0(0.25%),B:20.7(0.08%),P:1e-13	Tpos:75.7,Tstd:20.6,Bpos:49.4,Bstd:15.5,StrandBias:1.2,Multiplicity:1.00
0.220	0.325	0.395	0.060
0.091	0.277	0.072	0.560
0.062	0.116	0.042	0.780
0.021	0.712	0.133	0.134
0.381	0.125	0.431	0.063
0.024	0.793	0.073	0.110
0.060	0.094	0.025	0.821
0.052	0.214	0.168	0.566
0.015	0.878	0.055	0.052
0.336	0.076	0.055	0.533
0.016	0.645	0.064	0.275
0.035	0.373	0.270	0.322
>TATATA	1-TATATA	5.368200	-1909.672915	0	T:4593.0(21.23%),B:2132.4(7.83%),P:1e-829	Tpos:31.1,Tstd:10.8,Bpos:49.7,Bstd:38.9,StrandBias:-0.4,Multiplicity:1.17
0.001	0.037	0.001	0.961
0.633	0.025	0.001	0.341
0.089	0.001	0.001	0.909
0.997	0.001	0.001	0.001
0.001	0.025	0.001	0.973
0.997	0.001	0.001	0.001
>GAGASG	2-GAGASG	1.125418	-571.796115	0	T:11219.0(51.85%),B:11030.7(40.49%),P:1e-248	Tpos:54.0,Tstd:27.5,Bpos:50.2,Bstd:32.6,StrandBias:-1.3,Multiplicity:1.42
0.001	0.001	0.997	0.001
0.997	0.001	0.001	0.001
0.138	0.001	0.860	0.001
0.615	0.001	0.001	0.383
0.001	0.477	0.521	0.001
0.003	0.001	0.995	0.001
>CMWTCC	3-CMWTCC	4.302714	-532.534759	0	T:12714.0(58.76%),B:13002.3(47.73%),P:1e-231	Tpos:53.2,Tstd:28.0,Bpos:49.7,Bstd:30.5,StrandBias:1.7,Multiplicity:1.37
0.001	0.868	0.001	0.130
0.563	0.435	0.001	0.001
0.444	0.001	0.247	0.308
0.196	0.001	0.001	0.802
0.070	0.586	0.001	0.343
0.001	0.937	0.001	0.061
>CGCCGC	4-CGCCGC	0.727558	-416.739374	0	T:15889.0(73.43%),B:17513.5(64.29%),P:1e-180	Tpos:55.7,Tstd:28.4,Bpos:50.0,Bstd:32.2,StrandBias:0.5,Multiplicity:2.13
0.001	0.997	0.001	0.001
0.001	0.001	0.997	0.001
0.001	0.997	0.001	0.001
0.218	0.664	0.001	0.117
0.001	0.001	0.768	0.230
0.001	0.997	0.001	0.001
>AAACCC	5-AAACCC	7.490725	-403.850333	0	T:2141.0(9.89%),B:1400.7(5.14%),P:1e-175	Tpos:54.4,Tstd:26.4,Bpos:48.2,Bstd:34.2,StrandBias:1.7,Multiplicity:1.07
0.997	0.001	0.001	0.001
0.997	0.001	0.001	0.001
0.755	0.243	0.001	0.001
0.001	0.907	0.091	0.001
0.147	0.851	0.001	0.001
0.241	0.755	0.001	0.003
>CCCCCC	6-CCCCCC	1.363400	-379.877439	0	T:10603.0(49.00%),B:10839.2(39.79%),P:1e-164	Tpos:53.1,Tstd:27.5,Bpos:50.1,Bstd:32.8,StrandBias:1.9,Multiplicity:1.54
0.001	0.997	0.001	0.001
0.001	0.997	0.001	0.001
0.001	0.997	0.001	0.001
0.001	0.966	0.032	0.001
0.001	0.966	0.001	0.032
0.001	0.997	0.001	0.001
>AGACGA	7-AGACGA	4.192068	-346.472935	0	T:9345.0(43.19%),B:9422.2(34.59%),P:1e-150	Tpos:49.4,Tstd:27.8,Bpos:50.3,Bstd:31.6,StrandBias:0.2,Multiplicity:1.19
0.857	0.045	0.001	0.097
0.253	0.073	0.607	0.067
0.508	0.067	0.118	0.307
0.067	0.768	0.067	0.098
0.234	0.180	0.457	0.129
0.816	0.001	0.182	0.001
>CTCGCA	8-CTCGCA	4.406245	-312.598277	0	T:5864.0(27.10%),B:5468.9(20.07%),P:1e-135	Tpos:53.1,Tstd:27.7,Bpos:50.3,Bstd:31.2,StrandBias:1.2,Multiplicity:1.16
0.166	0.832	0.001	0.001
0.209	0.122	0.001	0.668
0.001	0.997	0.001	0.001
0.001	0.001	0.997	0.001
0.001	0.997	0.001	0.001
0.997	0.001	0.001	0.001
>AGGCAG	9-AGGCAG	5.315706	-296.654511	0	T:6803.0(31.44%),B:6588.7(24.19%),P:1e-128	Tpos:53.9,Tstd:28.0,Bpos:50.6,Bstd:32.3,StrandBias:-0.8,Multiplicity:1.21
0.997	0.001	0.001	0.001
0.001	0.001	0.997	0.001
0.075	0.001	0.923	0.001
0.218	0.780	0.001	0.001
0.857	0.001	0.141	0.001
0.001	0.001	0.997	0.001
>SCBGCC	10-SCBGCC	5.201014	-287.883146	0	T:10122.0(46.78%),B:10571.9(38.81%),P:1e-125	Tpos:48.9,Tstd:28.9,Bpos:49.9,Bstd:31.8,StrandBias:0.6,Multiplicity:1.16
0.263	0.422	0.314	0.001
0.383	0.615	0.001	0.001
0.001	0.314	0.396	0.289
0.001	0.001	0.997	0.001
0.001	0.997	0.001	0.001
0.263	0.735	0.001	0.001
>AAGCGA	11-AAGCGA	7.383949	-261.275337	0	T:2821.0(13.04%),B:2299.4(8.44%),P:1e-113	Tpos:54.3,Tstd:27.3,Bpos:51.3,Bstd:33.5,StrandBias:0.2,Multiplicity:1.13
0.997	0.001	0.001	0.001
0.997	0.001	0.001	0.001
0.001	0.001	0.997	0.001
0.001	0.997	0.001	0.001
0.399	0.001	0.599	0.001
0.997	0.001	0.001	0.001
>TGTGTG	12-TGTGTG	1.262172	-252.345318	0	T:6856.0(31.68%),B:6797.6(24.95%),P:1e-109	Tpos:53.3,Tstd:27.3,Bpos:49.5,Bstd:30.1,StrandBias:-1.6,Multiplicity:1.23
0.122	0.001	0.001	0.876
0.001	0.001	0.997	0.001
0.001	0.001	0.001	0.997
0.001	0.001	0.997	0.001
0.125	0.001	0.001	0.873
0.001	0.001	0.997	0.001
>TAATAA	13-TAATAA	6.863047	-208.707275	0	T:1182.0(5.46%),B:785.7(2.88%),P:1e-90	Tpos:36.1,Tstd:21.0,Bpos:50.8,Bstd:37.3,StrandBias:0.0,Multiplicity:1.10
0.001	0.001	0.001	0.997
0.761	0.001	0.001	0.237
0.997	0.001	0.001	0.001
0.001	0.001	0.001	0.997
0.997	0.001	0.001	0.001
0.997	0.001	0.001	0.001
>TCACAC	14-TCACAC	7.040434	-174.090421	0	T:2608.0(12.05%),B:2280.3(8.37%),P:1e-75	Tpos:58.1,Tstd:38.3,Bpos:55.0,Bstd:36.4,StrandBias:0.8,Multiplicity:1.03
0.001	0.283	0.001	0.715
0.001	0.997	0.001	0.001
0.997	0.001	0.001	0.001
0.001	0.997	0.001	0.001
0.997	0.001	0.001	0.001
0.001	0.997	0.001	0.001
>GCTGTG	15-GCTGTG	6.681064	-149.420759	0	T:3553.0(16.42%),B:3386.8(12.43%),P:1e-64	Tpos:52.0,Tstd:28.0,Bpos:49.7,Bstd:31.3,StrandBias:-0.8,Multiplicity:1.10
0.001	0.001	0.997	0.001
0.001	0.997	0.001	0.001
0.292	0.001	0.001	0.706
0.001	0.001	0.997	0.001
0.001	0.001	0.001	0.997
0.279	0.001	0.719	0.001
>CCACCA	16-CCACCA	6.177716	-145.493539	0	T:2772.0(12.81%),B:2537.6(9.31%),P:1e-63	Tpos:54.0,Tstd:28.0,Bpos:50.3,Bstd:29.8,StrandBias:1.6,Multiplicity:1.19
0.100	0.700	0.100	0.100
0.100	0.700	0.100	0.100
0.700	0.100	0.100	0.100
0.100	0.700	0.100	0.100
0.100	0.700	0.100	0.100
0.700	0.100	0.100	0.100
>TCAGTC	17-TCAGTC	6.955669	-123.182867	0	T:1886.0(8.72%),B:1649.1(6.05%),P:1e-53	Tpos:52.9,Tstd:27.7,Bpos:48.9,Bstd:29.2,StrandBias:0.5,Multiplicity:1.06
0.001	0.001	0.260	0.738
0.001	0.997	0.001	0.001
0.997	0.001	0.001	0.001
0.001	0.001	0.997	0.001
0.001	0.001	0.001	0.997
0.001	0.997	0.001	0.001
>CTACTA	18-CTACTA	7.849692	-98.091973	0	T:860.0(3.97%),B:656.0(2.41%),P:1e-42	Tpos:46.1,Tstd:26.7,Bpos:48.3,Bstd:29.5,StrandBias:0.6,Multiplicity:1.20
0.001	0.853	0.145	0.001
0.001	0.001	0.001	0.997
0.997	0.001	0.001	0.001
0.001	0.743	0.255	0.001
0.001	0.001	0.001	0.997
0.997	0.001	0.001	0.001
>TTWAAA	19-TTWAAA	7.430740	-70.219897	0	T:945.0(4.37%),B:802.5(2.95%),P:1e-30	Tpos:33.0,Tstd:18.8,Bpos:49.8,Bstd:39.6,StrandBias:0.2,Multiplicity:1.03
0.001	0.001	0.001	0.997
0.001	0.001	0.001	0.997
0.491	0.001	0.001	0.507
0.997	0.001	0.001	0.001
0.997	0.001	0.001	0.001
0.849	0.149	0.001	0.001
>GGATCG	20-GGATCG	6.026567	-56.341108	0	T:1596.0(7.38%),B:1548.5(5.68%),P:1e-24	Tpos:54.6,Tstd:29.6,Bpos:49.2,Bstd:27.7,StrandBias:-0.4,Multiplicity:1.06
0.001	0.133	0.865	0.001
0.001	0.001	0.997	0.001
0.997	0.001	0.001	0.001
0.001	0.001	0.122	0.876
0.122	0.876	0.001	0.001
0.001	0.001	0.997	0.001
>AKAAAR	21-AKAAAR	5.692556	-53.472243	0	T:1521.0(7.03%),B:1477.0(5.42%),P:1e-23	Tpos:48.4,Tstd:28.1,Bpos:50.3,Bstd:34.0,StrandBias:-0.3,Multiplicity:1.05
0.927	0.001	0.071	0.001
0.161	0.001	0.439	0.398
0.462	0.001	0.274	0.263
0.996	0.001	0.001	0.002
0.881	0.001	0.117	0.001
0.368	0.001	0.439	0.191
>AGCTAG	22-AGCTAG	6.177716	-27.585431	0	T:1387.0(6.41%),B:1445.4(5.31%),P:1e-11	Tpos:56.4,Tstd:29.2,Bpos:48.6,Bstd:31.2,StrandBias:-0.0,Multiplicity:1.27
0.700	0.100	0.100	0.100
0.100	0.100	0.700	0.100
0.100	0.700	0.100	0.100
0.100	0.100	0.100	0.700
0.700	0.100	0.100	0.100
0.100	0.100	0.700	0.100
>ATWWAWAV	1-ATWWAWAV	5.109578	-1917.925238	0	T:4905.0(22.67%),B:2374.7(8.72%),P:1e-832	Tpos:33.3,Tstd:17.7,Bpos:49.8,Bstd:37.8,StrandBias:-0.3,Multiplicity:1.06
0.589	0.053	0.065	0.293
0.042	0.162	0.006	0.790
0.451	0.060	0.015	0.474
0.448	0.092	0.020	0.439
0.624	0.011	0.226	0.139
0.400	0.069	0.039	0.492
0.715	0.150	0.072	0.063
0.266	0.358	0.345	0.031
>TATAWAVM	2-TATAWAVM	6.005748	-1802.380856	0	T:3485.0(16.11%),B:1375.0(5.05%),P:1e-782	Tpos:31.5,Tstd:9.8,Bpos:50.1,Bstd:38.1,StrandBias:0.5,Multiplicity:1.13
0.046	0.024	0.027	0.903
0.767	0.064	0.001	0.168
0.117	0.119	0.040	0.724
0.928	0.001	0.001	0.070
0.398	0.076	0.001	0.525
0.895	0.001	0.103	0.001
0.260	0.342	0.222	0.176
0.378	0.372	0.215	0.036
>TCCCYTCC	3-TCCCYTCC	6.158811	-924.511958	0	T:5859.0(27.08%),B:4256.8(15.63%),P:1e-401	Tpos:54.9,Tstd:27.8,Bpos:50.8,Bstd:32.4,StrandBias:1.6,Multiplicity:1.15
0.001	0.265	0.001	0.733
0.001	0.782	0.040	0.177
0.001	0.853	0.145	0.001
0.221	0.433	0.230	0.116
0.031	0.347	0.235	0.387
0.001	0.088	0.033	0.878
0.001	0.668	0.001	0.330
0.016	0.923	0.001	0.060
>CCMCYCCC	4-CCMCYCCC	4.801535	-916.088489	0	T:10048.0(46.44%),B:8841.6(32.45%),P:1e-397	Tpos:54.5,Tstd:26.8,Bpos:50.3,Bstd:31.5,StrandBias:2.3,Multiplicity:1.51
0.001	0.948	0.001	0.050
0.001	0.997	0.001	0.001
0.521	0.411	0.053	0.015
0.339	0.528	0.066	0.067
0.219	0.416	0.001	0.364
0.220	0.680	0.001	0.099
0.155	0.822	0.001	0.022
0.095	0.868	0.001	0.036
>TBBCGWYT	5-TBBCGWYT	4.483257	-590.122131	0	T:8958.0(41.40%),B:8280.8(30.40%),P:1e-256	Tpos:51.6,Tstd:26.9,Bpos:50.2,Bstd:30.8,StrandBias:-0.2,Multiplicity:1.25
0.144	0.123	0.001	0.732
0.001	0.352	0.262	0.385
0.001	0.336	0.398	0.264
0.167	0.699	0.133	0.001
0.001	0.113	0.788	0.098
0.465	0.034	0.001	0.500
0.058	0.481	0.001	0.460
0.058	0.001	0.105	0.836
>GAGAGAGA	6-GAGAGAGA	4.727814	-590.113730	0	T:8476.0(39.17%),B:7722.5(28.35%),P:1e-256	Tpos:55.2,Tstd:26.9,Bpos:50.1,Bstd:33.3,StrandBias:-1.4,Multiplicity:1.29
0.129	0.031	0.792	0.048
0.745	0.103	0.062	0.090
0.092	0.050	0.812	0.046
0.714	0.093	0.077	0.116
0.063	0.085	0.814	0.038
0.653	0.109	0.123	0.115
0.078	0.067	0.818	0.037
0.651	0.096	0.155	0.098
>GGCGGCGG	7-GGCGGCGG	5.616945	-500.211379	0	T:7255.0(33.53%),B:6545.1(24.02%),P:1e-217	Tpos:58.0,Tstd:27.3,Bpos:49.9,Bstd:31.7,StrandBias:-1.3,Multiplicity:1.22
0.075	0.001	0.858	0.066
0.001	0.001	0.997	0.001
0.173	0.728	0.001	0.098
0.060	0.035	0.674	0.231
0.058	0.001	0.940	0.001
0.037	0.757	0.204	0.002
0.037	0.202	0.760	0.001
0.124	0.001	0.874	0.001
>CACABCAC	8-CACABCAC	5.023824	-486.494628	0	T:5087.0(23.51%),B:4199.9(15.42%),P:1e-211	Tpos:54.8,Tstd:27.1,Bpos:50.8,Bstd:30.3,StrandBias:1.5,Multiplicity:1.16
0.084	0.829	0.025	0.062
0.614	0.046	0.178	0.162
0.160	0.714	0.096	0.030
0.661	0.143	0.102	0.094
0.030	0.325	0.354	0.292
0.165	0.700	0.015	0.120
0.472	0.147	0.232	0.148
0.166	0.776	0.048	0.010
>GYBTGYGT	9-GYBTGYGT	5.442584	-444.822516	0	T:4005.0(18.51%),B:3152.9(11.57%),P:1e-193	Tpos:53.2,Tstd:26.9,Bpos:49.9,Bstd:31.0,StrandBias:-0.9,Multiplicity:1.20
0.001	0.102	0.741	0.156
0.001	0.427	0.160	0.412
0.001	0.396	0.330	0.273
0.001	0.173	0.001	0.825
0.001	0.104	0.778	0.117
0.110	0.494	0.001	0.395
0.001	0.304	0.476	0.219
0.065	0.155	0.001	0.779
>CTCGCATC	10-CTCGCATC	6.829263	-401.228347	0	T:2504.0(11.57%),B:1741.4(6.39%),P:1e-174	Tpos:56.1,Tstd:27.4,Bpos:50.2,Bstd:28.3,StrandBias:1.6,Multiplicity:1.03
0.001	0.853	0.001	0.145
0.327	0.099	0.001	0.573
0.001	0.997	0.001	0.001
0.094	0.001	0.715	0.190
0.001	0.997	0.001	0.001
0.579	0.343	0.003	0.075
0.002	0.070	0.120	0.808
0.001	0.862	0.001	0.136
>AAACCCTA	11-AAACCCTA	8.677626	-399.966484	0	T:946.0(4.37%),B:411.9(1.51%),P:1e-173	Tpos:56.4,Tstd:27.0,Bpos:47.3,Bstd:32.3,StrandBias:1.0,Multiplicity:1.04
0.878	0.001	0.120	0.001
0.997	0.001	0.001	0.001
0.997	0.001	0.001	0.001
0.001	0.997	0.001	0.001
0.001	0.997	0.001	0.001
0.001	0.997	0.001	0.001
0.001	0.001	0.001	0.997
0.760	0.198	0.001	0.041
>AAGCGAAG	12-AAGCGAAG	5.579735	-312.116841	0	T:2516.0(11.63%),B:1894.6(6.95%),P:1e-135	Tpos:52.7,Tstd:27.3,Bpos:49.4,Bstd:31.6,StrandBias:0.1,Multiplicity:1.05
0.934	0.001	0.001	0.064
0.997	0.001	0.001	0.001
0.044	0.001	0.954	0.001
0.086	0.863	0.050	0.001
0.055	0.116	0.785	0.044
0.861	0.001	0.046	0.092
0.923	0.034	0.042	0.001
0.001	0.204	0.794	0.001
>AACCCTAG	13-AACCCTAG	9.559730	-270.265892	0	T:747.0(3.45%),B:356.8(1.31%),P:1e-117	Tpos:52.7,Tstd:27.4,Bpos:42.5,Bstd:28.4,StrandBias:0.9,Multiplicity:1.00
0.997	0.001	0.001	0.001
0.997	0.001	0.001	0.001
0.001	0.997	0.001	0.001
0.001	0.997	0.001	0.001
0.001	0.997	0.001	0.001
0.001	0.001	0.001	0.997
0.997	0.001	0.001	0.001
0.221	0.001	0.777	0.001
>TAGCTAGC	14-TAGCTAGC	5.452768	-210.824562	0	T:758.0(3.50%),B:415.3(1.52%),P:1e-91	Tpos:49.8,Tstd:28.0,Bpos:46.3,Bstd:32.0,StrandBias:-0.1,Multiplicity:1.12
0.001	0.001	0.001	0.997
0.997	0.001	0.001	0.001
0.269	0.001	0.729	0.001
0.210	0.788	0.001	0.001
0.001	0.001	0.001	0.997
0.997	0.001	0.001	0.001
0.001	0.001	0.997	0.001
0.064	0.934	0.001	0.001
>ACTASTAS	15-ACTASTAS	5.673824	-165.331883	0	T:1378.0(6.37%),B:1038.4(3.81%),P:1e-71	Tpos:47.1,Tstd:25.7,Bpos:48.5,Bstd:29.1,StrandBias:0.5,Multiplicity:1.06
0.514	0.137	0.174	0.175
0.159	0.650	0.190	0.001
0.001	0.203	0.156	0.640
0.904	0.072	0.023	0.001
0.001	0.555	0.421	0.023
0.001	0.123	0.001	0.875
0.543	0.234	0.195	0.028
0.201	0.370	0.327	0.102
>TAGTTATA	16-TAGTTATA	4.999218	-143.967698	0	T:363.0(1.68%),B:164.9(0.61%),P:1e-62	Tpos:35.0,Tstd:19.4,Bpos:44.9,Bstd:33.3,StrandBias:-1.0,Multiplicity:1.00
0.001	0.001	0.001	0.997
0.806	0.001	0.001	0.192
0.012	0.190	0.797	0.001
0.001	0.001	0.001	0.997
0.001	0.001	0.001	0.997
0.997	0.001	0.001	0.001
0.001	0.001	0.001	0.997
0.997	0.001	0.001	0.001
>CATCCATC	17-CATCCATC	8.766687	-136.781348	0	T:417.0(1.93%),B:210.5(0.77%),P:1e-59	Tpos:53.7,Tstd:28.8,Bpos:52.5,Bstd:22.8,StrandBias:2.0,Multiplicity:1.10
0.001	0.997	0.001	0.001
0.997	0.001	0.001	0.001
0.001	0.001	0.001	0.997
0.001	0.997	0.001	0.001
0.001	0.871	0.127	0.001
0.785	0.001	0.213	0.001
0.001	0.001	0.001	0.997
0.001	0.997	0.001	0.001
>TGCCTGMC	18-TGCCTGMC	7.928814	-128.245080	0	T:503.0(2.32%),B:287.7(1.06%),P:1e-55	Tpos:53.7,Tstd:26.7,Bpos:48.8,Bstd:26.6,StrandBias:-0.0,Multiplicity:1.03
0.310	0.001	0.001	0.688
0.215	0.001	0.783	0.001
0.366	0.632	0.001	0.001
0.077	0.921	0.001	0.001
0.310	0.080	0.001	0.609
0.001	0.001	0.997	0.001
0.425	0.479	0.001	0.095
0.001	0.904	0.094	0.001
>TTGGTTGG	19-TTGGTTGG	5.758806	-124.504733	0	T:1113.0(5.14%),B:854.2(3.14%),P:1e-54	Tpos:49.9,Tstd:27.6,Bpos:51.0,Bstd:31.5,StrandBias:-1.1,Multiplicity:1.03
0.001	0.001	0.001	0.997
0.001	0.001	0.001	0.997
0.061	0.001	0.937	0.001
0.001	0.283	0.715	0.001
0.001	0.142	0.001	0.856
0.001	0.001	0.001	0.997
0.001	0.130	0.868	0.001
0.001	0.001	0.997	0.001
>AAAAGCCA	20-AAAAGCCA	8.288475	-123.182755	0	T:447.0(2.07%),B:246.2(0.90%),P:1e-53	Tpos:43.6,Tstd:25.1,Bpos:43.8,Bstd:32.5,StrandBias:1.9,Multiplicity:1.00
0.997	0.001	0.001	0.001
0.997	0.001	0.001	0.001
0.997	0.001	0.001	0.001
0.997	0.001	0.001	0.001
0.001	0.120	0.878	0.001
0.001	0.997	0.001	0.001
0.001	0.997	0.001	0.001
0.515	0.275	0.001	0.209
>GTCGTCTC	21-GTCGTCTC	7.407129	-115.911921	0	T:795.0(3.67%),B:563.6(2.07%),P:1e-50	Tpos:53.8,Tstd:27.4,Bpos:50.4,Bstd:27.7,StrandBias:1.0,Multiplicity:1.01
0.001	0.001	0.997	0.001
0.001	0.147	0.001	0.851
0.001	0.997	0.001	0.001
0.001	0.001	0.997	0.001
0.060	0.001	0.001	0.938
0.001	0.915	0.083	0.001
0.084	0.001	0.001	0.914
0.001	0.778	0.001	0.220
>CCATTTCG	22-CCATTTCG	5.646471	-98.373764	0	T:754.0(3.48%),B:553.2(2.03%),P:1e-42	Tpos:51.6,Tstd:28.0,Bpos:48.7,Bstd:27.1,StrandBias:1.5,Multiplicity:1.03
0.001	0.717	0.001	0.281
0.001	0.997	0.001	0.001
0.997	0.001	0.001	0.001
0.001	0.001	0.032	0.966
0.001	0.001	0.001	0.997
0.001	0.001	0.001	0.997
0.001	0.997	0.001	0.001
0.181	0.330	0.488	0.001
>AGTGTGTG	23-AGTGTGTG	8.236954	-78.637149	0	T:133.0(0.61%),B:46.7(0.17%),P:1e-34	Tpos:65.9,Tstd:21.9,Bpos:42.4,Bstd:15.8,StrandBias:-0.1,Multiplicity:1.00
0.700	0.100	0.100	0.100
0.100	0.100	0.700	0.100
0.100	0.100	0.100	0.700
0.100	0.100	0.700	0.100
0.100	0.100	0.100	0.700
0.100	0.100	0.700	0.100
0.100	0.100	0.100	0.700
0.100	0.100	0.700	0.100
>ATCARTCA	24-ATCARTCA	8.459906	-48.805845	0	T:302.0(1.40%),B:208.2(0.76%),P:1e-21	Tpos:45.9,Tstd:27.8,Bpos:49.7,Bstd:25.7,StrandBias:1.5,Multiplicity:1.04
0.997	0.001	0.001	0.001
0.001	0.001	0.001	0.997
0.001	0.997	0.001	0.001
0.997	0.001	0.001	0.001
0.469	0.001	0.325	0.205
0.001	0.011	0.001	0.987
0.001	0.997	0.001	0.001
0.584	0.228	0.187	0.001
>AAATCGCA	25-AAATCGCA	8.236954	-12.335006	0	T:58.0(0.27%),B:38.1(0.14%),P:1e-5	Tpos:52.3,Tstd:26.4,Bpos:69.4,Bstd:25.6,StrandBias:0.7,Multiplicity:1.00
0.700	0.100	0.100	0.100
0.700	0.100	0.100	0.100
0.700	0.100	0.100	0.100
0.100	0.100	0.100	0.700
0.100	0.700	0.100	0.100
0.100	0.100	0.700	0.100
0.100	0.700	0.100	0.100
0.700	0.100	0.100	0.100
