>BSYHTATATA	1-BSYHTATATA	5.594450	-1903.735968	0	T:4059.0(18.76%),B:1729.9(6.35%),P:1e-826	Tpos:31.2,Tstd:9.8,Bpos:51.0,Bstd:38.0,StrandBias:0.2,Multiplicity:1.03
0.120	0.382	0.258	0.240
0.106	0.363	0.324	0.207
0.121	0.287	0.173	0.420
0.326	0.290	0.159	0.225
0.005	0.082	0.016	0.897
0.633	0.061	0.033	0.273
0.140	0.031	0.010	0.819
0.888	0.023	0.038	0.051
0.368	0.020	0.023	0.589
0.761	0.093	0.076	0.070
>MMCMMMCCCC	2-MMCMMMCCCC	4.726174	-1093.174582	0	T:9984.0(46.14%),B:8435.9(30.97%),P:1e-474	Tpos:54.6,Tstd:25.6,Bpos:49.8,Bstd:30.3,StrandBias:2.5,Multiplicity:1.39
0.324	0.423	0.001	0.252
0.347	0.463	0.001	0.189
0.390	0.608	0.001	0.001
0.449	0.546	0.004	0.001
0.414	0.464	0.121	0.001
0.318	0.402	0.087	0.193
0.302	0.452	0.001	0.245
0.301	0.554	0.001	0.144
0.313	0.587	0.001	0.099
0.347	0.651	0.001	0.001
>TATATATACA	3-TATATATACA	5.262879	-1055.839659	0	T:3001.0(13.87%),B:1495.9(5.49%),P:1e-458	Tpos:37.4,Tstd:20.6,Bpos:46.8,Bstd:31.2,StrandBias:0.6,Multiplicity:1.05
0.101	0.146	0.083	0.670
0.828	0.063	0.029	0.080
0.118	0.161	0.065	0.656
0.710	0.072	0.076	0.142
0.165	0.111	0.073	0.651
0.684	0.091	0.129	0.096
0.079	0.094	0.085	0.742
0.689	0.097	0.117	0.097
0.122	0.697	0.097	0.084
0.675	0.144	0.096	0.085
>TYCCVWTTCC	4-TYCCVWTTCC	5.053632	-882.319323	0	T:7519.0(34.75%),B:6060.0(22.25%),P:1e-383	Tpos:53.9,Tstd:27.4,Bpos:50.2,Bstd:31.4,StrandBias:1.4,Multiplicity:1.17
0.024	0.178	0.008	0.790
0.014	0.479	0.158	0.349
0.004	0.766	0.124	0.106
0.131	0.538	0.266	0.065
0.299	0.331	0.367	0.003
0.406	0.090	0.143	0.361
0.062	0.229	0.181	0.528
0.001	0.344	0.058	0.597
0.001	0.653	0.166	0.180
0.056	0.629	0.266	0.049
>CBTCTCSTCT	5-CBTCTCSTCT	5.239924	-868.175214	0	T:10530.0(48.66%),B:9503.4(34.89%),P:1e-377	Tpos:56.2,Tstd:26.9,Bpos:50.9,Bstd:32.0,StrandBias:1.3,Multiplicity:1.32
0.001	0.916	0.062	0.021
0.020	0.338	0.367	0.275
0.013	0.382	0.009	0.596
0.001	0.754	0.029	0.216
0.001	0.213	0.281	0.505
0.001	0.965	0.008	0.026
0.005	0.372	0.430	0.192
0.042	0.197	0.105	0.656
0.001	0.745	0.010	0.244
0.022	0.271	0.117	0.590
>TCTCTCTCTC	6-TCTCTCTCTC	4.668383	-508.603006	0	T:8691.0(40.16%),B:8173.0(30.00%),P:1e-220	Tpos:56.5,Tstd:26.5,Bpos:50.0,Bstd:33.0,StrandBias:1.4,Multiplicity:1.25
0.078	0.144	0.097	0.681
0.072	0.739	0.087	0.102
0.079	0.135	0.119	0.667
0.069	0.727	0.103	0.101
0.094	0.128	0.110	0.668
0.069	0.734	0.102	0.095
0.103	0.130	0.102	0.665
0.065	0.735	0.097	0.103
0.071	0.126	0.110	0.693
0.077	0.694	0.096	0.133
>AAACCCTAGC	7-AAACCCTAGC	8.457425	-330.715230	0	T:732.0(3.38%),B:304.6(1.12%),P:1e-143	Tpos:56.2,Tstd:27.2,Bpos:52.7,Bstd:33.4,StrandBias:0.8,Multiplicity:1.02
0.860	0.023	0.040	0.077
0.993	0.001	0.001	0.005
0.976	0.005	0.018	0.001
0.001	0.965	0.010	0.024
0.005	0.989	0.005	0.001
0.001	0.997	0.001	0.001
0.013	0.001	0.001	0.985
0.886	0.067	0.001	0.046
0.093	0.001	0.905	0.001
0.089	0.692	0.108	0.111
>AGGCCGCAGC	8-AGGCCGCAGC	7.479679	-302.833779	0	T:2263.0(10.46%),B:1662.9(6.10%),P:1e-131	Tpos:56.9,Tstd:26.8,Bpos:49.3,Bstd:32.0,StrandBias:0.3,Multiplicity:1.07
0.680	0.191	0.128	0.001
0.272	0.122	0.605	0.001
0.081	0.184	0.734	0.001
0.055	0.943	0.001	0.001
0.208	0.399	0.195	0.199
0.131	0.001	0.867	0.001
0.034	0.862	0.001	0.103
0.559	0.159	0.271	0.011
0.045	0.001	0.953	0.001
0.001	0.838	0.149	0.012
>CTGCYTGCYT	9-CTGCYTGCYT	7.964619	-291.893029	0	T:1101.0(5.09%),B:618.9(2.27%),P:1e-126	Tpos:55.6,Tstd:26.6,Bpos:49.9,Bstd:32.9,StrandBias:0.1,Multiplicity:1.01
0.001	0.592	0.078	0.329
0.094	0.274	0.001	0.631
0.001	0.001	0.972	0.026
0.001	0.762	0.094	0.143
0.001	0.477	0.001	0.521
0.040	0.149	0.001	0.810
0.001	0.001	0.997	0.001
0.001	0.918	0.080	0.001
0.001	0.428	0.130	0.441
0.123	0.235	0.001	0.641
>CGCARCGCAA	10-CGCARCGCAA	5.408260	-285.676416	0	T:2216.0(10.24%),B:1645.1(6.04%),P:1e-124	Tpos:55.8,Tstd:26.8,Bpos:50.0,Bstd:31.2,StrandBias:0.9,Multiplicity:1.09
0.201	0.445	0.202	0.152
0.156	0.237	0.489	0.117
0.163	0.707	0.127	0.003
0.634	0.178	0.133	0.055
0.421	0.205	0.277	0.097
0.284	0.483	0.108	0.125
0.127	0.150	0.585	0.138
0.161	0.758	0.080	0.001
0.639	0.144	0.134	0.083
0.459	0.169	0.273	0.099
>CACACRCACA	11-CACACRCACA	7.023871	-278.833794	0	T:1237.0(5.72%),B:747.7(2.74%),P:1e-121	Tpos:56.6,Tstd:26.7,Bpos:50.6,Bstd:30.2,StrandBias:1.5,Multiplicity:1.06
0.031	0.910	0.050	0.009
0.760	0.025	0.184	0.031
0.127	0.643	0.215	0.015
0.674	0.077	0.160	0.089
0.092	0.593	0.302	0.013
0.366	0.038	0.448	0.147
0.034	0.843	0.100	0.023
0.728	0.027	0.229	0.016
0.104	0.756	0.109	0.031
0.698	0.142	0.108	0.052
>NGGAYGGAYG	12-NGGAYGGAYG	6.960033	-257.001668	0	T:631.0(2.92%),B:280.8(1.03%),P:1e-111	Tpos:52.6,Tstd:28.5,Bpos:47.1,Bstd:29.7,StrandBias:-2.3,Multiplicity:1.01
0.257	0.181	0.311	0.250
0.190	0.139	0.448	0.223
0.375	0.035	0.575	0.015
0.593	0.286	0.084	0.037
0.029	0.456	0.030	0.485
0.049	0.070	0.811	0.070
0.116	0.118	0.731	0.035
0.789	0.080	0.073	0.058
0.052	0.293	0.226	0.429
0.118	0.203	0.628	0.051
>TACTASTAGT	13-TACTASTAGT	5.564475	-199.277446	0	T:1479.0(6.83%),B:1077.1(3.95%),P:1e-86	Tpos:47.5,Tstd:25.2,Bpos:51.7,Bstd:28.6,StrandBias:-0.2,Multiplicity:1.07
0.130	0.144	0.105	0.621
0.684	0.019	0.188	0.109
0.021	0.508	0.357	0.114
0.074	0.076	0.043	0.807
0.724	0.032	0.124	0.120
0.034	0.413	0.552	0.001
0.002	0.194	0.001	0.803
0.761	0.023	0.064	0.152
0.009	0.299	0.661	0.031
0.142	0.239	0.128	0.491
>GACTGACTGA	14-GACTGACTGA	6.643251	-185.810029	0	T:1109.0(5.13%),B:750.2(2.75%),P:1e-80	Tpos:52.6,Tstd:26.5,Bpos:47.9,Bstd:28.8,StrandBias:-1.3,Multiplicity:1.02
0.082	0.010	0.880	0.028
0.666	0.083	0.178	0.073
0.106	0.561	0.123	0.210
0.076	0.099	0.237	0.588
0.010	0.001	0.987	0.002
0.534	0.198	0.190	0.078
0.139	0.653	0.052	0.156
0.004	0.222	0.260	0.514
0.053	0.007	0.939	0.001
0.715	0.081	0.121	0.083
>ATAAAACGCC	15-ATAAAACGCC	9.629386	-172.222237	0	T:160.0(0.74%),B:30.8(0.11%),P:1e-74	Tpos:38.3,Tstd:20.2,Bpos:48.1,Bstd:27.9,StrandBias:1.5,Multiplicity:1.00
0.924	0.001	0.001	0.074
0.001	0.036	0.001	0.962
0.997	0.001	0.001	0.001
0.930	0.068	0.001	0.001
0.997	0.001	0.001	0.001
0.855	0.001	0.143	0.001
0.186	0.651	0.162	0.001
0.001	0.106	0.843	0.050
0.001	0.636	0.362	0.001
0.001	0.997	0.001	0.001
>CTAGCTAGCT	16-CTAGCTAGCT	8.678347	-170.755524	0	T:341.0(1.58%),B:132.2(0.49%),P:1e-74	Tpos:59.5,Tstd:28.2,Bpos:52.5,Bstd:27.9,StrandBias:0.3,Multiplicity:1.03
0.074	0.533	0.195	0.198
0.076	0.246	0.185	0.494
0.658	0.082	0.145	0.115
0.058	0.031	0.904	0.007
0.004	0.884	0.048	0.064
0.050	0.012	0.018	0.920
0.717	0.085	0.151	0.047
0.078	0.067	0.820	0.035
0.030	0.889	0.019	0.062
0.230	0.163	0.071	0.536
>ACTGCACTGC	17-ACTGCACTGC	6.290541	-165.378285	0	T:1629.0(7.53%),B:1286.9(4.72%),P:1e-71	Tpos:54.4,Tstd:26.8,Bpos:50.7,Bstd:29.3,StrandBias:0.3,Multiplicity:1.09
0.705	0.097	0.102	0.096
0.058	0.742	0.143	0.057
0.148	0.097	0.125	0.630
0.083	0.087	0.758	0.072
0.100	0.642	0.170	0.088
0.691	0.116	0.090	0.103
0.090	0.727	0.104	0.079
0.119	0.083	0.122	0.676
0.108	0.124	0.709	0.059
0.060	0.722	0.123	0.095
>CRCCACTCGC	18-CRCCACTCGC	8.478561	-151.324582	0	T:512.0(2.37%),B:272.1(1.00%),P:1e-65	Tpos:55.2,Tstd:26.7,Bpos:46.2,Bstd:29.5,StrandBias:1.5,Multiplicity:1.01
0.001	0.997	0.001	0.001
0.445	0.001	0.423	0.131
0.001	0.849	0.001	0.149
0.107	0.642	0.250	0.001
0.831	0.064	0.001	0.104
0.089	0.718	0.192	0.001
0.024	0.001	0.001	0.974
0.001	0.934	0.001	0.064
0.340	0.001	0.563	0.096
0.001	0.848	0.039	0.112
>TTTTATTCGC	19-TTTTATTCGC	7.595243	-116.105047	0	T:143.0(0.66%),B:37.9(0.14%),P:1e-50	Tpos:44.0,Tstd:26.0,Bpos:52.8,Bstd:38.0,StrandBias:-0.3,Multiplicity:1.01
0.191	0.060	0.118	0.631
0.042	0.085	0.031	0.842
0.038	0.132	0.073	0.757
0.012	0.202	0.129	0.657
0.489	0.288	0.192	0.031
0.172	0.182	0.084	0.562
0.038	0.029	0.131	0.802
0.190	0.516	0.147	0.147
0.259	0.132	0.572	0.037
0.224	0.590	0.062	0.124
>AWACAAAAGC	20-AWACAAAAGC	10.482963	-93.835486	0	T:50.0(0.23%),B:4.7(0.02%),P:1e-40	Tpos:41.0,Tstd:23.4,Bpos:75.3,Bstd:6.4,StrandBias:1.9,Multiplicity:1.00
0.975	0.018	0.006	0.001
0.362	0.034	0.096	0.508
0.918	0.018	0.057	0.007
0.072	0.926	0.001	0.001
0.975	0.018	0.001	0.006
0.992	0.001	0.001	0.006
0.965	0.001	0.033	0.001
0.920	0.001	0.073	0.006
0.001	0.096	0.869	0.034
0.001	0.981	0.017	0.001
>AGCCAGCCAC	21-AGCCAGCCAC	11.930118	-89.229032	0	T:81.0(0.37%),B:15.8(0.06%),P:1e-38	Tpos:56.5,Tstd:27.6,Bpos:47.0,Bstd:24.1,StrandBias:1.8,Multiplicity:1.00
0.997	0.001	0.001	0.001
0.001	0.001	0.681	0.317
0.001	0.997	0.001	0.001
0.001	0.997	0.001	0.001
0.997	0.001	0.001	0.001
0.001	0.001	0.997	0.001
0.001	0.997	0.001	0.001
0.001	0.969	0.001	0.029
0.774	0.001	0.224	0.001
0.001	0.997	0.001	0.001
>CGACTGCGAG	22-CGACTGCGAG	8.752631	-85.072408	0	T:74.0(0.34%),B:13.5(0.05%),P:1e-36	Tpos:62.5,Tstd:20.9,Bpos:68.7,Bstd:24.4,StrandBias:-1.3,Multiplicity:1.00
0.001	0.883	0.115	0.001
0.001	0.001	0.997	0.001
0.997	0.001	0.001	0.001
0.001	0.991	0.007	0.001
0.001	0.001	0.001	0.997
0.001	0.001	0.997	0.001
0.001	0.997	0.001	0.001
0.001	0.001	0.997	0.001
0.997	0.001	0.001	0.001
0.001	0.001	0.997	0.001
>TCATTTCATT	23-TCATTTCATT	8.408425	-84.209051	0	T:76.0(0.35%),B:14.3(0.05%),P:1e-36	Tpos:44.0,Tstd:26.0,Bpos:40.5,Bstd:21.8,StrandBias:1.7,Multiplicity:1.03
0.001	0.001	0.001	0.997
0.001	0.997	0.001	0.001
0.997	0.001	0.001	0.001
0.001	0.001	0.001	0.997
0.001	0.036	0.001	0.962
0.001	0.153	0.001	0.845
0.001	0.997	0.001	0.001
0.997	0.001	0.001	0.001
0.001	0.001	0.001	0.997
0.001	0.205	0.001	0.793
>TTCACTTCAC	24-TTCACTTCAC	11.416044	-59.670881	0	T:37.0(0.17%),B:4.5(0.02%),P:1e-25	Tpos:50.5,Tstd:29.1,Bpos:63.5,Bstd:11.0,StrandBias:2.2,Multiplicity:1.04
0.001	0.212	0.001	0.786
0.001	0.023	0.001	0.975
0.001	0.997	0.001	0.001
0.997	0.001	0.001	0.001
0.002	0.572	0.213	0.213
0.074	0.001	0.213	0.712
0.026	0.013	0.001	0.960
0.001	0.996	0.002	0.001
0.786	0.001	0.001	0.212
0.001	0.997	0.001	0.001
>ATTTAACGCT	25-ATTTAACGCT	9.403582	-53.214785	0	T:43.0(0.20%),B:7.8(0.03%),P:1e-23	Tpos:33.2,Tstd:17.4,Bpos:58.0,Bstd:32.3,StrandBias:1.1,Multiplicity:1.00
0.887	0.048	0.064	0.001
0.001	0.048	0.048	0.903
0.001	0.048	0.048	0.903
0.048	0.200	0.001	0.751
0.997	0.001	0.001	0.001
0.838	0.048	0.113	0.001
0.001	0.757	0.241	0.001
0.006	0.211	0.777	0.006
0.001	0.903	0.048	0.048
0.048	0.048	0.001	0.903
>SBBTMTATATAT	1-SBBTMTATATAT	5.710530	-1922.768599	0	T:3924.0(18.13%),B:1619.7(5.95%),P:1e-835	Tpos:31.3,Tstd:9.4,Bpos:51.0,Bstd:37.7,StrandBias:-0.0,Multiplicity:1.03
0.169	0.294	0.350	0.187
0.102	0.355	0.263	0.279
0.151	0.326	0.334	0.190
0.068	0.264	0.171	0.498
0.381	0.272	0.145	0.202
0.008	0.042	0.011	0.939
0.689	0.035	0.036	0.240
0.110	0.002	0.002	0.886
0.871	0.007	0.036	0.086
0.228	0.001	0.028	0.743
0.912	0.017	0.041	0.030
0.167	0.129	0.239	0.465
>CCCMCCCCCHCC	2-CCCMCCCCCHCC	4.517831	-1029.148916	0	T:11884.0(54.92%),B:10803.4(39.66%),P:1e-446	Tpos:56.3,Tstd:25.9,Bpos:49.9,Bstd:31.5,StrandBias:2.3,Multiplicity:1.54
0.081	0.677	0.087	0.155
0.088	0.720	0.081	0.111
0.145	0.720	0.066	0.069
0.321	0.390	0.111	0.178
0.120	0.618	0.099	0.163
0.088	0.679	0.084	0.149
0.137	0.543	0.165	0.155
0.099	0.725	0.086	0.090
0.129	0.744	0.056	0.071
0.313	0.346	0.132	0.209
0.083	0.711	0.101	0.105
0.064	0.788	0.073	0.075
>CBTCTCBTCTCB	3-CBTCTCBTCTCB	5.025308	-796.024842	0	T:10114.0(46.74%),B:9164.1(33.64%),P:1e-345	Tpos:55.3,Tstd:26.2,Bpos:50.3,Bstd:32.3,StrandBias:1.1,Multiplicity:1.23
0.047	0.604	0.126	0.223
0.047	0.366	0.310	0.276
0.046	0.218	0.094	0.642
0.009	0.750	0.057	0.184
0.012	0.106	0.090	0.792
0.018	0.894	0.040	0.048
0.026	0.299	0.391	0.284
0.061	0.203	0.115	0.621
0.009	0.800	0.064	0.127
0.019	0.085	0.110	0.786
0.011	0.760	0.066	0.163
0.033	0.355	0.299	0.314
>CCATTCCATTYC	4-CCATTCCATTYC	5.448128	-602.373860	0	T:3681.0(17.01%),B:2574.6(9.45%),P:1e-261	Tpos:53.4,Tstd:27.5,Bpos:49.2,Bstd:29.5,StrandBias:1.9,Multiplicity:1.05
0.009	0.902	0.056	0.033
0.126	0.772	0.060	0.042
0.617	0.181	0.127	0.075
0.135	0.070	0.131	0.664
0.009	0.024	0.009	0.958
0.001	0.830	0.023	0.146
0.001	0.976	0.009	0.014
0.741	0.095	0.080	0.084
0.126	0.034	0.275	0.565
0.005	0.172	0.023	0.800
0.019	0.407	0.028	0.546
0.001	0.906	0.019	0.074
>MAAACCAAACCM	5-MAAACCAAACCM	6.351365	-492.887278	0	T:1791.0(8.28%),B:995.9(3.66%),P:1e-214	Tpos:52.6,Tstd:25.5,Bpos:49.6,Bstd:31.0,StrandBias:2.0,Multiplicity:1.06
0.358	0.411	0.216	0.014
0.604	0.269	0.123	0.004
0.692	0.126	0.172	0.010
0.533	0.189	0.195	0.083
0.192	0.471	0.261	0.077
0.263	0.634	0.102	0.001
0.669	0.243	0.068	0.020
0.703	0.131	0.133	0.033
0.540	0.166	0.213	0.081
0.218	0.448	0.271	0.063
0.293	0.582	0.112	0.013
0.355	0.358	0.181	0.106
>CWCACACACACA	6-CWCACACACACA	5.622583	-472.698834	0	T:2595.0(11.99%),B:1727.2(6.34%),P:1e-205	Tpos:56.8,Tstd:25.2,Bpos:51.4,Bstd:29.3,StrandBias:1.7,Multiplicity:1.07
0.143	0.631	0.155	0.071
0.390	0.111	0.176	0.323
0.124	0.767	0.093	0.016
0.625	0.066	0.202	0.107
0.116	0.699	0.145	0.040
0.671	0.073	0.136	0.120
0.152	0.564	0.222	0.062
0.585	0.052	0.181	0.182
0.098	0.711	0.141	0.050
0.592	0.091	0.199	0.118
0.120	0.683	0.111	0.086
0.606	0.117	0.162	0.115
>TTGGGAMTTGGG	7-TTGGGAMTTGGG	6.128369	-465.619149	0	T:1848.0(8.54%),B:1070.2(3.93%),P:1e-202	Tpos:52.9,Tstd:25.1,Bpos:50.9,Bstd:30.8,StrandBias:-2.1,Multiplicity:1.11
0.154	0.138	0.112	0.596
0.075	0.106	0.199	0.620
0.046	0.092	0.592	0.270
0.072	0.112	0.718	0.098
0.187	0.152	0.592	0.069
0.584	0.122	0.179	0.115
0.385	0.237	0.163	0.214
0.125	0.120	0.124	0.631
0.066	0.144	0.147	0.643
0.056	0.107	0.569	0.268
0.089	0.101	0.690	0.120
0.211	0.128	0.579	0.082
>GGCTAGGGTTTK	8-GGCTAGGGTTTK	8.001807	-442.239520	0	T:883.0(4.08%),B:342.0(1.26%),P:1e-192	Tpos:56.6,Tstd:26.0,Bpos:52.6,Bstd:32.0,StrandBias:-1.2,Multiplicity:1.03
0.165	0.160	0.459	0.216
0.185	0.115	0.495	0.206
0.057	0.432	0.230	0.281
0.148	0.145	0.223	0.483
0.665	0.069	0.168	0.098
0.007	0.001	0.953	0.039
0.034	0.003	0.916	0.047
0.132	0.117	0.598	0.153
0.010	0.062	0.034	0.894
0.070	0.001	0.015	0.914
0.137	0.164	0.089	0.610
0.201	0.209	0.226	0.364
>AGAGAGAGAGAG	9-AGAGAGAGAGAG	6.678018	-312.112576	0	T:2444.0(11.29%),B:1823.8(6.69%),P:1e-135	Tpos:56.6,Tstd:26.4,Bpos:48.5,Bstd:32.3,StrandBias:-0.8,Multiplicity:1.03
0.689	0.109	0.129	0.073
0.090	0.063	0.807	0.040
0.677	0.178	0.102	0.043
0.100	0.165	0.660	0.075
0.731	0.139	0.058	0.072
0.084	0.091	0.802	0.023
0.736	0.151	0.069	0.044
0.092	0.170	0.669	0.069
0.743	0.147	0.067	0.043
0.092	0.089	0.775	0.044
0.712	0.139	0.116	0.033
0.113	0.123	0.680	0.084
>HGYGASTNGYGA	10-HGYGASTNGYGA	9.611926	-179.707052	0	T:171.0(0.79%),B:33.2(0.12%),P:1e-78	Tpos:58.6,Tstd:25.8,Bpos:54.5,Bstd:28.2,StrandBias:-1.7,Multiplicity:1.08
0.252	0.334	0.069	0.346
0.016	0.063	0.889	0.032
0.005	0.456	0.001	0.538
0.042	0.001	0.956	0.001
0.831	0.058	0.079	0.032
0.100	0.423	0.450	0.027
0.063	0.059	0.026	0.852
0.163	0.258	0.271	0.309
0.035	0.047	0.917	0.001
0.011	0.481	0.032	0.477
0.026	0.037	0.916	0.021
0.816	0.027	0.058	0.099
>CCACAGCCCACA	11-CCACAGCCCACA	8.261221	-170.952547	0	T:479.0(2.21%),B:230.2(0.84%),P:1e-74	Tpos:52.9,Tstd:26.6,Bpos:52.3,Bstd:30.6,StrandBias:1.5,Multiplicity:1.01
0.052	0.814	0.071	0.063
0.119	0.751	0.036	0.094
0.707	0.046	0.180	0.067
0.018	0.814	0.161	0.007
0.766	0.018	0.149	0.067
0.038	0.071	0.871	0.020
0.052	0.535	0.176	0.237
0.128	0.757	0.043	0.072
0.097	0.761	0.063	0.079
0.741	0.056	0.137	0.066
0.041	0.803	0.124	0.032
0.688	0.035	0.177	0.100
>TACTAGTAGTAG	12-TACTAGTAGTAG	7.525415	-166.507478	0	T:364.0(1.68%),B:150.6(0.55%),P:1e-72	Tpos:47.2,Tstd:24.6,Bpos:54.0,Bstd:24.9,StrandBias:-0.3,Multiplicity:1.04
0.120	0.174	0.070	0.636
0.616	0.060	0.185	0.139
0.069	0.543	0.341	0.047
0.106	0.110	0.064	0.720
0.836	0.027	0.066	0.071
0.048	0.354	0.569	0.029
0.049	0.139	0.041	0.771
0.794	0.033	0.107	0.066
0.055	0.293	0.616	0.036
0.094	0.198	0.060	0.648
0.683	0.107	0.055	0.155
0.065	0.184	0.623	0.128
>TGCTGTGCTGTG	13-TGCTGTGCTGTG	8.448280	-149.247946	0	T:442.0(2.04%),B:219.6(0.81%),P:1e-64	Tpos:56.5,Tstd:25.9,Bpos:48.3,Bstd:30.4,StrandBias:-1.1,Multiplicity:1.01
0.070	0.120	0.094	0.716
0.015	0.135	0.814	0.036
0.033	0.785	0.070	0.112
0.268	0.110	0.081	0.541
0.014	0.203	0.763	0.020
0.059	0.121	0.036	0.784
0.015	0.056	0.905	0.024
0.045	0.794	0.054	0.107
0.265	0.104	0.078	0.553
0.041	0.183	0.733	0.043
0.051	0.206	0.109	0.634
0.024	0.117	0.708	0.151
>GCTAGCTAGCTA	14-GCTAGCTAGCTA	8.186743	-141.213211	0	T:445.0(2.06%),B:228.0(0.84%),P:1e-61	Tpos:60.0,Tstd:26.6,Bpos:49.0,Bstd:30.1,StrandBias:0.1,Multiplicity:1.04
0.144	0.083	0.696	0.077
0.082	0.758	0.126	0.034
0.137	0.148	0.131	0.584
0.762	0.073	0.062	0.103
0.012	0.010	0.968	0.010
0.007	0.971	0.014	0.008
0.125	0.067	0.068	0.740
0.713	0.070	0.075	0.142
0.016	0.031	0.929	0.024
0.071	0.775	0.073	0.081
0.153	0.090	0.164	0.593
0.534	0.154	0.161	0.151
>CACACGGCACAC	15-CACACGGCACAC	9.627011	-135.018554	0	T:176.0(0.81%),B:48.3(0.18%),P:1e-58	Tpos:48.4,Tstd:29.7,Bpos:45.2,Bstd:20.3,StrandBias:1.0,Multiplicity:1.00
0.096	0.866	0.037	0.001
0.831	0.074	0.094	0.001
0.087	0.863	0.038	0.012
0.811	0.049	0.103	0.037
0.025	0.875	0.063	0.037
0.038	0.075	0.765	0.122
0.088	0.098	0.777	0.037
0.001	0.937	0.061	0.001
0.780	0.109	0.037	0.074
0.042	0.897	0.012	0.049
0.803	0.062	0.062	0.073
0.107	0.805	0.087	0.001
>CTGGAGACTGGA	16-CTGGAGACTGGA	8.446680	-134.120598	0	T:396.0(1.83%),B:196.8(0.72%),P:1e-58	Tpos:52.7,Tstd:25.9,Bpos:47.0,Bstd:29.8,StrandBias:-0.6,Multiplicity:1.04
0.071	0.789	0.102	0.038
0.074	0.080	0.062	0.784
0.052	0.053	0.894	0.001
0.079	0.187	0.614	0.120
0.707	0.212	0.029	0.052
0.053	0.142	0.787	0.018
0.519	0.216	0.136	0.129
0.068	0.777	0.131	0.024
0.068	0.112	0.026	0.794
0.009	0.018	0.891	0.082
0.090	0.239	0.562	0.109
0.637	0.242	0.056	0.065
>CATCCATCCATC	17-CATCCATCCATC	10.485928	-115.840869	0	T:80.0(0.37%),B:10.3(0.04%),P:1e-50	Tpos:50.2,Tstd:25.8,Bpos:51.2,Bstd:12.8,StrandBias:3.1,Multiplicity:1.00
0.170	0.723	0.039	0.068
0.708	0.021	0.166	0.105
0.149	0.071	0.017	0.763
0.013	0.765	0.064	0.158
0.148	0.721	0.046	0.085
0.908	0.021	0.051	0.020
0.004	0.114	0.051	0.831
0.017	0.687	0.080	0.216
0.102	0.798	0.067	0.033
0.848	0.088	0.034	0.030
0.085	0.093	0.182	0.640
0.161	0.660	0.072	0.107
>VRCGCAGCGCAG	18-VRCGCAGCGCAG	8.499924	-115.246625	0	T:66.0(0.31%),B:6.9(0.03%),P:1e-50	Tpos:65.9,Tstd:24.3,Bpos:58.0,Bstd:13.3,StrandBias:0.4,Multiplicity:1.00
0.350	0.262	0.299	0.089
0.406	0.101	0.357	0.136
0.183	0.521	0.181	0.115
0.163	0.155	0.598	0.084
0.080	0.745	0.122	0.053
0.584	0.191	0.147	0.078
0.123	0.125	0.664	0.088
0.167	0.581	0.122	0.130
0.157	0.125	0.625	0.093
0.111	0.700	0.118	0.071
0.556	0.153	0.165	0.126
0.148	0.149	0.580	0.123
>CATTCATTCATT	19-CATTCATTCATT	11.177829	-78.717854	0	T:29.0(0.13%),B:1.7(0.01%),P:1e-34	Tpos:43.3,Tstd:28.8,Bpos:51.5,Bstd:27.7,StrandBias:0.9,Multiplicity:1.00
0.101	0.616	0.001	0.282
0.997	0.001	0.001	0.001
0.001	0.158	0.050	0.791
0.001	0.001	0.001	0.997
0.151	0.847	0.001	0.001
0.894	0.104	0.001	0.001
0.155	0.155	0.001	0.689
0.100	0.001	0.001	0.898
0.001	0.997	0.001	0.001
0.997	0.001	0.001	0.001
0.001	0.001	0.357	0.641
0.161	0.259	0.001	0.579
>CBAGCAGTCYAG	20-CBAGCAGTCYAG	9.372807	-77.286035	0	T:57.0(0.26%),B:8.9(0.03%),P:1e-33	Tpos:59.7,Tstd:23.7,Bpos:62.7,Bstd:6.4,StrandBias:0.8,Multiplicity:1.05
0.039	0.877	0.054	0.030
0.033	0.245	0.363	0.359
0.602	0.070	0.269	0.059
0.041	0.293	0.638	0.028
0.030	0.562	0.039	0.369
0.445	0.256	0.253	0.046
0.063	0.218	0.489	0.230
0.041	0.050	0.377	0.532
0.048	0.861	0.050	0.041
0.037	0.471	0.052	0.440
0.637	0.268	0.038	0.057
0.046	0.067	0.837	0.050
>CCCGAAACCCTR	21-CCCGAAACCCTR	9.532986	-70.358031	0	T:112.0(0.52%),B:37.8(0.14%),P:1e-30	Tpos:66.1,Tstd:25.7,Bpos:20.5,Bstd:6.4,StrandBias:2.1,Multiplicity:1.00
0.112	0.523	0.224	0.141
0.243	0.458	0.125	0.174
0.114	0.785	0.097	0.004
0.099	0.103	0.475	0.322
0.556	0.185	0.144	0.115
0.707	0.119	0.071	0.103
0.777	0.003	0.148	0.072
0.053	0.791	0.072	0.084
0.004	0.876	0.068	0.052
0.004	0.803	0.056	0.137
0.184	0.072	0.006	0.738
0.402	0.151	0.350	0.098
>TTCTTTACCCTA	22-TTCTTTACCCTA	6.191173	-63.751316	0	T:42.0(0.19%),B:5.4(0.02%),P:1e-27	Tpos:42.7,Tstd:24.6,Bpos:70.4,Bstd:14.8,StrandBias:1.4,Multiplicity:1.00
0.001	0.001	0.001	0.997
0.001	0.001	0.001	0.997
0.001	0.997	0.001	0.001
0.001	0.001	0.001	0.997
0.001	0.001	0.001	0.997
0.001	0.001	0.001	0.997
0.997	0.001	0.001	0.001
0.001	0.997	0.001	0.001
0.001	0.997	0.001	0.001
0.001	0.997	0.001	0.001
0.001	0.001	0.001	0.997
0.968	0.030	0.001	0.001
>CGCTTGCGGCTT	23-CGCTTGCGGCTT	10.418235	-61.640621	0	T:47.0(0.22%),B:7.5(0.03%),P:1e-26	Tpos:61.1,Tstd:24.2,Bpos:72.1,Bstd:10.1,StrandBias:-0.1,Multiplicity:1.00
0.063	0.730	0.143	0.064
0.018	0.046	0.891	0.045
0.036	0.866	0.061	0.037
0.018	0.126	0.071	0.785
0.036	0.088	0.054	0.822
0.019	0.064	0.898	0.019
0.028	0.836	0.082	0.054
0.063	0.093	0.781	0.063
0.010	0.090	0.864	0.036
0.009	0.867	0.061	0.063
0.036	0.136	0.036	0.792
0.054	0.001	0.063	0.882
>CATTGCAGTTGC	24-CATTGCAGTTGC	11.982882	-56.736338	0	T:39.0(0.18%),B:5.1(0.02%),P:1e-24	Tpos:56.9,Tstd:27.3,Bpos:23.2,Bstd:8.0,StrandBias:-0.2,Multiplicity:1.00
0.001	0.813	0.137	0.049
0.813	0.137	0.001	0.049
0.001	0.049	0.049	0.901
0.049	0.049	0.001	0.901
0.001	0.001	0.997	0.001
0.001	0.997	0.001	0.001
0.901	0.001	0.049	0.049
0.049	0.001	0.901	0.049
0.001	0.136	0.001	0.862
0.001	0.001	0.001	0.997
0.001	0.001	0.950	0.048
0.001	0.950	0.001	0.048
>GGTTCTGGGCTT	25-GGTTCTGGGCTT	10.698353	-42.126653	0	T:35.0(0.16%),B:6.3(0.02%),P:1e-18	Tpos:57.0,Tstd:25.9,Bpos:44.9,Bstd:9.6,StrandBias:-1.8,Multiplicity:1.00
0.082	0.084	0.728	0.106
0.055	0.070	0.793	0.082
0.043	0.072	0.082	0.803
0.014	0.056	0.045	0.885
0.027	0.771	0.120	0.082
0.055	0.072	0.055	0.818
0.041	0.001	0.924	0.034
0.027	0.029	0.903	0.041
0.043	0.055	0.780	0.122
0.027	0.822	0.096	0.055
0.041	0.031	0.014	0.914
0.068	0.052	0.023	0.857
>TATATA	1-TATATA	5.530464	-1763.712121	0	T:4589.0(21.21%),B:2232.0(8.19%),P:1e-765	Tpos:31.1,Tstd:10.7,Bpos:51.2,Bstd:40.3,StrandBias:-0.4,Multiplicity:1.17
0.001	0.037	0.001	0.961
0.618	0.026	0.001	0.355
0.107	0.001	0.001	0.891
0.997	0.001	0.001	0.001
0.001	0.023	0.001	0.975
0.997	0.001	0.001	0.001
>GAGTGG	2-GAGTGG	4.431217	-619.892171	0	T:8864.0(40.96%),B:8099.4(29.73%),P:1e-269	Tpos:54.4,Tstd:27.2,Bpos:50.1,Bstd:32.5,StrandBias:-1.7,Multiplicity:1.33
0.001	0.001	0.997	0.001
0.842	0.002	0.001	0.155
0.001	0.001	0.997	0.001
0.157	0.002	0.001	0.840
0.001	0.001	0.997	0.001
0.159	0.001	0.839	0.001
>CCCACC	3-CCCACC	4.321839	-512.089611	0	T:12093.0(55.89%),B:12277.9(45.07%),P:1e-222	Tpos:53.3,Tstd:27.9,Bpos:50.3,Bstd:31.4,StrandBias:1.9,Multiplicity:1.62
0.104	0.894	0.001	0.001
0.001	0.943	0.055	0.001
0.044	0.954	0.001	0.001
0.656	0.053	0.165	0.126
0.001	0.859	0.001	0.139
0.001	0.997	0.001	0.001
>AAGCGA	4-AAGCGA	4.482961	-480.225741	0	T:8311.0(38.41%),B:7804.9(28.65%),P:1e-208	Tpos:53.5,Tstd:27.7,Bpos:50.0,Bstd:31.4,StrandBias:-0.4,Multiplicity:1.31
0.914	0.001	0.084	0.001
0.832	0.024	0.124	0.020
0.079	0.001	0.877	0.043
0.001	0.997	0.001	0.001
0.260	0.001	0.738	0.001
0.898	0.001	0.100	0.001
>CGCCGC	5-CGCCGC	4.651346	-370.294257	0	T:8333.0(38.51%),B:8141.8(29.89%),P:1e-160	Tpos:58.7,Tstd:28.3,Bpos:50.1,Bstd:32.8,StrandBias:0.8,Multiplicity:1.29
0.001	0.997	0.001	0.001
0.001	0.001	0.997	0.001
0.001	0.997	0.001	0.001
0.001	0.769	0.001	0.229
0.001	0.001	0.885	0.113
0.001	0.997	0.001	0.001
>CAKTCC	6-CAKTCC	6.175845	-327.109102	0	T:4512.0(20.85%),B:3935.1(14.45%),P:1e-142	Tpos:54.6,Tstd:27.7,Bpos:49.3,Bstd:31.8,StrandBias:1.8,Multiplicity:1.14
0.001	0.997	0.001	0.001
0.750	0.248	0.001	0.001
0.001	0.001	0.494	0.504
0.001	0.001	0.001	0.997
0.001	0.997	0.001	0.001
0.050	0.948	0.001	0.001
>AAMCCY	7-AAMCCY	5.020536	-322.459951	0	T:5797.0(26.79%),B:5364.1(19.69%),P:1e-140	Tpos:52.4,Tstd:26.5,Bpos:50.0,Bstd:33.1,StrandBias:1.8,Multiplicity:1.23
0.788	0.210	0.001	0.001
0.800	0.198	0.001	0.001
0.488	0.510	0.001	0.001
0.211	0.787	0.001	0.001
0.198	0.724	0.077	0.001
0.211	0.411	0.001	0.377
>CAAACC	8-CAAACC	4.751558	-295.681960	0	T:6571.0(30.37%),B:6323.3(23.21%),P:1e-128	Tpos:45.9,Tstd:27.1,Bpos:49.4,Bstd:31.8,StrandBias:1.1,Multiplicity:1.10
0.001	0.997	0.001	0.001
0.997	0.001	0.001	0.001
0.997	0.001	0.001	0.001
0.673	0.001	0.001	0.325
0.001	0.748	0.001	0.250
0.351	0.647	0.001	0.001
>CACGCA	9-CACGCA	5.006203	-293.542076	0	T:4995.0(23.08%),B:4550.8(16.71%),P:1e-127	Tpos:52.2,Tstd:27.9,Bpos:50.5,Bstd:30.1,StrandBias:1.3,Multiplicity:1.11
0.205	0.793	0.001	0.001
0.696	0.123	0.001	0.180
0.001	0.997	0.001	0.001
0.001	0.001	0.997	0.001
0.001	0.997	0.001	0.001
0.997	0.001	0.001	0.001
>ACGCAG	10-ACGCAG	4.137326	-281.763099	0	T:12736.0(58.86%),B:13857.9(50.87%),P:1e-122	Tpos:53.1,Tstd:27.9,Bpos:50.2,Bstd:31.2,StrandBias:-0.0,Multiplicity:1.46
0.537	0.253	0.001	0.209
0.001	0.607	0.391	0.001
0.371	0.001	0.627	0.001
0.079	0.919	0.001	0.001
0.690	0.073	0.164	0.073
0.069	0.091	0.839	0.001
>TCCGTC	11-TCCGTC	5.101957	-270.239960	0	T:4300.0(19.87%),B:3849.4(14.13%),P:1e-117	Tpos:53.3,Tstd:28.2,Bpos:49.7,Bstd:28.9,StrandBias:1.4,Multiplicity:1.13
0.001	0.001	0.001	0.997
0.001	0.997	0.001	0.001
0.096	0.902	0.001	0.001
0.423	0.001	0.575	0.001
0.001	0.001	0.001	0.997
0.001	0.997	0.001	0.001
>TCGTCT	12-TCGTCT	5.736372	-239.110703	0	T:3752.0(17.34%),B:3337.0(12.25%),P:1e-103	Tpos:53.2,Tstd:27.4,Bpos:48.9,Bstd:30.1,StrandBias:0.8,Multiplicity:1.09
0.001	0.106	0.001	0.892
0.127	0.871	0.001	0.001
0.001	0.001	0.997	0.001
0.171	0.001	0.001	0.827
0.001	0.997	0.001	0.001
0.001	0.001	0.001	0.997
>TAATAA	13-TAATAA	5.154810	-216.840584	0	T:2105.0(9.73%),B:1661.9(6.10%),P:1e-94	Tpos:34.3,Tstd:20.4,Bpos:47.2,Bstd:36.1,StrandBias:-0.0,Multiplicity:1.09
0.001	0.001	0.001	0.997
0.720	0.001	0.001	0.278
0.844	0.001	0.001	0.154
0.001	0.001	0.001	0.997
0.997	0.001	0.001	0.001
0.997	0.001	0.001	0.001
>CAWTTC	14-CAWTTC	4.911079	-204.676648	0	T:4681.0(21.63%),B:4465.0(16.39%),P:1e-88	Tpos:52.1,Tstd:27.8,Bpos:49.6,Bstd:31.8,StrandBias:1.7,Multiplicity:1.11
0.001	0.919	0.001	0.079
0.983	0.001	0.005	0.011
0.363	0.149	0.133	0.355
0.350	0.002	0.001	0.647
0.133	0.284	0.139	0.443
0.216	0.652	0.131	0.001
>TCCGCT	15-TCCGCT	7.327233	-191.952605	0	T:2477.0(11.45%),B:2097.7(7.70%),P:1e-83	Tpos:53.4,Tstd:28.1,Bpos:49.7,Bstd:32.5,StrandBias:0.6,Multiplicity:1.04
0.001	0.001	0.001	0.997
0.001	0.621	0.001	0.377
0.001	0.997	0.001	0.001
0.001	0.001	0.997	0.001
0.001	0.997	0.001	0.001
0.001	0.001	0.001	0.997
>CCTTTC	16-CCTTTC	4.794559	-168.072232	0	T:7115.0(32.88%),B:7432.1(27.28%),P:1e-72	Tpos:49.9,Tstd:28.0,Bpos:50.3,Bstd:33.6,StrandBias:0.6,Multiplicity:1.20
0.001	0.889	0.001	0.109
0.001	0.652	0.189	0.158
0.001	0.001	0.115	0.883
0.001	0.001	0.135	0.863
0.001	0.001	0.001	0.997
0.001	0.931	0.001	0.067
>TGTGTG	17-TGTGTG	6.177716	-148.507483	0	T:1416.0(6.54%),B:1107.2(4.06%),P:1e-64	Tpos:53.8,Tstd:26.5,Bpos:50.9,Bstd:29.4,StrandBias:-1.4,Multiplicity:1.03
0.100	0.100	0.100	0.700
0.100	0.100	0.700	0.100
0.100	0.100	0.100	0.700
0.100	0.100	0.700	0.100
0.100	0.100	0.100	0.700
0.100	0.100	0.700	0.100
>CTASTA	18-CTASTA	7.196903	-133.159288	0	T:1200.0(5.55%),B:923.6(3.39%),P:1e-57	Tpos:45.2,Tstd:26.4,Bpos:52.2,Bstd:29.6,StrandBias:0.3,Multiplicity:1.22
0.001	0.702	0.296	0.001
0.001	0.001	0.001	0.997
0.997	0.001	0.001	0.001
0.001	0.470	0.528	0.001
0.001	0.001	0.001	0.997
0.997	0.001	0.001	0.001
>CCDGCC	19-CCDGCC	6.486220	-125.603537	0	T:5809.0(26.85%),B:6081.0(22.32%),P:1e-54	Tpos:51.6,Tstd:28.9,Bpos:49.5,Bstd:33.3,StrandBias:1.1,Multiplicity:1.18
0.001	0.997	0.001	0.001
0.218	0.780	0.001	0.001
0.337	0.001	0.259	0.403
0.001	0.001	0.997	0.001
0.001	0.997	0.001	0.001
0.001	0.800	0.001	0.198
>AGCTAG	20-AGCTAG	6.177716	-60.899569	0	T:1402.0(6.48%),B:1317.5(4.84%),P:1e-26	Tpos:56.5,Tstd:29.0,Bpos:48.6,Bstd:30.7,StrandBias:-0.0,Multiplicity:1.29
0.700	0.100	0.100	0.100
0.100	0.100	0.700	0.100
0.100	0.700	0.100	0.100
0.100	0.100	0.100	0.700
0.700	0.100	0.100	0.100
0.100	0.100	0.700	0.100
>TWTAWAKV	1-TWTAWAKV	6.977406	-1860.901286	0	T:3480.0(16.08%),B:1339.1(4.92%),P:1e-808	Tpos:31.1,Tstd:10.0,Bpos:50.8,Bstd:38.7,StrandBias:-0.4,Multiplicity:1.04
0.001	0.001	0.001	0.997
0.478	0.001	0.001	0.520
0.049	0.006	0.001	0.944
0.997	0.001	0.001	0.001
0.453	0.038	0.001	0.508
0.997	0.001	0.001	0.001
0.187	0.095	0.395	0.323
0.294	0.294	0.354	0.058
>STTTWAAA	2-STTTWAAA	5.240299	-1147.942923	0	T:3866.0(17.87%),B:2130.7(7.82%),P:1e-498	Tpos:33.7,Tstd:18.3,Bpos:48.6,Bstd:36.4,StrandBias:-0.0,Multiplicity:1.05
0.101	0.454	0.311	0.133
0.001	0.243	0.283	0.474
0.279	0.001	0.079	0.641
0.297	0.001	0.001	0.701
0.470	0.001	0.001	0.528
0.593	0.001	0.001	0.405
0.636	0.001	0.001	0.362
0.612	0.001	0.001	0.386
>CCCATCCC	3-CCCATCCC	5.150274	-960.077951	0	T:8886.0(41.06%),B:7428.1(27.27%),P:1e-416	Tpos:54.5,Tstd:26.8,Bpos:49.7,Bstd:31.6,StrandBias:2.4,Multiplicity:1.49
0.031	0.694	0.001	0.274
0.030	0.873	0.052	0.045
0.322	0.582	0.054	0.042
0.490	0.277	0.114	0.118
0.217	0.230	0.044	0.509
0.036	0.700	0.001	0.263
0.049	0.890	0.021	0.040
0.389	0.579	0.024	0.008
>CYCSYCTC	4-CYCSYCTC	3.711164	-876.178713	0	T:13607.0(62.88%),B:13281.3(48.76%),P:1e-380	Tpos:55.5,Tstd:27.0,Bpos:50.3,Bstd:32.8,StrandBias:1.5,Multiplicity:1.62
0.086	0.532	0.126	0.256
0.123	0.322	0.126	0.429
0.111	0.643	0.111	0.135
0.113	0.415	0.321	0.151
0.133	0.318	0.126	0.422
0.046	0.507	0.115	0.332
0.138	0.162	0.143	0.557
0.068	0.644	0.072	0.216
>NWTAAATA	5-NWTAAATA	6.894040	-825.694398	0	T:1559.0(7.20%),B:585.7(2.15%),P:1e-358	Tpos:32.4,Tstd:16.5,Bpos:45.7,Bstd:32.5,StrandBias:0.3,Multiplicity:1.02
0.303	0.218	0.168	0.311
0.439	0.001	0.050	0.510
0.151	0.102	0.064	0.683
0.590	0.207	0.001	0.202
0.595	0.001	0.001	0.403
0.917	0.081	0.001	0.001
0.001	0.086	0.020	0.893
0.801	0.197	0.001	0.001
>AARCMAAC	6-AARCMAAC	5.389539	-485.078882	0	T:6686.0(30.90%),B:5942.2(21.81%),P:1e-210	Tpos:50.2,Tstd:26.8,Bpos:50.3,Bstd:32.6,StrandBias:1.0,Multiplicity:1.27
0.920	0.078	0.001	0.001
0.997	0.001	0.001	0.001
0.406	0.231	0.259	0.105
0.001	0.663	0.335	0.001
0.381	0.411	0.207	0.001
0.997	0.001	0.001	0.001
0.670	0.148	0.181	0.001
0.230	0.611	0.158	0.001
>TGTGTGTG	7-TGTGTGTG	4.885067	-451.972055	0	T:5214.0(24.10%),B:4406.3(16.18%),P:1e-196	Tpos:54.2,Tstd:26.5,Bpos:50.5,Bstd:30.0,StrandBias:-1.7,Multiplicity:1.18
0.066	0.098	0.159	0.677
0.020	0.086	0.842	0.052
0.076	0.207	0.068	0.649
0.029	0.122	0.776	0.073
0.146	0.100	0.079	0.675
0.059	0.085	0.781	0.075
0.066	0.133	0.031	0.770
0.044	0.036	0.834	0.086
>CTACTART	8-CTACTART	7.263498	-437.615838	0	T:1154.0(5.33%),B:537.4(1.97%),P:1e-190	Tpos:41.4,Tstd:22.9,Bpos:54.9,Bstd:27.7,StrandBias:1.0,Multiplicity:1.02
0.111	0.656	0.001	0.232
0.001	0.001	0.001	0.997
0.669	0.001	0.329	0.001
0.001	0.581	0.001	0.417
0.356	0.001	0.018	0.625
0.904	0.001	0.001	0.094
0.423	0.204	0.372	0.001
0.001	0.001	0.001	0.997
>AAACCCTA	9-AAACCCTA	8.280433	-433.712462	0	T:1088.0(5.03%),B:491.5(1.80%),P:1e-188	Tpos:56.1,Tstd:27.0,Bpos:51.4,Bstd:33.5,StrandBias:0.9,Multiplicity:1.04
0.915	0.001	0.083	0.001
0.997	0.001	0.001	0.001
0.997	0.001	0.001	0.001
0.001	0.997	0.001	0.001
0.001	0.997	0.001	0.001
0.001	0.997	0.001	0.001
0.001	0.001	0.001	0.997
0.753	0.179	0.001	0.067
>MCCACCAC	10-MCCACCAC	5.901278	-425.726980	0	T:4703.0(21.73%),B:3917.3(14.38%),P:1e-184	Tpos:54.6,Tstd:27.5,Bpos:49.3,Bstd:29.3,StrandBias:1.8,Multiplicity:1.08
0.456	0.488	0.001	0.055
0.132	0.575	0.123	0.170
0.102	0.794	0.001	0.103
0.699	0.191	0.109	0.001
0.001	0.634	0.055	0.310
0.001	0.997	0.001	0.001
0.800	0.001	0.198	0.001
0.004	0.994	0.001	0.001
>GGCKGCGG	11-GGCKGCGG	6.539851	-349.487096	0	T:3715.0(17.17%),B:3039.1(11.16%),P:1e-151	Tpos:59.7,Tstd:26.9,Bpos:49.7,Bstd:32.7,StrandBias:-1.3,Multiplicity:1.13
0.057	0.001	0.884	0.058
0.034	0.038	0.927	0.001
0.016	0.847	0.054	0.083
0.050	0.034	0.392	0.524
0.001	0.001	0.997	0.001
0.001	0.976	0.001	0.022
0.014	0.001	0.984	0.001
0.009	0.001	0.989	0.001
>AATBGCAA	12-AATBGCAA	5.482605	-286.346558	0	T:3483.0(16.10%),B:2933.9(10.77%),P:1e-124	Tpos:50.9,Tstd:27.6,Bpos:49.4,Bstd:29.7,StrandBias:-0.0,Multiplicity:1.09
0.977	0.021	0.001	0.001
0.475	0.230	0.294	0.001
0.215	0.150	0.001	0.634
0.080	0.300	0.291	0.330
0.001	0.201	0.797	0.001
0.054	0.742	0.203	0.001
0.568	0.119	0.312	0.001
0.777	0.001	0.221	0.001
>CTCCACTT	13-CTCCACTT	4.222061	-276.468743	0	T:1974.0(9.12%),B:1426.1(5.24%),P:1e-120	Tpos:54.3,Tstd:26.9,Bpos:51.9,Bstd:31.6,StrandBias:1.3,Multiplicity:1.02
0.001	0.997	0.001	0.001
0.111	0.001	0.011	0.877
0.001	0.994	0.003	0.002
0.001	0.997	0.001	0.001
0.888	0.001	0.110	0.001
0.001	0.994	0.004	0.001
0.001	0.001	0.001	0.997
0.001	0.120	0.001	0.878
>AGAGAGAG	14-AGAGAGAG	6.306183	-246.427967	0	T:2907.0(13.43%),B:2420.6(8.89%),P:1e-107	Tpos:56.1,Tstd:27.8,Bpos:51.4,Bstd:32.6,StrandBias:-0.8,Multiplicity:1.09
0.803	0.147	0.033	0.017
0.001	0.001	0.971	0.027
0.861	0.115	0.023	0.001
0.001	0.047	0.896	0.056
0.866	0.104	0.001	0.029
0.001	0.057	0.941	0.001
0.898	0.063	0.001	0.038
0.062	0.034	0.864	0.040
>TACCTTCC	15-TACCTTCC	6.426751	-214.325109	0	T:917.0(4.24%),B:544.8(2.00%),P:1e-93	Tpos:54.6,Tstd:27.5,Bpos:51.2,Bstd:32.3,StrandBias:0.7,Multiplicity:1.11
0.001	0.001	0.001	0.997
0.838	0.001	0.098	0.063
0.001	0.997	0.001	0.001
0.001	0.997	0.001	0.001
0.001	0.001	0.001	0.997
0.001	0.001	0.098	0.900
0.001	0.997	0.001	0.001
0.001	0.997	0.001	0.001
>TACTACTA	16-TACTACTA	5.543795	-196.999480	0	T:1033.0(4.77%),B:666.0(2.44%),P:1e-85	Tpos:46.9,Tstd:25.5,Bpos:51.5,Bstd:29.1,StrandBias:0.2,Multiplicity:1.06
0.028	0.097	0.045	0.830
0.916	0.023	0.060	0.001
0.001	0.985	0.013	0.001
0.032	0.058	0.001	0.909
0.930	0.001	0.068	0.001
0.001	0.840	0.145	0.014
0.001	0.041	0.001	0.957
0.897	0.001	0.072	0.030
>CACAGCMC	17-CACAGCMC	7.333068	-172.844811	0	T:983.0(4.54%),B:653.6(2.40%),P:1e-75	Tpos:52.1,Tstd:26.9,Bpos:48.9,Bstd:28.5,StrandBias:1.1,Multiplicity:1.06
0.010	0.702	0.038	0.250
0.997	0.001	0.001	0.001
0.001	0.997	0.001	0.001
0.635	0.001	0.167	0.197
0.001	0.123	0.620	0.256
0.050	0.816	0.091	0.043
0.496	0.422	0.001	0.081
0.276	0.693	0.001	0.030
>TCCAGTCT	18-TCCAGTCT	7.363863	-166.545662	0	T:915.0(4.23%),B:600.8(2.21%),P:1e-72	Tpos:51.3,Tstd:27.6,Bpos:49.8,Bstd:29.4,StrandBias:0.7,Multiplicity:1.02
0.001	0.001	0.004	0.994
0.053	0.939	0.007	0.001
0.001	0.681	0.194	0.124
0.453	0.152	0.219	0.176
0.165	0.001	0.833	0.001
0.061	0.001	0.001	0.937
0.059	0.939	0.001	0.001
0.001	0.236	0.001	0.762
>CGTCCGTC	19-CGTCCGTC	7.882584	-140.108779	0	T:543.0(2.51%),B:308.4(1.13%),P:1e-60	Tpos:51.1,Tstd:28.6,Bpos:50.5,Bstd:26.9,StrandBias:1.0,Multiplicity:1.05
0.001	0.997	0.001	0.001
0.171	0.001	0.827	0.001
0.001	0.001	0.142	0.856
0.001	0.997	0.001	0.001
0.001	0.997	0.001	0.001
0.001	0.001	0.997	0.001
0.001	0.001	0.001	0.997
0.058	0.831	0.001	0.110
>TAGCTAGC	20-TAGCTAGC	10.907979	-129.753247	0	T:295.0(1.36%),B:125.5(0.46%),P:1e-56	Tpos:56.9,Tstd:29.2,Bpos:47.5,Bstd:28.7,StrandBias:0.1,Multiplicity:1.14
0.001	0.001	0.001	0.997
0.997	0.001	0.001	0.001
0.001	0.001	0.997	0.001
0.001	0.997	0.001	0.001
0.001	0.001	0.001	0.997
0.997	0.001	0.001	0.001
0.001	0.001	0.997	0.001
0.001	0.851	0.001	0.147
>AGTCCAGA	21-AGTCCAGA	6.786021	-116.672350	0	T:747.0(3.45%),B:517.4(1.90%),P:1e-50	Tpos:52.8,Tstd:26.2,Bpos:50.4,Bstd:30.4,StrandBias:0.7,Multiplicity:1.04
0.984	0.001	0.014	0.001
0.001	0.015	0.983	0.001
0.082	0.025	0.072	0.821
0.001	0.917	0.066	0.016
0.024	0.961	0.001	0.014
0.841	0.033	0.093	0.033
0.244	0.132	0.623	0.001
0.939	0.001	0.001	0.059
>TCGAATCG	22-TCGAATCG	7.124230	-113.015778	0	T:643.0(2.97%),B:427.4(1.57%),P:1e-49	Tpos:52.3,Tstd:27.8,Bpos:51.5,Bstd:28.6,StrandBias:0.3,Multiplicity:1.04
0.158	0.001	0.017	0.824
0.001	0.899	0.099	0.001
0.213	0.001	0.785	0.001
0.847	0.080	0.058	0.015
0.774	0.120	0.059	0.047
0.001	0.001	0.037	0.961
0.001	0.997	0.001	0.001
0.001	0.001	0.997	0.001
>AATGCGAG	23-AATGCGAG	7.965923	-91.402658	0	T:275.0(1.27%),B:138.3(0.51%),P:1e-39	Tpos:53.5,Tstd:27.0,Bpos:53.1,Bstd:27.6,StrandBias:-1.1,Multiplicity:1.01
0.718	0.001	0.280	0.001
0.542	0.383	0.071	0.004
0.001	0.001	0.001	0.997
0.001	0.001	0.926	0.072
0.001	0.724	0.274	0.001
0.145	0.044	0.808	0.003
0.549	0.352	0.098	0.001
0.001	0.004	0.614	0.381
>AGACAGAC	24-AGACAGAC	8.634632	-73.600215	0	T:226.0(1.04%),B:115.8(0.42%),P:1e-31	Tpos:49.8,Tstd:27.3,Bpos:48.0,Bstd:25.6,StrandBias:0.2,Multiplicity:1.05
0.997	0.001	0.001	0.001
0.001	0.001	0.877	0.121
0.997	0.001	0.001	0.001
0.276	0.722	0.001	0.001
0.997	0.001	0.001	0.001
0.001	0.001	0.997	0.001
0.997	0.001	0.001	0.001
0.001	0.997	0.001	0.001
>ATCAATCA	25-ATCAATCA	7.025585	-73.434843	0	T:627.0(2.90%),B:475.7(1.75%),P:1e-31	Tpos:52.0,Tstd:27.8,Bpos:50.7,Bstd:25.6,StrandBias:0.7,Multiplicity:1.05
0.551	0.001	0.380	0.068
0.001	0.057	0.194	0.748
0.001	0.997	0.001	0.001
0.655	0.001	0.343	0.001
0.606	0.045	0.296	0.053
0.001	0.079	0.001	0.919
0.080	0.851	0.001	0.068
0.669	0.001	0.257	0.073
