<!DOCTYPE HTML>
<html>
  <head>
    <meta charset="UTF-8">
    <title>TOMTOM</title>
    <script>
      // @JSON_VAR data
      var data = {
        "program": "Tomtom",
        "version": "4.11.1",
        "release": "Fri Jan 15 12:51:59 2016 -0800",
        "cmd": [
          "tomtom", "-thresh", "0.0001", "-evalue", "all_train.meme",
          "all_train.meme"
        ],
        "options": {
          "strands": "both",
          "distance_measure": "ed",
          "threshold_type": "evalue",
          "threshold_value": 0.0001,
          "background_source": "first_target"
        },
        "alphabet": {
          "name": "DNA",
          "like": "dna",
          "ncore": 4,
          "symbols": [
            {
              "symbol": "A",
              "name": "Adenine",
              "colour": "CC0000",
              "complement": "T"
            }, {
              "symbol": "C",
              "name": "Cytosine",
              "colour": "0000CC",
              "complement": "G"
            }, {
              "symbol": "G",
              "name": "Guanine",
              "colour": "FFB300",
              "complement": "C"
            }, {
              "symbol": "T",
              "aliases": "U",
              "name": "Thymine",
              "colour": "008000",
              "complement": "A"
            }, {
              "symbol": "N",
              "aliases": "X.",
              "name": "Any base",
              "equals": "ACGT"
            }, {
              "symbol": "V",
              "name": "Not T",
              "equals": "ACG"
            }, {
              "symbol": "H",
              "name": "Not G",
              "equals": "ACT"
            }, {
              "symbol": "D",
              "name": "Not C",
              "equals": "AGT"
            }, {
              "symbol": "B",
              "name": "Not A",
              "equals": "CGT"
            }, {
              "symbol": "M",
              "name": "Amino",
              "equals": "AC"
            }, {
              "symbol": "R",
              "name": "Purine",
              "equals": "AG"
            }, {
              "symbol": "W",
              "name": "Weak",
              "equals": "AT"
            }, {
              "symbol": "S",
              "name": "Strong",
              "equals": "CG"
            }, {
              "symbol": "Y",
              "name": "Pyrimidine",
              "equals": "CT"
            }, {
              "symbol": "K",
              "name": "Keto",
              "equals": "GT"
            }
          ]
        },
        "background": [0.25, 0.25, 0.25, 0.25],
        "query_dbs": [
          {
            "source": "all_train.meme",
            "name": "all train",
            "loaded": 957,
            "excluded": 10,
            "last_modified": "Sun Jul  3 20:13:17 2016"
          }
        ],
        "target_dbs": [
          {
            "source": "all_train.meme",
            "name": "all train",
            "loaded": 957,
            "excluded": 10,
            "last_modified": "Sun Jul  3 20:13:17 2016"
          }
        ],
        "queries": [
          {
            "db": 0,
            "id": "motif_10_1",
            "alt": "1-TATATAWASV",
            "len": 10,
            "nsites": 20,
            "evalue": "1.0e-726",
            "pwm": [
              [0.0858209, 0.106716, 0.118657, 0.688806], 
              [0.617164, 0.0360697, 0.0440299, 0.302736], 
              [0.145522, 0.0231343, 0.0141791, 0.817164], 
              [0.785323, 0.00223881, 0.011194, 0.201244], 
              [0.340547, 0.0221393, 0.0380597, 0.599254], 
              [0.841045, 0.00223881, 0.154478, 0.00223881], 
              [0.273881, 0.145522, 0.215174, 0.365423], 
              [0.493289, 0.186134, 0.228877, 0.0917006], 
              [0.206219, 0.293781, 0.391294, 0.108706], 
              [0.2301, 0.289801, 0.369403, 0.110697]
            ]
          }, {
            "db": 0,
            "id": "motif_10_10",
            "alt": "10-CYGCYTGCYK",
            "len": 10,
            "nsites": 20,
            "evalue": "1.0e-141",
            "pwm": [
              [0.00223881, 0.552488, 0.112687, 0.332587], 
              [0.0022398, 0.324951, 0.223356, 0.449453], 
              [0.00223881, 0.00223881, 0.993284, 0.00223881], 
              [0.00223881, 0.633085, 0.162438, 0.202239], 
              [0.00223881, 0.535572, 0.00223881, 0.45995], 
              [0.00223881, 0.0131841, 0.277861, 0.706716], 
              [0.00223881, 0.00223881, 0.993284, 0.00223881], 
              [0.0251244, 0.766418, 0.122637, 0.0858209], 
              [0.00223881, 0.45, 0.193284, 0.354478], 
              [0.102736, 0.106716, 0.321642, 0.468905]
            ]
          }, {
            "db": 0,
            "id": "motif_10_11",
            "alt": "11-CCGCMGCCGC",
            "len": 10,
            "nsites": 20,
            "evalue": "1.0e-135",
            "pwm": [
              [0.223134, 0.591294, 0.00522388, 0.180348], 
              [0.241285, 0.458417, 0.138695, 0.161603], 
              [0.122637, 0.0977612, 0.755473, 0.0241294], 
              [0.0788557, 0.65995, 0.138557, 0.122637], 
              [0.322316, 0.440605, 0.196074, 0.041005], 
              [0.0848259, 0.0141791, 0.763433, 0.137562], 
              [0.0440299, 0.870896, 0.0181592, 0.0669154], 
              [0.138557, 0.546517, 0.0579602, 0.256965], 
              [0.146517, 0.24602, 0.539552, 0.0679104], 
              [0.106716, 0.65796, 0.0430348, 0.192289]
            ]
          }, {
            "db": 0,
            "id": "motif_10_12",
            "alt": "12-TCCATCCATC",
            "len": 10,
            "nsites": 20,
            "evalue": "1.0e-110",
            "pwm": [
              [0.226119, 0.301741, 0.00223881, 0.4699], 
              [0.0251244, 0.610199, 0.123632, 0.241045], 
              [0.0350746, 0.715672, 0.158458, 0.090796], 
              [0.678856, 0.00223881, 0.316667, 0.00223881], 
              [0.147512, 0.165423, 0.00223881, 0.684826], 
              [0.00223881, 0.736567, 0.0300995, 0.231095], 
              [0.188308, 0.563433, 0.0868159, 0.161443], 
              [0.584328, 0.0679104, 0.299751, 0.04801], 
              [0.0599502, 0.190299, 0.00223881, 0.747512], 
              [0.0460199, 0.712687, 0.0291045, 0.212189]
            ]
          }, {
            "db": 0,
            "id": "motif_10_13",
            "alt": "13-TASTAGTAGT",
            "len": 10,
            "nsites": 20,
            "evalue": "1.0e-088",
            "pwm": [
              [0.124627, 0.185323, 0.165423, 0.524627], 
              [0.664925, 0.0529851, 0.200249, 0.0818408], 
              [0.0211443, 0.495771, 0.46592, 0.0171642], 
              [0.0549751, 0.0858209, 0.0201493, 0.839055], 
              [0.805224, 0.0161692, 0.118657, 0.0599502], 
              [0.00820896, 0.351493, 0.609204, 0.0310945], 
              [0.011194, 0.167413, 0.00721393, 0.814179], 
              [0.816169, 0.0271144, 0.0629353, 0.0937811], 
              [0.0221393, 0.149502, 0.775373, 0.0529851], 
              [0.107711, 0.2301, 0.0927861, 0.569403]
            ]
          }, {
            "db": 0,
            "id": "motif_10_14",
            "alt": "14-AGCTAGCTAG",
            "len": 10,
            "nsites": 20,
            "evalue": "1.0e-068",
            "pwm": [
              [0.892786, 0.0151741, 0.0629353, 0.0291045], 
              [0.00223881, 0.0380597, 0.938557, 0.0211443], 
              [0.0380597, 0.917662, 0.0281095, 0.0161692], 
              [0.00223881, 0.114677, 0.00223881, 0.880846], 
              [0.989303, 0.00223881, 0.00223881, 0.00621891], 
              [0.00223881, 0.00522388, 0.990299, 0.00223881], 
              [0.0350746, 0.948507, 0.0141791, 0.00223881], 
              [0.0241294, 0.0121891, 0.0380597, 0.925622], 
              [0.809204, 0.114677, 0.0738806, 0.00223881], 
              [0.0131841, 0.0370647, 0.947512, 0.00223881]
            ]
          }, {
            "db": 0,
            "id": "motif_10_15",
            "alt": "15-GCACAGCACA",
            "len": 10,
            "nsites": 20,
            "evalue": "1.0e-068",
            "pwm": [
              [0.119652, 0.0669154, 0.749502, 0.0639303], 
              [0.0241294, 0.85796, 0.050995, 0.0669154], 
              [0.759453, 0.0599502, 0.0858209, 0.0947761], 
              [0.050995, 0.862935, 0.0708955, 0.0151741], 
              [0.718657, 0.0310945, 0.147512, 0.102736], 
              [0.011194, 0.05, 0.86194, 0.0768657], 
              [0.0430348, 0.900746, 0.0380597, 0.0181592], 
              [0.790299, 0.0310945, 0.0818408, 0.0967662], 
              [0.0937811, 0.782338, 0.100746, 0.0231343], 
              [0.690796, 0.116667, 0.113682, 0.0788557]
            ]
          }, {
            "db": 0,
            "id": "motif_10_16",
            "alt": "16-AGAGTMCAGA",
            "len": 10,
            "nsites": 20,
            "evalue": "1.0e-060",
            "pwm": [
              [0.910697, 0.0848259, 0.00223881, 0.00223881], 
              [0.00223881, 0.23209, 0.763433, 0.00223881], 
              [0.962438, 0.0171642, 0.00223881, 0.0181592], 
              [0.00223881, 0.00223881, 0.993284, 0.00223881], 
              [0.049005, 0.00223881, 0.25398, 0.694776], 
              [0.368408, 0.435075, 0.00223881, 0.194279], 
              [0.0649254, 0.729602, 0.203234, 0.00223881], 
              [0.85597, 0.00223881, 0.0778607, 0.0639303], 
              [0.00223881, 0.285821, 0.709701, 0.00223881], 
              [0.898756, 0.00223881, 0.0967662, 0.00223881]
            ]
          }, {
            "db": 0,
            "id": "motif_10_17",
            "alt": "17-CCTTATCTTC",
            "len": 10,
            "nsites": 20,
            "evalue": "1.0e-058",
            "pwm": [
              [0.00223881, 0.993284, 0.00223881, 0.00223881], 
              [0.00223881, 0.993284, 0.00223881, 0.00223881], 
              [0.00223881, 0.00223881, 0.00223881, 0.993284], 
              [0.00223881, 0.00223881, 0.00223881, 0.993284], 
              [0.993284, 0.00223881, 0.00223881, 0.00223881], 
              [0.00223881, 0.00223881, 0.00223881, 0.993284], 
              [0.00223881, 0.993284, 0.00223881, 0.00223881], 
              [0.00223881, 0.00223881, 0.00223881, 0.993284], 
              [0.0629353, 0.245025, 0.00223881, 0.689801], 
              [0.00223881, 0.899751, 0.0957711, 0.00223881]
            ]
          }, {
            "db": 0,
            "id": "motif_10_18",
            "alt": "18-VGCAGGKCAG",
            "len": 10,
            "nsites": 20,
            "evalue": "1.0e-057",
            "pwm": [
              [0.338557, 0.292786, 0.366418, 0.00223881], 
              [0.0181592, 0.00223881, 0.65, 0.329602], 
              [0.00223881, 0.993284, 0.00223881, 0.00223881], 
              [0.978358, 0.0171642, 0.00223881, 0.00223881], 
              [0.00223881, 0.0320896, 0.963433, 0.00223881], 
              [0.266915, 0.200249, 0.530597, 0.00223881], 
              [0.0718905, 0.0967662, 0.473881, 0.357463], 
              [0.00223881, 0.993284, 0.00223881, 0.00223881], 
              [0.901741, 0.0937811, 0.00223881, 0.00223881], 
              [0.00223881, 0.0728856, 0.922637, 0.00223881]
            ]
          }, {
            "db": 0,
            "id": "motif_10_19",
            "alt": "19-AAAGCAAAGC",
            "len": 10,
            "nsites": 20,
            "evalue": "1.0e-054",
            "pwm": [
              [0.993284, 0.00223881, 0.00223881, 0.00223881], 
              [0.993284, 0.00223881, 0.00223881, 0.00223881], 
              [0.988308, 0.00721393, 0.00223881, 0.00223881], 
              [0.00223881, 0.00223881, 0.993284, 0.00223881], 
              [0.00223881, 0.988308, 0.00223881, 0.00721393], 
              [0.993284, 0.00223881, 0.00223881, 0.00223881], 
              [0.993284, 0.00223881, 0.00223881, 0.00223881], 
              [0.988308, 0.00223881, 0.00223881, 0.00721393], 
              [0.00223881, 0.00223881, 0.993284, 0.00223881], 
              [0.00223881, 0.937562, 0.00223881, 0.0579602]
            ]
          }, {
            "db": 0,
            "id": "motif_10_2",
            "alt": "2-HTTCCATTCC",
            "len": 10,
            "nsites": 20,
            "evalue": "1.0e-518",
            "pwm": [
              [0.361443, 0.266915, 0.111692, 0.25995], 
              [0.179353, 0.228109, 0.0619403, 0.530597], 
              [0.00820896, 0.315672, 0.0400498, 0.63607], 
              [0.00223881, 0.949502, 0.00522388, 0.0430348], 
              [0.138557, 0.799254, 0.0589552, 0.00323383], 
              [0.627114, 0.141542, 0.150498, 0.0808458], 
              [0.229104, 0.170398, 0.0997512, 0.500746], 
              [0.00223881, 0.125622, 0.00323383, 0.868905], 
              [0.00223881, 0.746517, 0.0380597, 0.213184], 
              [0.0788557, 0.906716, 0.00920398, 0.00522388]
            ]
          }, {
            "db": 0,
            "id": "motif_10_20",
            "alt": "20-CAGTCAGTCA",
            "len": 10,
            "nsites": 20,
            "evalue": "1.0e-052",
            "pwm": [
              [0.0967662, 0.679851, 0.136567, 0.0868159], 
              [0.598259, 0.131592, 0.160448, 0.109701], 
              [0.194279, 0.152488, 0.531592, 0.121642], 
              [0.123632, 0.216169, 0.143532, 0.516667], 
              [0.0141791, 0.738557, 0.173383, 0.0738806], 
              [0.586318, 0.153483, 0.123632, 0.136567], 
              [0.172388, 0.192289, 0.521642, 0.113682], 
              [0.115557, 0.239811, 0.204026, 0.440605], 
              [0.0679104, 0.712687, 0.171393, 0.04801], 
              [0.563433, 0.153483, 0.137562, 0.145522]
            ]
          }, {
            "db": 0,
            "id": "motif_10_21",
            "alt": "21-KCTYDCTCGY",
            "len": 10,
            "nsites": 20,
            "evalue": "1.0e-049",
            "pwm": [
              [0.0619403, 0.0659204, 0.433085, 0.439055], 
              [0.0609453, 0.691791, 0.0300995, 0.217164], 
              [0.147512, 0.195274, 0.0231343, 0.63408], 
              [0.168575, 0.422561, 0.0281363, 0.380728], 
              [0.280846, 0.0151741, 0.388308, 0.315672], 
              [0.0440299, 0.868905, 0.0261194, 0.0609453], 
              [0.117662, 0.0320896, 0.0559701, 0.794279], 
              [0.189303, 0.584328, 0.0629353, 0.163433], 
              [0.148507, 0.268905, 0.521642, 0.0609453], 
              [0.143675, 0.438497, 0.107818, 0.31001]
            ]
          }, {
            "db": 0,
            "id": "motif_10_22",
            "alt": "22-ACGCAATTAT",
            "len": 10,
            "nsites": 20,
            "evalue": "1.0e-046",
            "pwm": [
              [0.884826, 0.00223881, 0.00223881, 0.110697], 
              [0.0221393, 0.915672, 0.0599502, 0.00223881], 
              [0.00223881, 0.110697, 0.884826, 0.00223881], 
              [0.00223881, 0.974378, 0.00223881, 0.0211443], 
              [0.619154, 0.318657, 0.00223881, 0.0599502], 
              [0.974378, 0.00223881, 0.00223881, 0.0211443], 
              [0.0221393, 0.111692, 0.0221393, 0.84403], 
              [0.0211443, 0.00223881, 0.00223881, 0.974378], 
              [0.974378, 0.0211443, 0.00223881, 0.00223881], 
              [0.0221393, 0.0221393, 0.0221393, 0.933582]
            ]
          }, {
            "db": 0,
            "id": "motif_10_23",
            "alt": "23-CVAGWTGCGW",
            "len": 10,
            "nsites": 20,
            "evalue": "1.0e-039",
            "pwm": [
              [0.394279, 0.566418, 0.010199, 0.0291045], 
              [0.291501, 0.278578, 0.362077, 0.0678438], 
              [0.813184, 0.0310945, 0.0310945, 0.124627], 
              [0.0718905, 0.0360697, 0.847015, 0.0450249], 
              [0.4301, 0.00223881, 0.0191542, 0.548507], 
              [0.326617, 0.0291045, 0.0121891, 0.63209], 
              [0.352488, 0.00223881, 0.590299, 0.0549751], 
              [0.011194, 0.780348, 0.114677, 0.0937811], 
              [0.010199, 0.0281095, 0.951493, 0.010199], 
              [0.450995, 0.0271144, 0.161443, 0.360448]
            ]
          }, {
            "db": 0,
            "id": "motif_10_24",
            "alt": "24-RTGCARTGCA",
            "len": 10,
            "nsites": 20,
            "evalue": "1.0e-026",
            "pwm": [
              [0.417164, 0.217164, 0.283831, 0.0818408], 
              [0.00223881, 0.00223881, 0.00223881, 0.993284], 
              [0.00223881, 0.00522388, 0.955473, 0.0370647], 
              [0.0131841, 0.982338, 0.00223881, 0.00223881], 
              [0.891791, 0.00223881, 0.00223881, 0.103731], 
              [0.297761, 0.090796, 0.398259, 0.213184], 
              [0.00223881, 0.00223881, 0.00223881, 0.993284], 
              [0.00223881, 0.00223881, 0.993284, 0.00223881], 
              [0.00223881, 0.993284, 0.00223881, 0.00223881], 
              [0.940547, 0.05199, 0.00223881, 0.00522388]
            ]
          }, {
            "db": 0,
            "id": "motif_10_25",
            "alt": "25-AGTAAAATAA",
            "len": 10,
            "nsites": 20,
            "evalue": "1.0e-025",
            "pwm": [
              [0.868905, 0.00223881, 0.126617, 0.00223881], 
              [0.199254, 0.126617, 0.671891, 0.00223881], 
              [0.00223881, 0.00223881, 0.00223881, 0.993284], 
              [0.647015, 0.214179, 0.00223881, 0.136567], 
              [0.993284, 0.00223881, 0.00223881, 0.00223881], 
              [0.868905, 0.126617, 0.00223881, 0.00223881], 
              [0.744527, 0.126617, 0.00223881, 0.126617], 
              [0.00223881, 0.00223881, 0.00223881, 0.993284], 
              [0.868905, 0.00223881, 0.126617, 0.00223881], 
              [0.993284, 0.00223881, 0.00223881, 0.00223881]
            ]
          }, {
            "db": 0,
            "id": "motif_10_26",
            "alt": "1-TWTATAWANNNV",
            "len": 12,
            "nsites": 20,
            "evalue": "1.0e-753",
            "pwm": [
              [0.126617, 0.197264, 0.166418, 0.509701], 
              [0.456965, 0.160448, 0.0579602, 0.324627], 
              [0.0281095, 0.00223881, 0.00223881, 0.967413], 
              [0.737562, 0.00223881, 0.00223881, 0.25796], 
              [0.318657, 0.00223881, 0.0151741, 0.66393], 
              [0.960448, 0.00223881, 0.0350746, 0.00223881], 
              [0.347859, 0.0948697, 0.200448, 0.356823], 
              [0.489313, 0.177187, 0.211978, 0.121522], 
              [0.255229, 0.234313, 0.289094, 0.221364], 
              [0.285821, 0.252985, 0.302736, 0.158458], 
              [0.224129, 0.301741, 0.304726, 0.169403], 
              [0.237823, 0.296471, 0.319334, 0.146372]
            ]
          }, {
            "db": 0,
            "id": "motif_10_27",
            "alt": "2-CCCTTCCCTTCC",
            "len": 12,
            "nsites": 20,
            "evalue": "1.0e-546",
            "pwm": [
              [0.0400498, 0.817164, 0.0400498, 0.102736], 
              [0.0231343, 0.86393, 0.0559701, 0.0569652], 
              [0.0808458, 0.744527, 0.05199, 0.122637], 
              [0.0549751, 0.136567, 0.0639303, 0.744527], 
              [0.00223881, 0.194279, 0.0251244, 0.778358], 
              [0.00223881, 0.905721, 0.00223881, 0.089801], 
              [0.00422886, 0.906716, 0.0291045, 0.0599502], 
              [0.0818408, 0.809204, 0.0390547, 0.0699005], 
              [0.0639303, 0.227114, 0.0798507, 0.629104], 
              [0.00223881, 0.194279, 0.0201493, 0.783333], 
              [0.00223881, 0.868905, 0.0161692, 0.112687], 
              [0.00422886, 0.925622, 0.0221393, 0.04801]
            ]
          }, {
            "db": 0,
            "id": "motif_10_28",
            "alt": "3-CMMMMMMCMMCM",
            "len": 12,
            "nsites": 20,
            "evalue": "1.0e-382",
            "pwm": [
              [0.302736, 0.561443, 0.0788557, 0.0569652], 
              [0.397264, 0.514677, 0.05199, 0.0360697], 
              [0.423134, 0.514677, 0.0430348, 0.0191542], 
              [0.45, 0.466915, 0.0669154, 0.0161692], 
              [0.4301, 0.484826, 0.0549751, 0.0300995], 
              [0.419154, 0.511692, 0.0529851, 0.0161692], 
              [0.405224, 0.490796, 0.0609453, 0.0430348], 
              [0.390299, 0.541542, 0.0430348, 0.0251244], 
              [0.423134, 0.510697, 0.0400498, 0.0261194], 
              [0.404632, 0.49527, 0.0699692, 0.0301284], 
              [0.365423, 0.530597, 0.0599502, 0.0440299], 
              [0.377363, 0.506716, 0.0649254, 0.050995]
            ]
          }, {
            "db": 0,
            "id": "motif_10_29",
            "alt": "4-CTCACAGTCTCA",
            "len": 12,
            "nsites": 20,
            "evalue": "1.0e-195",
            "pwm": [
              [0.0639303, 0.721642, 0.150498, 0.0639303], 
              [0.128607, 0.122637, 0.138557, 0.610199], 
              [0.0161692, 0.932587, 0.0291045, 0.0221393], 
              [0.482836, 0.0848259, 0.281841, 0.150498], 
              [0.050995, 0.83408, 0.0927861, 0.0221393], 
              [0.571393, 0.138557, 0.160448, 0.129602], 
              [0.0728856, 0.23209, 0.639055, 0.0559701], 
              [0.119652, 0.217164, 0.165423, 0.497761], 
              [0.0201493, 0.909701, 0.0360697, 0.0340796], 
              [0.226119, 0.0679104, 0.256965, 0.449005], 
              [0.0181592, 0.944527, 0.0181592, 0.0191542], 
              [0.591294, 0.145522, 0.202239, 0.0609453]
            ]
          }, {
            "db": 0,
            "id": "motif_10_3",
            "alt": "3-YCCCYCTCYC",
            "len": 10,
            "nsites": 20,
            "evalue": "1.0e-507",
            "pwm": [
              [0.00621891, 0.415174, 0.0390547, 0.539552], 
              [0.0131841, 0.555473, 0.0699005, 0.361443], 
              [0.00522388, 0.485821, 0.195274, 0.313682], 
              [0.0171642, 0.770398, 0.170398, 0.0420398], 
              [0.121642, 0.323632, 0.0927861, 0.46194], 
              [0.0221393, 0.522637, 0.223134, 0.23209], 
              [0.00223881, 0.319652, 0.0320896, 0.64602], 
              [0.0151741, 0.878856, 0.00223881, 0.103731], 
              [0.00223881, 0.326617, 0.205224, 0.46592], 
              [0.00522388, 0.706716, 0.00422886, 0.283831]
            ]
          }, {
            "db": 0,
            "id": "motif_10_30",
            "alt": "5-NAAACCCTARNC",
            "len": 12,
            "nsites": 20,
            "evalue": "1.0e-170",
            "pwm": [
              [0.308706, 0.298756, 0.227114, 0.165423], 
              [0.476391, 0.0529334, 0.303429, 0.167247], 
              [0.759453, 0.0758706, 0.0629353, 0.101741], 
              [0.695771, 0.125622, 0.154478, 0.0241294], 
              [0.0758706, 0.601244, 0.211194, 0.111692], 
              [0.0878109, 0.719652, 0.0947761, 0.0977612], 
              [0.0718905, 0.83607, 0.0689055, 0.0231343], 
              [0.164428, 0.163433, 0.137562, 0.534577], 
              [0.552488, 0.24005, 0.0967662, 0.110697], 
              [0.292786, 0.223134, 0.412189, 0.0718905], 
              [0.226119, 0.350498, 0.214179, 0.209204], 
              [0.198259, 0.429104, 0.196269, 0.176368]
            ]
          }, {
            "db": 0,
            "id": "motif_10_31",
            "alt": "6-TCHCMAKTCHCC",
            "len": 12,
            "nsites": 20,
            "evalue": "1.0e-141",
            "pwm": [
              [0.00223881, 0.290796, 0.0868159, 0.620149], 
              [0.00820896, 0.934577, 0.049005, 0.00820896], 
              [0.325947, 0.269173, 0.120766, 0.284114], 
              [0.0659204, 0.896766, 0.0271144, 0.010199], 
              [0.393886, 0.468438, 0.0439871, 0.0936886], 
              [0.66194, 0.127612, 0.200249, 0.010199], 
              [0.0948697, 0.143675, 0.453437, 0.308018], 
              [0.124627, 0.0868159, 0.0699005, 0.718657], 
              [0.00820896, 0.961443, 0.0121891, 0.0181592], 
              [0.24801, 0.351493, 0.0947761, 0.305721], 
              [0.163433, 0.773383, 0.0529851, 0.010199], 
              [0.332587, 0.512687, 0.112687, 0.0420398]
            ]
          }, {
            "db": 0,
            "id": "motif_10_32",
            "alt": "7-AGACGAGACGAG",
            "len": 12,
            "nsites": 20,
            "evalue": "1.0e-112",
            "pwm": [
              [0.84801, 0.0619403, 0.0539801, 0.0360697], 
              [0.0450249, 0.0619403, 0.881841, 0.011194], 
              [0.64204, 0.139552, 0.153483, 0.0649254], 
              [0.05, 0.823134, 0.0549751, 0.0718905], 
              [0.0718905, 0.05, 0.86194, 0.0161692], 
              [0.922637, 0.0310945, 0.0161692, 0.0300995], 
              [0.0400498, 0.0669154, 0.86194, 0.0310945], 
              [0.650995, 0.107711, 0.206219, 0.0350746], 
              [0.0261194, 0.850995, 0.0758706, 0.0470149], 
              [0.0669154, 0.0450249, 0.866915, 0.0211443], 
              [0.907711, 0.0211443, 0.0450249, 0.0261194], 
              [0.0539801, 0.0639303, 0.85597, 0.0261194]
            ]
          }, {
            "db": 0,
            "id": "motif_10_33",
            "alt": "8-CCTTATCTTCTC",
            "len": 12,
            "nsites": 20,
            "evalue": "1.0e-105",
            "pwm": [
              [0.0261194, 0.703731, 0.145522, 0.124627], 
              [0.00223881, 0.85199, 0.0460199, 0.0997512], 
              [0.0131841, 0.0748756, 0.00223881, 0.909701], 
              [0.00721393, 0.270896, 0.105721, 0.616169], 
              [0.929602, 0.00223881, 0.0430348, 0.0251244], 
              [0.00223881, 0.00223881, 0.0370647, 0.958458], 
              [0.00223881, 0.989303, 0.00223881, 0.00621891], 
              [0.0738806, 0.194279, 0.00223881, 0.729602], 
              [0.0261194, 0.211194, 0.0878109, 0.674876], 
              [0.0629353, 0.621144, 0.142537, 0.173383], 
              [0.144527, 0.116667, 0.0261194, 0.712687], 
              [0.186318, 0.45, 0.169403, 0.194279]
            ]
          }, {
            "db": 0,
            "id": "motif_10_34",
            "alt": "9-CTGCCTGCCTGC",
            "len": 12,
            "nsites": 20,
            "evalue": "1.0e-082",
            "pwm": [
              [0.0450249, 0.84801, 0.0699005, 0.0370647], 
              [0.0420398, 0.107711, 0.0609453, 0.789303], 
              [0.0141791, 0.0201493, 0.909701, 0.0559701], 
              [0.0350746, 0.774378, 0.149502, 0.0410448], 
              [0.0430348, 0.815174, 0.050995, 0.090796], 
              [0.0659204, 0.0271144, 0.108706, 0.798259], 
              [0.0141791, 0.0161692, 0.952488, 0.0171642], 
              [0.0450249, 0.758458, 0.120647, 0.0758706], 
              [0.00522388, 0.915672, 0.0400498, 0.0390547], 
              [0.0609453, 0.0430348, 0.0868159, 0.809204], 
              [0.0320896, 0.0977612, 0.824129, 0.0460199], 
              [0.0271144, 0.775373, 0.144527, 0.0529851]
            ]
          }, {
            "db": 0,
            "id": "motif_10_35",
            "alt": "10-AAAGCAAAGCAA",
            "len": 12,
            "nsites": 20,
            "evalue": "1.0e-079",
            "pwm": [
              [0.546517, 0.315672, 0.121642, 0.0161692], 
              [0.662935, 0.0728856, 0.256965, 0.00721393], 
              [0.553483, 0.227114, 0.0440299, 0.175373], 
              [0.0470149, 0.0708955, 0.816169, 0.0659204], 
              [0.00721393, 0.957463, 0.0161692, 0.0191542], 
              [0.908706, 0.0251244, 0.0529851, 0.0131841], 
              [0.673881, 0.010199, 0.305721, 0.010199], 
              [0.614179, 0.193284, 0.0291045, 0.163433], 
              [0.010199, 0.0231343, 0.919652, 0.0470149], 
              [0.0231343, 0.947512, 0.0131841, 0.0161692], 
              [0.905721, 0.0161692, 0.0559701, 0.0221393], 
              [0.613184, 0.050995, 0.315672, 0.0201493]
            ]
          }, {
            "db": 0,
            "id": "motif_10_36",
            "alt": "11-CTACTACTASTA",
            "len": 12,
            "nsites": 20,
            "evalue": "1.0e-074",
            "pwm": [
              [0.05199, 0.627114, 0.192289, 0.128607], 
              [0.109701, 0.0937811, 0.0629353, 0.733582], 
              [0.66393, 0.0430348, 0.231095, 0.0619403], 
              [0.0231343, 0.65, 0.285821, 0.0410448], 
              [0.049005, 0.114677, 0.0330846, 0.803234], 
              [0.776368, 0.0350746, 0.131592, 0.0569652], 
              [0.00920398, 0.654975, 0.297761, 0.0380597], 
              [0.0659204, 0.088806, 0.0410448, 0.804229], 
              [0.741542, 0.0410448, 0.149502, 0.0679104], 
              [0.0340796, 0.404229, 0.499751, 0.0619403], 
              [0.0818408, 0.233085, 0.0768657, 0.608209], 
              [0.569403, 0.104726, 0.115672, 0.210199]
            ]
          }, {
            "db": 0,
            "id": "motif_10_37",
            "alt": "12-GCAGCACAGCAC",
            "len": 12,
            "nsites": 20,
            "evalue": "1.0e-073",
            "pwm": [
              [0.156468, 0.0798507, 0.697761, 0.0659204], 
              [0.0669154, 0.811194, 0.0728856, 0.049005], 
              [0.65597, 0.0997512, 0.104726, 0.139552], 
              [0.0579602, 0.088806, 0.798259, 0.0549751], 
              [0.0718905, 0.792289, 0.0689055, 0.0669154], 
              [0.675871, 0.0997512, 0.130597, 0.0937811], 
              [0.05199, 0.806219, 0.0997512, 0.0420398], 
              [0.617164, 0.120647, 0.121642, 0.140547], 
              [0.0559701, 0.0659204, 0.817164, 0.0609453], 
              [0.0699005, 0.84602, 0.05, 0.0340796], 
              [0.734577, 0.0798507, 0.0937811, 0.091791], 
              [0.0838308, 0.716667, 0.136567, 0.0629353]
            ]
          }, {
            "db": 0,
            "id": "motif_10_38",
            "alt": "13-CTCTGGACTCTG",
            "len": 12,
            "nsites": 20,
            "evalue": "1.0e-065",
            "pwm": [
              [0.0649254, 0.763433, 0.151493, 0.0201493], 
              [0.0470149, 0.0748756, 0.0281095, 0.85], 
              [0.00223881, 0.803234, 0.131592, 0.0629353], 
              [0.0380597, 0.0768657, 0.0947761, 0.790299], 
              [0.00223881, 0.0281095, 0.959453, 0.010199], 
              [0.179353, 0.0977612, 0.702736, 0.0201493], 
              [0.65, 0.165423, 0.0937811, 0.090796], 
              [0.010199, 0.779353, 0.181343, 0.0291045], 
              [0.00223881, 0.00223881, 0.0460199, 0.949502], 
              [0.010199, 0.856965, 0.122637, 0.010199], 
              [0.0281095, 0.0947761, 0.140547, 0.736567], 
              [0.00223881, 0.0728856, 0.904726, 0.0201493]
            ]
          }, {
            "db": 0,
            "id": "motif_10_39",
            "alt": "14-ATTCCGCATTCC",
            "len": 12,
            "nsites": 20,
            "evalue": "1.0e-064",
            "pwm": [
              [0.520647, 0.219154, 0.0878109, 0.172388], 
              [0.183333, 0.127612, 0.0400498, 0.649005], 
              [0.00223881, 0.2301, 0.0350746, 0.732587], 
              [0.0191542, 0.883831, 0.0320896, 0.0649254], 
              [0.0718905, 0.759453, 0.142537, 0.0261194], 
              [0.130597, 0.141542, 0.558458, 0.169403], 
              [0.224129, 0.579353, 0.121642, 0.0748756], 
              [0.629104, 0.102736, 0.151493, 0.116667], 
              [0.131592, 0.175373, 0.155473, 0.537562], 
              [0.0450249, 0.118657, 0.0838308, 0.752488], 
              [0.0221393, 0.814179, 0.101741, 0.0619403], 
              [0.0539801, 0.797264, 0.120647, 0.0281095]
            ]
          }, {
            "db": 0,
            "id": "motif_10_4",
            "alt": "4-MMMMMMMCMM",
            "len": 10,
            "nsites": 20,
            "evalue": "1.0e-379",
            "pwm": [
              [0.392289, 0.490796, 0.049005, 0.0679104], 
              [0.447015, 0.468905, 0.0430348, 0.0410448], 
              [0.444473, 0.473358, 0.0410846, 0.0410846], 
              [0.453528, 0.450546, 0.0489573, 0.0469692], 
              [0.422139, 0.458955, 0.0599502, 0.0589552], 
              [0.404229, 0.499751, 0.04801, 0.04801], 
              [0.388308, 0.504726, 0.0450249, 0.0619403], 
              [0.379353, 0.530597, 0.05199, 0.0380597], 
              [0.382338, 0.507711, 0.0579602, 0.05199], 
              [0.371393, 0.508706, 0.0589552, 0.0609453]
            ]
          }, {
            "db": 0,
            "id": "motif_10_40",
            "alt": "15-GCGTGCGAGTGC",
            "len": 12,
            "nsites": 20,
            "evalue": "1.0e-059",
            "pwm": [
              [0.0669154, 0.0808458, 0.808209, 0.0440299], 
              [0.129602, 0.693781, 0.0808458, 0.0957711], 
              [0.049005, 0.128607, 0.746517, 0.0758706], 
              [0.0927861, 0.109701, 0.088806, 0.708706], 
              [0.0589552, 0.0818408, 0.803234, 0.0559701], 
              [0.0858209, 0.781343, 0.0569652, 0.0758706], 
              [0.0708955, 0.0808458, 0.784328, 0.0639303], 
              [0.643035, 0.161443, 0.0838308, 0.111692], 
              [0.0440299, 0.109701, 0.763433, 0.0828358], 
              [0.0768657, 0.0828358, 0.091791, 0.748507], 
              [0.0649254, 0.0679104, 0.789303, 0.0778607], 
              [0.110697, 0.701741, 0.110697, 0.0768657]
            ]
          }, {
            "db": 0,
            "id": "motif_10_41",
            "alt": "16-TCACTTCACCTC",
            "len": 12,
            "nsites": 20,
            "evalue": "1.0e-059",
            "pwm": [
              [0.0818408, 0.0669154, 0.05, 0.801244], 
              [0.0181592, 0.938557, 0.0261194, 0.0171642], 
              [0.797264, 0.0340796, 0.0828358, 0.0858209], 
              [0.00920398, 0.906716, 0.05, 0.0340796], 
              [0.102736, 0.23607, 0.0340796, 0.627114], 
              [0.0420398, 0.0838308, 0.05, 0.824129], 
              [0.0340796, 0.896766, 0.0430348, 0.0261194], 
              [0.905721, 0.0420398, 0.0261194, 0.0261194], 
              [0.0420398, 0.826119, 0.0818408, 0.05], 
              [0.0858209, 0.798259, 0.0340796, 0.0818408], 
              [0.0589552, 0.050995, 0.0748756, 0.815174], 
              [0.0589552, 0.84005, 0.0669154, 0.0340796]
            ]
          }, {
            "db": 0,
            "id": "motif_10_42",
            "alt": "17-TCACASTTCACA",
            "len": 12,
            "nsites": 20,
            "evalue": "1.0e-057",
            "pwm": [
              [0.146517, 0.25, 0.00223881, 0.601244], 
              [0.00223881, 0.993284, 0.00223881, 0.00223881], 
              [0.993284, 0.00223881, 0.00223881, 0.00223881], 
              [0.00223881, 0.883831, 0.0569652, 0.0569652], 
              [0.567413, 0.00223881, 0.401244, 0.0291045], 
              [0.00223881, 0.506716, 0.43408, 0.0569652], 
              [0.00223881, 0.25, 0.0291045, 0.718657], 
              [0.00223881, 0.391294, 0.00223881, 0.604229], 
              [0.00223881, 0.883831, 0.111692, 0.00223881], 
              [0.993284, 0.00223881, 0.00223881, 0.00223881], 
              [0.00223881, 0.993284, 0.00223881, 0.00223881], 
              [0.717662, 0.112687, 0.0848259, 0.0848259]
            ]
          }, {
            "db": 0,
            "id": "motif_10_43",
            "alt": "18-ACTCGCMAGTCG",
            "len": 12,
            "nsites": 20,
            "evalue": "1.0e-054",
            "pwm": [
              [0.571393, 0.24005, 0.140547, 0.04801], 
              [0.00223881, 0.804229, 0.191294, 0.00223881], 
              [0.00223881, 0.00223881, 0.00223881, 0.993284], 
              [0.00223881, 0.973383, 0.00223881, 0.0221393], 
              [0.0191542, 0.00223881, 0.976368, 0.00223881], 
              [0.136567, 0.84204, 0.0191542, 0.00223881], 
              [0.370768, 0.431525, 0.193476, 0.00423184], 
              [0.959453, 0.0191542, 0.0191542, 0.00223881], 
              [0.00223881, 0.302736, 0.692786, 0.00223881], 
              [0.00223881, 0.00323383, 0.00223881, 0.992289], 
              [0.00223881, 0.959453, 0.0191542, 0.0191542], 
              [0.0201493, 0.0420398, 0.917662, 0.0201493]
            ]
          }, {
            "db": 0,
            "id": "motif_10_44",
            "alt": "19-ATCCATCCATCC",
            "len": 12,
            "nsites": 20,
            "evalue": "1.0e-054",
            "pwm": [
              [0.907711, 0.0450249, 0.0450249, 0.00223881], 
              [0.126617, 0.00223881, 0.00223881, 0.868905], 
              [0.00223881, 0.993284, 0.00223881, 0.00223881], 
              [0.00223881, 0.993284, 0.00223881, 0.00223881], 
              [0.993284, 0.00223881, 0.00223881, 0.00223881], 
              [0.00223881, 0.0450249, 0.00223881, 0.950498], 
              [0.00223881, 0.950498, 0.00223881, 0.0450249], 
              [0.0450249, 0.907711, 0.00223881, 0.0450249], 
              [0.950498, 0.00223881, 0.0450249, 0.00223881], 
              [0.00223881, 0.00223881, 0.00223881, 0.993284], 
              [0.00223881, 0.993284, 0.00223881, 0.00223881], 
              [0.237065, 0.523632, 0.00223881, 0.237065]
            ]
          }, {
            "db": 0,
            "id": "motif_10_45",
            "alt": "20-GCTAGCTAGCTA",
            "len": 12,
            "nsites": 20,
            "evalue": "1.0e-046",
            "pwm": [
              [0.088806, 0.0748756, 0.763433, 0.0728856], 
              [0.0579602, 0.793284, 0.0957711, 0.0529851], 
              [0.138557, 0.103731, 0.115672, 0.64204], 
              [0.714677, 0.0808458, 0.088806, 0.115672], 
              [0.04801, 0.049005, 0.84602, 0.0569652], 
              [0.050995, 0.86393, 0.0460199, 0.0390547], 
              [0.135572, 0.0758706, 0.0748756, 0.713682], 
              [0.681841, 0.0997512, 0.0878109, 0.130597], 
              [0.0370647, 0.0440299, 0.85796, 0.0609453], 
              [0.0629353, 0.807214, 0.0659204, 0.0639303], 
              [0.134577, 0.090796, 0.102736, 0.671891], 
              [0.614179, 0.125622, 0.151493, 0.108706]
            ]
          }, {
            "db": 0,
            "id": "motif_10_46",
            "alt": "21-MGTTGCAGTTGC",
            "len": 12,
            "nsites": 20,
            "evalue": "1.0e-038",
            "pwm": [
              [0.342537, 0.354478, 0.195274, 0.107711], 
              [0.207214, 0.25597, 0.489801, 0.0470149], 
              [0.0470149, 0.224129, 0.0330846, 0.695771], 
              [0.0440299, 0.05199, 0.0639303, 0.84005], 
              [0.0221393, 0.0470149, 0.904726, 0.0261194], 
              [0.0579602, 0.85199, 0.0539801, 0.0360697], 
              [0.552488, 0.186318, 0.107711, 0.153483], 
              [0.227114, 0.172388, 0.559453, 0.0410448], 
              [0.0191542, 0.319652, 0.0360697, 0.625124], 
              [0.0330846, 0.0470149, 0.0579602, 0.86194], 
              [0.0151741, 0.0291045, 0.922637, 0.0330846], 
              [0.117662, 0.769403, 0.0549751, 0.0579602]
            ]
          }, {
            "db": 0,
            "id": "motif_10_47",
            "alt": "22-AAAAATCCCCAA",
            "len": 12,
            "nsites": 20,
            "evalue": "1.0e-035",
            "pwm": [
              [0.652985, 0.148507, 0.110697, 0.0878109], 
              [0.676866, 0.133582, 0.105721, 0.0838308], 
              [0.704726, 0.100746, 0.101741, 0.0927861], 
              [0.706716, 0.0997512, 0.0927861, 0.100746], 
              [0.684826, 0.108706, 0.0878109, 0.118657], 
              [0.131592, 0.103731, 0.121642, 0.643035], 
              [0.110697, 0.63806, 0.115672, 0.135572], 
              [0.120647, 0.6301, 0.118657, 0.130597], 
              [0.136567, 0.65398, 0.107711, 0.101741], 
              [0.156468, 0.652985, 0.110697, 0.0798507], 
              [0.682836, 0.124627, 0.106716, 0.0858209], 
              [0.64602, 0.128607, 0.123632, 0.101741]
            ]
          }, {
            "db": 0,
            "id": "motif_10_48",
            "alt": "23-GCTCACCGCTCA",
