<!DOCTYPE HTML>
<html>
  <head>
    <meta charset="UTF-8">
    <title>TOMTOM</title>
    <script>
      // @JSON_VAR data
      var data = {
        "program": "Tomtom",
        "version": "4.11.1",
        "release": "Fri Jan 15 12:51:59 2016 -0800",
        "cmd": [
          "tomtom", "-thresh", "0.0001", "-evalue", "all_train.meme",
          "all_train.meme"
        ],
        "options": {
          "strands": "both",
          "distance_measure": "ed",
          "threshold_type": "evalue",
          "threshold_value": 0.0001,
          "background_source": "first_target"
        },
        "alphabet": {
          "name": "DNA",
          "like": "dna",
          "ncore": 4,
          "symbols": [
            {
              "symbol": "A",
              "name": "Adenine",
              "colour": "CC0000",
              "complement": "T"
            }, {
              "symbol": "C",
              "name": "Cytosine",
              "colour": "0000CC",
              "complement": "G"
            }, {
              "symbol": "G",
              "name": "Guanine",
              "colour": "FFB300",
              "complement": "C"
            }, {
              "symbol": "T",
              "aliases": "U",
              "name": "Thymine",
              "colour": "008000",
              "complement": "A"
            }, {
              "symbol": "N",
              "aliases": "X.",
              "name": "Any base",
              "equals": "ACGT"
            }, {
              "symbol": "V",
              "name": "Not T",
              "equals": "ACG"
            }, {
              "symbol": "H",
              "name": "Not G",
              "equals": "ACT"
            }, {
              "symbol": "D",
              "name": "Not C",
              "equals": "AGT"
            }, {
              "symbol": "B",
              "name": "Not A",
              "equals": "CGT"
            }, {
              "symbol": "M",
              "name": "Amino",
              "equals": "AC"
            }, {
              "symbol": "R",
              "name": "Purine",
              "equals": "AG"
            }, {
              "symbol": "W",
              "name": "Weak",
              "equals": "AT"
            }, {
              "symbol": "S",
              "name": "Strong",
              "equals": "CG"
            }, {
              "symbol": "Y",
              "name": "Pyrimidine",
              "equals": "CT"
            }, {
              "symbol": "K",
              "name": "Keto",
              "equals": "GT"
            }
          ]
        },
        "background": [0.25, 0.25, 0.25, 0.25],
        "query_dbs": [
          {
            "source": "all_train.meme",
            "name": "all train",
            "loaded": 955,
            "excluded": 10,
            "last_modified": "Sun Jul  3 21:25:18 2016"
          }
        ],
        "target_dbs": [
          {
            "source": "all_train.meme",
            "name": "all train",
            "loaded": 955,
            "excluded": 10,
            "last_modified": "Sun Jul  3 21:25:18 2016"
          }
        ],
        "queries": [
          {
            "db": 0,
            "id": "motif_10_1",
            "alt": "1-BBYMTATATA",
            "len": 10,
            "nsites": 20,
            "evalue": "1.0e-861",
            "pwm": [
              [0.119652, 0.338557, 0.301741, 0.24005], 
              [0.11479, 0.360807, 0.299054, 0.225348], 
              [0.145522, 0.26592, 0.179353, 0.409204], 
              [0.357819, 0.30503, 0.135707, 0.201444], 
              [0.00223881, 0.0420398, 0.00422886, 0.951493], 
              [0.673881, 0.0320896, 0.00223881, 0.291791], 
              [0.129602, 0.00223881, 0.00223881, 0.86592], 
              [0.926617, 0.00223881, 0.00422886, 0.0669154], 
              [0.312687, 0.00223881, 0.00223881, 0.682836], 
              [0.86393, 0.0410448, 0.049005, 0.0460199]
            ]
          }, {
            "db": 0,
            "id": "motif_10_10",
            "alt": "10-TCTCTCTCTC",
            "len": 10,
            "nsites": 20,
            "evalue": "1.0e-117",
            "pwm": [
              [0.0758706, 0.0868159, 0.0699005, 0.767413], 
              [0.0689055, 0.769403, 0.05199, 0.109701], 
              [0.0728856, 0.0728856, 0.0947761, 0.759453], 
              [0.0539801, 0.880846, 0.0201493, 0.0450249], 
              [0.0599502, 0.0251244, 0.0868159, 0.828109], 
              [0.050995, 0.810199, 0.0728856, 0.0659204], 
              [0.0450249, 0.0838308, 0.0947761, 0.776368], 
              [0.123632, 0.760448, 0.0649254, 0.050995], 
              [0.0340796, 0.0967662, 0.106716, 0.762438], 
              [0.0738806, 0.854975, 0.0271144, 0.0440299]
            ]
          }, {
            "db": 0,
            "id": "motif_10_11",
            "alt": "11-GCTGTTTGCT",
            "len": 10,
            "nsites": 20,
            "evalue": "1.0e-099",
            "pwm": [
              [0.0161692, 0.0659204, 0.876866, 0.0410448], 
              [0.0131841, 0.813184, 0.0559701, 0.117662], 
              [0.05199, 0.04801, 0.0410448, 0.858955], 
              [0.0818408, 0.122637, 0.716667, 0.0788557], 
              [0.0839135, 0.186504, 0.287102, 0.442481], 
              [0.0410448, 0.201244, 0.233085, 0.524627], 
              [0.0271144, 0.190299, 0.143532, 0.639055], 
              [0.00223881, 0.0340796, 0.934577, 0.0291045], 
              [0.0748756, 0.839055, 0.0629353, 0.0231343], 
              [0.04801, 0.0878109, 0.00721393, 0.856965]
            ]
          }, {
            "db": 0,
            "id": "motif_10_12",
            "alt": "12-TCACTNGTCA",
            "len": 10,
            "nsites": 20,
            "evalue": "1.0e-098",
            "pwm": [
              [0.00223881, 0.00223881, 0.00223881, 0.993284], 
              [0.00223881, 0.993284, 0.00223881, 0.00223881], 
              [0.993284, 0.00223881, 0.00223881, 0.00223881], 
              [0.00223881, 0.536567, 0.295771, 0.165423], 
              [0.00223881, 0.302736, 0.213184, 0.481841], 
              [0.30005, 0.261205, 0.240289, 0.198456], 
              [0.146517, 0.291791, 0.559453, 0.00223881], 
              [0.00223881, 0.00223881, 0.00223881, 0.993284], 
              [0.00223881, 0.993284, 0.00223881, 0.00223881], 
              [0.993284, 0.00223881, 0.00223881, 0.00223881]
            ]
          }, {
            "db": 0,
            "id": "motif_10_13",
            "alt": "13-MGSCSGCCGS",
            "len": 10,
            "nsites": 20,
            "evalue": "1.0e-086",
            "pwm": [
              [0.339552, 0.462935, 0.122637, 0.0748756], 
              [0.216384, 0.216384, 0.394672, 0.172559], 
              [0.213184, 0.334577, 0.405224, 0.0470149], 
              [0.108706, 0.486816, 0.220149, 0.184328], 
              [0.180348, 0.284826, 0.374378, 0.160448], 
              [0.05199, 0.0718905, 0.829104, 0.0470149], 
              [0.0818408, 0.786318, 0.0838308, 0.04801], 
              [0.0927861, 0.509701, 0.302736, 0.0947761], 
              [0.0997512, 0.206219, 0.624129, 0.0699005], 
              [0.117662, 0.415174, 0.359453, 0.107711]
            ]
          }, {
            "db": 0,
            "id": "motif_10_14",
            "alt": "14-AGCAGNGCAG",
            "len": 10,
            "nsites": 20,
            "evalue": "1.0e-085",
            "pwm": [
              [0.574378, 0.088806, 0.148507, 0.188308], 
              [0.0987562, 0.160448, 0.671891, 0.0689055], 
              [0.00721393, 0.783333, 0.140547, 0.0689055], 
              [0.679851, 0.0699005, 0.212189, 0.0380597], 
              [0.0579602, 0.185323, 0.671891, 0.0848259], 
              [0.211978, 0.259692, 0.210984, 0.317346], 
              [0.163433, 0.172388, 0.660945, 0.00323383], 
              [0.0569652, 0.680846, 0.25398, 0.00820896], 
              [0.751493, 0.0191542, 0.0599502, 0.169403], 
              [0.124627, 0.0330846, 0.814179, 0.0281095]
            ]
          }, {
            "db": 0,
            "id": "motif_10_15",
            "alt": "15-TGCTTTGCTT",
            "len": 10,
            "nsites": 20,
            "evalue": "1.0e-077",
            "pwm": [
              [0.00223881, 0.00223881, 0.00223881, 0.993284], 
              [0.00323383, 0.00223881, 0.992289, 0.00223881], 
              [0.00223881, 0.890796, 0.104726, 0.00223881], 
              [0.00223881, 0.00223881, 0.00223881, 0.993284], 
              [0.00223881, 0.194279, 0.00223881, 0.801244], 
              [0.0430348, 0.00223881, 0.00223881, 0.952488], 
              [0.00223881, 0.0659204, 0.929602, 0.00223881], 
              [0.0241294, 0.971393, 0.00223881, 0.00223881], 
              [0.00223881, 0.0669154, 0.00223881, 0.928607], 
              [0.00223881, 0.00223881, 0.00223881, 0.993284]
            ]
          }, {
            "db": 0,
            "id": "motif_10_16",
            "alt": "16-CTAGCTAGCT",
            "len": 10,
            "nsites": 20,
            "evalue": "1.0e-072",
            "pwm": [
              [0.088806, 0.775373, 0.100746, 0.0350746], 
              [0.091791, 0.106716, 0.0808458, 0.720647], 
              [0.734577, 0.091791, 0.112687, 0.0609453], 
              [0.0221393, 0.04801, 0.898756, 0.0310945], 
              [0.0310945, 0.922637, 0.0300995, 0.0161692], 
              [0.0689055, 0.0380597, 0.0281095, 0.864925], 
              [0.703731, 0.0977612, 0.104726, 0.0937811], 
              [0.0380597, 0.04801, 0.860945, 0.0529851], 
              [0.0838308, 0.793284, 0.0539801, 0.0689055], 
              [0.0947761, 0.125622, 0.0818408, 0.697761]
            ]
          }, {
            "db": 0,
            "id": "motif_10_17",
            "alt": "17-TACTASTAGT",
            "len": 10,
            "nsites": 20,
            "evalue": "1.0e-068",
            "pwm": [
              [0.139552, 0.237065, 0.183333, 0.44005], 
              [0.579353, 0.0947761, 0.210199, 0.115672], 
              [0.0778607, 0.511692, 0.344527, 0.0659204], 
              [0.0778607, 0.211194, 0.0370647, 0.673881], 
              [0.628109, 0.0271144, 0.208209, 0.136567], 
              [0.0430348, 0.419154, 0.500746, 0.0370647], 
              [0.0141791, 0.239055, 0.0380597, 0.708706], 
              [0.633085, 0.0848259, 0.192289, 0.089801], 
              [0.049005, 0.339552, 0.549502, 0.0619403], 
              [0.177363, 0.25796, 0.108706, 0.45597]
            ]
          }, {
            "db": 0,
            "id": "motif_10_18",
            "alt": "18-CCCGCCCGCC",
            "len": 10,
            "nsites": 20,
            "evalue": "1.0e-060",
            "pwm": [
              [0.0420398, 0.897761, 0.0579602, 0.00223881], 
              [0.0300995, 0.916667, 0.00223881, 0.050995], 
              [0.05199, 0.866915, 0.0559701, 0.0251244], 
              [0.00223881, 0.00223881, 0.993284, 0.00223881], 
              [0.0758706, 0.866915, 0.0549751, 0.00223881], 
              [0.00223881, 0.890796, 0.0738806, 0.0330846], 
              [0.0390547, 0.904726, 0.00223881, 0.0539801], 
              [0.0559701, 0.00522388, 0.868905, 0.0699005], 
              [0.050995, 0.944527, 0.00223881, 0.00223881], 
              [0.0300995, 0.943532, 0.0241294, 0.00223881]
            ]
          }, {
            "db": 0,
            "id": "motif_10_19",
            "alt": "19-CCAGWSTCCA",
            "len": 10,
            "nsites": 20,
            "evalue": "1.0e-060",
            "pwm": [
              [0.00223881, 0.86592, 0.0848259, 0.0470149], 
              [0.0300995, 0.961443, 0.00621891, 0.00223881], 
              [0.979353, 0.0161692, 0.00223881, 0.00223881], 
              [0.00223881, 0.0350746, 0.85597, 0.106716], 
              [0.383333, 0.00223881, 0.181343, 0.433085], 
              [0.0470149, 0.508706, 0.44204, 0.00223881], 
              [0.0649254, 0.00223881, 0.00422886, 0.928607], 
              [0.00223881, 0.989303, 0.00621891, 0.00223881], 
              [0.00621891, 0.989303, 0.00223881, 0.00223881], 
              [0.926617, 0.0649254, 0.00223881, 0.00621891]
            ]
          }, {
            "db": 0,
            "id": "motif_10_2",
            "alt": "2-YCCCCCHTCC",
            "len": 10,
            "nsites": 20,
            "evalue": "1.0e-572",
            "pwm": [
              [0.279851, 0.433085, 0.00223881, 0.284826], 
              [0.00223881, 0.65995, 0.00223881, 0.335572], 
              [0.226119, 0.512687, 0.00223881, 0.258955], 
              [0.145522, 0.671891, 0.00223881, 0.180348], 
              [0.00223881, 0.776368, 0.200249, 0.0211443], 
              [0.314677, 0.46592, 0.184328, 0.0350746], 
              [0.225895, 0.346172, 0.169235, 0.258698], 
              [0.239055, 0.290796, 0.00621891, 0.46393], 
              [0.00223881, 0.829104, 0.00223881, 0.166418], 
              [0.00223881, 0.993284, 0.00223881, 0.00223881]
            ]
          }, {
            "db": 0,
            "id": "motif_10_20",
            "alt": "20-CTGCCTGCCT",
            "len": 10,
            "nsites": 20,
            "evalue": "1.0e-055",
            "pwm": [
              [0.00223881, 0.940547, 0.0460199, 0.011194], 
              [0.0440299, 0.0231343, 0.00223881, 0.930597], 
              [0.00820896, 0.0161692, 0.973383, 0.00223881], 
              [0.00223881, 0.930597, 0.0559701, 0.011194], 
              [0.00223881, 0.947512, 0.00223881, 0.04801], 
              [0.114677, 0.00223881, 0.00223881, 0.880846], 
              [0.0191542, 0.0131841, 0.950498, 0.0171642], 
              [0.0410448, 0.877861, 0.0460199, 0.0350746], 
              [0.00223881, 0.979353, 0.0161692, 0.00223881], 
              [0.122637, 0.131592, 0.011194, 0.734577]
            ]
          }, {
            "db": 0,
            "id": "motif_10_21",
            "alt": "21-TCGCAGTCGC",
            "len": 10,
            "nsites": 20,
            "evalue": "1.0e-047",
            "pwm": [
              [0.00223881, 0.00223881, 0.00223881, 0.993284], 
              [0.00223881, 0.993284, 0.00223881, 0.00223881], 
              [0.00223881, 0.00223881, 0.993284, 0.00223881], 
              [0.00223881, 0.993284, 0.00223881, 0.00223881], 
              [0.993284, 0.00223881, 0.00223881, 0.00223881], 
              [0.00223881, 0.00223881, 0.993284, 0.00223881], 
              [0.00223881, 0.00223881, 0.152488, 0.843035], 
              [0.00223881, 0.868905, 0.00223881, 0.126617], 
              [0.0639303, 0.00223881, 0.8699, 0.0639303], 
              [0.00223881, 0.993284, 0.00223881, 0.00223881]
            ]
          }, {
            "db": 0,
            "id": "motif_10_22",
            "alt": "22-CGAGTCGCGA",
            "len": 10,
            "nsites": 20,
            "evalue": "1.0e-047",
            "pwm": [
              [0.00223881, 0.991294, 0.00223881, 0.00422886], 
              [0.00223881, 0.00223881, 0.993284, 0.00223881], 
              [0.936567, 0.0410448, 0.0201493, 0.00223881], 
              [0.0310945, 0.116667, 0.831095, 0.0211443], 
              [0.00422886, 0.00223881, 0.00223881, 0.991294], 
              [0.00223881, 0.685821, 0.152488, 0.159453], 
              [0.00223881, 0.0310945, 0.849005, 0.117662], 
              [0.00223881, 0.953483, 0.00223881, 0.0420398], 
              [0.00223881, 0.00223881, 0.991294, 0.00422886], 
              [0.852985, 0.0430348, 0.00223881, 0.101741]
            ]
          }, {
            "db": 0,
            "id": "motif_10_23",
            "alt": "23-GCTTCTGCTT",
            "len": 10,
            "nsites": 20,
            "evalue": "1.0e-034",
            "pwm": [
              [0.00223881, 0.105721, 0.889801, 0.00223881], 
              [0.0360697, 0.85597, 0.00223881, 0.105721], 
              [0.00223881, 0.00223881, 0.00920398, 0.986318], 
              [0.00223881, 0.00223881, 0.321642, 0.673881], 
              [0.407214, 0.574378, 0.00223881, 0.0161692], 
              [0.00920398, 0.00223881, 0.00223881, 0.986318], 
              [0.010199, 0.00223881, 0.811194, 0.176368], 
              [0.0271144, 0.684826, 0.106716, 0.181343], 
              [0.090796, 0.119652, 0.00223881, 0.787313], 
              [0.010199, 0.00223881, 0.00223881, 0.985323]
            ]
          }, {
            "db": 0,
            "id": "motif_10_24",
            "alt": "24-CTTACCTGGA",
            "len": 10,
            "nsites": 20,
            "evalue": "1.0e-022",
            "pwm": [
              [0.00223881, 0.993284, 0.00223881, 0.00223881], 
              [0.00223881, 0.00223881, 0.00223881, 0.993284], 
              [0.00223881, 0.0868159, 0.00223881, 0.908706], 
              [0.993284, 0.00223881, 0.00223881, 0.00223881], 
              [0.00223881, 0.993284, 0.00223881, 0.00223881], 
              [0.00223881, 0.633085, 0.362438, 0.00223881], 
              [0.00223881, 0.00223881, 0.00223881, 0.993284], 
              [0.00223881, 0.00223881, 0.993284, 0.00223881], 
              [0.00223881, 0.00223881, 0.993284, 0.00223881], 
              [0.993284, 0.00223881, 0.00223881, 0.00223881]
            ]
          }, {
            "db": 0,
            "id": "motif_10_25",
            "alt": "25-ACCGGGCCGG",
            "len": 10,
            "nsites": 20,
            "evalue": "1.0e-012",
            "pwm": [
              [0.697761, 0.100746, 0.100746, 0.100746], 
              [0.100746, 0.697761, 0.100746, 0.100746], 
              [0.100746, 0.697761, 0.100746, 0.100746], 
              [0.100746, 0.100746, 0.697761, 0.100746], 
              [0.100746, 0.100746, 0.697761, 0.100746], 
              [0.100746, 0.100746, 0.697761, 0.100746], 
              [0.100746, 0.697761, 0.100746, 0.100746], 
              [0.100746, 0.697761, 0.100746, 0.100746], 
              [0.100746, 0.100746, 0.697761, 0.100746], 
              [0.100746, 0.100746, 0.697761, 0.100746]
            ]
          }, {
            "db": 0,
            "id": "motif_10_26",
            "alt": "1-BBBNTWTATATA",
            "len": 12,
            "nsites": 20,
            "evalue": "1.0e-826",
            "pwm": [
              [0.128607, 0.320647, 0.317662, 0.233085], 
              [0.166418, 0.307711, 0.334577, 0.191294], 
              [0.157619, 0.318974, 0.247261, 0.276146], 
              [0.24602, 0.281841, 0.222139, 0.25], 
              [0.0997512, 0.201244, 0.163433, 0.535572], 
              [0.403234, 0.182338, 0.0728856, 0.341542], 
              [0.0291045, 0.00920398, 0.00223881, 0.959453], 
              [0.749502, 0.00621891, 0.00223881, 0.24204], 
              [0.202239, 0.00223881, 0.00223881, 0.793284], 
              [0.980348, 0.00223881, 0.00223881, 0.0151741], 
              [0.299751, 0.0659204, 0.167413, 0.466915], 
              [0.538557, 0.143532, 0.215174, 0.102736]
            ]
          }, {
            "db": 0,
            "id": "motif_10_27",
            "alt": "2-CCCCCCCCCHCC",
            "len": 12,
            "nsites": 20,
            "evalue": "1.0e-461",
            "pwm": [
              [0.0778607, 0.681841, 0.0778607, 0.162438], 
              [0.090796, 0.706716, 0.0718905, 0.130597], 
              [0.122637, 0.712687, 0.0768657, 0.0878109], 
              [0.24801, 0.484826, 0.118657, 0.148507], 
              [0.118657, 0.619154, 0.0957711, 0.166418], 
              [0.088806, 0.689801, 0.0649254, 0.156468], 
              [0.121642, 0.564428, 0.145522, 0.168408], 
              [0.0838308, 0.702736, 0.102736, 0.110697], 
              [0.100746, 0.782338, 0.05, 0.0669154], 
              [0.25, 0.349502, 0.146517, 0.25398], 
              [0.0718905, 0.715672, 0.0927861, 0.119652], 
              [0.0579602, 0.805224, 0.0569652, 0.0798507]
            ]
          }, {
            "db": 0,
            "id": "motif_10_28",
            "alt": "3-TCBTCTCYTCTC",
            "len": 12,
            "nsites": 20,
            "evalue": "1.0e-386",
            "pwm": [
              [0.0121891, 0.337562, 0.0977612, 0.552488], 
              [0.00522388, 0.645025, 0.0818408, 0.26791], 
              [0.0300995, 0.302736, 0.264925, 0.402239], 
              [0.0161692, 0.360448, 0.0748756, 0.548507], 
              [0.00522388, 0.645025, 0.0748756, 0.274876], 
              [0.00621891, 0.148507, 0.0997512, 0.745522], 
              [0.00721393, 0.734577, 0.0370647, 0.221144], 
              [0.0231343, 0.419154, 0.231095, 0.326617], 
              [0.0251244, 0.237065, 0.0818408, 0.65597], 
              [0.00721393, 0.690796, 0.04801, 0.25398], 
              [0.00721393, 0.24602, 0.143532, 0.603234], 
              [0.010199, 0.643035, 0.0689055, 0.277861]
            ]
          }, {
            "db": 0,
            "id": "motif_10_29",
            "alt": "4-GBTTGGGTTTKG",
            "len": 12,
            "nsites": 20,
            "evalue": "1.0e-366",
            "pwm": [
              [0.108706, 0.166418, 0.460945, 0.26393], 
              [0.089801, 0.282836, 0.323632, 0.303731], 
              [0.0927861, 0.202239, 0.193284, 0.511692], 
              [0.146517, 0.0788557, 0.282836, 0.491791], 
              [0.0350746, 0.0599502, 0.561443, 0.343532], 
              [0.0271144, 0.00422886, 0.829104, 0.139552], 
              [0.163433, 0.214179, 0.423134, 0.199254], 
              [0.142537, 0.2301, 0.124627, 0.502736], 
              [0.00223881, 0.143532, 0.170398, 0.683831], 
              [0.00323383, 0.178358, 0.287811, 0.530597], 
              [0.0161692, 0.150498, 0.481841, 0.351493], 
              [0.0927861, 0.175373, 0.512687, 0.219154]
            ]
          }, {
            "db": 0,
            "id": "motif_10_3",
            "alt": "3-GAGRSGAGRR",
            "len": 10,
            "nsites": 20,
            "evalue": "1.0e-403",
            "pwm": [
              [0.315672, 0.0320896, 0.65, 0.00223881], 
              [0.980348, 0.00223881, 0.00223881, 0.0151741], 
              [0.317662, 0.0649254, 0.615174, 0.00223881], 
              [0.4699, 0.0977612, 0.345522, 0.0868159], 
              [0.155473, 0.473881, 0.362438, 0.00820896], 
              [0.0649254, 0.00223881, 0.877861, 0.0549751], 
              [0.566418, 0.155473, 0.275871, 0.00223881], 
              [0.260945, 0.23408, 0.502736, 0.00223881], 
              [0.475871, 0.090796, 0.332587, 0.100746], 
              [0.323632, 0.212189, 0.46194, 0.00223881]
            ]
          }, {
            "db": 0,
            "id": "motif_10_30",
            "alt": "5-CMTTCCATTCCA",
            "len": 12,
            "nsites": 20,
            "evalue": "1.0e-345",
            "pwm": [
              [0.172388, 0.585323, 0.114677, 0.127612], 
              [0.400249, 0.350498, 0.125622, 0.123632], 
              [0.187313, 0.222139, 0.159453, 0.431095], 
              [0.0161692, 0.169403, 0.0390547, 0.775373], 
              [0.00920398, 0.83607, 0.0440299, 0.110697], 
              [0.0848259, 0.85995, 0.0440299, 0.011194], 
              [0.733582, 0.158458, 0.0768657, 0.0310945], 
              [0.134577, 0.186318, 0.23408, 0.445025], 
              [0.010199, 0.168408, 0.0450249, 0.776368], 
              [0.0171642, 0.678856, 0.0748756, 0.229104], 
              [0.0679104, 0.864925, 0.0390547, 0.0281095], 
              [0.497761, 0.303731, 0.089801, 0.108706]
            ]
          }, {
            "db": 0,
            "id": "motif_10_31",
            "alt": "6-CACACACACACV",
            "len": 12,
            "nsites": 20,
            "evalue": "1.0e-242",
            "pwm": [
              [0.147512, 0.675871, 0.129602, 0.0470149], 
              [0.673881, 0.101741, 0.135572, 0.088806], 
              [0.109701, 0.755473, 0.0997512, 0.0350746], 
              [0.681841, 0.0967662, 0.142537, 0.0788557], 
              [0.120647, 0.750498, 0.0997512, 0.0291045], 
              [0.64204, 0.111692, 0.163433, 0.0828358], 
              [0.118657, 0.740547, 0.102736, 0.0380597], 
              [0.65995, 0.102736, 0.150498, 0.0868159], 
              [0.0997512, 0.778358, 0.0967662, 0.0251244], 
              [0.677861, 0.0977612, 0.149502, 0.0748756], 
              [0.101741, 0.737562, 0.110697, 0.05], 
              [0.372017, 0.231859, 0.239811, 0.156313]
            ]
          }, {
            "db": 0,
            "id": "motif_10_32",
            "alt": "7-ATCACTCATCAC",
            "len": 12,
            "nsites": 20,
            "evalue": "1.0e-198",
            "pwm": [
              [0.578358, 0.199254, 0.112687, 0.109701], 
              [0.0271144, 0.212189, 0.23806, 0.522637], 
              [0.0330846, 0.885821, 0.0420398, 0.0390547], 
              [0.63607, 0.134577, 0.090796, 0.138557], 
              [0.0967662, 0.678856, 0.157463, 0.0669154], 
              [0.0788557, 0.189303, 0.160448, 0.571393], 
              [0.0400498, 0.876866, 0.0529851, 0.0300995], 
              [0.694776, 0.123632, 0.103731, 0.0778607], 
              [0.0380597, 0.2301, 0.24204, 0.489801], 
              [0.0281095, 0.895771, 0.0470149, 0.0291045], 
              [0.697761, 0.0808458, 0.0967662, 0.124627], 
              [0.0639303, 0.719652, 0.161443, 0.0549751]
            ]
          }, {
            "db": 0,
            "id": "motif_10_33",
            "alt": "8-CTAAAACCCTMG",
            "len": 12,
            "nsites": 20,
            "evalue": "1.0e-126",
            "pwm": [
              [0.0599502, 0.726617, 0.0788557, 0.134577], 
              [0.163271, 0.170229, 0.229871, 0.436629], 
              [0.582338, 0.00223881, 0.224129, 0.191294], 
              [0.870896, 0.00820896, 0.118657, 0.00223881], 
              [0.981343, 0.00820896, 0.00223881, 0.00820896], 
              [0.804229, 0.141542, 0.0380597, 0.0161692], 
              [0.0609453, 0.768408, 0.103731, 0.0669154], 
              [0.0231343, 0.952488, 0.0161692, 0.00820896], 
              [0.00920398, 0.85597, 0.0460199, 0.088806], 
              [0.0380597, 0.00820896, 0.00223881, 0.951493], 
              [0.359811, 0.403636, 0.125746, 0.110806], 
              [0.0957711, 0.0679104, 0.731592, 0.104726]
            ]
          }, {
            "db": 0,
            "id": "motif_10_34",
            "alt": "9-CTAGGGTTNVGN",
            "len": 12,
            "nsites": 20,
            "evalue": "1.0e-108",
            "pwm": [
              [0.126617, 0.414179, 0.208209, 0.250995], 
              [0.0947761, 0.24005, 0.23806, 0.427114], 
              [0.693781, 0.0987562, 0.0798507, 0.127612], 
              [0.0659204, 0.00920398, 0.85796, 0.0669154], 
              [0.127612, 0.0858209, 0.725622, 0.0609453], 
              [0.0848259, 0.0131841, 0.775373, 0.126617], 
              [0.0838308, 0.010199, 0.0669154, 0.839055], 
              [0.0330846, 0.150498, 0.0718905, 0.744527], 
              [0.20742, 0.262201, 0.215388, 0.31499], 
              [0.311692, 0.346517, 0.323632, 0.0181592], 
              [0.162277, 0.193092, 0.484343, 0.160289], 
              [0.280846, 0.2301, 0.313682, 0.175373]
            ]
          }, {
            "db": 0,
            "id": "motif_10_35",
            "alt": "10-TGCGAGTTGCGA",
            "len": 12,
            "nsites": 20,
            "evalue": "1.0e-105",
            "pwm": [
              [0.0181592, 0.202239, 0.0450249, 0.734577], 
              [0.00223881, 0.00621891, 0.989303, 0.00223881], 
              [0.0141791, 0.683831, 0.00223881, 0.299751], 
              [0.0131841, 0.0131841, 0.960448, 0.0131841], 
              [0.694776, 0.0191542, 0.283831, 0.00223881], 
              [0.0330846, 0.224129, 0.734577, 0.00820896], 
              [0.00223881, 0.339552, 0.00721393, 0.650995], 
              [0.00223881, 0.172388, 0.0649254, 0.760448], 
              [0.00223881, 0.00223881, 0.993284, 0.00223881], 
              [0.00223881, 0.693781, 0.00223881, 0.301741], 
              [0.00721393, 0.0201493, 0.965423, 0.00721393], 
              [0.675871, 0.0131841, 0.303731, 0.00721393]
            ]
          }, {
            "db": 0,
            "id": "motif_10_36",
            "alt": "11-GCTAGCTAGCTA",
            "len": 12,
            "nsites": 20,
            "evalue": "1.0e-063",
            "pwm": [
              [0.101741, 0.0718905, 0.778358, 0.04801], 
              [0.05199, 0.831095, 0.0927861, 0.0241294], 
              [0.100746, 0.174378, 0.0878109, 0.637065], 
              [0.738557, 0.0639303, 0.0987562, 0.0987562], 
              [0.0141791, 0.0141791, 0.961443, 0.010199], 
              [0.0231343, 0.930597, 0.0360697, 0.010199], 
              [0.111692, 0.160448, 0.0460199, 0.681841], 
              [0.65995, 0.0599502, 0.131592, 0.148507], 
              [0.0231343, 0.0360697, 0.921642, 0.0191542], 
              [0.050995, 0.758458, 0.0619403, 0.128607], 
              [0.137562, 0.134577, 0.184328, 0.543532], 
              [0.45995, 0.198259, 0.235075, 0.106716]
            ]
          }, {
            "db": 0,
            "id": "motif_10_37",
            "alt": "12-TASTAGTAGTAG",
            "len": 12,
            "nsites": 20,
            "evalue": "1.0e-056",
            "pwm": [
              [0.122637, 0.172388, 0.0868159, 0.618159], 
              [0.693781, 0.0738806, 0.176368, 0.0559701], 
              [0.0450249, 0.521642, 0.405224, 0.0281095], 
              [0.0629353, 0.137562, 0.0330846, 0.766418], 
              [0.891791, 0.0161692, 0.0549751, 0.0370647], 
              [0.0221393, 0.337562, 0.621144, 0.0191542], 
              [0.0450249, 0.160448, 0.0211443, 0.773383], 
              [0.775373, 0.0559701, 0.114677, 0.0539801], 
              [0.0300995, 0.322637, 0.626119, 0.0211443], 
              [0.0420398, 0.215174, 0.0370647, 0.705721], 
              [0.785323, 0.0420398, 0.0390547, 0.133582], 
              [0.0748756, 0.199254, 0.643035, 0.0828358]
            ]
          }, {
            "db": 0,
            "id": "motif_10_38",
            "alt": "13-CTGCAACTGCRA",
            "len": 12,
            "nsites": 20,
            "evalue": "1.0e-053",
            "pwm": [
              [0.00223881, 0.602239, 0.315672, 0.0798507], 
              [0.0420398, 0.0629353, 0.00223881, 0.892786], 
              [0.00223881, 0.0211443, 0.955473, 0.0211443], 
              [0.00223881, 0.993284, 0.00223881, 0.00223881], 
              [0.565423, 0.0460199, 0.243035, 0.145522], 
              [0.875871, 0.00223881, 0.119652, 0.00223881], 
              [0.00223881, 0.705721, 0.289801, 0.00223881], 
              [0.0669154, 0.0221393, 0.0629353, 0.84801], 
              [0.00223881, 0.0619403, 0.933582, 0.00223881], 
              [0.00223881, 0.974378, 0.0211443, 0.00223881], 
              [0.457421, 0.0022398, 0.498258, 0.0420806], 
              [0.939552, 0.00223881, 0.00223881, 0.0559701]
            ]
          }, {
            "db": 0,
            "id": "motif_10_39",
            "alt": "14-CAGGCAGGCAGG",
            "len": 12,
            "nsites": 20,
            "evalue": "1.0e-051",
            "pwm": [
              [0.201244, 0.410199, 0.195274, 0.193284], 
              [0.730597, 0.00223881, 0.264925, 0.00223881], 
              [0.00223881, 0.00223881, 0.993284, 0.00223881], 
              [0.00223881, 0.049005, 0.752488, 0.196269], 
              [0.00223881, 0.993284, 0.00223881, 0.00223881], 
              [0.730597, 0.00223881, 0.102736, 0.164428], 
              [0.00223881, 0.00223881, 0.993284, 0.00223881], 
              [0.00223881, 0.112687, 0.882836, 0.00223881], 
              [0.00223881, 0.993284, 0.00223881, 0.00223881], 
              [0.781343, 0.00223881, 0.00422886, 0.212189], 
              [0.24403, 0.0997512, 0.65398, 0.00223881], 
              [0.00223881, 0.250995, 0.744527, 0.00223881]
            ]
          }, {
            "db": 0,
            "id": "motif_10_4",
            "alt": "4-CGTTTCGTTT",
            "len": 10,
            "nsites": 20,
            "evalue": "1.0e-315",
            "pwm": [
              [0.0669154, 0.694776, 0.130597, 0.107711], 
              [0.108706, 0.0957711, 0.675871, 0.119652], 
              [0.091791, 0.140547, 0.112687, 0.654975], 
              [0.0539801, 0.106716, 0.0609453, 0.778358], 
              [0.0390547, 0.121642, 0.121642, 0.717662], 
              [0.0609453, 0.686816, 0.140547, 0.111692], 
              [0.107711, 0.133582, 0.627114, 0.131592], 
              [0.102736, 0.113682, 0.106716, 0.676866], 
              [0.05199, 0.116667, 0.0708955, 0.760448], 
              [0.050995, 0.126617, 0.116667, 0.705721]
            ]
          }, {
            "db": 0,
            "id": "motif_10_40",
            "alt": "15-CTCGAGWCTCGA",
            "len": 12,
            "nsites": 20,
            "evalue": "1.0e-044",
            "pwm": [
              [0.00223881, 0.613184, 0.382338, 0.00223881], 
              [0.00223881, 0.147512, 0.0350746, 0.815174], 
              [0.00223881, 0.961443, 0.00223881, 0.0340796], 
              [0.00223881, 0.158458, 0.696766, 0.142537], 
              [0.993284, 0.00223881, 0.00223881, 0.00223881], 
              [0.212189, 0.0350746, 0.750498, 0.00223881], 
              [0.425549, 0.0958658, 0.105826, 0.37276], 
              [0.00223881, 0.817164, 0.178358, 0.00223881], 
              [0.0340796, 0.00223881, 0.00223881, 0.961443], 
              [0.0350746, 0.843035, 0.119652, 0.00223881], 
              [0.0808458, 0.256965, 0.65995, 0.00223881], 
              [0.847015, 0.00223881, 0.115672, 0.0350746]
            ]
          }, {
            "db": 0,
            "id": "motif_10_41",
            "alt": "16-CTACAAATACSC",
            "len": 12,
            "nsites": 20,
            "evalue": "1.0e-043",
            "pwm": [
              [0.00223881, 0.993284, 0.00223881, 0.00223881], 
              [0.00223881, 0.00223881, 0.00223881, 0.993284], 
              [0.993284, 0.00223881, 0.00223881, 0.00223881], 
              [0.00223881, 0.993284, 0.00223881, 0.00223881], 
              [0.993284, 0.00223881, 0.00223881, 0.00223881], 
              [0.993284, 0.00223881, 0.00223881, 0.00223881], 
              [0.955473, 0.0400498, 0.00223881, 0.00223881], 
              [0.00223881, 0.00223881, 0.00223881, 0.993284], 
              [0.955473, 0.00223881, 0.00223881, 0.0400498], 
              [0.0410448, 0.84403, 0.112687, 0.00223881], 
              [0.209204, 0.322637, 0.46592, 0.00223881], 
              [0.0410448, 0.804229, 0.113682, 0.0410448]
            ]
          }, {
            "db": 0,
            "id": "motif_10_42",
            "alt": "17-CTGAGAGCCTGA",
            "len": 12,
            "nsites": 20,
            "evalue": "1.0e-036",
            "pwm": [
              [0.05, 0.813184, 0.05, 0.0868159], 
              [0.0639303, 0.0131841, 0.0619403, 0.860945], 
              [0.0261194, 0.0390547, 0.908706, 0.0261194], 
              [0.749502, 0.172388, 0.0271144, 0.050995], 
              [0.136567, 0.0758706, 0.725622, 0.0619403], 
              [0.775373, 0.0987562, 0.0380597, 0.0878109], 
              [0.0599502, 0.0380597, 0.84005, 0.0619403], 
              [0.0261194, 0.84801, 0.0619403, 0.0639303], 
              [0.0261194, 0.873881, 0.0380597, 0.0619403], 
              [0.0271144, 0.0271144, 0.05, 0.895771], 
              [0.0370647, 0.0370647, 0.923632, 0.00223881], 
              [0.773383, 0.123632, 0.0758706, 0.0271144]
            ]
          }, {
            "db": 0,
            "id": "motif_10_43",
            "alt": "18-AAGAGCGAGCGA",
            "len": 12,
            "nsites": 20,
            "evalue": "1.0e-034",
            "pwm": [
              [0.83607, 0.010199, 0.126617, 0.0271144], 
              [0.731592, 0.0868159, 0.179353, 0.00223881], 
              [0.0868159, 0.306716, 0.604229, 0.00223881], 
              [0.875871, 0.00223881, 0.00223881, 0.119652], 
              [0.00223881, 0.00223881, 0.993284, 0.00223881], 
              [0.00223881, 0.993284, 0.00223881, 0.00223881], 
              [0.00223881, 0.0599502, 0.877861, 0.0599502], 
              [0.993284, 0.00223881, 0.00223881, 0.00223881], 
              [0.00223881, 0.00223881, 0.993284, 0.00223881], 
              [0.0599502, 0.877861, 0.0599502, 0.00223881], 
              [0.00223881, 0.119652, 0.875871, 0.00223881], 
              [0.875871, 0.119652, 0.00223881, 0.00223881]
            ]
          }, {
            "db": 0,
            "id": "motif_10_44",
            "alt": "19-CGAATCGMATCG",
            "len": 12,
            "nsites": 20,
            "evalue": "1.0e-033",
            "pwm": [
              [0.00223881, 0.993284, 0.00223881, 0.00223881], 
              [0.0350746, 0.00223881, 0.960448, 0.00223881], 
              [0.477861, 0.256965, 0.262935, 0.00223881], 
              [0.956468, 0.0390547, 0.00223881, 0.00223881], 
              [0.00223881, 0.328607, 0.0708955, 0.598259], 
              [0.00223881, 0.993284, 0.00223881, 0.00223881], 
              [0.00223881, 0.0350746, 0.960448, 0.00223881], 
              [0.346863, 0.468378, 0.18252, 0.0022398], 
              [0.698756, 0.217164, 0.0818408, 0.00223881], 
              [0.108706, 0.00223881, 0.325622, 0.563433], 
              [0.00223881, 0.993284, 0.00223881, 0.00223881], 
              [0.00223881, 0.241045, 0.754478, 0.00223881]
            ]
          }, {
            "db": 0,
            "id": "motif_10_45",
            "alt": "20-AGTCCGGACTCC",
            "len": 12,
            "nsites": 20,
            "evalue": "1.0e-031",
            "pwm": [
              [0.738557, 0.114677, 0.0838308, 0.0629353], 
              [0.0430348, 0.142537, 0.764428, 0.05], 
              [0.011194, 0.0420398, 0.0420398, 0.904726], 
              [0.0420398, 0.884826, 0.00223881, 0.0708955], 
              [0.0529851, 0.86194, 0.0420398, 0.0430348], 
              [0.135572, 0.091791, 0.686816, 0.0858209], 
              [0.0529851, 0.0320896, 0.86194, 0.0529851], 
              [0.85199, 0.0529851, 0.0728856, 0.0221393], 
              [0.0400498, 0.815174, 0.112687, 0.0320896], 
              [0.0221393, 0.0320896, 0.0430348, 0.902736], 
              [0.0420398, 0.84204, 0.0838308, 0.0320896], 
              [0.0330846, 0.870896, 0.0529851, 0.0430348]
            ]
          }, {
            "db": 0,
            "id": "motif_10_46",
            "alt": "21-GCACTCGGCACT",
            "len": 12,
            "nsites": 20,
            "evalue": "1.0e-030",
            "pwm": [
              [0.0201493, 0.0689055, 0.84403, 0.0669154], 
              [0.0400498, 0.880846, 0.049005, 0.0300995], 
              [0.794279, 0.0599502, 0.05, 0.0957711], 
              [0.00223881, 0.849005, 0.128607, 0.0201493], 
              [0.135572, 0.049005, 0.0589552, 0.756468], 
              [0.011194, 0.880846, 0.0778607, 0.0300995], 
              [0.049005, 0.05, 0.796269, 0.104726], 
              [0.049005, 0.05, 0.880846, 0.0201493], 
              [0.0310945, 0.928607, 0.0201493, 0.0201493], 
              [0.788308, 0.0400498, 0.102736, 0.0689055], 
              [0.0400498, 0.868905, 0.0708955, 0.0201493], 
              [0.137562, 0.0689055, 0.0758706, 0.717662]
            ]
          }, {
            "db": 0,
            "id": "motif_10_47",
            "alt": "22-YTSAGCTCAGCT",
            "len": 12,
            "nsites": 20,
            "evalue": "1.0e-023",
            "pwm": [
              [0.00223881, 0.336567, 0.233085, 0.428109], 
              [0.0878109, 0.133582, 0.2301, 0.548507], 
              [0.0281363, 0.459413, 0.463397, 0.0490528], 
              [0.83607, 0.00223881, 0.0599502, 0.101741], 
              [0.00223881, 0.0320896, 0.963433, 0.00223881], 
              [0.00223881, 0.833085, 0.00223881, 0.162438], 
              [0.0639303, 0.102736, 0.00223881, 0.831095], 
              [0.0171642, 0.605224, 0.375373, 0.00223881], 
              [0.66393, 0.0599502, 0.0708955, 0.205224], 
              [0.0549751, 0.117662, 0.799254, 0.0281095], 
              [0.00223881, 0.962438, 0.0231343, 0.0121891], 
              [0.0748756, 0.00223881, 0.0529851, 0.8699]
            ]
