>DRCAGCAGGA	1-DRCAGCAGGA	7.705565	-263.895648	0	T:268.0(40.79%),B:3708.0(8.16%),P:1e-114	Tpos:59.9,Tstd:12.6,Bpos:49.6,Bstd:38.8,StrandBias:3.9,Multiplicity:1.08
0.212	0.185	0.349	0.254
0.369	0.173	0.350	0.108
0.001	0.997	0.001	0.001
0.997	0.001	0.001	0.001
0.001	0.001	0.997	0.001
0.001	0.981	0.001	0.017
0.997	0.001	0.001	0.001
0.001	0.001	0.997	0.001
0.080	0.077	0.842	0.001
0.492	0.202	0.233	0.073
>CAGCAGAAAG	2-CAGCAGAAAG	6.701361	-85.199907	0	T:157.0(23.90%),B:3474.9(7.64%),P:1e-37	Tpos:57.2,Tstd:21.3,Bpos:49.7,Bstd:36.1,StrandBias:1.7,Multiplicity:1.05
0.069	0.856	0.028	0.047
0.841	0.031	0.046	0.082
0.030	0.052	0.864	0.054
0.106	0.766	0.094	0.034
0.817	0.083	0.066	0.034
0.093	0.102	0.723	0.082
0.746	0.100	0.093	0.061
0.783	0.042	0.094	0.081
0.846	0.060	0.043	0.051
0.095	0.104	0.764	0.037
>TCGTCTTCGT	3-TCGTCTTCGT	7.090264	-30.043990	0	T:77.0(11.72%),B:2073.2(4.56%),P:1e-13	Tpos:49.8,Tstd:26.6,Bpos:49.7,Bstd:28.2,StrandBias:0.2,Multiplicity:1.03
0.067	0.134	0.005	0.794
0.015	0.855	0.107	0.023
0.061	0.004	0.766	0.169
0.153	0.001	0.070	0.776
0.001	0.889	0.083	0.027
0.143	0.117	0.232	0.508
0.018	0.261	0.001	0.720
0.001	0.734	0.171	0.094
0.120	0.260	0.465	0.155
0.135	0.148	0.179	0.538
>CCAGTCCCAG	4-CCAGTCCCAG	9.869925	-28.218553	0	T:20.0(3.04%),B:159.0(0.35%),P:1e-12	Tpos:51.4,Tstd:25.8,Bpos:47.6,Bstd:29.8,StrandBias:0.2,Multiplicity:1.00
0.001	0.857	0.062	0.080
0.001	0.997	0.001	0.001
0.945	0.053	0.001	0.001
0.001	0.057	0.941	0.001
0.075	0.001	0.318	0.606
0.068	0.859	0.001	0.072
0.001	0.997	0.001	0.001
0.001	0.997	0.001	0.001
0.997	0.001	0.001	0.001
0.001	0.075	0.839	0.085
>TATATATATA	5-TATATATATA	6.333713	-23.579391	0	T:48.0(7.31%),B:1122.0(2.47%),P:1e-10	Tpos:39.1,Tstd:22.6,Bpos:49.0,Bstd:34.9,StrandBias:0.6,Multiplicity:1.10
0.001	0.280	0.001	0.718
0.626	0.014	0.197	0.163
0.001	0.001	0.001	0.997
0.708	0.012	0.194	0.086
0.111	0.103	0.041	0.745
0.670	0.001	0.155	0.174
0.211	0.041	0.203	0.545
0.585	0.164	0.130	0.121
0.041	0.172	0.117	0.670
0.632	0.210	0.088	0.070
>GCGGGGTAAA	6-GCGGGGTAAA	11.427104	-18.330013	0	T:6.0(0.91%),B:10.6(0.02%),P:1e-7	Tpos:56.5,Tstd:26.2,Bpos:54.9,Bstd:29.8,StrandBias:0.0,Multiplicity:1.00
0.001	0.001	0.997	0.001
0.396	0.602	0.001	0.001
0.001	0.001	0.822	0.176
0.001	0.001	0.997	0.001
0.001	0.001	0.997	0.001
0.001	0.001	0.997	0.001
0.270	0.001	0.001	0.728
0.997	0.001	0.001	0.001
0.997	0.001	0.001	0.001
0.667	0.331	0.001	0.001
>GTGKTGGTGG	7-GTGKTGGTGG	7.610090	-16.455884	0	T:43.0(6.54%),B:1189.3(2.62%),P:1e-7	Tpos:48.4,Tstd:28.6,Bpos:51.3,Bstd:29.4,StrandBias:-1.2,Multiplicity:1.02
0.001	0.059	0.599	0.341
0.051	0.206	0.066	0.677
0.020	0.234	0.658	0.088
0.031	0.049	0.531	0.389
0.059	0.047	0.261	0.633
0.001	0.061	0.743	0.195
0.001	0.044	0.902	0.053
0.016	0.339	0.041	0.604
0.039	0.041	0.599	0.321
0.071	0.065	0.818	0.046
>MCCTCCTGCA	8-MCCTCCTGCA	8.631366	-16.160137	0	T:26.0(3.96%),B:523.5(1.15%),P:1e-7	Tpos:51.8,Tstd:20.8,Bpos:47.9,Bstd:31.9,StrandBias:-0.7,Multiplicity:1.00
0.433	0.526	0.016	0.025
0.001	0.968	0.030	0.001
0.108	0.793	0.095	0.004
0.089	0.001	0.001	0.909
0.173	0.823	0.001	0.003
0.001	0.993	0.001	0.005
0.077	0.154	0.001	0.768
0.001	0.131	0.867	0.001
0.001	0.943	0.001	0.055
0.933	0.065	0.001	0.001
>AAAGTTTGTG	9-AAAGTTTGTG	11.979673	-15.685011	0	T:5.0(0.76%),B:8.8(0.02%),P:1e-6	Tpos:59.2,Tstd:33.1,Bpos:54.3,Bstd:20.4,StrandBias:0.6,Multiplicity:1.00
0.997	0.001	0.001	0.001
0.997	0.001	0.001	0.001
0.997	0.001	0.001	0.001
0.001	0.001	0.749	0.249
0.001	0.001	0.001	0.997
0.001	0.001	0.208	0.790
0.001	0.001	0.001	0.997
0.001	0.001	0.997	0.001
0.001	0.001	0.001	0.997
0.001	0.001	0.997	0.001
>AAAGTGATGT	10-AAAGTGATGT	12.680719	-14.635130	0	T:4.0(0.61%),B:5.0(0.01%),P:1e-6	Tpos:64.2,Tstd:25.5,Bpos:71.8,Bstd:15.4,StrandBias:10.0,Multiplicity:1.00
0.997	0.001	0.001	0.001
0.997	0.001	0.001	0.001
0.997	0.001	0.001	0.001
0.001	0.001	0.997	0.001
0.001	0.001	0.001	0.997
0.001	0.315	0.683	0.001
0.997	0.001	0.001	0.001
0.001	0.001	0.001	0.997
0.001	0.001	0.997	0.001
0.001	0.001	0.001	0.997
>GCCTGGATGA	11-GCCTGGATGA	10.296193	-12.448839	0	T:3.0(0.46%),B:2.9(0.01%),P:1e-5	Tpos:54.0,Tstd:22.8,Bpos:36.6,Bstd:16.4,StrandBias:10.0,Multiplicity:1.00
0.100	0.100	0.700	0.100
0.100	0.700	0.100	0.100
0.100	0.700	0.100	0.100
0.100	0.100	0.100	0.700
0.100	0.100	0.700	0.100
0.100	0.100	0.700	0.100
0.700	0.100	0.100	0.100
0.100	0.100	0.100	0.700
0.100	0.100	0.700	0.100
0.700	0.100	0.100	0.100
>GTACAGGGGA	12-GTACAGGGGA	12.011263	-10.668894	0	T:4.0(0.61%),B:11.5(0.03%),P:1e-4	Tpos:48.4,Tstd:18.9,Bpos:64.2,Bstd:22.0,StrandBias:0.6,Multiplicity:1.25
0.001	0.001	0.997	0.001
0.001	0.001	0.001	0.997
0.997	0.001	0.001	0.001
0.001	0.997	0.001	0.001
0.997	0.001	0.001	0.001
0.001	0.202	0.796	0.001
0.001	0.202	0.796	0.001
0.001	0.001	0.997	0.001
0.001	0.001	0.997	0.001
0.997	0.001	0.001	0.001
>CAGCAGCAGGAG	1-CAGCAGCAGGAG	6.944843	-200.699523	0	T:283.0(43.07%),B:5486.5(12.07%),P:1e-87	Tpos:59.7,Tstd:13.8,Bpos:50.1,Bstd:38.1,StrandBias:3.5,Multiplicity:1.13
0.094	0.595	0.169	0.142
0.473	0.064	0.191	0.272
0.119	0.178	0.702	0.001
0.001	0.967	0.031	0.001
0.997	0.001	0.001	0.001
0.001	0.001	0.997	0.001
0.001	0.882	0.081	0.036
0.997	0.001	0.001	0.001
0.027	0.001	0.971	0.001
0.087	0.203	0.687	0.023
0.546	0.145	0.267	0.042
0.231	0.189	0.579	0.001
>STCAGCAGGBMC	2-STCAGCAGGBMC	9.117909	-41.125914	0	T:32.0(4.87%),B:282.3(0.62%),P:1e-17	Tpos:61.4,Tstd:17.5,Bpos:48.5,Bstd:34.7,StrandBias:3.8,Multiplicity:1.07
0.081	0.381	0.460	0.078
0.234	0.001	0.001	0.764
0.001	0.941	0.057	0.001
0.997	0.001	0.001	0.001
0.001	0.001	0.997	0.001
0.001	0.997	0.001	0.001
0.997	0.001	0.001	0.001
0.001	0.001	0.997	0.001
0.077	0.001	0.921	0.001
0.085	0.237	0.368	0.310
0.447	0.395	0.001	0.157
0.081	0.535	0.061	0.323
>AKCAGCAGCGTC	3-AKCAGCAGCGTC	10.232805	-37.501985	0	T:32.0(4.87%),B:321.0(0.71%),P:1e-16	Tpos:62.0,Tstd:19.5,Bpos:45.8,Bstd:36.0,StrandBias:1.6,Multiplicity:1.05
0.650	0.091	0.168	0.091
0.091	0.091	0.357	0.462
0.049	0.949	0.001	0.001
0.693	0.187	0.073	0.047
0.090	0.001	0.908	0.001
0.001	0.997	0.001	0.001
0.908	0.001	0.090	0.001
0.001	0.189	0.809	0.001
0.090	0.574	0.335	0.001
0.091	0.105	0.622	0.182
0.001	0.015	0.278	0.706
0.001	0.908	0.001	0.090
>CCACCAGCACRA	4-CCACCAGCACRA	9.689307	-31.963536	0	T:33.0(5.02%),B:420.2(0.92%),P:1e-13	Tpos:58.4,Tstd:16.3,Bpos:47.2,Bstd:35.3,StrandBias:10.0,Multiplicity:1.06
0.001	0.534	0.333	0.132
0.001	0.879	0.001	0.119
0.745	0.135	0.001	0.119
0.003	0.745	0.013	0.239
0.001	0.918	0.080	0.001
0.984	0.001	0.001	0.014
0.001	0.001	0.879	0.119
0.001	0.997	0.001	0.001
0.826	0.001	0.172	0.001
0.001	0.879	0.119	0.001
0.371	0.188	0.440	0.001
0.575	0.239	0.173	0.013
>GCCAGCATGAAG	5-GCCAGCATGAAG	14.257152	-27.888574	0	T:6.0(0.91%),B:3.0(0.01%),P:1e-12	Tpos:41.5,Tstd:31.5,Bpos:45.6,Bstd:11.9,StrandBias:1.0,Multiplicity:1.00
0.199	0.001	0.799	0.001
0.001	0.997	0.001	0.001
0.001	0.997	0.001	0.001
0.997	0.001	0.001	0.001
0.001	0.200	0.599	0.200
0.001	0.997	0.001	0.001
0.997	0.001	0.001	0.001
0.001	0.001	0.001	0.997
0.001	0.199	0.799	0.001
0.997	0.001	0.001	0.001
0.997	0.001	0.001	0.001
0.001	0.001	0.997	0.001
>GTCGTCGTCGGT	6-GTCGTCGTCGGT	8.545919	-26.419523	0	T:40.0(6.09%),B:744.8(1.64%),P:1e-11	Tpos:52.8,Tstd:25.3,Bpos:49.5,Bstd:27.0,StrandBias:0.3,Multiplicity:1.00
0.087	0.001	0.911	0.001
0.001	0.088	0.088	0.823
0.087	0.911	0.001	0.001
0.087	0.001	0.911	0.001
0.088	0.001	0.095	0.816
0.001	0.911	0.087	0.001
0.001	0.088	0.823	0.088
0.001	0.176	0.007	0.816
0.001	0.911	0.001	0.087
0.001	0.162	0.742	0.095
0.088	0.088	0.714	0.110
0.088	0.184	0.001	0.727
>ACAAGCAGCAAG	7-ACAAGCAGCAAG	13.858021	-26.247881	0	T:8.0(1.22%),B:10.4(0.02%),P:1e-11	Tpos:55.1,Tstd:18.4,Bpos:65.3,Bstd:13.2,StrandBias:1.3,Multiplicity:1.00
0.804	0.134	0.061	0.001
0.001	0.997	0.001	0.001
0.997	0.001	0.001	0.001
0.997	0.001	0.001	0.001
0.001	0.001	0.997	0.001
0.001	0.838	0.001	0.160
0.997	0.001	0.001	0.001
0.160	0.001	0.838	0.001
0.001	0.997	0.001	0.001
0.997	0.001	0.001	0.001
0.677	0.001	0.161	0.161
0.001	0.001	0.997	0.001
>GTATATATAYAT	8-GTATATATAYAT	7.519776	-25.656846	0	T:30.0(4.57%),B:441.6(0.97%),P:1e-11	Tpos:41.0,Tstd:23.6,Bpos:46.6,Bstd:34.5,StrandBias:-0.4,Multiplicity:1.03
0.097	0.306	0.512	0.085
0.104	0.109	0.057	0.730
0.729	0.052	0.163	0.056
0.028	0.198	0.085	0.689
0.717	0.085	0.170	0.028
0.084	0.001	0.001	0.914
0.751	0.001	0.247	0.001
0.029	0.113	0.029	0.829
0.857	0.057	0.057	0.029
0.001	0.511	0.056	0.432
0.829	0.085	0.057	0.029
0.113	0.141	0.057	0.689
>CAGCAGKGASGC	9-CAGCAGKGASGC	9.491351	-21.184548	0	T:12.0(1.83%),B:68.5(0.15%),P:1e-9	Tpos:56.0,Tstd:23.0,Bpos:45.2,Bstd:29.8,StrandBias:2.0,Multiplicity:1.00
0.001	0.763	0.001	0.235
0.997	0.001	0.001	0.001
0.001	0.009	0.989	0.001
0.001	0.763	0.001	0.235
0.997	0.001	0.001	0.001
0.001	0.001	0.997	0.001
0.001	0.010	0.472	0.517
0.001	0.005	0.993	0.001
0.763	0.001	0.001	0.235
0.010	0.472	0.517	0.001
0.001	0.245	0.753	0.001
0.001	0.997	0.001	0.001
>GACCGCCATCGG	10-GACCGCCATCGG	14.257152	-20.529499	0	T:5.0(0.76%),B:3.1(0.01%),P:1e-8	Tpos:47.0,Tstd:27.4,Bpos:54.7,Bstd:22.4,StrandBias:0.6,Multiplicity:1.00
0.001	0.001	0.997	0.001
0.997	0.001	0.001	0.001
0.001	0.599	0.200	0.200
0.001	0.997	0.001	0.001
0.199	0.001	0.799	0.001
0.001	0.997	0.001	0.001
0.001	0.997	0.001	0.001
0.799	0.001	0.001	0.199
0.001	0.001	0.001	0.997
0.001	0.997	0.001	0.001
0.001	0.001	0.997	0.001
0.001	0.001	0.997	0.001
>AGAGAGGAGAGT	11-AGAGAGGAGAGT	13.862012	-20.433309	0	T:6.0(0.91%),B:7.7(0.02%),P:1e-8	Tpos:78.0,Tstd:7.1,Bpos:47.0,Bstd:16.6,StrandBias:1.0,Multiplicity:1.00
0.828	0.001	0.001	0.170
0.001	0.001	0.997	0.001
0.997	0.001	0.001	0.001
0.001	0.001	0.997	0.001
0.997	0.001	0.001	0.001
0.142	0.001	0.856	0.001
0.001	0.001	0.997	0.001
0.997	0.001	0.001	0.001
0.001	0.001	0.997	0.001
0.997	0.001	0.001	0.001
0.001	0.170	0.828	0.001
0.171	0.001	0.171	0.657
>CCACCGCCACCA	12-CCACCGCCACCA	12.816537	-16.661856	0	T:11.0(1.67%),B:83.6(0.18%),P:1e-7	Tpos:60.0,Tstd:26.0,Bpos:53.6,Bstd:29.1,StrandBias:3.7,Multiplicity:1.09
0.134	0.753	0.112	0.001
0.001	0.997	0.001	0.001
0.812	0.134	0.053	0.001
0.001	0.997	0.001	0.001
0.001	0.997	0.001	0.001
0.214	0.001	0.702	0.083
0.001	0.997	0.001	0.001
0.001	0.997	0.001	0.001
0.925	0.073	0.001	0.001
0.001	0.997	0.001	0.001
0.001	0.997	0.001	0.001
0.865	0.001	0.001	0.133
>CCGGCGGCGGCG	13-CCGGCGGCGGCG	8.296139	-16.053062	0	T:76.0(11.57%),B:2779.3(6.11%),P:1e-6	Tpos:47.2,Tstd:25.9,Bpos:50.4,Bstd:29.5,StrandBias:-0.3,Multiplicity:1.18
0.048	0.535	0.362	0.055
0.001	0.563	0.321	0.115
0.032	0.275	0.687	0.006
0.085	0.262	0.652	0.001
0.014	0.683	0.273	0.030
0.007	0.144	0.633	0.216
0.052	0.171	0.776	0.001
0.020	0.926	0.014	0.040
0.001	0.059	0.939	0.001
0.054	0.001	0.944	0.001
0.206	0.676	0.109	0.009
0.144	0.108	0.747	0.001
>TTGGTMCAAAGA	14-TTGGTMCAAAGA	10.692638	-14.588986	0	T:6.0(0.91%),B:19.7(0.04%),P:1e-6	Tpos:42.6,Tstd:21.2,Bpos:64.8,Bstd:27.5,StrandBias:0.7,Multiplicity:1.00
0.001	0.001	0.001	0.997
0.001	0.001	0.001	0.997
0.001	0.001	0.812	0.186
0.001	0.001	0.812	0.186
0.020	0.001	0.251	0.728
0.502	0.496	0.001	0.001
0.001	0.997	0.001	0.001
0.997	0.001	0.001	0.001
0.997	0.001	0.001	0.001
0.748	0.250	0.001	0.001
0.251	0.001	0.728	0.020
0.748	0.001	0.250	0.001
>AGCAGCAGCAGC	15-AGCAGCAGCAGC	10.774718	-13.883983	0	T:30.0(4.57%),B:749.6(1.65%),P:1e-6	Tpos:47.7,Tstd:25.3,Bpos:55.2,Bstd:41.7,StrandBias:2.0,Multiplicity:1.00
0.841	0.157	0.001	0.001
0.001	0.001	0.997	0.001
0.171	0.617	0.211	0.001
0.658	0.001	0.154	0.187
0.001	0.186	0.812	0.001
0.001	0.812	0.186	0.001
0.858	0.001	0.056	0.085
0.102	0.187	0.710	0.001
0.001	0.997	0.001	0.001
0.997	0.001	0.001	0.001
0.210	0.001	0.788	0.001
0.101	0.897	0.001	0.001
>CAGCAG	1-CAGCAG	6.177716	-232.471816	0	T:367.0(55.86%),B:8368.1(18.41%),P:1e-100	Tpos:58.9,Tstd:15.7,Bpos:50.6,Bstd:40.0,StrandBias:3.4,Multiplicity:1.35
0.100	0.700	0.100	0.100
0.700	0.100	0.100	0.100
0.100	0.100	0.700	0.100
0.100	0.700	0.100	0.100
0.700	0.100	0.100	0.100
0.100	0.100	0.700	0.100
>TATATA	2-TATATA	5.868688	-14.543061	0	T:66.0(10.05%),B:2379.8(5.24%),P:1e-6	Tpos:39.5,Tstd:21.8,Bpos:49.5,Bstd:33.9,StrandBias:-0.1,Multiplicity:1.18
0.001	0.001	0.094	0.904
0.997	0.001	0.001	0.001
0.001	0.001	0.001	0.997
0.774	0.055	0.001	0.170
0.102	0.131	0.001	0.766
0.948	0.001	0.001	0.050
>GTCGTC	3-GTCGTC	6.177716	-12.970415	0	T:83.0(12.63%),B:3392.9(7.46%),P:1e-5	Tpos:50.3,Tstd:29.5,Bpos:49.7,Bstd:28.7,StrandBias:-0.3,Multiplicity:1.24
0.100	0.100	0.700	0.100
0.100	0.100	0.100	0.700
0.100	0.700	0.100	0.100
0.100	0.100	0.700	0.100
0.100	0.100	0.100	0.700
0.100	0.700	0.100	0.100
>CVCCAC	4-CVCCAC	4.722522	-11.054889	0	T:320.0(48.71%),B:18453.3(40.60%),P:1e-4	Tpos:48.6,Tstd:28.5,Bpos:50.0,Bstd:32.2,StrandBias:1.1,Multiplicity:1.51
0.244	0.629	0.001	0.126
0.277	0.411	0.310	0.001
0.001	0.691	0.307	0.001
0.279	0.719	0.001	0.001
0.716	0.116	0.167	0.001
0.001	0.997	0.001	0.001
>AGAGAG	5-AGAGAG	5.803150	-9.570998	0	T:174.0(26.48%),B:9203.2(20.25%),P:1e-4	Tpos:56.2,Tstd:29.2,Bpos:49.8,Bstd:33.6,StrandBias:0.6,Multiplicity:1.24
0.670	0.001	0.220	0.109
0.165	0.001	0.833	0.001
0.997	0.001	0.001	0.001
0.001	0.001	0.997	0.001
0.899	0.001	0.001	0.099
0.001	0.001	0.997	0.001
>CAGCAGGA	1-CAGCAGGA	7.840394	-248.667388	0	T:283.0(43.07%),B:4482.4(9.86%),P:1e-107	Tpos:60.6,Tstd:13.1,Bpos:50.2,Bstd:39.4,StrandBias:3.7,Multiplicity:1.11
0.001	0.997	0.001	0.001
0.997	0.001	0.001	0.001
0.001	0.001	0.997	0.001
0.001	0.976	0.022	0.001
0.988	0.001	0.001	0.010
0.001	0.001	0.997	0.001
0.037	0.133	0.816	0.014
0.489	0.146	0.306	0.058
>CAGCAGDG	2-CAGCAGDG	4.920432	-200.552654	0	T:221.0(33.64%),B:3224.6(7.09%),P:1e-87	Tpos:57.3,Tstd:19.0,Bpos:50.5,Bstd:38.0,StrandBias:3.2,Multiplicity:1.01
0.231	0.526	0.103	0.140
0.520	0.171	0.159	0.150
0.200	0.092	0.570	0.138
0.224	0.514	0.137	0.125
0.599	0.120	0.127	0.154
0.114	0.149	0.638	0.099
0.311	0.061	0.302	0.326
0.247	0.082	0.477	0.194
>TCGTCGTC	3-TCGTCGTC	7.004263	-25.105250	0	T:71.0(10.81%),B:2026.4(4.46%),P:1e-10	Tpos:49.9,Tstd:26.8,Bpos:49.5,Bstd:27.9,StrandBias:-0.1,Multiplicity:1.01
0.044	0.001	0.001	0.954
0.001	0.948	0.050	0.001
0.001	0.001	0.997	0.001
0.065	0.001	0.001	0.933
0.001	0.997	0.001	0.001
0.080	0.001	0.791	0.128
0.001	0.157	0.001	0.841
0.001	0.997	0.001	0.001
>TGTATATA	4-TGTATATA	5.121687	-24.559490	0	T:72.0(10.96%),B:2096.0(4.61%),P:1e-10	Tpos:38.9,Tstd:21.9,Bpos:49.4,Bstd:33.9,StrandBias:-0.1,Multiplicity:1.10
0.037	0.001	0.091	0.871
0.157	0.116	0.696	0.031
0.035	0.027	0.001	0.937
0.925	0.014	0.028	0.033
0.001	0.001	0.001	0.997
0.801	0.037	0.017	0.145
0.036	0.022	0.001	0.941
0.894	0.011	0.062	0.033
>GCCAACAA	5-GCCAACAA	8.119942	-18.857633	0	T:37.0(5.63%),B:851.2(1.87%),P:1e-8	Tpos:45.5,Tstd:26.4,Bpos:49.7,Bstd:31.5,StrandBias:0.9,Multiplicity:1.00
0.001	0.001	0.890	0.108
0.001	0.997	0.001	0.001
0.001	0.997	0.001	0.001
0.803	0.001	0.195	0.001
0.816	0.182	0.001	0.001
0.001	0.997	0.001	0.001
0.997	0.001	0.001	0.001
0.909	0.089	0.001	0.001
