>CAGCAGGAGG	1-CAGCAGGAGG	6.573351	-165.974017	0	T:280.0(42.17%),B:6194.8(13.60%),P:1e-72	Tpos:61.2,Tstd:14.1,Bpos:50.3,Bstd:38.3,StrandBias:3.0,Multiplicity:1.15
0.047	0.857	0.068	0.028
0.823	0.057	0.076	0.044
0.020	0.054	0.861	0.065
0.042	0.873	0.059	0.026
0.913	0.018	0.049	0.020
0.034	0.021	0.927	0.018
0.057	0.203	0.698	0.042
0.724	0.038	0.186	0.052
0.118	0.150	0.670	0.062
0.125	0.189	0.655	0.031
>GGAGAAGGTG	2-GGAGAAGGTG	7.413562	-31.506588	0	T:74.0(11.14%),B:1871.5(4.11%),P:1e-13	Tpos:51.8,Tstd:26.5,Bpos:48.8,Bstd:31.0,StrandBias:0.3,Multiplicity:1.09
0.024	0.001	0.878	0.097
0.010	0.103	0.854	0.033
0.691	0.001	0.001	0.307
0.001	0.001	0.997	0.001
0.742	0.064	0.097	0.097
0.598	0.001	0.092	0.309
0.173	0.206	0.620	0.001
0.081	0.001	0.863	0.055
0.072	0.067	0.016	0.845
0.069	0.120	0.737	0.074
>TGCGGCGGCT	3-TGCGGCGGCT	7.473603	-30.590230	0	T:71.0(10.69%),B:1782.4(3.91%),P:1e-13	Tpos:56.1,Tstd:25.4,Bpos:50.1,Bstd:32.9,StrandBias:-1.5,Multiplicity:1.10
0.066	0.066	0.085	0.783
0.030	0.062	0.821	0.087
0.077	0.845	0.009	0.069
0.050	0.025	0.795	0.130
0.026	0.039	0.907	0.028
0.052	0.706	0.122	0.120
0.018	0.024	0.865	0.093
0.111	0.062	0.802	0.025
0.048	0.737	0.109	0.106
0.082	0.064	0.107	0.747
>TGGTTTGTTT	4-TGGTTTGTTT	6.781036	-25.157322	0	T:59.0(8.89%),B:1496.0(3.28%),P:1e-10	Tpos:55.2,Tstd:27.9,Bpos:49.6,Bstd:32.4,StrandBias:-1.2,Multiplicity:1.14
0.051	0.050	0.069	0.830
0.062	0.071	0.799	0.068
0.025	0.064	0.831	0.080
0.030	0.064	0.036	0.870
0.046	0.099	0.098	0.757
0.040	0.031	0.107	0.822
0.103	0.146	0.718	0.033
0.118	0.100	0.108	0.674
0.039	0.102	0.059	0.800
0.017	0.040	0.039	0.904
>GGAAGACATG	5-GGAAGACATG	10.209581	-23.165650	0	T:13.0(1.96%),B:71.3(0.16%),P:1e-10	Tpos:44.2,Tstd:27.7,Bpos:51.9,Bstd:24.6,StrandBias:0.7,Multiplicity:1.00
0.071	0.085	0.843	0.001
0.001	0.001	0.997	0.001
0.842	0.042	0.001	0.115
0.949	0.001	0.049	0.001
0.001	0.093	0.804	0.102
0.964	0.034	0.001	0.001
0.050	0.816	0.133	0.001
0.913	0.001	0.001	0.085
0.001	0.001	0.067	0.931
0.001	0.001	0.997	0.001
>TACGCTCATC	6-TACGCTCATC	10.595725	-21.161782	0	T:8.0(1.20%),B:19.2(0.04%),P:1e-9	Tpos:42.2,Tstd:27.8,Bpos:50.2,Bstd:17.1,StrandBias:-1.6,Multiplicity:1.00
0.001	0.063	0.001	0.935
0.753	0.123	0.001	0.123
0.102	0.896	0.001	0.001
0.001	0.001	0.907	0.091
0.001	0.875	0.001	0.123
0.001	0.001	0.001	0.997
0.001	0.997	0.001	0.001
0.997	0.001	0.001	0.001
0.001	0.001	0.123	0.875
0.001	0.875	0.123	0.001
>TATCATACTA	7-TATCATACTA	6.778546	-20.755896	0	T:26.0(3.92%),B:411.9(0.90%),P:1e-9	Tpos:53.0,Tstd:27.0,Bpos:47.8,Bstd:28.2,StrandBias:0.8,Multiplicity:1.12
0.036	0.160	0.045	0.759
0.810	0.162	0.001	0.027
0.045	0.054	0.001	0.900
0.132	0.713	0.123	0.032
0.931	0.001	0.043	0.025
0.087	0.088	0.043	0.782
0.688	0.116	0.109	0.087
0.001	0.837	0.075	0.087
0.087	0.116	0.001	0.796
0.796	0.093	0.110	0.001
>TMCGTTTTCA	8-TMCGTTTTCA	10.258976	-20.365158	0	T:7.0(1.05%),B:13.1(0.03%),P:1e-8	Tpos:42.0,Tstd:27.8,Bpos:49.4,Bstd:26.9,StrandBias:0.4,Multiplicity:1.00
0.001	0.001	0.001	0.997
0.522	0.476	0.001	0.001
0.001	0.646	0.001	0.352
0.001	0.001	0.997	0.001
0.001	0.093	0.001	0.905
0.001	0.001	0.001	0.997
0.001	0.001	0.029	0.969
0.001	0.001	0.001	0.997
0.001	0.997	0.001	0.001
0.997	0.001	0.001	0.001
>KTCWCACCAG	9-KTCWCACCAG	7.273290	-18.260064	0	T:20.0(3.01%),B:280.7(0.62%),P:1e-7	Tpos:63.4,Tstd:20.4,Bpos:52.7,Bstd:32.7,StrandBias:-0.5,Multiplicity:1.00
0.001	0.001	0.546	0.452
0.001	0.001	0.001	0.997
0.001	0.997	0.001	0.001
0.485	0.151	0.001	0.363
0.001	0.997	0.001	0.001
0.997	0.001	0.001	0.001
0.001	0.823	0.175	0.001
0.001	0.997	0.001	0.001
0.901	0.001	0.001	0.097
0.001	0.001	0.997	0.001
>HACTCCGTBY	10-HACTCCGTBY	8.381440	-16.223622	0	T:17.0(2.56%),B:230.8(0.51%),P:1e-7	Tpos:49.3,Tstd:26.5,Bpos:52.3,Bstd:29.4,StrandBias:0.0,Multiplicity:1.00
0.321	0.302	0.001	0.375
0.626	0.001	0.001	0.372
0.204	0.794	0.001	0.001
0.001	0.066	0.001	0.932
0.001	0.997	0.001	0.001
0.145	0.853	0.001	0.001
0.001	0.001	0.711	0.287
0.185	0.001	0.001	0.813
0.068	0.335	0.361	0.236
0.134	0.374	0.170	0.323
>AAGACGTGGC	11-AAGACGTGGC	12.680719	-15.741152	0	T:4.0(0.60%),B:3.4(0.01%),P:1e-6	Tpos:27.5,Tstd:31.6,Bpos:58.3,Bstd:18.4,StrandBias:1.6,Multiplicity:1.00
0.997	0.001	0.001	0.001
0.997	0.001	0.001	0.001
0.001	0.001	0.997	0.001
0.997	0.001	0.001	0.001
0.001	0.997	0.001	0.001
0.001	0.001	0.997	0.001
0.001	0.001	0.001	0.997
0.315	0.001	0.683	0.001
0.001	0.001	0.997	0.001
0.001	0.997	0.001	0.001
>AGAGAGAGAG	12-AGAGAGAGAG	7.015128	-15.009465	0	T:57.0(8.58%),B:1889.0(4.15%),P:1e-6	Tpos:57.0,Tstd:23.9,Bpos:49.0,Bstd:30.9,StrandBias:0.9,Multiplicity:1.04
0.803	0.068	0.057	0.072
0.110	0.071	0.769	0.050
0.787	0.095	0.072	0.046
0.045	0.055	0.784	0.116
0.819	0.047	0.074	0.060
0.027	0.027	0.891	0.055
0.766	0.104	0.067	0.063
0.025	0.038	0.898	0.039
0.743	0.088	0.082	0.087
0.075	0.112	0.745	0.068
>AGWTTGTAGC	13-AGWTTGTAGC	11.302975	-13.720986	0	T:4.0(0.60%),B:5.9(0.01%),P:1e-5	Tpos:41.2,Tstd:25.2,Bpos:41.1,Bstd:19.2,StrandBias:2.0,Multiplicity:1.25
0.997	0.001	0.001	0.001
0.001	0.001	0.997	0.001
0.543	0.001	0.001	0.455
0.001	0.001	0.001	0.997
0.001	0.210	0.001	0.788
0.001	0.001	0.997	0.001
0.001	0.001	0.122	0.876
0.997	0.001	0.001	0.001
0.210	0.001	0.788	0.001
0.001	0.997	0.001	0.001
>GAGGAGGAWG	14-GAGGAGGAWG	8.581855	-12.843803	0	T:52.0(7.83%),B:1782.5(3.91%),P:1e-5	Tpos:56.4,Tstd:26.6,Bpos:50.2,Bstd:32.4,StrandBias:0.1,Multiplicity:1.10
0.131	0.001	0.867	0.001
0.685	0.151	0.064	0.100
0.001	0.248	0.750	0.001
0.001	0.001	0.997	0.001
0.705	0.293	0.001	0.001
0.001	0.001	0.640	0.358
0.001	0.074	0.924	0.001
0.692	0.306	0.001	0.001
0.322	0.173	0.161	0.345
0.001	0.001	0.997	0.001
>GAGWRGGMGT	15-GAGWRGGMGT	6.327396	-11.719073	0	T:75.0(11.30%),B:3046.4(6.69%),P:1e-5	Tpos:49.9,Tstd:30.0,Bpos:50.3,Bstd:29.9,StrandBias:0.6,Multiplicity:1.12
0.065	0.068	0.790	0.077
0.609	0.260	0.075	0.056
0.040	0.024	0.865	0.071
0.489	0.002	0.020	0.489
0.367	0.176	0.456	0.001
0.054	0.001	0.845	0.100
0.032	0.036	0.864	0.068
0.540	0.393	0.001	0.066
0.363	0.013	0.603	0.021
0.047	0.042	0.075	0.836
>CTGTCGCGTC	16-CTGTCGCGTC	10.296193	-8.330078	0	T:3.0(0.45%),B:8.0(0.02%),P:1e-3	Tpos:37.3,Tstd:27.2,Bpos:84.4,Bstd:13.0,StrandBias:-1.0,Multiplicity:1.00
0.100	0.700	0.100	0.100
0.100	0.100	0.100	0.700
0.100	0.100	0.700	0.100
0.100	0.100	0.100	0.700
0.100	0.700	0.100	0.100
0.100	0.100	0.700	0.100
0.100	0.700	0.100	0.100
0.100	0.100	0.700	0.100
0.100	0.100	0.100	0.700
0.100	0.700	0.100	0.100
>SCAGCAGCAGRA	1-SCAGCAGCAGRA	6.048738	-167.504023	0	T:372.0(56.02%),B:10601.9(23.27%),P:1e-72	Tpos:59.3,Tstd:16.2,Bpos:50.5,Bstd:37.8,StrandBias:2.6,Multiplicity:1.22
0.184	0.250	0.398	0.169
0.151	0.659	0.094	0.096
0.642	0.110	0.081	0.167
0.095	0.096	0.736	0.073
0.029	0.950	0.020	0.001
0.914	0.007	0.029	0.050
0.069	0.001	0.923	0.007
0.169	0.539	0.285	0.007
0.730	0.007	0.162	0.101
0.118	0.118	0.676	0.088
0.301	0.209	0.408	0.081
0.449	0.257	0.250	0.044
>AGCAGCAGCAGG	2-AGCAGCAGCAGG	8.104541	-60.371644	0	T:114.0(17.17%),B:2499.7(5.49%),P:1e-26	Tpos:45.1,Tstd:22.5,Bpos:47.9,Bstd:35.5,StrandBias:0.8,Multiplicity:1.06
0.792	0.103	0.031	0.074
0.020	0.040	0.880	0.060
0.106	0.662	0.215	0.017
0.676	0.079	0.183	0.062
0.116	0.060	0.804	0.020
0.062	0.590	0.190	0.158
0.620	0.099	0.145	0.136
0.040	0.099	0.737	0.124
0.070	0.729	0.132	0.069
0.838	0.078	0.035	0.049
0.060	0.020	0.781	0.139
0.026	0.020	0.894	0.060
>GCTGCTGCTGCT	3-GCTGCTGCTGCT	8.143977	-49.530445	0	T:103.0(15.51%),B:2410.1(5.29%),P:1e-21	Tpos:58.5,Tstd:24.5,Bpos:50.3,Bstd:34.8,StrandBias:-1.7,Multiplicity:1.03
0.001	0.196	0.802	0.001
0.001	0.898	0.100	0.001
0.152	0.049	0.225	0.574
0.001	0.001	0.997	0.001
0.001	0.731	0.170	0.098
0.001	0.001	0.212	0.786
0.001	0.001	0.950	0.048
0.196	0.557	0.246	0.001
0.001	0.001	0.317	0.681
0.297	0.052	0.451	0.200
0.148	0.567	0.187	0.098
0.146	0.001	0.001	0.852
>YCAGCAGGGCCD	4-YCAGCAGGGCCD	10.768392	-46.298896	0	T:25.0(3.77%),B:119.1(0.26%),P:1e-20	Tpos:67.0,Tstd:8.7,Bpos:40.5,Bstd:31.5,StrandBias:3.3,Multiplicity:1.00
0.001	0.485	0.126	0.388
0.001	0.976	0.001	0.022
0.635	0.001	0.243	0.121
0.366	0.001	0.632	0.001
0.001	0.754	0.244	0.001
0.997	0.001	0.001	0.001
0.001	0.001	0.997	0.001
0.001	0.001	0.997	0.001
0.245	0.001	0.630	0.124
0.001	0.997	0.001	0.001
0.001	0.878	0.001	0.120
0.243	0.124	0.391	0.243
>CCAGCAGCAGCC	5-CCAGCAGCAGCC	7.105551	-31.121807	0	T:130.0(19.58%),B:4479.4(9.83%),P:1e-13	Tpos:56.6,Tstd:27.3,Bpos:50.0,Bstd:34.0,StrandBias:0.4,Multiplicity:1.04
0.094	0.844	0.032	0.030
0.060	0.784	0.064	0.092
0.765	0.102	0.118	0.015
0.067	0.205	0.639	0.089
0.030	0.805	0.121	0.044
0.630	0.195	0.105	0.070
0.098	0.088	0.760	0.054
0.030	0.758	0.168	0.044
0.596	0.153	0.092	0.159
0.101	0.054	0.777	0.068
0.030	0.903	0.023	0.044
0.084	0.742	0.045	0.129
>CTTGATACCTGG	6-CTTGATACCTGG	10.432835	-26.181655	0	T:8.0(1.20%),B:10.2(0.02%),P:1e-11	Tpos:63.2,Tstd:29.4,Bpos:37.9,Bstd:20.1,StrandBias:-0.7,Multiplicity:1.00
0.001	0.808	0.190	0.001
0.001	0.001	0.381	0.617
0.015	0.191	0.001	0.793
0.001	0.001	0.997	0.001
0.808	0.190	0.001	0.001
0.001	0.190	0.001	0.808
0.997	0.001	0.001	0.001
0.001	0.997	0.001	0.001
0.001	0.808	0.190	0.001
0.001	0.001	0.190	0.808
0.001	0.001	0.808	0.190
0.015	0.001	0.793	0.191
>ACTAGTATTATA	7-ACTAGTATTATA	7.476081	-26.016088	0	T:21.0(3.16%),B:199.8(0.44%),P:1e-11	Tpos:43.3,Tstd:26.5,Bpos:47.1,Bstd:28.8,StrandBias:-1.0,Multiplicity:1.00
0.616	0.076	0.076	0.232
0.233	0.613	0.076	0.078
0.001	0.150	0.001	0.848
0.846	0.078	0.001	0.075
0.001	0.003	0.921	0.075
0.075	0.001	0.075	0.849
0.689	0.157	0.078	0.076
0.302	0.001	0.003	0.694
0.003	0.076	0.230	0.691
0.618	0.001	0.380	0.001
0.075	0.001	0.308	0.616
0.770	0.151	0.001	0.078
>AGACACGGAGAA	8-AGACACGGAGAA	14.257152	-25.956826	0	T:5.0(0.75%),B:1.2(0.00%),P:1e-11	Tpos:34.4,Tstd:24.1,Bpos:44.1,Bstd:15.1,StrandBias:2.0,Multiplicity:1.00
0.799	0.001	0.001	0.199
0.001	0.199	0.799	0.001
0.997	0.001	0.001	0.001
0.001	0.997	0.001	0.001
0.997	0.001	0.001	0.001
0.200	0.599	0.200	0.001
0.001	0.001	0.997	0.001
0.001	0.001	0.997	0.001
0.997	0.001	0.001	0.001
0.001	0.001	0.997	0.001
0.997	0.001	0.001	0.001
0.997	0.001	0.001	0.001
>GGGCATCCAGCA	9-GGGCATCCAGCA	10.721050	-22.377765	0	T:6.0(0.90%),B:5.4(0.01%),P:1e-9	Tpos:43.5,Tstd:29.5,Bpos:24.0,Bstd:0.0,StrandBias:2.3,Multiplicity:1.00
0.001	0.001	0.997	0.001
0.002	0.001	0.911	0.086
0.001	0.191	0.807	0.001
0.187	0.811	0.001	0.001
0.997	0.001	0.001	0.001
0.001	0.001	0.001	0.997
0.001	0.913	0.001	0.085
0.001	0.997	0.001	0.001
0.997	0.001	0.001	0.001
0.001	0.001	0.997	0.001
0.001	0.997	0.001	0.001
0.997	0.001	0.001	0.001
>AAAGCAGKGCGG	10-AAAGCAGKGCGG	9.655229	-22.321779	0	T:15.0(2.26%),B:111.4(0.24%),P:1e-9	Tpos:61.4,Tstd:18.3,Bpos:45.6,Bstd:32.6,StrandBias:2.3,Multiplicity:1.00
0.644	0.182	0.001	0.173
0.675	0.323	0.001	0.001
0.828	0.170	0.001	0.001
0.160	0.001	0.516	0.323
0.001	0.997	0.001	0.001
0.986	0.001	0.001	0.012
0.001	0.001	0.839	0.159
0.011	0.001	0.507	0.481
0.001	0.001	0.997	0.001
0.002	0.677	0.001	0.320
0.001	0.159	0.839	0.001
0.160	0.160	0.520	0.160
>GCGTGCACGTGC	11-GCGTGCACGTGC	13.987877	-20.487858	0	T:5.0(0.75%),B:3.0(0.01%),P:1e-8	Tpos:44.7,Tstd:16.7,Bpos:36.3,Bstd:14.1,StrandBias:2.3,Multiplicity:1.20
0.001	0.001	0.997	0.001
0.193	0.805	0.001	0.001
0.001	0.001	0.997	0.001
0.001	0.001	0.001	0.997
0.001	0.001	0.997	0.001
0.001	0.997	0.001	0.001
0.580	0.001	0.418	0.001
0.001	0.805	0.001	0.193
0.001	0.001	0.997	0.001
0.001	0.001	0.001	0.997
0.001	0.001	0.997	0.001
0.001	0.805	0.193	0.001
>AGAGCGTAGATG	12-AGAGCGTAGATG	10.943649	-20.112443	0	T:4.0(0.60%),B:0.6(0.00%),P:1e-8	Tpos:40.8,Tstd:19.0,Bpos:0.0,Bstd:0.0,StrandBias:1.6,Multiplicity:1.00
0.903	0.001	0.001	0.095
0.001	0.001	0.997	0.001
0.997	0.001	0.001	0.001
0.001	0.001	0.997	0.001
0.001	0.997	0.001	0.001
0.001	0.001	0.997	0.001
0.001	0.001	0.001	0.997
0.997	0.001	0.001	0.001
0.001	0.001	0.807	0.191
0.807	0.191	0.001	0.001
0.001	0.001	0.001	0.997
0.001	0.001	0.997	0.001
>RGGAGGAGRDGG	13-RGGAGGAGRDGG	9.593959	-18.527149	0	T:44.0(6.63%),B:1135.1(2.49%),P:1e-8	Tpos:53.0,Tstd:27.6,Bpos:49.4,Bstd:31.0,StrandBias:0.4,Multiplicity:1.06
0.558	0.001	0.440	0.001
0.317	0.179	0.503	0.001
0.001	0.001	0.997	0.001
0.683	0.001	0.315	0.001
0.262	0.001	0.736	0.001
0.151	0.001	0.847	0.001
0.796	0.001	0.001	0.202
0.001	0.001	0.939	0.059
0.337	0.182	0.421	0.060
0.294	0.044	0.278	0.385
0.082	0.050	0.867	0.001
0.224	0.001	0.774	0.001
>AGGGAGAGAGAG	14-AGGGAGAGAGAG	9.518835	-17.233304	0	T:28.0(4.22%),B:560.1(1.23%),P:1e-7	Tpos:59.1,Tstd:24.2,Bpos:48.9,Bstd:28.7,StrandBias:0.9,Multiplicity:1.12
0.863	0.039	0.068	0.030
0.114	0.001	0.813	0.072
0.192	0.094	0.641	0.073
0.054	0.061	0.884	0.001
0.773	0.036	0.155	0.036
0.036	0.020	0.943	0.001
0.868	0.036	0.095	0.001
0.051	0.001	0.927	0.021
0.753	0.001	0.216	0.030
0.001	0.066	0.932	0.001
0.723	0.103	0.138	0.036
0.001	0.072	0.889	0.038
>ACAACAACAACA	15-ACAACAACAACA	7.497667	-16.030966	0	T:37.0(5.57%),B:945.1(2.07%),P:1e-6	Tpos:40.2,Tstd:26.3,Bpos:50.6,Bstd:31.3,StrandBias:2.6,Multiplicity:1.03
0.781	0.107	0.051	0.061
0.150	0.690	0.109	0.051
0.737	0.089	0.089	0.085
0.665	0.099	0.150	0.086
0.114	0.721	0.127	0.038
0.796	0.080	0.073	0.051
0.739	0.114	0.061	0.086
0.101	0.774	0.100	0.025
0.741	0.051	0.119	0.089
0.766	0.063	0.107	0.064
0.085	0.757	0.120	0.038
0.834	0.062	0.060	0.044
>GCTCVGTTTTCA	16-GCTCVGTTTTCA	10.669148	-14.540574	0	T:6.0(0.90%),B:19.4(0.04%),P:1e-6	Tpos:49.8,Tstd:27.6,Bpos:53.2,Bstd:26.7,StrandBias:0.0,Multiplicity:1.00
0.001	0.138	0.704	0.157
0.001	0.722	0.001	0.276
0.006	0.013	0.006	0.975
0.137	0.861	0.001	0.001
0.276	0.283	0.303	0.138
0.001	0.001	0.861	0.137
0.019	0.146	0.138	0.697
0.138	0.170	0.001	0.691
0.001	0.001	0.001	0.997
0.001	0.158	0.138	0.703
0.012	0.842	0.145	0.001
0.559	0.138	0.302	0.001
>CACAGCAGCAGC	17-CACAGCAGCAGC	10.725099	-11.145477	0	T:13.0(1.96%),B:205.0(0.45%),P:1e-4	Tpos:49.9,Tstd:27.9,Bpos:45.8,Bstd:28.7,StrandBias:1.6,Multiplicity:1.00
0.001	0.997	0.001	0.001
0.997	0.001	0.001	0.001
0.142	0.715	0.142	0.001
0.952	0.046	0.001	0.001
0.001	0.001	0.856	0.142
0.001	0.997	0.001	0.001
0.618	0.142	0.239	0.001
0.143	0.047	0.525	0.285
0.001	0.997	0.001	0.001
0.715	0.001	0.142	0.142
0.096	0.001	0.618	0.285
0.001	0.997	0.001	0.001
>GTACGGATACGC	18-GTACGGATACGC	10.148412	-10.366178	0	T:3.0(0.45%),B:4.1(0.01%),P:1e-4	Tpos:19.5,Tstd:13.1,Bpos:84.7,Bstd:0.6,StrandBias:0.0,Multiplicity:1.00
0.001	0.001	0.997	0.001
0.064	0.064	0.001	0.871
0.997	0.001	0.001	0.001
0.001	0.997	0.001	0.001
0.001	0.001	0.997	0.001
0.001	0.001	0.807	0.191
0.997	0.001	0.001	0.001
0.001	0.001	0.001	0.997
0.997	0.001	0.001	0.001
0.001	0.997	0.001	0.001
0.001	0.001	0.997	0.001
0.001	0.807	0.064	0.128
>NNNNNNNNNNNN	19-NNNNNNNNNNNN	-nan	0.000000	0	T:0.0(0.00%),B:0.0(0.00%),P:1e0	Tpos:0.0,Tstd:0.0,Bpos:0.0,Bstd:0.0,StrandBias:0.0,Multiplicity:1.00
-nan	-nan	-nan	-nan
-nan	-nan	-nan	-nan
-nan	-nan	-nan	-nan
-nan	-nan	-nan	-nan
-nan	-nan	-nan	-nan
-nan	-nan	-nan	-nan
-nan	-nan	-nan	-nan
-nan	-nan	-nan	-nan
-nan	-nan	-nan	-nan
-nan	-nan	-nan	-nan
-nan	-nan	-nan	-nan
-nan	-nan	-nan	-nan
>CTGCTG	1-CTGCTG	6.177716	-176.455866	0	T:329.0(49.55%),B:8111.1(17.80%),P:1e-76	Tpos:59.6,Tstd:13.6,Bpos:50.1,Bstd:40.7,StrandBias:-3.3,Multiplicity:1.33
0.100	0.700	0.100	0.100
0.100	0.100	0.100	0.700
0.100	0.100	0.700	0.100
0.100	0.700	0.100	0.100
0.100	0.100	0.100	0.700
0.100	0.100	0.700	0.100
>CCTCCT	2-CCTCCT	6.828709	-106.563590	0	T:363.0(54.67%),B:12763.5(28.02%),P:1e-46	Tpos:52.9,Tstd:26.9,Bpos:50.0,Bstd:34.9,StrandBias:-0.7,Multiplicity:1.33
0.001	0.997	0.001	0.001
0.001	0.997	0.001	0.001
0.001	0.001	0.001	0.997
0.001	0.461	0.229	0.309
0.001	0.997	0.001	0.001
0.001	0.001	0.001	0.997
>TATATA	3-TATATA	4.086145	-13.630054	0	T:147.0(22.14%),B:6905.3(15.16%),P:1e-5	Tpos:41.6,Tstd:26.3,Bpos:49.9,Bstd:30.8,StrandBias:0.2,Multiplicity:1.29
0.220	0.275	0.002	0.503
0.739	0.080	0.158	0.023
0.237	0.011	0.113	0.639
0.869	0.057	0.011	0.063
0.270	0.089	0.074	0.567
0.702	0.199	0.048	0.051
>CGTAAA	4-CGTAAA	5.997768	-11.457271	0	T:34.0(5.12%),B:1018.7(2.24%),P:1e-4	Tpos:42.4,Tstd:26.6,Bpos:51.3,Bstd:28.6,StrandBias:-0.5,Multiplicity:1.00
0.001	0.997	0.001	0.001
0.001	0.001	0.997	0.001
0.001	0.001	0.001	0.997
0.861	0.001	0.001	0.137
0.726	0.001	0.001	0.272
0.997	0.001	0.001	0.001
>GAGAGA	5-GAGAGA	5.482791	-10.462256	0	T:145.0(21.84%),B:7207.7(15.82%),P:1e-4	Tpos:51.0,Tstd:25.7,Bpos:49.6,Bstd:32.0,StrandBias:0.3,Multiplicity:1.09
0.001	0.001	0.893	0.105
0.566	0.329	0.001	0.104
0.001	0.001	0.997	0.001
0.997	0.001	0.001	0.001
0.001	0.001	0.997	0.001
0.997	0.001	0.001	0.001
>CAGCAGGA	1-CAGCAGGA	6.934911	-214.049303	0	T:284.0(42.77%),B:5164.0(11.34%),P:1e-92	Tpos:61.7,Tstd:11.5,Bpos:49.6,Bstd:39.8,StrandBias:3.6,Multiplicity:1.08
0.001	0.994	0.001	0.004
0.997	0.001	0.001	0.001
0.001	0.001	0.997	0.001
0.001	0.980	0.018	0.001
0.997	0.001	0.001	0.001
0.001	0.001	0.997	0.001
0.045	0.156	0.785	0.014
0.513	0.082	0.362	0.043
>TCYTGCGG	2-TCYTGCGG	6.575932	-83.155613	0	T:163.0(24.55%),B:3746.6(8.22%),P:1e-36	Tpos:52.7,Tstd:26.8,Bpos:50.3,Bstd:33.7,StrandBias:-1.2,Multiplicity:1.09
0.070	0.001	0.001	0.928
0.001	0.816	0.120	0.063
0.001	0.560	0.001	0.438
0.110	0.123	0.001	0.766
0.001	0.131	0.867	0.001
0.001	0.997	0.001	0.001
0.001	0.191	0.629	0.179
0.062	0.001	0.936	0.001
>GGAGAAGG	3-GGAGAAGG	6.577237	-23.814064	0	T:137.0(20.63%),B:5351.7(11.75%),P:1e-10	Tpos:52.1,Tstd:27.4,Bpos:49.8,Bstd:33.7,StrandBias:0.5,Multiplicity:1.11
0.001	0.001	0.997	0.001
0.045	0.001	0.928	0.026
0.907	0.001	0.001	0.091
0.124	0.001	0.874	0.001
0.695	0.129	0.175	0.001
0.886	0.001	0.065	0.048
0.071	0.042	0.886	0.001
0.001	0.001	0.978	0.020
>GTACTAGT	4-GTACTAGT	8.013983	-21.180840	0	T:23.0(3.46%),B:315.3(0.69%),P:1e-9	Tpos:43.4,Tstd:25.3,Bpos:51.1,Bstd:30.3,StrandBias:0.1,Multiplicity:1.09
0.230	0.001	0.620	0.149
0.001	0.040	0.026	0.933
0.988	0.001	0.010	0.001
0.001	0.997	0.001	0.001
0.001	0.129	0.024	0.846
0.849	0.001	0.122	0.028
0.001	0.181	0.817	0.001
0.001	0.038	0.001	0.960
>GGGGGCGG	5-GGGGGCGG	7.324091	-14.671850	0	T:106.0(15.96%),B:4455.4(9.78%),P:1e-6	Tpos:57.1,Tstd:28.3,Bpos:49.8,Bstd:30.4,StrandBias:-0.0,Multiplicity:1.23
0.001	0.001	0.997	0.001
0.001	0.101	0.897	0.001
0.077	0.183	0.739	0.001
0.001	0.062	0.875	0.062
0.001	0.080	0.918	0.001
0.064	0.878	0.001	0.057
0.001	0.070	0.928	0.001
0.057	0.036	0.824	0.083
>AACAACAA	6-AACAACAA	6.988380	-13.082319	0	T:54.0(8.13%),B:1864.6(4.09%),P:1e-5	Tpos:51.8,Tstd:29.2,Bpos:50.4,Bstd:31.1,StrandBias:1.7,Multiplicity:1.07
0.849	0.061	0.001	0.089
0.941	0.012	0.046	0.001
0.072	0.843	0.028	0.057
0.934	0.001	0.050	0.015
0.961	0.001	0.037	0.001
0.071	0.883	0.045	0.001
0.690	0.069	0.208	0.033
0.939	0.013	0.001	0.047
