>AGCAGCAGGR	1-AGCAGCAGGR	7.220754	-187.680450	0	T:270.0(40.72%),B:5202.2(11.47%),P:1e-81	Tpos:60.1,Tstd:14.6,Bpos:49.4,Bstd:39.9,StrandBias:3.6,Multiplicity:1.12
0.589	0.058	0.185	0.168
0.202	0.164	0.501	0.133
0.009	0.989	0.001	0.001
0.922	0.032	0.001	0.045
0.001	0.001	0.997	0.001
0.001	0.874	0.124	0.001
0.967	0.031	0.001	0.001
0.039	0.051	0.909	0.001
0.039	0.288	0.551	0.122
0.499	0.123	0.378	0.001
>CAGCAGAAAA	2-CAGCAGAAAA	7.972615	-83.848049	0	T:65.0(9.80%),B:554.3(1.22%),P:1e-36	Tpos:61.2,Tstd:13.4,Bpos:50.2,Bstd:36.2,StrandBias:3.3,Multiplicity:1.03
0.030	0.968	0.001	0.001
0.997	0.001	0.001	0.001
0.001	0.071	0.927	0.001
0.001	0.939	0.001	0.059
0.916	0.001	0.082	0.001
0.001	0.046	0.952	0.001
0.876	0.001	0.122	0.001
0.861	0.050	0.088	0.001
0.834	0.057	0.037	0.072
0.892	0.001	0.057	0.050
>ACCCCAACCC	3-ACCCCAACCC	6.516197	-32.792822	0	T:73.0(11.01%),B:1777.1(3.92%),P:1e-14	Tpos:48.4,Tstd:28.2,Bpos:50.7,Bstd:28.1,StrandBias:0.4,Multiplicity:1.07
0.732	0.013	0.055	0.200
0.147	0.583	0.022	0.248
0.267	0.731	0.001	0.001
0.058	0.726	0.087	0.129
0.001	0.751	0.247	0.001
0.757	0.071	0.171	0.001
0.734	0.095	0.035	0.136
0.246	0.752	0.001	0.001
0.001	0.945	0.053	0.001
0.069	0.719	0.001	0.211
>CGCGATAATA	4-CGCGATAATA	11.121572	-21.277654	0	T:6.0(0.90%),B:7.0(0.02%),P:1e-9	Tpos:34.7,Tstd:16.2,Bpos:32.4,Bstd:13.9,StrandBias:1.3,Multiplicity:1.00
0.001	0.997	0.001	0.001
0.001	0.001	0.997	0.001
0.001	0.997	0.001	0.001
0.001	0.001	0.856	0.142
0.997	0.001	0.001	0.001
0.001	0.142	0.001	0.856
0.856	0.142	0.001	0.001
0.856	0.001	0.001	0.142
0.001	0.142	0.001	0.856
0.856	0.001	0.001	0.142
>AAATCACCAC	5-AAATCACCAC	10.008939	-19.740142	0	T:10.0(1.51%),B:46.4(0.10%),P:1e-8	Tpos:52.5,Tstd:27.6,Bpos:53.1,Bstd:25.9,StrandBias:0.0,Multiplicity:1.00
0.997	0.001	0.001	0.001
0.569	0.001	0.118	0.312
0.997	0.001	0.001	0.001
0.230	0.001	0.001	0.768
0.001	0.997	0.001	0.001
0.810	0.001	0.001	0.188
0.118	0.771	0.110	0.001
0.001	0.997	0.001	0.001
0.809	0.189	0.001	0.001
0.317	0.681	0.001	0.001
>TCATAGTCCT	6-TCATAGTCCT	10.603498	-18.202182	0	T:9.0(1.36%),B:40.1(0.09%),P:1e-7	Tpos:58.9,Tstd:30.9,Bpos:57.9,Bstd:27.0,StrandBias:-0.3,Multiplicity:1.00
0.001	0.001	0.001	0.997
0.001	0.997	0.001	0.001
0.905	0.093	0.001	0.001
0.001	0.001	0.001	0.997
0.715	0.075	0.101	0.109
0.001	0.001	0.997	0.001
0.161	0.001	0.001	0.837
0.161	0.837	0.001	0.001
0.161	0.837	0.001	0.001
0.001	0.001	0.001	0.997
>AGGCCCAGAA	7-AGGCCCAGAA	12.461536	-17.042805	0	T:5.0(0.75%),B:6.6(0.01%),P:1e-7	Tpos:57.0,Tstd:27.2,Bpos:68.7,Bstd:19.8,StrandBias:0.6,Multiplicity:1.00
0.997	0.001	0.001	0.001
0.001	0.253	0.745	0.001
0.001	0.001	0.997	0.001
0.001	0.997	0.001	0.001
0.001	0.997	0.001	0.001
0.001	0.997	0.001	0.001
0.997	0.001	0.001	0.001
0.001	0.001	0.997	0.001
0.997	0.001	0.001	0.001
0.997	0.001	0.001	0.001
>GGAGTGGGAG	8-GGAGTGGGAG	7.449425	-16.392075	0	T:35.0(5.28%),B:848.4(1.87%),P:1e-7	Tpos:58.6,Tstd:25.5,Bpos:49.2,Bstd:33.4,StrandBias:0.1,Multiplicity:1.09
0.185	0.154	0.578	0.083
0.148	0.222	0.592	0.038
0.641	0.041	0.125	0.193
0.044	0.085	0.642	0.229
0.188	0.188	0.172	0.452
0.050	0.168	0.725	0.057
0.191	0.064	0.705	0.040
0.041	0.026	0.896	0.037
0.590	0.073	0.195	0.142
0.052	0.205	0.716	0.027
>AGCTAGTCCA	9-AGCTAGTCCA	11.244943	-15.655701	0	T:7.0(1.06%),B:26.1(0.06%),P:1e-6	Tpos:40.6,Tstd:24.1,Bpos:49.9,Bstd:26.6,StrandBias:0.4,Multiplicity:1.00
0.831	0.001	0.167	0.001
0.001	0.001	0.997	0.001
0.001	0.997	0.001	0.001
0.001	0.001	0.001	0.997
0.997	0.001	0.001	0.001
0.001	0.001	0.997	0.001
0.001	0.110	0.001	0.888
0.001	0.815	0.183	0.001
0.001	0.997	0.001	0.001
0.997	0.001	0.001	0.001
>ARGAAGAAGA	10-ARGAAGAAGA	8.180197	-15.108908	0	T:46.0(6.94%),B:1369.8(3.02%),P:1e-6	Tpos:57.7,Tstd:26.1,Bpos:49.3,Bstd:33.9,StrandBias:1.4,Multiplicity:1.14
0.997	0.001	0.001	0.001
0.539	0.001	0.459	0.001
0.081	0.173	0.745	0.001
0.902	0.001	0.096	0.001
0.709	0.001	0.001	0.289
0.132	0.317	0.502	0.049
0.670	0.001	0.328	0.001
0.895	0.103	0.001	0.001
0.353	0.001	0.645	0.001
0.697	0.083	0.052	0.168
>CGGCGGCGGC	11-CGGCGGCGGC	7.024437	-13.843907	0	T:102.0(15.38%),B:4301.5(9.49%),P:1e-6	Tpos:56.3,Tstd:25.9,Bpos:49.7,Bstd:30.7,StrandBias:0.1,Multiplicity:1.19
0.077	0.763	0.092	0.068
0.054	0.067	0.796	0.083
0.069	0.083	0.797	0.051
0.055	0.853	0.050	0.042
0.073	0.066	0.789	0.072
0.054	0.091	0.795	0.060
0.067	0.780	0.097	0.056
0.059	0.071	0.812	0.058
0.096	0.059	0.804	0.041
0.074	0.820	0.073	0.033
>CAGCAGCAGGAG	1-CAGCAGCAGGAG	7.084388	-151.610626	0	T:255.0(38.46%),B:5516.0(12.16%),P:1e-65	Tpos:59.1,Tstd:16.1,Bpos:49.3,Bstd:38.5,StrandBias:3.1,Multiplicity:1.13
0.186	0.606	0.124	0.084
0.660	0.098	0.111	0.131
0.113	0.174	0.547	0.166
0.097	0.901	0.001	0.001
0.855	0.001	0.088	0.056
0.001	0.069	0.929	0.001
0.001	0.762	0.236	0.001
0.941	0.001	0.057	0.001
0.079	0.001	0.836	0.084
0.169	0.291	0.484	0.057
0.611	0.001	0.387	0.001
0.301	0.130	0.457	0.112
>ACAGCAGCAGGA	2-ACAGCAGCAGGA	7.480353	-75.679515	0	T:153.0(23.08%),B:3565.2(7.86%),P:1e-32	Tpos:58.8,Tstd:21.9,Bpos:48.5,Bstd:36.9,StrandBias:1.9,Multiplicity:1.06
0.594	0.159	0.154	0.093
0.106	0.707	0.162	0.025
0.791	0.047	0.001	0.161
0.025	0.049	0.853	0.073
0.121	0.621	0.122	0.136
0.958	0.040	0.001	0.001
0.139	0.138	0.722	0.001
0.073	0.812	0.091	0.024
0.716	0.001	0.131	0.152
0.090	0.093	0.816	0.001
0.001	0.215	0.687	0.097
0.698	0.165	0.001	0.136
>CAGCAGGAAMCC	3-CAGCAGGAAMCC	9.545596	-59.846258	0	T:45.0(6.79%),B:368.0(0.81%),P:1e-25	Tpos:62.4,Tstd:15.8,Bpos:48.7,Bstd:34.7,StrandBias:4.1,Multiplicity:1.00
0.001	0.921	0.077	0.001
0.921	0.077	0.001	0.001
0.001	0.001	0.997	0.001
0.155	0.843	0.001	0.001
0.918	0.001	0.080	0.001
0.001	0.001	0.997	0.001
0.001	0.156	0.765	0.078
0.477	0.289	0.156	0.078
0.598	0.078	0.081	0.243
0.392	0.397	0.052	0.159
0.001	0.760	0.083	0.156
0.156	0.717	0.001	0.126
>TCAGCAGGAGGA	4-TCAGCAGGAGGA	7.278227	-53.608947	0	T:96.0(14.48%),B:2006.2(4.42%),P:1e-23	Tpos:53.3,Tstd:21.1,Bpos:51.5,Bstd:32.4,StrandBias:1.5,Multiplicity:1.03
0.036	0.054	0.096	0.814
0.125	0.653	0.168	0.054
0.730	0.066	0.081	0.123
0.090	0.089	0.750	0.071
0.107	0.792	0.065	0.036
0.727	0.072	0.089	0.112
0.101	0.018	0.863	0.018
0.075	0.036	0.835	0.054
0.618	0.134	0.229	0.019
0.144	0.068	0.727	0.061
0.071	0.125	0.733	0.071
0.762	0.089	0.078	0.071
>GGACAGCAGGGC	5-GGACAGCAGGGC	11.339755	-40.627345	0	T:19.0(2.87%),B:68.6(0.15%),P:1e-17	Tpos:61.2,Tstd:17.0,Bpos:48.4,Bstd:39.2,StrandBias:2.4,Multiplicity:1.00
0.001	0.001	0.997	0.001
0.001	0.211	0.787	0.001
0.510	0.289	0.001	0.200
0.099	0.899	0.001	0.001
0.899	0.001	0.099	0.001
0.001	0.001	0.997	0.001
0.001	0.997	0.001	0.001
0.899	0.099	0.001	0.001
0.001	0.001	0.997	0.001
0.103	0.001	0.895	0.001
0.001	0.312	0.587	0.100
0.174	0.725	0.001	0.100
>CACAGCAGAAAA	6-CACAGCAGAAAA	9.446245	-38.645356	0	T:26.0(3.92%),B:184.0(0.41%),P:1e-16	Tpos:59.0,Tstd:18.8,Bpos:50.5,Bstd:35.1,StrandBias:3.2,Multiplicity:1.00
0.052	0.842	0.105	0.001
0.738	0.105	0.052	0.105
0.051	0.947	0.001	0.001
0.997	0.001	0.001	0.001
0.052	0.001	0.842	0.105
0.052	0.844	0.052	0.052
0.895	0.001	0.052	0.052
0.157	0.003	0.839	0.001
0.895	0.001	0.052	0.052
0.641	0.105	0.253	0.001
0.743	0.149	0.056	0.052
0.787	0.105	0.003	0.105
>MCCAACACAGCK	7-MCCAACACAGCK	9.378293	-29.315883	0	T:10.0(1.51%),B:17.2(0.04%),P:1e-12	Tpos:38.4,Tstd:23.2,Bpos:55.4,Bstd:29.8,StrandBias:1.2,Multiplicity:1.00
0.426	0.572	0.001	0.001
0.010	0.988	0.001	0.001
0.001	0.997	0.001	0.001
0.808	0.001	0.190	0.001
0.988	0.010	0.001	0.001
0.001	0.997	0.001	0.001
0.997	0.001	0.001	0.001
0.190	0.808	0.001	0.001
0.988	0.001	0.001	0.010
0.001	0.001	0.997	0.001
0.001	0.617	0.001	0.381
0.001	0.001	0.572	0.426
>CCTGCASTATAC	8-CCTGCASTATAC	10.023985	-25.407376	0	T:8.0(1.21%),B:11.4(0.03%),P:1e-11	Tpos:41.5,Tstd:23.8,Bpos:36.3,Bstd:13.9,StrandBias:0.7,Multiplicity:1.00
0.001	0.997	0.001	0.001
0.001	0.997	0.001	0.001
0.190	0.001	0.001	0.808
0.001	0.190	0.808	0.001
0.001	0.808	0.001	0.190
0.617	0.191	0.001	0.191
0.001	0.381	0.427	0.191
0.001	0.001	0.001	0.997
0.997	0.001	0.001	0.001
0.015	0.001	0.015	0.969
0.808	0.001	0.001	0.190
0.190	0.808	0.001	0.001
>AKTGRGGGACAG	9-AKTGRGGGACAG	12.605385	-23.679156	0	T:7.0(1.06%),B:8.7(0.02%),P:1e-10	Tpos:47.6,Tstd:28.3,Bpos:43.9,Bstd:25.6,StrandBias:0.4,Multiplicity:1.00
0.997	0.001	0.001	0.001
0.001	0.001	0.527	0.471
0.249	0.001	0.001	0.749
0.001	0.001	0.997	0.001
0.527	0.001	0.471	0.001
0.001	0.235	0.763	0.001
0.249	0.001	0.749	0.001
0.235	0.001	0.763	0.001
0.997	0.001	0.001	0.001
0.249	0.749	0.001	0.001
0.997	0.001	0.001	0.001
0.001	0.001	0.997	0.001
>TCATCATCATCC	10-TCATCATCATCC	7.313950	-21.666868	0	T:34.0(5.13%),B:650.6(1.43%),P:1e-9	Tpos:45.6,Tstd:28.5,Bpos:48.5,Bstd:28.7,StrandBias:-0.5,Multiplicity:1.09
0.003	0.093	0.001	0.903
0.001	0.909	0.089	0.001
0.907	0.001	0.090	0.002
0.001	0.001	0.001	0.997
0.089	0.909	0.001	0.001
0.744	0.090	0.165	0.001
0.090	0.181	0.181	0.548
0.089	0.909	0.001	0.001
0.650	0.165	0.184	0.001
0.001	0.089	0.001	0.909
0.003	0.817	0.090	0.090
0.180	0.816	0.003	0.001
>CCCCAACCCCAA	11-CCCCAACCCCAA	9.305959	-20.392491	0	T:16.0(2.41%),B:149.5(0.33%),P:1e-8	Tpos:45.6,Tstd:25.0,Bpos:47.5,Bstd:24.2,StrandBias:3.2,Multiplicity:1.25
0.001	0.941	0.001	0.057
0.058	0.768	0.116	0.058
0.058	0.893	0.048	0.001
0.052	0.901	0.043	0.004
0.768	0.173	0.058	0.001
0.883	0.001	0.001	0.115
0.210	0.626	0.058	0.106
0.001	0.941	0.001	0.057
0.001	0.893	0.105	0.001
0.173	0.783	0.001	0.043
0.905	0.058	0.001	0.036
0.706	0.116	0.062	0.116
>CGGCGGCGGCGG	12-CGGCGGCGGCGG	7.101849	-19.253932	0	T:122.0(18.40%),B:4901.1(10.81%),P:1e-8	Tpos:51.5,Tstd:29.3,Bpos:50.0,Bstd:30.7,StrandBias:-0.4,Multiplicity:1.12
0.090	0.707	0.130	0.073
0.099	0.056	0.790	0.055
0.084	0.051	0.792	0.073
0.123	0.708	0.081	0.088
0.103	0.072	0.748	0.077
0.106	0.038	0.793	0.063
0.134	0.643	0.135	0.088
0.086	0.031	0.798	0.085
0.101	0.091	0.756	0.052
0.120	0.701	0.095	0.084
0.094	0.074	0.782	0.050
0.119	0.046	0.780	0.055
>AATSASMGTGWC	13-AATSASMGTGWC	8.700525	-18.882052	0	T:6.0(0.90%),B:9.4(0.02%),P:1e-8	Tpos:49.3,Tstd:24.7,Bpos:47.1,Bstd:25.0,StrandBias:1.0,Multiplicity:1.00
0.997	0.001	0.001	0.001
0.951	0.001	0.047	0.001
0.001	0.001	0.005	0.993
0.001	0.446	0.506	0.047
0.898	0.001	0.001	0.100
0.001	0.446	0.552	0.001
0.446	0.552	0.001	0.001
0.001	0.001	0.997	0.001
0.001	0.001	0.001	0.997
0.001	0.001	0.997	0.001
0.446	0.001	0.001	0.552
0.001	0.997	0.001	0.001
>CGCCGCCGCCGG	14-CGCCGCCGCCGG	7.518050	-16.271432	0	T:93.0(14.03%),B:3604.4(7.95%),P:1e-7	Tpos:56.4,Tstd:26.4,Bpos:49.9,Bstd:29.9,StrandBias:-0.0,Multiplicity:1.18
0.144	0.712	0.136	0.008
0.001	0.198	0.778	0.023
0.093	0.644	0.105	0.158
0.209	0.417	0.174	0.200
0.069	0.035	0.848	0.048
0.093	0.661	0.245	0.001
0.070	0.696	0.071	0.163
0.037	0.001	0.961	0.001
0.139	0.477	0.217	0.167
0.186	0.744	0.001	0.069
0.053	0.027	0.780	0.140
0.276	0.128	0.527	0.069
>KGCRGSYGCAGC	15-KGCRGSYGCAGC	10.144020	-16.225841	0	T:22.0(3.32%),B:380.8(0.84%),P:1e-7	Tpos:53.5,Tstd:26.2,Bpos:51.6,Bstd:38.9,StrandBias:0.0,Multiplicity:1.00
0.047	0.001	0.467	0.485
0.032	0.032	0.935	0.001
0.001	0.655	0.312	0.032
0.483	0.037	0.361	0.119
0.001	0.215	0.697	0.087
0.001	0.521	0.477	0.001
0.205	0.449	0.001	0.345
0.078	0.032	0.808	0.082
0.064	0.524	0.229	0.183
0.616	0.102	0.055	0.227
0.001	0.001	0.967	0.031
0.032	0.836	0.100	0.032
>CAGCAG	1-CAGCAG	6.177716	-176.748712	0	T:328.0(49.47%),B:8032.9(17.71%),P:1e-76	Tpos:59.4,Tstd:15.2,Bpos:50.3,Bstd:41.6,StrandBias:3.7,Multiplicity:1.32
0.100	0.700	0.100	0.100
0.700	0.100	0.100	0.100
0.100	0.100	0.700	0.100
0.100	0.700	0.100	0.100
0.700	0.100	0.100	0.100
0.100	0.100	0.700	0.100
>GCGGCG	2-GCGGCG	5.889648	-15.634438	0	T:254.0(38.31%),B:13150.3(29.00%),P:1e-6	Tpos:52.3,Tstd:27.6,Bpos:50.3,Bstd:34.0,StrandBias:0.0,Multiplicity:1.62
0.001	0.138	0.860	0.001
0.001	0.997	0.001	0.001
0.208	0.001	0.790	0.001
0.001	0.001	0.997	0.001
0.001	0.997	0.001	0.001
0.001	0.131	0.747	0.121
>TATAAT	3-TATAAT	5.079486	-12.207344	0	T:109.0(16.44%),B:4860.3(10.72%),P:1e-5	Tpos:41.6,Tstd:26.2,Bpos:50.2,Bstd:31.2,StrandBias:0.2,Multiplicity:1.35
0.101	0.001	0.001	0.897
0.955	0.001	0.043	0.001
0.163	0.001	0.001	0.835
0.952	0.001	0.046	0.001
0.904	0.001	0.094	0.001
0.225	0.079	0.130	0.566
>GACGAG	4-GACGAG	5.226340	-11.570271	0	T:158.0(23.83%),B:7808.2(17.22%),P:1e-5	Tpos:49.1,Tstd:28.1,Bpos:50.4,Bstd:30.8,StrandBias:0.2,Multiplicity:1.18
0.001	0.001	0.924	0.074
0.997	0.001	0.001	0.001
0.001	0.751	0.001	0.247
0.001	0.001	0.997	0.001
0.825	0.001	0.173	0.001
0.001	0.001	0.997	0.001
>CGGGTT	5-CGGGTT	7.439993	-10.634049	0	T:63.0(9.50%),B:2497.0(5.51%),P:1e-4	Tpos:54.9,Tstd:26.0,Bpos:50.5,Bstd:28.9,StrandBias:-1.2,Multiplicity:1.08
0.001	0.576	0.001	0.422
0.001	0.001	0.997	0.001
0.001	0.001	0.997	0.001
0.001	0.001	0.997	0.001
0.001	0.001	0.001	0.997
0.001	0.001	0.001	0.997
>RCAGCAGG	1-RCAGCAGG	9.129570	-199.343714	0	T:188.0(28.36%),B:2214.6(4.88%),P:1e-86	Tpos:61.1,Tstd:10.3,Bpos:50.2,Bstd:40.1,StrandBias:5.0,Multiplicity:1.04
0.292	0.162	0.369	0.177
0.001	0.997	0.001	0.001
0.997	0.001	0.001	0.001
0.001	0.001	0.985	0.013
0.001	0.997	0.001	0.001
0.997	0.001	0.001	0.001
0.001	0.001	0.981	0.017
0.049	0.040	0.910	0.001
>AGCAGCAG	2-AGCAGCAG	7.197493	-86.177166	0	T:217.0(32.73%),B:5995.4(13.22%),P:1e-37	Tpos:58.6,Tstd:20.7,Bpos:49.7,Bstd:40.7,StrandBias:2.4,Multiplicity:1.13
0.813	0.001	0.069	0.117
0.037	0.021	0.941	0.001
0.043	0.901	0.001	0.055
0.917	0.049	0.001	0.033
0.001	0.067	0.931	0.001
0.001	0.931	0.025	0.043
0.971	0.001	0.027	0.001
0.048	0.110	0.803	0.039
>CCCGCTGC	3-CCCGCTGC	6.546862	-32.323925	0	T:167.0(25.19%),B:6299.3(13.89%),P:1e-14	Tpos:54.4,Tstd:24.2,Bpos:50.1,Bstd:35.2,StrandBias:-0.4,Multiplicity:1.17
0.001	0.795	0.177	0.027
0.068	0.854	0.001	0.077
0.143	0.805	0.051	0.001
0.015	0.001	0.983	0.001
0.001	0.984	0.001	0.014
0.001	0.121	0.063	0.815
0.001	0.120	0.878	0.001
0.001	0.924	0.074	0.001
>AACRAGAM	4-AACRAGAM	5.538215	-20.623202	0	T:118.0(17.80%),B:4575.9(10.09%),P:1e-8	Tpos:50.6,Tstd:26.9,Bpos:50.1,Bstd:31.2,StrandBias:1.5,Multiplicity:1.20
0.727	0.106	0.166	0.001
0.673	0.067	0.001	0.259
0.115	0.509	0.325	0.051
0.363	0.035	0.386	0.217
0.997	0.001	0.001	0.001
0.152	0.164	0.645	0.039
0.645	0.001	0.164	0.190
0.395	0.439	0.166	0.001
>GGTGGGGG	5-GGTGGGGG	4.183036	-16.948760	0	T:228.0(34.39%),B:11338.7(25.00%),P:1e-7	Tpos:53.3,Tstd:27.3,Bpos:50.2,Bstd:30.7,StrandBias:-0.6,Multiplicity:1.24
0.025	0.001	0.943	0.031
0.098	0.001	0.900	0.001
0.047	0.037	0.001	0.915
0.001	0.078	0.861	0.060
0.001	0.001	0.997	0.001
0.137	0.001	0.657	0.205
0.001	0.054	0.919	0.026
0.001	0.001	0.801	0.197
>ATTATATA	6-ATTATATA	6.687006	-11.011429	0	T:26.0(3.92%),B:690.0(1.52%),P:1e-4	Tpos:39.4,Tstd:25.1,Bpos:53.4,Bstd:29.6,StrandBias:0.0,Multiplicity:1.04
0.706	0.092	0.123	0.079
0.044	0.141	0.071	0.744
0.086	0.087	0.136	0.691
0.628	0.145	0.065	0.162
0.077	0.038	0.073	0.812
0.848	0.050	0.026	0.076
0.117	0.053	0.046	0.784
0.799	0.096	0.082	0.023
