>GCAGCAGGAG	1-GCAGCAGGAG	7.427429	-163.004101	0	T:253.0(38.22%),B:5122.2(11.33%),P:1e-70	Tpos:59.3,Tstd:14.5,Bpos:49.9,Bstd:40.2,StrandBias:3.2,Multiplicity:1.16
0.105	0.146	0.706	0.043
0.032	0.883	0.065	0.020
0.910	0.023	0.051	0.016
0.001	0.081	0.908	0.010
0.001	0.896	0.084	0.019
0.950	0.001	0.001	0.048
0.001	0.001	0.993	0.005
0.027	0.331	0.622	0.020
0.536	0.086	0.305	0.073
0.112	0.172	0.599	0.117
>CAGCAGAAAA	2-CAGCAGAAAA	9.009503	-33.521761	0	T:35.0(5.29%),B:444.1(0.98%),P:1e-14	Tpos:64.0,Tstd:18.6,Bpos:50.6,Bstd:38.2,StrandBias:2.1,Multiplicity:1.04
0.044	0.873	0.082	0.001
0.997	0.001	0.001	0.001
0.001	0.001	0.945	0.053
0.047	0.951	0.001	0.001
0.997	0.001	0.001	0.001
0.104	0.001	0.894	0.001
0.906	0.001	0.092	0.001
0.920	0.051	0.028	0.001
0.965	0.001	0.033	0.001
0.776	0.137	0.046	0.041
>AGTTACCGAG	3-AGTTACCGAG	11.221297	-27.809088	0	T:6.0(0.91%),B:2.7(0.01%),P:1e-12	Tpos:48.5,Tstd:24.6,Bpos:35.4,Bstd:20.7,StrandBias:1.0,Multiplicity:1.00
0.997	0.001	0.001	0.001
0.001	0.001	0.997	0.001
0.001	0.001	0.418	0.580
0.001	0.001	0.001	0.997
0.805	0.193	0.001	0.001
0.001	0.997	0.001	0.001
0.001	0.997	0.001	0.001
0.001	0.001	0.997	0.001
0.805	0.001	0.193	0.001
0.193	0.001	0.805	0.001
>TCCTCTTCCT	4-TCCTCTTCCT	6.387281	-25.826713	0	T:146.0(22.05%),B:5650.8(12.50%),P:1e-11	Tpos:49.1,Tstd:28.6,Bpos:49.6,Bstd:32.6,StrandBias:-0.3,Multiplicity:1.21
0.096	0.089	0.084	0.731
0.081	0.789	0.066	0.064
0.027	0.798	0.084	0.091
0.028	0.060	0.053	0.859
0.043	0.819	0.073	0.065
0.037	0.114	0.091	0.758
0.005	0.050	0.084	0.861
0.049	0.820	0.069	0.062
0.093	0.738	0.084	0.085
0.038	0.052	0.078	0.832
>CTTAATTRCA	5-CTTAATTRCA	8.297728	-24.870082	0	T:17.0(2.57%),B:127.6(0.28%),P:1e-10	Tpos:47.2,Tstd:24.6,Bpos:52.9,Bstd:28.9,StrandBias:0.4,Multiplicity:1.00
0.013	0.675	0.001	0.311
0.154	0.106	0.001	0.739
0.001	0.105	0.001	0.893
0.893	0.001	0.105	0.001
0.997	0.001	0.001	0.001
0.001	0.331	0.089	0.579
0.001	0.001	0.273	0.725
0.483	0.001	0.507	0.009
0.001	0.578	0.333	0.088
0.858	0.001	0.001	0.140
>GATATTATAG	6-GATATTATAG	10.426866	-24.114775	0	T:10.0(1.51%),B:29.0(0.06%),P:1e-10	Tpos:46.7,Tstd:21.3,Bpos:47.7,Bstd:27.3,StrandBias:-1.0,Multiplicity:1.00
0.070	0.001	0.808	0.121
0.877	0.001	0.121	0.001
0.001	0.001	0.001	0.997
0.939	0.001	0.001	0.059
0.001	0.001	0.001	0.997
0.001	0.001	0.001	0.997
0.897	0.001	0.101	0.001
0.121	0.001	0.090	0.788
0.909	0.001	0.089	0.001
0.121	0.001	0.877	0.001
>CCGCCGCCGC	7-CCGCCGCCGC	6.422787	-22.612381	0	T:185.0(27.95%),B:8100.7(17.92%),P:1e-9	Tpos:52.6,Tstd:26.1,Bpos:50.4,Bstd:32.1,StrandBias:-0.0,Multiplicity:1.34
0.084	0.762	0.067	0.087
0.037	0.735	0.095	0.133
0.066	0.058	0.808	0.068
0.007	0.915	0.033	0.045
0.043	0.757	0.117	0.083
0.061	0.080	0.824	0.035
0.033	0.771	0.148	0.048
0.074	0.768	0.060	0.098
0.063	0.031	0.807	0.099
0.057	0.860	0.042	0.041
>GTGKSTTTAA	8-GTGKSTTTAA	8.292393	-19.355226	0	T:7.0(1.06%),B:15.9(0.04%),P:1e-8	Tpos:54.3,Tstd:29.3,Bpos:50.1,Bstd:33.5,StrandBias:-1.3,Multiplicity:1.00
0.086	0.001	0.909	0.004
0.001	0.001	0.001	0.997
0.001	0.001	0.997	0.001
0.001	0.001	0.552	0.446
0.001	0.446	0.552	0.001
0.001	0.014	0.001	0.984
0.001	0.001	0.001	0.997
0.001	0.001	0.001	0.997
0.997	0.001	0.001	0.001
0.997	0.001	0.001	0.001
>GGTCTATAAG	9-GGTCTATAAG	8.344051	-18.504370	0	T:7.0(1.06%),B:17.8(0.04%),P:1e-8	Tpos:46.9,Tstd:27.1,Bpos:53.2,Bstd:36.5,StrandBias:2.6,Multiplicity:1.00
0.001	0.191	0.807	0.001
0.001	0.001	0.963	0.035
0.001	0.001	0.001	0.997
0.001	0.997	0.001	0.001
0.001	0.001	0.001	0.997
0.997	0.001	0.001	0.001
0.001	0.001	0.001	0.997
0.997	0.001	0.001	0.001
0.997	0.001	0.001	0.001
0.145	0.001	0.843	0.011
>TTTACAGAAT	10-TTTACAGAAT	12.260458	-17.331909	0	T:4.0(0.60%),B:2.8(0.01%),P:1e-7	Tpos:36.5,Tstd:28.6,Bpos:41.8,Bstd:19.3,StrandBias:0.0,Multiplicity:1.00
0.001	0.001	0.001	0.997
0.001	0.001	0.001	0.997
0.001	0.255	0.001	0.743
0.997	0.001	0.001	0.001
0.001	0.997	0.001	0.001
0.997	0.001	0.001	0.001
0.001	0.001	0.997	0.001
0.997	0.001	0.001	0.001
0.997	0.001	0.001	0.001
0.001	0.189	0.001	0.809
>ATCCATCCGT	11-ATCCATCCGT	10.172424	-16.411071	0	T:11.0(1.66%),B:84.8(0.19%),P:1e-7	Tpos:44.2,Tstd:34.6,Bpos:53.9,Bstd:33.1,StrandBias:0.2,Multiplicity:1.00
0.997	0.001	0.001	0.001
0.001	0.001	0.107	0.891
0.001	0.997	0.001	0.001
0.001	0.997	0.001	0.001
0.916	0.001	0.082	0.001
0.107	0.001	0.001	0.891
0.001	0.899	0.099	0.001
0.070	0.928	0.001	0.001
0.329	0.001	0.552	0.118
0.001	0.001	0.001	0.997
>AGCAAGTTCG	12-AGCAAGTTCG	10.296193	-14.477790	0	T:3.0(0.45%),B:1.8(0.00%),P:1e-6	Tpos:73.3,Tstd:9.0,Bpos:54.0,Bstd:13.1,StrandBias:1.0,Multiplicity:1.00
0.700	0.100	0.100	0.100
0.100	0.100	0.700	0.100
0.100	0.700	0.100	0.100
0.700	0.100	0.100	0.100
0.700	0.100	0.100	0.100
0.100	0.100	0.700	0.100
0.100	0.100	0.100	0.700
0.100	0.100	0.100	0.700
0.100	0.700	0.100	0.100
0.100	0.100	0.700	0.100
>GATWTATATT	13-GATWTATATT	9.142689	-14.475683	0	T:7.0(1.06%),B:31.9(0.07%),P:1e-6	Tpos:53.0,Tstd:24.4,Bpos:48.6,Bstd:29.9,StrandBias:1.0,Multiplicity:1.00
0.001	0.001	0.967	0.031
0.997	0.001	0.001	0.001
0.001	0.001	0.055	0.943
0.494	0.001	0.001	0.504
0.001	0.001	0.001	0.997
0.967	0.001	0.001	0.031
0.001	0.001	0.374	0.624
0.997	0.001	0.001	0.001
0.001	0.001	0.001	0.997
0.024	0.406	0.001	0.569
>TATATATAAA	14-TATATATAAA	6.670725	-11.952006	0	T:29.0(4.38%),B:774.3(1.71%),P:1e-5	Tpos:38.4,Tstd:17.2,Bpos:47.0,Bstd:30.7,StrandBias:0.1,Multiplicity:1.14
0.043	0.104	0.056	0.797
0.868	0.075	0.056	0.001
0.086	0.069	0.022	0.823
0.869	0.001	0.061	0.069
0.051	0.028	0.037	0.884
0.818	0.037	0.023	0.122
0.101	0.132	0.017	0.750
0.781	0.131	0.087	0.001
0.729	0.146	0.046	0.079
0.689	0.057	0.060	0.194
>CAGCAGCAGGAG	1-CAGCAGCAGGAG	5.696341	-140.271196	0	T:350.0(52.87%),B:10438.9(23.10%),P:1e-60	Tpos:57.8,Tstd:16.7,Bpos:49.6,Bstd:38.0,StrandBias:2.5,Multiplicity:1.25
0.137	0.656	0.092	0.115
0.635	0.091	0.120	0.154
0.145	0.110	0.690	0.055
0.034	0.899	0.037	0.030
0.819	0.047	0.062	0.072
0.045	0.055	0.877	0.023
0.041	0.746	0.130	0.083
0.822	0.042	0.077	0.059
0.035	0.073	0.832	0.060
0.090	0.138	0.682	0.090
0.670	0.100	0.145	0.085
0.100	0.168	0.673	0.059
>AGCAGCVGCAGC	2-AGCAGCVGCAGC	9.191046	-42.740891	0	T:87.0(13.14%),B:1990.1(4.40%),P:1e-18	Tpos:56.0,Tstd:18.9,Bpos:47.6,Bstd:39.1,StrandBias:0.1,Multiplicity:1.00
0.680	0.200	0.119	0.001
0.060	0.086	0.764	0.090
0.086	0.754	0.159	0.001
0.644	0.073	0.053	0.230
0.002	0.030	0.967	0.001
0.052	0.760	0.086	0.102
0.361	0.254	0.384	0.001
0.112	0.001	0.750	0.137
0.001	0.997	0.001	0.001
0.523	0.224	0.252	0.001
0.052	0.069	0.830	0.049
0.029	0.969	0.001	0.001
>CAGCAGAAAAAA	3-CAGCAGAAAAAA	10.062303	-42.385398	0	T:24.0(3.63%),B:125.5(0.28%),P:1e-18	Tpos:60.3,Tstd:18.9,Bpos:62.4,Bstd:35.6,StrandBias:4.2,Multiplicity:1.00
0.066	0.931	0.002	0.001
0.933	0.001	0.001	0.065
0.132	0.001	0.801	0.066
0.066	0.801	0.132	0.001
0.801	0.001	0.066	0.132
0.065	0.001	0.933	0.001
0.997	0.001	0.001	0.001
0.812	0.066	0.121	0.001
0.997	0.001	0.001	0.001
0.676	0.066	0.188	0.070
0.598	0.199	0.070	0.133
0.731	0.001	0.069	0.199
>GTTAACTGTACT	4-GTTAACTGTACT	9.910223	-25.932346	0	T:5.0(0.76%),B:1.7(0.00%),P:1e-11	Tpos:54.6,Tstd:31.1,Bpos:66.7,Bstd:21.2,StrandBias:0.6,Multiplicity:1.00
0.001	0.001	0.807	0.191
0.001	0.001	0.001	0.997
0.001	0.001	0.001	0.997
0.997	0.001	0.001	0.001
0.997	0.001	0.001	0.001
0.001	0.997	0.001	0.001
0.001	0.001	0.001	0.997
0.001	0.001	0.997	0.001
0.001	0.144	0.048	0.807
0.997	0.001	0.001	0.001
0.001	0.951	0.001	0.047
0.001	0.001	0.047	0.951
>AGGCCTAATTTC	5-AGGCCTAATTTC	12.650719	-25.932346	0	T:5.0(0.76%),B:1.2(0.00%),P:1e-11	Tpos:51.0,Tstd:18.7,Bpos:56.0,Bstd:0.0,StrandBias:-0.6,Multiplicity:1.00
0.997	0.001	0.001	0.001
0.001	0.001	0.997	0.001
0.001	0.001	0.997	0.001
0.001	0.997	0.001	0.001
0.200	0.599	0.001	0.200
0.001	0.001	0.001	0.997
0.997	0.001	0.001	0.001
0.799	0.001	0.001	0.199
0.001	0.200	0.200	0.599
0.001	0.001	0.001	0.997
0.001	0.199	0.001	0.799
0.001	0.997	0.001	0.001
>RCYAGCAGGYCG	6-RCYAGCAGGYCG	9.583775	-23.554740	0	T:18.0(2.72%),B:159.5(0.35%),P:1e-10	Tpos:42.3,Tstd:23.7,Bpos:51.6,Bstd:31.7,StrandBias:0.4,Multiplicity:1.00
0.309	0.076	0.386	0.230
0.001	0.697	0.001	0.301
0.078	0.386	0.001	0.535
0.923	0.001	0.075	0.001
0.001	0.078	0.695	0.226
0.002	0.922	0.075	0.001
0.762	0.001	0.235	0.002
0.075	0.075	0.849	0.001
0.001	0.001	0.848	0.150
0.001	0.541	0.001	0.457
0.234	0.764	0.001	0.001
0.002	0.002	0.692	0.304
>GCAGGAGGAGGA	7-GCAGGAGGAGGA	6.943213	-20.838372	0	T:120.0(18.13%),B:4657.0(10.30%),P:1e-9	Tpos:46.6,Tstd:28.5,Bpos:49.3,Bstd:31.4,StrandBias:-0.3,Multiplicity:1.10
0.119	0.185	0.666	0.030
0.181	0.517	0.274	0.028
0.720	0.068	0.099	0.113
0.090	0.108	0.765	0.037
0.080	0.001	0.879	0.040
0.790	0.070	0.101	0.039
0.151	0.084	0.715	0.050
0.138	0.033	0.803	0.026
0.829	0.068	0.080	0.023
0.105	0.068	0.791	0.036
0.095	0.108	0.767	0.030
0.760	0.086	0.109	0.045
>CAACTCGCAACT	8-CAACTCGCAACT	14.257152	-20.463496	0	T:5.0(0.76%),B:3.9(0.01%),P:1e-8	Tpos:41.4,Tstd:24.2,Bpos:54.9,Bstd:8.5,StrandBias:10.0,Multiplicity:1.00
0.001	0.997	0.001	0.001
0.997	0.001	0.001	0.001
0.997	0.001	0.001	0.001
0.001	0.997	0.001	0.001
0.001	0.001	0.001	0.997
0.001	0.997	0.001	0.001
0.001	0.200	0.599	0.200
0.001	0.997	0.001	0.001
0.997	0.001	0.001	0.001
0.997	0.001	0.001	0.001
0.001	0.799	0.199	0.001
0.199	0.001	0.001	0.799
>CAAGTCCCTATA	9-CAAGTCCCTATA	10.145446	-19.037185	0	T:5.0(0.76%),B:4.9(0.01%),P:1e-8	Tpos:37.0,Tstd:27.2,Bpos:48.7,Bstd:22.6,StrandBias:-0.6,Multiplicity:1.00
0.001	0.997	0.001	0.001
0.997	0.001	0.001	0.001
0.951	0.047	0.001	0.001
0.191	0.001	0.807	0.001
0.047	0.001	0.001	0.951
0.001	0.997	0.001	0.001
0.191	0.807	0.001	0.001
0.001	0.997	0.001	0.001
0.047	0.001	0.001	0.951
0.997	0.001	0.001	0.001
0.001	0.001	0.001	0.997
0.997	0.001	0.001	0.001
>AGCARGATCGCC	10-AGCARGATCGCC	11.016261	-18.361277	0	T:13.0(1.96%),B:106.4(0.24%),P:1e-7	Tpos:56.3,Tstd:23.8,Bpos:53.9,Bstd:26.7,StrandBias:1.8,Multiplicity:1.00
0.997	0.001	0.001	0.001
0.001	0.001	0.997	0.001
0.001	0.856	0.001	0.142
0.997	0.001	0.001	0.001
0.447	0.001	0.409	0.143
0.001	0.001	0.997	0.001
0.607	0.249	0.001	0.143
0.001	0.143	0.160	0.696
0.001	0.997	0.001	0.001
0.143	0.160	0.554	0.143
0.001	0.695	0.303	0.001
0.001	0.997	0.001	0.001
>GTGAAAAGAACC	11-GTGAAAAGAACC	10.132663	-17.331909	0	T:4.0(0.60%),B:2.4(0.01%),P:1e-7	Tpos:47.0,Tstd:30.7,Bpos:40.0,Bstd:0.0,StrandBias:1.6,Multiplicity:1.00
0.001	0.001	0.997	0.001
0.001	0.001	0.001	0.997
0.001	0.001	0.997	0.001
0.997	0.001	0.001	0.001
0.807	0.001	0.001	0.191
0.997	0.001	0.001	0.001
0.997	0.001	0.001	0.001
0.064	0.001	0.807	0.128
0.997	0.001	0.001	0.001
0.997	0.001	0.001	0.001
0.063	0.935	0.001	0.001
0.001	0.997	0.001	0.001
>ATCGATCGATCG	12-ATCGATCGATCG	11.194855	-15.150332	0	T:7.0(1.06%),B:28.3(0.06%),P:1e-6	Tpos:39.1,Tstd:28.2,Bpos:52.1,Bstd:24.7,StrandBias:0.6,Multiplicity:1.00
0.782	0.216	0.001	0.001
0.001	0.108	0.108	0.783
0.001	0.782	0.216	0.001
0.113	0.216	0.670	0.001
0.997	0.001	0.001	0.001
0.001	0.001	0.001	0.997
0.001	0.887	0.108	0.004
0.108	0.108	0.783	0.001
0.997	0.001	0.001	0.001
0.001	0.001	0.107	0.891
0.108	0.882	0.005	0.005
0.217	0.004	0.562	0.217
>CAGCAGCAGMTC	13-CAGCAGCAGMTC	9.725756	-12.073487	0	T:24.0(3.63%),B:567.7(1.26%),P:1e-5	Tpos:52.8,Tstd:27.2,Bpos:51.9,Bstd:35.1,StrandBias:1.7,Multiplicity:1.00
0.001	0.862	0.136	0.001
0.785	0.001	0.001	0.213
0.001	0.001	0.630	0.368
0.001	0.997	0.001	0.001
0.645	0.353	0.001	0.001
0.001	0.131	0.867	0.001
0.001	0.637	0.361	0.001
0.997	0.001	0.001	0.001
0.132	0.132	0.596	0.140
0.501	0.353	0.001	0.145
0.001	0.001	0.097	0.901
0.001	0.736	0.001	0.262
>GGCGGCGGCGGG	14-GGCGGCGGCGGG	8.166770	-11.559465	0	T:80.0(12.08%),B:3314.4(7.33%),P:1e-5	Tpos:55.1,Tstd:27.7,Bpos:50.3,Bstd:29.8,StrandBias:0.1,Multiplicity:1.29
0.147	0.099	0.713	0.041
0.001	0.030	0.968	0.001
0.001	0.717	0.281	0.001
0.164	0.282	0.553	0.001
0.001	0.240	0.522	0.237
0.061	0.692	0.246	0.001
0.055	0.098	0.846	0.001
0.062	0.264	0.599	0.075
0.001	0.979	0.001	0.019
0.107	0.223	0.669	0.001
0.285	0.234	0.474	0.006
0.001	0.316	0.682	0.001
>GTWTATATATAT	15-GTWTATATATAT	7.562195	-10.412235	0	T:12.0(1.81%),B:188.4(0.42%),P:1e-4	Tpos:34.6,Tstd:11.6,Bpos:47.7,Bstd:32.0,StrandBias:0.6,Multiplicity:1.08
0.117	0.174	0.434	0.275
0.244	0.148	0.190	0.418
0.413	0.053	0.201	0.333
0.222	0.127	0.206	0.444
0.524	0.074	0.222	0.180
0.032	0.085	0.042	0.841
0.693	0.021	0.032	0.254
0.233	0.021	0.021	0.725
0.666	0.011	0.270	0.053
0.222	0.201	0.032	0.545
0.529	0.021	0.159	0.291
0.238	0.021	0.042	0.699
>TVDGAARAAAAR	16-TVDGAARAAAAR	8.056487	-5.900694	0	T:11.0(1.66%),B:273.4(0.60%),P:1e-2	Tpos:44.4,Tstd:28.8,Bpos:48.7,Bstd:31.2,StrandBias:-1.4,Multiplicity:1.00
0.043	0.064	0.212	0.681
0.255	0.237	0.380	0.129
0.337	0.001	0.405	0.258
0.258	0.276	0.444	0.021
0.728	0.215	0.036	0.021
0.617	0.043	0.061	0.279
0.469	0.064	0.424	0.043
0.613	0.065	0.279	0.043
0.872	0.021	0.021	0.086
0.792	0.021	0.186	0.001
0.527	0.001	0.107	0.365
0.462	0.021	0.474	0.043
>NNNNNNNNNNNN	17-NNNNNNNNNNNN	-nan	0.000000	0	T:0.0(0.00%),B:0.0(0.00%),P:1e0	Tpos:0.0,Tstd:0.0,Bpos:0.0,Bstd:0.0,StrandBias:0.0,Multiplicity:1.00
-nan	-nan	-nan	-nan
-nan	-nan	-nan	-nan
-nan	-nan	-nan	-nan
-nan	-nan	-nan	-nan
-nan	-nan	-nan	-nan
-nan	-nan	-nan	-nan
-nan	-nan	-nan	-nan
-nan	-nan	-nan	-nan
-nan	-nan	-nan	-nan
-nan	-nan	-nan	-nan
-nan	-nan	-nan	-nan
-nan	-nan	-nan	-nan
>NNNNNNNNNNNN	18-NNNNNNNNNNNN	-nan	0.000000	0	T:0.0(0.00%),B:0.0(0.00%),P:1e0	Tpos:0.0,Tstd:0.0,Bpos:0.0,Bstd:0.0,StrandBias:0.0,Multiplicity:1.00
-nan	-nan	-nan	-nan
-nan	-nan	-nan	-nan
-nan	-nan	-nan	-nan
-nan	-nan	-nan	-nan
-nan	-nan	-nan	-nan
-nan	-nan	-nan	-nan
-nan	-nan	-nan	-nan
-nan	-nan	-nan	-nan
-nan	-nan	-nan	-nan
-nan	-nan	-nan	-nan
-nan	-nan	-nan	-nan
-nan	-nan	-nan	-nan
>NNNNNNNNNNNN	19-NNNNNNNNNNNN	-nan	0.000000	0	T:0.0(0.00%),B:0.0(0.00%),P:1e0	Tpos:0.0,Tstd:0.0,Bpos:0.0,Bstd:0.0,StrandBias:0.0,Multiplicity:1.00
-nan	-nan	-nan	-nan
-nan	-nan	-nan	-nan
-nan	-nan	-nan	-nan
-nan	-nan	-nan	-nan
-nan	-nan	-nan	-nan
-nan	-nan	-nan	-nan
-nan	-nan	-nan	-nan
-nan	-nan	-nan	-nan
-nan	-nan	-nan	-nan
-nan	-nan	-nan	-nan
-nan	-nan	-nan	-nan
-nan	-nan	-nan	-nan
>CAGCAG	1-CAGCAG	6.177716	-183.460867	0	T:335.0(50.60%),B:8145.4(18.02%),P:1e-79	Tpos:59.3,Tstd:15.2,Bpos:49.9,Bstd:41.2,StrandBias:3.1,Multiplicity:1.35
0.100	0.700	0.100	0.100
0.700	0.100	0.100	0.100
0.100	0.100	0.700	0.100
0.100	0.700	0.100	0.100
0.700	0.100	0.100	0.100
0.100	0.100	0.700	0.100
>CGGCGG	2-CGGCGG	6.042518	-12.241425	0	T:216.0(32.63%),B:11255.9(24.90%),P:1e-5	Tpos:53.1,Tstd:24.1,Bpos:49.8,Bstd:34.2,StrandBias:-0.2,Multiplicity:1.52
0.001	0.997	0.001	0.001
0.159	0.001	0.693	0.147
0.001	0.170	0.828	0.001
0.001	0.997	0.001	0.001
0.001	0.001	0.997	0.001
0.001	0.146	0.852	0.001
>TAATTA	3-TAATTA	5.476798	-9.174508	0	T:67.0(10.12%),B:2840.3(6.28%),P:1e-3	Tpos:48.9,Tstd:27.5,Bpos:50.2,Bstd:30.9,StrandBias:0.2,Multiplicity:1.17
0.137	0.001	0.001	0.861
0.762	0.001	0.236	0.001
0.997	0.001	0.001	0.001
0.107	0.001	0.001	0.891
0.109	0.001	0.001	0.889
0.708	0.001	0.290	0.001
>GAGGAG	4-GAGGAG	7.882603	-7.861511	0	T:119.0(17.98%),B:6004.4(13.28%),P:1e-3	Tpos:49.4,Tstd:28.3,Bpos:49.3,Bstd:33.4,StrandBias:0.7,Multiplicity:1.36
0.001	0.001	0.997	0.001
0.827	0.001	0.171	0.001
0.001	0.206	0.792	0.001
0.001	0.001	0.997	0.001
0.997	0.001	0.001	0.001
0.001	0.001	0.997	0.001
>ATATAG	5-ATATAG	5.377194	-6.770872	0	T:95.0(14.35%),B:4740.7(10.49%),P:1e-2	Tpos:39.1,Tstd:26.7,Bpos:50.0,Bstd:30.9,StrandBias:-0.2,Multiplicity:1.34
0.707	0.001	0.010	0.282
0.001	0.111	0.001	0.887
0.737	0.261	0.001	0.001
0.001	0.001	0.001	0.997
0.593	0.001	0.001	0.405
0.291	0.001	0.546	0.162
>CAGCAGGA	1-CAGCAGGA	5.222625	-209.373281	0	T:281.0(42.45%),B:5129.5(11.35%),P:1e-90	Tpos:59.7,Tstd:13.7,Bpos:49.8,Bstd:40.4,StrandBias:3.4,Multiplicity:1.10
0.001	0.997	0.001	0.001
0.997	0.001	0.001	0.001
0.001	0.001	0.997	0.001
0.001	0.997	0.001	0.001
0.997	0.001	0.001	0.001
0.001	0.001	0.722	0.276
0.369	0.006	0.624	0.001
0.663	0.008	0.011	0.318
>AGGAGGAG	2-AGGAGGAG	5.059208	-38.200169	0	T:269.0(40.63%),B:11582.2(25.63%),P:1e-16	Tpos:51.7,Tstd:27.0,Bpos:49.8,Bstd:33.6,StrandBias:0.7,Multiplicity:1.27
0.798	0.083	0.041	0.078
0.065	0.119	0.740	0.076
0.141	0.100	0.670	0.089
0.758	0.052	0.131	0.059
0.118	0.083	0.742	0.057
0.129	0.072	0.753	0.046
0.803	0.084	0.039	0.074
0.084	0.125	0.744	0.047
>WAAGTATA	3-WAAGTATA	5.602739	-12.044294	0	T:65.0(9.82%),B:2480.2(5.49%),P:1e-5	Tpos:41.5,Tstd:26.5,Bpos:50.1,Bstd:29.9,StrandBias:0.3,Multiplicity:1.18
0.408	0.098	0.001	0.493
0.754	0.001	0.001	0.244
0.997	0.001	0.001	0.001
0.001	0.197	0.556	0.246
0.001	0.001	0.001	0.997
0.781	0.001	0.125	0.093
0.221	0.001	0.138	0.640
0.733	0.125	0.141	0.001
>TGGTGGGT	4-TGGTGGGT	6.469079	-10.064100	0	T:60.0(9.06%),B:2383.7(5.27%),P:1e-4	Tpos:58.5,Tstd:30.0,Bpos:50.1,Bstd:30.6,StrandBias:-1.3,Multiplicity:1.09
0.011	0.115	0.053	0.821
0.047	0.001	0.864	0.088
0.291	0.001	0.698	0.010
0.126	0.001	0.077	0.796
0.180	0.001	0.806	0.013
0.001	0.001	0.997	0.001
0.140	0.001	0.683	0.176
0.024	0.061	0.136	0.779
>CCGCSGCS	5-CCGCSGCS	6.562794	-9.980005	0	T:120.0(18.13%),B:5756.6(12.74%),P:1e-4	Tpos:52.8,Tstd:26.4,Bpos:50.0,Bstd:31.3,StrandBias:-0.0,Multiplicity:1.34
0.223	0.753	0.001	0.023
0.001	0.536	0.294	0.169
0.001	0.153	0.845	0.001
0.001	0.741	0.257	0.001
0.136	0.474	0.389	0.001
0.204	0.018	0.777	0.001
0.176	0.822	0.001	0.001
0.141	0.448	0.410	0.001
>TATATAAT	6-TATATAAT	4.840485	-9.485909	0	T:77.0(11.63%),B:3357.7(7.43%),P:1e-4	Tpos:39.5,Tstd:22.7,Bpos:49.3,Bstd:31.1,StrandBias:0.2,Multiplicity:1.29
0.057	0.067	0.057	0.819
0.778	0.155	0.035	0.032
0.001	0.031	0.081	0.887
0.835	0.051	0.097	0.017
0.137	0.045	0.056	0.762
0.683	0.024	0.022	0.271
0.589	0.114	0.044	0.253
0.127	0.107	0.127	0.639
