>WVCAGCAGGR	1-WVCAGCAGGR	8.293901	-275.883567	0	T:233.0(35.46%),B:2480.4(5.50%),P:1e-119	Tpos:61.0,Tstd:11.4,Bpos:49.7,Bstd:39.5,StrandBias:4.0,Multiplicity:1.04
0.248	0.187	0.182	0.382
0.339	0.262	0.218	0.181
0.001	0.997	0.001	0.001
0.975	0.001	0.001	0.023
0.001	0.001	0.997	0.001
0.001	0.901	0.097	0.001
0.963	0.001	0.035	0.001
0.001	0.032	0.966	0.001
0.224	0.122	0.653	0.001
0.350	0.183	0.334	0.133
>AGCAGCAGCA	2-AGCAGCAGCA	8.360112	-41.917303	0	T:99.0(15.07%),B:2519.2(5.59%),P:1e-18	Tpos:60.3,Tstd:19.1,Bpos:49.7,Bstd:40.1,StrandBias:2.2,Multiplicity:1.06
0.495	0.216	0.001	0.288
0.035	0.165	0.517	0.283
0.001	0.821	0.001	0.177
0.997	0.001	0.001	0.001
0.198	0.001	0.800	0.001
0.001	0.997	0.001	0.001
0.997	0.001	0.001	0.001
0.001	0.216	0.568	0.215
0.001	0.805	0.001	0.193
0.830	0.001	0.168	0.001
>GCAGGAGGAT	3-GCAGGAGGAT	9.411169	-28.739540	0	T:31.0(4.72%),B:414.0(0.92%),P:1e-12	Tpos:54.5,Tstd:20.7,Bpos:49.8,Bstd:36.5,StrandBias:0.8,Multiplicity:1.00
0.001	0.001	0.997	0.001
0.001	0.997	0.001	0.001
0.997	0.001	0.001	0.001
0.001	0.001	0.997	0.001
0.049	0.001	0.949	0.001
0.833	0.001	0.055	0.111
0.103	0.092	0.804	0.001
0.001	0.001	0.850	0.148
0.842	0.156	0.001	0.001
0.043	0.045	0.140	0.772
>TGGACACCAA	4-TGGACACCAA	11.292752	-23.381036	0	T:9.0(1.37%),B:22.7(0.05%),P:1e-10	Tpos:44.8,Tstd:29.4,Bpos:59.9,Bstd:25.4,StrandBias:1.8,Multiplicity:1.00
0.001	0.001	0.001	0.997
0.001	0.001	0.837	0.161
0.117	0.001	0.881	0.001
0.997	0.001	0.001	0.001
0.001	0.997	0.001	0.001
0.997	0.001	0.001	0.001
0.001	0.997	0.001	0.001
0.001	0.997	0.001	0.001
0.798	0.001	0.001	0.200
0.997	0.001	0.001	0.001
>CAAAAGGACG	5-CAAAAGGACG	8.626049	-23.343976	0	T:15.0(2.28%),B:103.1(0.23%),P:1e-10	Tpos:45.1,Tstd:24.5,Bpos:49.9,Bstd:29.6,StrandBias:0.4,Multiplicity:1.07
0.001	0.929	0.069	0.001
0.929	0.001	0.069	0.001
0.945	0.053	0.001	0.001
0.934	0.001	0.064	0.001
0.835	0.104	0.001	0.060
0.001	0.001	0.895	0.103
0.001	0.001	0.997	0.001
0.755	0.054	0.087	0.104
0.001	0.910	0.041	0.048
0.048	0.001	0.950	0.001
>GAAGCGGAAA	6-GAAGCGGAAA	8.855104	-21.150708	0	T:22.0(3.35%),B:288.6(0.64%),P:1e-9	Tpos:56.0,Tstd:26.3,Bpos:51.5,Bstd:32.5,StrandBias:0.5,Multiplicity:1.00
0.145	0.004	0.850	0.001
0.997	0.001	0.001	0.001
0.997	0.001	0.001	0.001
0.111	0.163	0.725	0.001
0.001	0.997	0.001	0.001
0.035	0.001	0.610	0.354
0.001	0.001	0.723	0.275
0.754	0.001	0.244	0.001
0.794	0.204	0.001	0.001
0.602	0.207	0.109	0.082
>TCGGGAATCG	7-TCGGGAATCG	12.260458	-20.114066	0	T:4.0(0.61%),B:1.9(0.00%),P:1e-8	Tpos:52.2,Tstd:30.5,Bpos:67.9,Bstd:6.0,StrandBias:-1.6,Multiplicity:1.00
0.001	0.001	0.001	0.997
0.001	0.997	0.001	0.001
0.001	0.255	0.743	0.001
0.001	0.001	0.997	0.001
0.001	0.001	0.997	0.001
0.997	0.001	0.001	0.001
0.809	0.001	0.189	0.001
0.001	0.001	0.001	0.997
0.001	0.997	0.001	0.001
0.001	0.001	0.997	0.001
>TTCTACTTCT	8-TTCTACTTCT	8.339965	-20.063433	0	T:30.0(4.57%),B:556.4(1.23%),P:1e-8	Tpos:42.8,Tstd:25.6,Bpos:51.3,Bstd:35.5,StrandBias:-0.8,Multiplicity:1.07
0.001	0.001	0.001	0.997
0.148	0.001	0.042	0.809
0.230	0.768	0.001	0.001
0.170	0.220	0.183	0.426
0.812	0.059	0.046	0.083
0.001	0.952	0.001	0.046
0.001	0.001	0.001	0.997
0.091	0.001	0.187	0.721
0.001	0.931	0.001	0.067
0.144	0.081	0.001	0.774
>CCTCCGCCGC	9-CCTCCGCCGC	6.415978	-18.457709	0	T:172.0(26.18%),B:7821.6(17.35%),P:1e-8	Tpos:53.4,Tstd:26.2,Bpos:50.3,Bstd:31.5,StrandBias:-0.5,Multiplicity:1.33
0.053	0.811	0.074	0.062
0.053	0.816	0.069	0.062
0.047	0.083	0.152	0.718
0.067	0.825	0.058	0.050
0.049	0.850	0.075	0.026
0.063	0.060	0.752	0.125
0.056	0.871	0.043	0.030
0.082	0.782	0.041	0.095
0.067	0.069	0.776	0.088
0.098	0.803	0.052	0.047
>GACGACGACG	10-GACGACGACG	9.581107	-17.390865	0	T:25.0(3.81%),B:453.9(1.01%),P:1e-7	Tpos:53.1,Tstd:25.4,Bpos:51.5,Bstd:27.3,StrandBias:0.4,Multiplicity:1.00
0.036	0.001	0.888	0.075
0.990	0.001	0.001	0.008
0.049	0.898	0.052	0.001
0.050	0.001	0.844	0.105
0.947	0.001	0.001	0.051
0.001	0.966	0.032	0.001
0.001	0.031	0.854	0.114
0.893	0.001	0.001	0.105
0.001	0.837	0.161	0.001
0.001	0.079	0.876	0.044
>ACCCTGCAGG	11-ACCCTGCAGG	10.827994	-16.025552	0	T:9.0(1.37%),B:52.2(0.12%),P:1e-6	Tpos:58.3,Tstd:20.8,Bpos:59.2,Bstd:33.6,StrandBias:0.3,Multiplicity:1.00
0.842	0.043	0.114	0.001
0.001	0.883	0.115	0.001
0.001	0.997	0.001	0.001
0.041	0.957	0.001	0.001
0.001	0.075	0.120	0.804
0.001	0.001	0.997	0.001
0.101	0.662	0.101	0.136
0.997	0.001	0.001	0.001
0.001	0.001	0.997	0.001
0.001	0.049	0.949	0.001
>TTTTTCTCTM	12-TTTTTCTCTM	7.975238	-15.003789	0	T:41.0(6.24%),B:1159.0(2.57%),P:1e-6	Tpos:43.9,Tstd:29.2,Bpos:51.2,Bstd:34.2,StrandBias:-0.6,Multiplicity:1.11
0.001	0.362	0.001	0.636
0.001	0.278	0.001	0.720
0.001	0.310	0.001	0.688
0.001	0.350	0.140	0.509
0.001	0.135	0.001	0.863
0.001	0.756	0.001	0.242
0.001	0.001	0.001	0.997
0.129	0.752	0.001	0.118
0.001	0.060	0.240	0.699
0.367	0.351	0.151	0.131
>GGYCBGCCGR	13-GGYCBGCCGR	8.268304	-14.868616	0	T:18.0(2.74%),B:284.8(0.63%),P:1e-6	Tpos:36.7,Tstd:22.8,Bpos:50.5,Bstd:28.5,StrandBias:-0.3,Multiplicity:1.00
0.052	0.020	0.850	0.078
0.135	0.068	0.796	0.001
0.254	0.434	0.002	0.310
0.058	0.748	0.135	0.059
0.001	0.319	0.389	0.290
0.025	0.001	0.899	0.075
0.001	0.923	0.023	0.053
0.054	0.752	0.122	0.072
0.018	0.135	0.846	0.001
0.486	0.019	0.430	0.065
>AACCTGGTGT	14-AACCTGGTGT	11.808849	-14.543003	0	T:6.0(0.91%),B:19.4(0.04%),P:1e-6	Tpos:53.2,Tstd:25.5,Bpos:49.2,Bstd:28.0,StrandBias:1.0,Multiplicity:1.00
0.768	0.001	0.001	0.230
0.997	0.001	0.001	0.001
0.001	0.997	0.001	0.001
0.171	0.827	0.001	0.001
0.001	0.001	0.001	0.997
0.001	0.001	0.997	0.001
0.001	0.001	0.997	0.001
0.001	0.001	0.001	0.997
0.001	0.001	0.997	0.001
0.001	0.001	0.001	0.997
>GTGCCCGTCG	15-GTGCCCGTCG	8.750406	-13.666618	0	T:5.0(0.76%),B:12.4(0.03%),P:1e-5	Tpos:47.4,Tstd:26.2,Bpos:41.1,Bstd:26.0,StrandBias:-0.6,Multiplicity:1.00
0.097	0.116	0.696	0.091
0.090	0.095	0.093	0.722
0.116	0.089	0.654	0.141
0.082	0.724	0.066	0.128
0.069	0.744	0.111	0.076
0.119	0.668	0.124	0.089
0.116	0.066	0.713	0.105
0.071	0.092	0.082	0.755
0.102	0.677	0.089	0.132
0.138	0.084	0.648	0.130
>AGTGGCCAGA	16-AGTGGCCAGA	10.296193	-12.425090	0	T:3.0(0.46%),B:2.7(0.01%),P:1e-5	Tpos:34.7,Tstd:40.5,Bpos:72.0,Bstd:17.3,StrandBias:10.0,Multiplicity:1.00
0.700	0.100	0.100	0.100
0.100	0.100	0.700	0.100
0.100	0.100	0.100	0.700
0.100	0.100	0.700	0.100
0.100	0.100	0.700	0.100
0.100	0.700	0.100	0.100
0.100	0.700	0.100	0.100
0.700	0.100	0.100	0.100
0.100	0.100	0.700	0.100
0.700	0.100	0.100	0.100
>GAGCGAGCAA	17-GAGCGAGCAA	9.912861	-12.095583	0	T:12.0(1.83%),B:159.8(0.35%),P:1e-5	Tpos:72.7,Tstd:22.0,Bpos:50.2,Bstd:31.4,StrandBias:2.7,Multiplicity:1.00
0.101	0.216	0.682	0.001
0.839	0.001	0.159	0.001
0.032	0.111	0.856	0.001
0.001	0.997	0.001	0.001
0.067	0.001	0.918	0.014
0.997	0.001	0.001	0.001
0.001	0.001	0.864	0.134
0.233	0.550	0.001	0.216
0.695	0.001	0.303	0.001
0.841	0.082	0.076	0.001
>RCAGCAGGAGGA	1-RCAGCAGGAGGA	6.510184	-180.920992	0	T:279.0(42.47%),B:5765.5(12.79%),P:1e-78	Tpos:61.3,Tstd:14.5,Bpos:49.9,Bstd:39.2,StrandBias:3.0,Multiplicity:1.14
0.396	0.063	0.392	0.149
0.031	0.827	0.110	0.032
0.997	0.001	0.001	0.001
0.001	0.031	0.942	0.026
0.001	0.908	0.060	0.031
0.906	0.062	0.031	0.001
0.001	0.001	0.997	0.001
0.062	0.229	0.708	0.001
0.759	0.031	0.148	0.062
0.244	0.129	0.596	0.031
0.266	0.107	0.564	0.063
0.746	0.086	0.167	0.001
>YCTGCAGCAGGV	2-YCTGCAGCAGGV	9.847821	-62.473790	0	T:66.0(10.05%),B:841.2(1.87%),P:1e-27	Tpos:54.7,Tstd:18.7,Bpos:54.0,Bstd:37.4,StrandBias:2.5,Multiplicity:1.00
0.001	0.340	0.223	0.435
0.180	0.818	0.001	0.001
0.249	0.001	0.178	0.572
0.178	0.161	0.660	0.001
0.001	0.997	0.001	0.001
0.997	0.001	0.001	0.001
0.001	0.001	0.997	0.001
0.165	0.833	0.001	0.001
0.997	0.001	0.001	0.001
0.066	0.001	0.695	0.238
0.001	0.001	0.997	0.001
0.346	0.248	0.243	0.163
>MCAGCAGGACMT	3-MCAGCAGGACMT	11.718966	-33.332164	0	T:7.0(1.07%),B:2.2(0.00%),P:1e-14	Tpos:66.0,Tstd:11.0,Bpos:29.9,Bstd:0.9,StrandBias:2.6,Multiplicity:1.00
0.552	0.446	0.001	0.001
0.026	0.947	0.026	0.001
0.997	0.001	0.001	0.001
0.001	0.001	0.997	0.001
0.001	0.997	0.001	0.001
0.997	0.001	0.001	0.001
0.001	0.001	0.997	0.001
0.001	0.001	0.997	0.001
0.997	0.001	0.001	0.001
0.001	0.972	0.001	0.026
0.446	0.552	0.001	0.001
0.001	0.001	0.001	0.997
>AGYWGCAGGAGG	4-AGYWGCAGGAGG	8.506301	-32.581890	0	T:72.0(10.96%),B:1751.3(3.88%),P:1e-14	Tpos:52.4,Tstd:27.0,Bpos:48.3,Bstd:32.0,StrandBias:-0.1,Multiplicity:1.00
0.579	0.419	0.001	0.001
0.001	0.402	0.596	0.001
0.109	0.387	0.219	0.286
0.373	0.001	0.164	0.462
0.001	0.386	0.612	0.001
0.193	0.542	0.264	0.001
0.997	0.001	0.001	0.001
0.001	0.100	0.898	0.001
0.001	0.001	0.997	0.001
0.721	0.001	0.001	0.277
0.269	0.001	0.729	0.001
0.001	0.001	0.997	0.001
>ATCHKCAACTGC	5-ATCHKCAACTGC	9.072137	-29.956556	0	T:25.0(3.81%),B:245.0(0.54%),P:1e-13	Tpos:44.3,Tstd:28.7,Bpos:51.2,Bstd:30.1,StrandBias:0.6,Multiplicity:1.00
0.673	0.271	0.001	0.055
0.344	0.158	0.001	0.497
0.001	0.894	0.001	0.104
0.383	0.262	0.001	0.354
0.158	0.105	0.377	0.359
0.051	0.947	0.001	0.001
0.895	0.103	0.001	0.001
0.815	0.038	0.095	0.052
0.001	0.997	0.001	0.001
0.027	0.157	0.263	0.553
0.001	0.001	0.792	0.206
0.001	0.740	0.052	0.207
>CCAGCAGGGCGT	6-CCAGCAGGGCGT	9.820662	-28.259855	0	T:23.0(3.50%),B:219.3(0.49%),P:1e-12	Tpos:57.9,Tstd:18.1,Bpos:50.5,Bstd:38.5,StrandBias:1.1,Multiplicity:1.00
0.177	0.757	0.065	0.001
0.052	0.822	0.125	0.001
0.766	0.001	0.062	0.171
0.001	0.001	0.997	0.001
0.062	0.936	0.001	0.001
0.874	0.001	0.001	0.124
0.049	0.001	0.888	0.062
0.001	0.111	0.885	0.003
0.001	0.036	0.901	0.062
0.178	0.650	0.063	0.109
0.188	0.036	0.713	0.063
0.063	0.052	0.063	0.822
>TGTGAGCAGTCT	7-TGTGAGCAGTCT	10.124820	-22.505204	0	T:5.0(0.76%),B:2.2(0.00%),P:1e-9	Tpos:70.8,Tstd:23.7,Bpos:58.4,Bstd:12.6,StrandBias:0.6,Multiplicity:1.00
0.001	0.001	0.001	0.997
0.001	0.001	0.997	0.001
0.001	0.001	0.001	0.997
0.001	0.001	0.997	0.001
0.997	0.001	0.001	0.001
0.001	0.127	0.871	0.001
0.063	0.935	0.001	0.001
0.997	0.001	0.001	0.001
0.001	0.001	0.997	0.001
0.001	0.191	0.001	0.807
0.001	0.997	0.001	0.001
0.001	0.001	0.001	0.997
>CCCGACGCAGCG	8-CCCGACGCAGCG	11.189406	-22.166889	0	T:7.0(1.07%),B:10.7(0.02%),P:1e-9	Tpos:43.0,Tstd:20.5,Bpos:34.8,Bstd:17.2,StrandBias:2.6,Multiplicity:1.00
0.001	0.997	0.001	0.001
0.145	0.853	0.001	0.001
0.001	0.997	0.001	0.001
0.031	0.160	0.808	0.001
0.997	0.001	0.001	0.001
0.001	0.807	0.191	0.001
0.001	0.001	0.997	0.001
0.001	0.997	0.001	0.001
0.997	0.001	0.001	0.001
0.001	0.001	0.997	0.001
0.001	0.997	0.001	0.001
0.001	0.001	0.997	0.001
>AMTCGGAAGTCA	9-AMTCGGAAGTCA	8.669601	-22.087046	0	T:15.0(2.28%),B:113.8(0.25%),P:1e-9	Tpos:46.3,Tstd:24.0,Bpos:48.2,Bstd:32.3,StrandBias:-0.6,Multiplicity:1.00
0.772	0.001	0.226	0.001
0.378	0.303	0.155	0.164
0.001	0.001	0.001	0.997
0.076	0.613	0.076	0.235
0.226	0.155	0.618	0.001
0.001	0.001	0.997	0.001
0.923	0.075	0.001	0.001
0.911	0.001	0.087	0.001
0.076	0.231	0.542	0.151
0.151	0.076	0.151	0.622
0.079	0.919	0.001	0.001
0.848	0.001	0.001	0.150
>GTAGCTAGGAAC	10-GTAGCTAGGAAC	12.848727	-20.114066	0	T:4.0(0.61%),B:0.8(0.00%),P:1e-8	Tpos:50.8,Tstd:28.4,Bpos:45.5,Bstd:20.0,StrandBias:1.6,Multiplicity:1.00
0.001	0.250	0.500	0.250
0.001	0.001	0.001	0.997
0.749	0.249	0.001	0.001
0.001	0.001	0.997	0.001
0.001	0.997	0.001	0.001
0.001	0.249	0.001	0.749
0.997	0.001	0.001	0.001
0.001	0.001	0.997	0.001
0.001	0.001	0.997	0.001
0.997	0.001	0.001	0.001
0.997	0.001	0.001	0.001
0.249	0.749	0.001	0.001
>GCGGAGMGGGAG	11-GCGGAGMGGGAG	10.970022	-20.080234	0	T:13.0(1.98%),B:92.1(0.20%),P:1e-8	Tpos:68.0,Tstd:22.8,Bpos:47.1,Bstd:24.3,StrandBias:-2.3,Multiplicity:1.00
0.001	0.106	0.892	0.001
0.001	0.729	0.073	0.197
0.001	0.001	0.979	0.019
0.001	0.079	0.919	0.001
0.975	0.001	0.023	0.001
0.001	0.001	0.997	0.001
0.349	0.437	0.107	0.107
0.003	0.001	0.995	0.001
0.197	0.089	0.713	0.001
0.001	0.018	0.980	0.001
0.678	0.001	0.214	0.107
0.107	0.214	0.678	0.001
>AMASCAGAAATV	12-AMASCAGAAATV	9.251491	-19.894264	0	T:17.0(2.59%),B:178.6(0.40%),P:1e-8	Tpos:44.3,Tstd:25.6,Bpos:53.1,Bstd:28.1,StrandBias:0.5,Multiplicity:1.06
0.741	0.001	0.257	0.001
0.387	0.491	0.121	0.001
0.875	0.121	0.001	0.003
0.004	0.491	0.504	0.001
0.003	0.993	0.002	0.002
0.496	0.001	0.247	0.256
0.001	0.242	0.756	0.001
0.755	0.123	0.121	0.001
0.997	0.001	0.001	0.001
0.752	0.001	0.003	0.244
0.003	0.259	0.001	0.737
0.376	0.252	0.370	0.002
>AAACCAACCAAA	13-AAACCAACCAAA	10.425455	-19.101822	0	T:13.0(1.98%),B:101.0(0.22%),P:1e-8	Tpos:55.6,Tstd:24.4,Bpos:49.5,Bstd:29.0,StrandBias:0.9,Multiplicity:1.08
0.688	0.101	0.110	0.101
0.898	0.001	0.100	0.001
0.797	0.101	0.001	0.101
0.001	0.997	0.001	0.001
0.269	0.729	0.001	0.001
0.997	0.001	0.001	0.001
0.898	0.001	0.001	0.100
0.173	0.625	0.201	0.001
0.001	0.997	0.001	0.001
0.793	0.205	0.001	0.001
0.793	0.001	0.205	0.001
0.789	0.109	0.001	0.101
>CCGCCGCCGCCG	14-CCGCCGCCGCCG	7.082040	-17.936710	0	T:114.0(17.35%),B:4600.4(10.20%),P:1e-7	Tpos:50.7,Tstd:27.5,Bpos:50.2,Bstd:29.6,StrandBias:-0.1,Multiplicity:1.22
0.079	0.704	0.094	0.123
0.080	0.776	0.099	0.045
0.080	0.110	0.690	0.120
0.074	0.732	0.105	0.089
0.072	0.833	0.042	0.053
0.052	0.091	0.792	0.065
0.102	0.761	0.069	0.068
0.044	0.814	0.060	0.082
0.112	0.069	0.738	0.081
0.104	0.702	0.113	0.081
0.067	0.735	0.094	0.104
0.079	0.090	0.721	0.110
>GCAGSADGTAGA	15-GCAGSADGTAGA	9.311442	-16.289476	0	T:28.0(4.26%),B:587.2(1.30%),P:1e-7	Tpos:59.9,Tstd:21.4,Bpos:51.4,Bstd:32.4,StrandBias:2.1,Multiplicity:1.00
0.001	0.001	0.997	0.001
0.001	0.997	0.001	0.001
0.544	0.330	0.125	0.001
0.203	0.001	0.795	0.001
0.001	0.437	0.561	0.001
0.645	0.001	0.001	0.353
0.278	0.116	0.364	0.241
0.214	0.129	0.656	0.001
0.208	0.200	0.126	0.466
0.757	0.001	0.001	0.241
0.001	0.001	0.997	0.001
0.636	0.001	0.362	0.001
>CGAGCGAGCGAG	16-CGAGCGAGCGAG	9.291655	-13.753039	0	T:23.0(3.50%),B:479.1(1.06%),P:1e-5	Tpos:52.3,Tstd:28.8,Bpos:49.6,Bstd:31.6,StrandBias:0.7,Multiplicity:1.00
0.001	0.863	0.135	0.001
0.001	0.205	0.793	0.001
0.996	0.001	0.002	0.001
0.150	0.076	0.773	0.001
0.076	0.847	0.076	0.001
0.076	0.074	0.776	0.074
0.801	0.046	0.079	0.074
0.001	0.001	0.997	0.001
0.078	0.722	0.121	0.079
0.342	0.001	0.581	0.076
0.790	0.074	0.062	0.074
0.074	0.074	0.851	0.001
>GCGGCCGCGGCG	17-GCGGCCGCGGCG	10.227058	-13.506799	0	T:28.0(4.26%),B:677.4(1.50%),P:1e-5	Tpos:57.4,Tstd:25.4,Bpos:53.5,Bstd:32.2,StrandBias:-0.2,Multiplicity:1.00
0.001	0.001	0.997	0.001
0.098	0.799	0.102	0.001
0.102	0.001	0.544	0.353
0.098	0.356	0.545	0.001
0.003	0.995	0.001	0.001
0.001	0.688	0.213	0.098
0.001	0.001	0.901	0.097
0.098	0.656	0.234	0.012
0.204	0.001	0.794	0.001
0.001	0.001	0.815	0.183
0.001	0.848	0.098	0.053
0.001	0.001	0.997	0.001
>GCTAGGAGCCTA	18-GCTAGGAGCCTA	12.910620	-12.425090	0	T:3.0(0.46%),B:2.7(0.01%),P:1e-5	Tpos:36.2,Tstd:1.9,Bpos:41.8,Bstd:18.4,StrandBias:0.0,Multiplicity:1.00
0.001	0.143	0.855	0.001
0.047	0.951	0.001	0.001
0.001	0.001	0.001	0.997
0.997	0.001	0.001	0.001
0.001	0.001	0.997	0.001
0.001	0.001	0.997	0.001
0.807	0.191	0.001	0.001
0.001	0.001	0.951	0.047
0.001	0.997	0.001	0.001
0.001	0.997	0.001	0.001
0.001	0.001	0.001	0.997
0.997	0.001	0.001	0.001
>NNNNNNNNNNNN	19-NNNNNNNNNNNN	-nan	0.000000	0	T:0.0(0.00%),B:0.0(0.00%),P:1e0	Tpos:0.0,Tstd:0.0,Bpos:0.0,Bstd:0.0,StrandBias:0.0,Multiplicity:1.00
-nan	-nan	-nan	-nan
-nan	-nan	-nan	-nan
-nan	-nan	-nan	-nan
-nan	-nan	-nan	-nan
-nan	-nan	-nan	-nan
-nan	-nan	-nan	-nan
-nan	-nan	-nan	-nan
-nan	-nan	-nan	-nan
-nan	-nan	-nan	-nan
-nan	-nan	-nan	-nan
-nan	-nan	-nan	-nan
-nan	-nan	-nan	-nan
>CAGCAG	1-CAGCAG	6.177716	-214.084211	0	T:357.0(54.34%),B:8343.3(18.50%),P:1e-92	Tpos:59.7,Tstd:15.4,Bpos:49.6,Bstd:41.6,StrandBias:3.1,Multiplicity:1.30
0.100	0.700	0.100	0.100
0.700	0.100	0.100	0.100
0.100	0.100	0.700	0.100
0.100	0.700	0.100	0.100
0.700	0.100	0.100	0.100
0.100	0.100	0.700	0.100
>AAGTAA	2-AAGTAA	5.382187	-13.654718	0	T:76.0(11.57%),B:2937.2(6.51%),P:1e-5	Tpos:38.9,Tstd:26.6,Bpos:49.6,Bstd:31.3,StrandBias:-0.3,Multiplicity:1.18
0.997	0.001	0.001	0.001
0.997	0.001	0.001	0.001
0.001	0.001	0.660	0.338
0.001	0.001	0.001	0.997
0.839	0.001	0.001	0.159
0.997	0.001	0.001	0.001
>GCGGAG	3-GCGGAG	4.221452	-11.205693	0	T:182.0(27.70%),B:9361.7(20.76%),P:1e-4	Tpos:51.4,Tstd:28.9,Bpos:50.1,Bstd:31.6,StrandBias:-0.0,Multiplicity:1.22
0.065	0.001	0.933	0.001
0.001	0.997	0.001	0.001
0.001	0.001	0.997	0.001
0.001	0.001	0.997	0.001
0.739	0.001	0.259	0.001
0.001	0.001	0.997	0.001
>AGGAGG	4-AGGAGG	8.087071	-10.490812	0	T:113.0(17.20%),B:5311.9(11.78%),P:1e-4	Tpos:52.7,Tstd:26.1,Bpos:50.5,Bstd:34.9,StrandBias:0.6,Multiplicity:1.36
0.997	0.001	0.001	0.001
0.001	0.001	0.997	0.001
0.001	0.001	0.997	0.001
0.806	0.001	0.001	0.192
0.001	0.001	0.997	0.001
0.001	0.001	0.997	0.001
>CGGCGG	5-CGGCGG	7.047670	-8.707476	0	T:145.0(22.07%),B:7483.7(16.60%),P:1e-3	Tpos:50.4,Tstd:27.8,Bpos:49.8,Bstd:31.2,StrandBias:0.1,Multiplicity:1.54
0.001	0.997	0.001	0.001
0.001	0.001	0.812	0.186
0.001	0.001	0.997	0.001
0.001	0.997	0.001	0.001
0.001	0.350	0.648	0.001
0.001	0.001	0.997	0.001
>RCAGCAGG	1-RCAGCAGG	8.862487	-260.820501	0	T:221.0(33.64%),B:2340.2(5.19%),P:1e-113	Tpos:61.1,Tstd:11.7,Bpos:49.7,Bstd:40.7,StrandBias:3.8,Multiplicity:1.04
0.383	0.124	0.373	0.121
0.011	0.972	0.001	0.016
0.997	0.001	0.001	0.001
0.001	0.010	0.988	0.001
0.001	0.993	0.001	0.005
0.997	0.001	0.001	0.001
0.001	0.008	0.990	0.001
0.019	0.031	0.949	0.001
>CAGCAGAA	2-CAGCAGAA	7.122683	-62.096091	0	T:150.0(22.83%),B:3934.5(8.73%),P:1e-26	Tpos:58.0,Tstd:19.3,Bpos:49.3,Bstd:40.7,StrandBias:2.5,Multiplicity:1.03
0.001	0.997	0.001	0.001
0.949	0.032	0.018	0.001
0.001	0.001	0.997	0.001
0.025	0.973	0.001	0.001
0.941	0.001	0.057	0.001
0.001	0.001	0.949	0.049
0.596	0.379	0.001	0.024
0.750	0.054	0.195	0.001
>GGAGGCGG	3-GGAGGCGG	6.561273	-21.379302	0	T:153.0(23.29%),B:6441.8(14.29%),P:1e-9	Tpos:54.7,Tstd:28.1,Bpos:50.8,Bstd:32.0,StrandBias:0.1,Multiplicity:1.21
0.049	0.001	0.949	0.001
0.025	0.001	0.973	0.001
0.666	0.248	0.024	0.062
0.075	0.001	0.923	0.001
0.001	0.055	0.943	0.001
0.269	0.619	0.001	0.111
0.001	0.021	0.977	0.001
0.001	0.054	0.944	0.001
>AATAWAAA	4-AATAWAAA	4.526134	-19.036059	0	T:150.0(22.83%),B:6494.1(14.40%),P:1e-8	Tpos:42.3,Tstd:26.0,Bpos:50.3,Bstd:32.2,StrandBias:0.3,Multiplicity:1.26
0.767	0.089	0.023	0.121
0.737	0.112	0.077	0.074
0.296	0.110	0.125	0.469
0.558	0.178	0.073	0.191
0.315	0.166	0.138	0.382
0.783	0.027	0.053	0.137
0.569	0.100	0.202	0.129
0.725	0.134	0.056	0.085
>CGGCCGGC	5-CGGCCGGC	10.841456	-5.602863	0	T:17.0(2.59%),B:552.5(1.23%),P:1e-2	Tpos:36.0,Tstd:25.7,Bpos:49.9,Bstd:30.9,StrandBias:0.1,Multiplicity:1.12
0.001	0.997	0.001	0.001
0.001	0.001	0.997	0.001
0.001	0.137	0.861	0.001
0.001	0.997	0.001	0.001
0.001	0.997	0.001	0.001
0.001	0.001	0.997	0.001
0.001	0.001	0.922	0.076
0.001	0.997	0.001	0.001
