>YASCAGCAGG	1-YASCAGCAGG	7.339835	-224.131982	0	T:236.0(35.49%),B:3297.8(7.19%),P:1e-97	Tpos:60.2,Tstd:12.4,Bpos:51.0,Bstd:39.2,StrandBias:4.2,Multiplicity:1.11
0.155	0.399	0.193	0.253
0.518	0.081	0.253	0.148
0.125	0.389	0.378	0.108
0.001	0.986	0.012	0.001
0.997	0.001	0.001	0.001
0.001	0.001	0.997	0.001
0.001	0.988	0.001	0.010
0.970	0.008	0.021	0.001
0.001	0.004	0.994	0.001
0.025	0.060	0.904	0.011
>CCAGAAGGGA	2-CCAGAAGGGA	8.441206	-37.200915	0	T:36.0(5.41%),B:421.4(0.92%),P:1e-16	Tpos:56.0,Tstd:22.8,Bpos:50.4,Bstd:30.4,StrandBias:1.5,Multiplicity:1.00
0.104	0.667	0.044	0.185
0.120	0.775	0.104	0.001
0.997	0.001	0.001	0.001
0.001	0.001	0.997	0.001
0.776	0.153	0.070	0.001
0.997	0.001	0.001	0.001
0.001	0.090	0.908	0.001
0.070	0.153	0.592	0.185
0.057	0.063	0.648	0.232
0.676	0.322	0.001	0.001
>CAGCAGAAAA	3-CAGCAGAAAA	9.667892	-35.153229	0	T:27.0(4.06%),B:235.4(0.51%),P:1e-15	Tpos:57.3,Tstd:16.9,Bpos:50.2,Bstd:36.7,StrandBias:2.7,Multiplicity:1.00
0.036	0.962	0.001	0.001
0.942	0.056	0.001	0.001
0.001	0.001	0.957	0.041
0.044	0.954	0.001	0.001
0.870	0.001	0.128	0.001
0.001	0.001	0.997	0.001
0.865	0.001	0.001	0.133
0.844	0.070	0.033	0.053
0.855	0.001	0.037	0.107
0.899	0.037	0.063	0.001
>GTGTACTCGT	4-GTGTACTCGT	8.571345	-21.823087	0	T:17.0(2.56%),B:157.5(0.34%),P:1e-9	Tpos:54.9,Tstd:29.6,Bpos:51.8,Bstd:23.6,StrandBias:0.2,Multiplicity:1.00
0.080	0.001	0.918	0.001
0.249	0.054	0.001	0.696
0.001	0.001	0.797	0.201
0.120	0.001	0.001	0.878
0.723	0.120	0.156	0.001
0.001	0.871	0.127	0.001
0.001	0.089	0.001	0.909
0.217	0.641	0.141	0.001
0.008	0.182	0.809	0.001
0.182	0.120	0.001	0.697
>TATATATACG	5-TATATATACG	7.200214	-20.411116	0	T:28.0(4.21%),B:484.8(1.06%),P:1e-8	Tpos:39.1,Tstd:18.5,Bpos:50.7,Bstd:32.3,StrandBias:0.3,Multiplicity:1.21
0.019	0.110	0.001	0.870
0.825	0.028	0.070	0.077
0.001	0.048	0.048	0.903
0.782	0.075	0.067	0.076
0.055	0.047	0.028	0.870
0.861	0.027	0.111	0.001
0.087	0.172	0.023	0.718
0.816	0.030	0.114	0.040
0.078	0.730	0.109	0.083
0.129	0.086	0.628	0.157
>TTTACCCTAA	6-TTTACCCTAA	12.680719	-20.134518	0	T:4.0(0.60%),B:1.7(0.00%),P:1e-8	Tpos:47.8,Tstd:27.8,Bpos:58.2,Bstd:18.5,StrandBias:1.6,Multiplicity:1.00
0.001	0.001	0.001	0.997
0.001	0.001	0.001	0.997
0.001	0.001	0.001	0.997
0.997	0.001	0.001	0.001
0.001	0.997	0.001	0.001
0.315	0.683	0.001	0.001
0.001	0.997	0.001	0.001
0.001	0.001	0.001	0.997
0.997	0.001	0.001	0.001
0.997	0.001	0.001	0.001
>GAGTGAAAGA	7-GAGTGAAAGA	10.289853	-20.028385	0	T:10.0(1.50%),B:45.6(0.10%),P:1e-8	Tpos:44.5,Tstd:31.3,Bpos:49.1,Bstd:33.4,StrandBias:1.4,Multiplicity:1.10
0.001	0.001	0.997	0.001
0.872	0.001	0.001	0.126
0.086	0.079	0.708	0.127
0.001	0.079	0.031	0.889
0.001	0.073	0.925	0.001
0.997	0.001	0.001	0.001
0.997	0.001	0.001	0.001
0.794	0.126	0.079	0.001
0.105	0.001	0.893	0.001
0.997	0.001	0.001	0.001
>WTDATTHATA	8-WTDATTHATA	6.286145	-19.039386	0	T:10.0(1.50%),B:50.9(0.11%),P:1e-8	Tpos:33.8,Tstd:26.5,Bpos:49.7,Bstd:26.3,StrandBias:0.5,Multiplicity:1.10
0.302	0.114	0.154	0.430
0.293	0.023	0.240	0.444
0.273	0.126	0.249	0.352
0.742	0.212	0.015	0.031
0.288	0.029	0.162	0.521
0.193	0.013	0.232	0.562
0.346	0.269	0.162	0.224
0.456	0.260	0.026	0.258
0.031	0.018	0.017	0.934
0.464	0.028	0.202	0.306
>YAGCAGGTCC	9-YAGCAGGTCC	11.433905	-18.784245	0	T:8.0(1.20%),B:26.0(0.06%),P:1e-8	Tpos:54.7,Tstd:14.9,Bpos:51.7,Bstd:19.0,StrandBias:10.0,Multiplicity:1.00
0.001	0.432	0.001	0.566
0.997	0.001	0.001	0.001
0.001	0.001	0.997	0.001
0.001	0.997	0.001	0.001
0.799	0.001	0.001	0.199
0.001	0.001	0.997	0.001
0.001	0.001	0.997	0.001
0.001	0.001	0.001	0.997
0.001	0.997	0.001	0.001
0.001	0.799	0.199	0.001
>TCAACTTCAC	10-TCAACTTCAC	10.006624	-18.338018	0	T:11.0(1.65%),B:70.0(0.15%),P:1e-7	Tpos:65.7,Tstd:35.9,Bpos:49.0,Bstd:28.6,StrandBias:0.0,Multiplicity:1.09
0.073	0.054	0.001	0.872
0.086	0.660	0.127	0.127
0.913	0.085	0.001	0.001
0.956	0.001	0.042	0.001
0.001	0.997	0.001	0.001
0.001	0.001	0.078	0.920
0.001	0.001	0.126	0.872
0.001	0.997	0.001	0.001
0.855	0.001	0.001	0.143
0.001	0.997	0.001	0.001
>CCTATCCGCA	11-CCTATCCGCA	6.404373	-17.718482	0	T:76.0(11.43%),B:2657.2(5.79%),P:1e-7	Tpos:46.1,Tstd:27.7,Bpos:51.1,Bstd:30.5,StrandBias:1.3,Multiplicity:1.07
0.100	0.700	0.100	0.100
0.100	0.700	0.100	0.100
0.100	0.100	0.100	0.700
0.700	0.100	0.100	0.100
0.100	0.100	0.100	0.700
0.100	0.700	0.100	0.100
0.100	0.700	0.100	0.100
0.100	0.100	0.700	0.100
0.100	0.700	0.100	0.100
0.700	0.100	0.100	0.100
>CCGCACCAAC	12-CCGCACCAAC	9.963740	-17.052499	0	T:17.0(2.56%),B:218.4(0.48%),P:1e-7	Tpos:48.2,Tstd:28.8,Bpos:51.3,Bstd:30.6,StrandBias:0.5,Multiplicity:1.00
0.001	0.997	0.001	0.001
0.047	0.855	0.097	0.001
0.001	0.001	0.930	0.068
0.001	0.997	0.001	0.001
0.804	0.091	0.104	0.001
0.001	0.804	0.055	0.140
0.001	0.895	0.103	0.001
0.927	0.071	0.001	0.001
0.872	0.050	0.077	0.001
0.001	0.997	0.001	0.001
>KATATKYTTT	13-KATATKYTTT	6.803842	-16.670654	0	T:48.0(7.22%),B:1394.2(3.04%),P:1e-7	Tpos:47.7,Tstd:28.4,Bpos:50.0,Bstd:30.8,StrandBias:-0.3,Multiplicity:1.04
0.111	0.001	0.388	0.500
0.850	0.001	0.028	0.121
0.001	0.001	0.214	0.784
0.479	0.304	0.001	0.216
0.001	0.001	0.001	0.997
0.186	0.116	0.287	0.411
0.111	0.432	0.001	0.455
0.001	0.153	0.001	0.845
0.001	0.172	0.311	0.516
0.179	0.123	0.001	0.697
>GDCGACGTCG	14-GDCGACGTCG	6.177174	-16.013903	0	T:153.0(23.01%),B:7015.0(15.29%),P:1e-6	Tpos:50.3,Tstd:28.4,Bpos:49.7,Bstd:28.2,StrandBias:0.0,Multiplicity:1.27
0.162	0.084	0.726	0.028
0.353	0.177	0.241	0.229
0.025	0.782	0.124	0.069
0.001	0.001	0.997	0.001
0.471	0.235	0.082	0.212
0.001	0.771	0.114	0.114
0.032	0.161	0.806	0.001
0.146	0.052	0.281	0.521
0.051	0.868	0.053	0.028
0.001	0.163	0.835	0.001
>TGCCTGTTGA	15-TGCCTGTTGA	12.680719	-15.763100	0	T:4.0(0.60%),B:3.7(0.01%),P:1e-6	Tpos:35.2,Tstd:21.8,Bpos:47.7,Bstd:31.7,StrandBias:-1.6,Multiplicity:1.00
0.001	0.001	0.001	0.997
0.001	0.001	0.997	0.001
0.001	0.997	0.001	0.001
0.001	0.997	0.001	0.001
0.001	0.001	0.001	0.997
0.001	0.001	0.997	0.001
0.001	0.001	0.001	0.997
0.001	0.001	0.001	0.997
0.315	0.001	0.683	0.001
0.997	0.001	0.001	0.001
>TACAAGGGCG	16-TACAAGGGCG	10.629169	-14.579201	0	T:5.0(0.75%),B:10.2(0.02%),P:1e-6	Tpos:16.0,Tstd:10.3,Bpos:46.2,Bstd:25.9,StrandBias:2.0,Multiplicity:1.00
0.001	0.001	0.088	0.910
0.592	0.001	0.406	0.001
0.160	0.838	0.001	0.001
0.733	0.106	0.160	0.001
0.997	0.001	0.001	0.001
0.216	0.088	0.695	0.001
0.105	0.001	0.893	0.001
0.001	0.001	0.997	0.001
0.160	0.623	0.001	0.216
0.001	0.001	0.997	0.001
>GTGTGTGTGT	17-GTGTGTGTGT	7.500835	-13.473744	0	T:27.0(4.06%),B:642.8(1.40%),P:1e-5	Tpos:55.0,Tstd:26.3,Bpos:48.0,Bstd:29.9,StrandBias:-1.0,Multiplicity:1.00
0.032	0.076	0.845	0.047
0.057	0.070	0.093	0.780
0.021	0.059	0.827	0.093
0.017	0.114	0.098	0.771
0.059	0.010	0.814	0.117
0.084	0.053	0.100	0.763
0.072	0.001	0.873	0.054
0.017	0.123	0.090	0.770
0.019	0.070	0.841	0.070
0.057	0.104	0.113	0.726
>CATCAAGGCG	18-CATCAAGGCG	12.680719	-13.025017	0	T:4.0(0.60%),B:6.4(0.01%),P:1e-5	Tpos:28.0,Tstd:23.6,Bpos:55.8,Bstd:25.2,StrandBias:1.6,Multiplicity:1.00
0.001	0.997	0.001	0.001
0.997	0.001	0.001	0.001
0.001	0.001	0.001	0.997
0.001	0.997	0.001	0.001
0.997	0.001	0.001	0.001
0.997	0.001	0.001	0.001
0.001	0.001	0.683	0.315
0.001	0.001	0.997	0.001
0.001	0.997	0.001	0.001
0.001	0.001	0.997	0.001
>AGCATCTAAA	19-AGCATCTAAA	10.296193	-11.234798	0	T:3.0(0.45%),B:3.7(0.01%),P:1e-4	Tpos:52.3,Tstd:28.0,Bpos:50.0,Bstd:8.9,StrandBias:10.0,Multiplicity:1.00
0.700	0.100	0.100	0.100
0.100	0.100	0.700	0.100
0.100	0.700	0.100	0.100
0.700	0.100	0.100	0.100
0.100	0.100	0.100	0.700
0.100	0.700	0.100	0.100
0.100	0.100	0.100	0.700
0.700	0.100	0.100	0.100
0.700	0.100	0.100	0.100
0.700	0.100	0.100	0.100
>CAGCAGCAGGRV	1-CAGCAGCAGGRV	7.021153	-149.138075	0	T:275.0(41.35%),B:6503.3(14.17%),P:1e-64	Tpos:59.1,Tstd:16.1,Bpos:50.8,Bstd:37.2,StrandBias:3.1,Multiplicity:1.19
0.214	0.585	0.200	0.001
0.607	0.103	0.137	0.153
0.178	0.252	0.494	0.076
0.001	0.997	0.001	0.001
0.997	0.001	0.001	0.001
0.028	0.013	0.921	0.038
0.124	0.658	0.217	0.001
0.860	0.059	0.080	0.001
0.166	0.117	0.716	0.001
0.091	0.304	0.517	0.088
0.447	0.229	0.303	0.022
0.276	0.315	0.309	0.101
>TGTCAGCAGGRT	2-TGTCAGCAGGRT	9.026570	-71.023099	0	T:57.0(8.57%),B:515.0(1.12%),P:1e-30	Tpos:63.4,Tstd:9.5,Bpos:50.6,Bstd:35.3,StrandBias:3.5,Multiplicity:1.00
0.001	0.202	0.211	0.586
0.070	0.269	0.450	0.211
0.137	0.067	0.183	0.613
0.001	0.865	0.133	0.001
0.932	0.001	0.066	0.001
0.001	0.066	0.932	0.001
0.001	0.932	0.066	0.001
0.997	0.001	0.001	0.001
0.001	0.001	0.997	0.001
0.066	0.066	0.867	0.001
0.409	0.184	0.406	0.001
0.386	0.001	0.066	0.547
>ACCAGCAGGGCC	3-ACCAGCAGGGCC	6.864456	-59.620682	0	T:137.0(20.60%),B:3480.2(7.59%),P:1e-25	Tpos:57.5,Tstd:23.2,Bpos:50.7,Bstd:33.0,StrandBias:1.3,Multiplicity:1.04
0.589	0.149	0.201	0.061
0.046	0.741	0.076	0.137
0.035	0.764	0.108	0.093
0.792	0.040	0.090	0.078
0.018	0.101	0.815	0.066
0.064	0.852	0.061	0.023
0.712	0.087	0.073	0.128
0.056	0.120	0.773	0.051
0.077	0.079	0.763	0.081
0.043	0.192	0.635	0.130
0.043	0.833	0.089	0.035
0.093	0.734	0.096	0.077
>ACAGCAGAAAAA	4-ACAGCAGAAAAA	10.226622	-44.484122	0	T:24.0(3.61%),B:115.1(0.25%),P:1e-19	Tpos:61.6,Tstd:17.2,Bpos:52.9,Bstd:39.4,StrandBias:4.1,Multiplicity:1.00
0.600	0.200	0.093	0.107
0.052	0.946	0.001	0.001
0.853	0.039	0.001	0.107
0.107	0.001	0.785	0.107
0.053	0.893	0.053	0.001
0.942	0.001	0.056	0.001
0.052	0.001	0.946	0.001
0.853	0.001	0.053	0.093
0.730	0.056	0.213	0.001
0.839	0.053	0.001	0.107
0.732	0.107	0.160	0.001
0.890	0.001	0.056	0.053
>AATGAWTGGCTA	5-AATGAWTGGCTA	7.544963	-33.421947	0	T:30.0(4.51%),B:322.4(0.70%),P:1e-14	Tpos:50.4,Tstd:31.2,Bpos:53.5,Bstd:28.6,StrandBias:-0.7,Multiplicity:1.00
0.827	0.001	0.001	0.171
0.912	0.001	0.001	0.086
0.259	0.001	0.001	0.739
0.044	0.086	0.781	0.089
0.607	0.001	0.176	0.216
0.519	0.001	0.001	0.479
0.304	0.086	0.044	0.566
0.216	0.001	0.611	0.172
0.259	0.001	0.610	0.130
0.216	0.478	0.001	0.305
0.001	0.042	0.001	0.956
0.742	0.172	0.043	0.043
>CAAGGCCATCGA	6-CAAGGCCATCGA	9.903254	-28.540792	0	T:7.0(1.05%),B:4.8(0.01%),P:1e-12	Tpos:44.2,Tstd:24.4,Bpos:32.9,Bstd:23.6,StrandBias:10.0,Multiplicity:1.00
0.001	0.951	0.047	0.001
0.997	0.001	0.001	0.001
0.997	0.001	0.001	0.001
0.001	0.001	0.997	0.001
0.001	0.001	0.997	0.001
0.001	0.997	0.001	0.001
0.001	0.807	0.191	0.001
0.951	0.047	0.001	0.001
0.001	0.001	0.001	0.997
0.001	0.997	0.001	0.001
0.143	0.001	0.855	0.001
0.997	0.001	0.001	0.001
>GAAGACGGTCAA	7-GAAGACGGTCAA	14.640156	-25.984428	0	T:5.0(0.75%),B:1.8(0.00%),P:1e-11	Tpos:39.2,Tstd:10.9,Bpos:62.9,Bstd:3.9,StrandBias:2.0,Multiplicity:1.00
0.001	0.001	0.997	0.001
0.997	0.001	0.001	0.001
0.997	0.001	0.001	0.001
0.001	0.001	0.997	0.001
0.997	0.001	0.001	0.001
0.249	0.749	0.001	0.001
0.001	0.001	0.997	0.001
0.001	0.001	0.997	0.001
0.001	0.249	0.001	0.749
0.001	0.997	0.001	0.001
0.749	0.001	0.249	0.001
0.997	0.001	0.001	0.001
>GCCATGCCGTCG	8-GCCATGCCGTCG	14.083041	-24.661092	0	T:7.0(1.05%),B:7.0(0.02%),P:1e-10	Tpos:29.1,Tstd:18.6,Bpos:51.7,Bstd:19.0,StrandBias:0.4,Multiplicity:1.00
0.001	0.166	0.832	0.001
0.001	0.832	0.001	0.166
0.001	0.997	0.001	0.001
0.832	0.001	0.166	0.001
0.001	0.001	0.001	0.997
0.001	0.001	0.997	0.001
0.001	0.997	0.001	0.001
0.001	0.997	0.001	0.001
0.001	0.001	0.997	0.001
0.001	0.166	0.001	0.832
0.001	0.997	0.001	0.001
0.001	0.166	0.832	0.001
>TTTTBCCTAACC	9-TTTTBCCTAACC	11.085773	-23.737182	0	T:6.0(0.90%),B:4.1(0.01%),P:1e-10	Tpos:26.8,Tstd:10.2,Bpos:46.0,Bstd:13.9,StrandBias:1.0,Multiplicity:1.00
0.001	0.001	0.001	0.997
0.308	0.001	0.001	0.690
0.001	0.001	0.001	0.997
0.349	0.001	0.033	0.617
0.001	0.382	0.309	0.309
0.001	0.997	0.001	0.001
0.001	0.966	0.001	0.032
0.001	0.033	0.033	0.933
0.997	0.001	0.001	0.001
0.690	0.308	0.001	0.001
0.001	0.929	0.069	0.001
0.001	0.997	0.001	0.001
>TCGAKKGSAARG	10-TCGAKKGSAARG	11.410961	-22.530674	0	T:5.0(0.75%),B:3.0(0.01%),P:1e-9	Tpos:42.6,Tstd:32.5,Bpos:46.2,Bstd:20.9,StrandBias:-0.6,Multiplicity:1.00
0.001	0.001	0.001	0.997
0.001	0.997	0.001	0.001
0.001	0.001	0.997	0.001
0.997	0.001	0.001	0.001
0.001	0.035	0.517	0.447
0.001	0.001	0.446	0.552
0.001	0.001	0.997	0.001
0.001	0.517	0.481	0.001
0.997	0.001	0.001	0.001
0.997	0.001	0.001	0.001
0.552	0.001	0.446	0.001
0.001	0.001	0.997	0.001
>CCTAGCYGGCTG	11-CCTAGCYGGCTG	12.410315	-20.416375	0	T:6.0(0.90%),B:7.8(0.02%),P:1e-8	Tpos:45.0,Tstd:14.7,Bpos:19.2,Bstd:11.9,StrandBias:-1.0,Multiplicity:1.00
0.001	0.997	0.001	0.001
0.001	0.766	0.001	0.232
0.001	0.001	0.001	0.997
0.772	0.191	0.001	0.036
0.001	0.001	0.615	0.383
0.001	0.997	0.001	0.001
0.001	0.427	0.191	0.382
0.192	0.001	0.806	0.001
0.001	0.001	0.997	0.001
0.001	0.997	0.001	0.001
0.001	0.001	0.001	0.997
0.233	0.191	0.574	0.002
>GCACACACACAC	12-GCACACACACAC	7.832361	-19.722153	0	T:34.0(5.11%),B:709.8(1.55%),P:1e-8	Tpos:58.8,Tstd:24.7,Bpos:49.4,Bstd:27.9,StrandBias:1.3,Multiplicity:1.03
0.280	0.193	0.450	0.077
0.020	0.766	0.154	0.060
0.752	0.097	0.131	0.020
0.060	0.919	0.020	0.001
0.624	0.166	0.140	0.070
0.019	0.979	0.001	0.001
0.745	0.190	0.064	0.001
0.160	0.720	0.040	0.080
0.582	0.132	0.166	0.120
0.060	0.843	0.077	0.020
0.610	0.183	0.147	0.060
0.040	0.860	0.060	0.040
>CAGCAGCAGGGA	13-CAGCAGCAGGGA	11.212015	-19.694523	0	T:16.0(2.41%),B:158.6(0.35%),P:1e-8	Tpos:60.1,Tstd:10.9,Bpos:60.0,Bstd:28.9,StrandBias:0.7,Multiplicity:1.00
0.001	0.811	0.094	0.094
0.865	0.001	0.133	0.001
0.001	0.001	0.997	0.001
0.162	0.743	0.094	0.001
0.865	0.001	0.133	0.001
0.001	0.162	0.662	0.175
0.001	0.997	0.001	0.001
0.636	0.162	0.201	0.001
0.001	0.001	0.997	0.001
0.001	0.001	0.836	0.162
0.001	0.419	0.579	0.001
0.997	0.001	0.001	0.001
>CCCAGCVGCAGC	14-CCCAGCVGCAGC	10.711309	-18.620791	0	T:24.0(3.61%),B:395.8(0.86%),P:1e-8	Tpos:64.8,Tstd:25.9,Bpos:51.6,Bstd:35.2,StrandBias:1.7,Multiplicity:1.08
0.001	0.905	0.001	0.093
0.223	0.657	0.055	0.065
0.112	0.886	0.001	0.001
0.804	0.001	0.083	0.112
0.001	0.001	0.997	0.001
0.001	0.886	0.001	0.112
0.308	0.215	0.338	0.139
0.337	0.001	0.661	0.001
0.112	0.886	0.001	0.001
0.997	0.001	0.001	0.001
0.112	0.001	0.886	0.001
0.001	0.997	0.001	0.001
>ACGACGACGACG	15-ACGACGACGACG	7.413441	-18.350968	0	T:78.0(11.73%),B:2715.4(5.92%),P:1e-7	Tpos:51.8,Tstd:29.0,Bpos:49.5,Bstd:27.0,StrandBias:0.1,Multiplicity:1.12
0.529	0.198	0.200	0.073
0.001	0.706	0.221	0.072
0.072	0.072	0.855	0.001
0.636	0.117	0.037	0.210
0.036	0.799	0.164	0.001
0.036	0.037	0.891	0.036
0.421	0.199	0.207	0.173
0.129	0.669	0.130	0.072
0.108	0.181	0.710	0.001
0.562	0.127	0.164	0.147
0.142	0.713	0.073	0.072
0.036	0.089	0.839	0.036
>AGCATCTAAAGA	16-AGCATCTAAAGA	14.323862	-17.985144	0	T:5.0(0.75%),B:5.3(0.01%),P:1e-7	Tpos:46.4,Tstd:23.3,Bpos:41.6,Bstd:11.9,StrandBias:0.6,Multiplicity:1.00
0.997	0.001	0.001	0.001
0.001	0.001	0.997	0.001
0.001	0.997	0.001	0.001
0.997	0.001	0.001	0.001
0.001	0.001	0.001	0.997
0.001	0.997	0.001	0.001
0.001	0.199	0.001	0.799
0.799	0.001	0.199	0.001
0.997	0.001	0.001	0.001
0.997	0.001	0.001	0.001
0.001	0.199	0.799	0.001
0.799	0.199	0.001	0.001
>TGGTTCCAGCCG	17-TGGTTCCAGCCG	14.323862	-17.985144	0	T:5.0(0.75%),B:5.2(0.01%),P:1e-7	Tpos:52.8,Tstd:27.5,Bpos:84.3,Bstd:17.4,StrandBias:2.0,Multiplicity:1.00
0.001	0.001	0.001	0.997
0.001	0.001	0.997	0.001
0.001	0.199	0.799	0.001
0.001	0.001	0.001	0.997
0.001	0.001	0.199	0.799
0.001	0.799	0.199	0.001
0.001	0.997	0.001	0.001
0.997	0.001	0.001	0.001
0.001	0.001	0.997	0.001
0.001	0.997	0.001	0.001
0.199	0.799	0.001	0.001
0.001	0.001	0.997	0.001
>TCCTCCTCGCTC	18-TCCTCCTCGCTC	9.200833	-16.527502	0	T:28.0(4.21%),B:583.0(1.27%),P:1e-7	Tpos:53.5,Tstd:29.9,Bpos:50.8,Bstd:30.6,StrandBias:0.1,Multiplicity:1.04
0.009	0.001	0.148	0.842
0.148	0.850	0.001	0.001
0.001	0.850	0.148	0.001
0.001	0.001	0.148	0.850
0.001	0.850	0.001	0.148
0.001	0.844	0.007	0.148
0.001	0.001	0.001	0.997
0.001	0.850	0.001	0.148
0.110	0.110	0.631	0.149
0.001	0.850	0.148	0.001
0.001	0.109	0.001	0.889
0.001	0.740	0.001	0.258
>RTATATATRTRT	19-RTATATATRTRT	8.729325	-16.361462	0	T:17.0(2.56%),B:229.3(0.50%),P:1e-7	Tpos:38.4,Tstd:19.2,Bpos:50.5,Bstd:31.5,StrandBias:0.8,Multiplicity:1.18
0.527	0.001	0.383	0.089
0.001	0.047	0.190	0.762
0.902	0.001	0.096	0.001
0.001	0.001	0.001	0.997
0.952	0.001	0.046	0.001
0.001	0.143	0.001	0.855
0.485	0.048	0.237	0.230
0.239	0.239	0.001	0.521
0.434	0.001	0.333	0.232
0.001	0.241	0.238	0.520
0.529	0.001	0.469	0.001
0.001	0.191	0.001	0.807
>CVCGGAGCTCCG	20-CVCGGAGCTCCG	13.098034	-15.941768	0	T:6.0(0.90%),B:15.4(0.03%),P:1e-6	Tpos:55.8,Tstd:23.5,Bpos:61.1,Bstd:29.6,StrandBias:0.0,Multiplicity:1.00
0.001	0.661	0.337	0.001
0.337	0.368	0.294	0.001
0.001	0.997	0.001	0.001
0.001	0.001	0.997	0.001
0.283	0.001	0.715	0.001
0.997	0.001	0.001	0.001
0.001	0.001	0.997	0.001
0.001	0.997	0.001	0.001
0.001	0.001	0.001	0.997
0.001	0.662	0.001	0.336
0.001	0.997	0.001	0.001
0.001	0.001	0.997	0.001
>CGCATCATGGGC	21-CGCATCATGGGC	10.468702	-13.742807	0	T:4.0(0.60%),B:5.5(0.01%),P:1e-5	Tpos:48.5,Tstd:22.8,Bpos:18.8,Bstd:15.9,StrandBias:1.6,Multiplicity:1.00
0.001	0.997	0.001	0.001
0.063	0.001	0.935	0.001
0.001	0.997	0.001	0.001
0.997	0.001	0.001	0.001
0.001	0.001	0.001	0.997
0.001	0.997	0.001	0.001
0.997	0.001	0.001	0.001
0.001	0.001	0.191	0.807
0.001	0.063	0.935	0.001
0.001	0.001	0.997	0.001
0.001	0.001	0.807	0.191
0.001	0.997	0.001	0.001
>CGGATCGGATCC	22-CGGATCGGATCC	14.323862	-12.440391	0	T:3.0(0.45%),B:2.0(0.00%),P:1e-5	Tpos:49.2,Tstd:16.9,Bpos:72.3,Bstd:8.6,StrandBias:0.0,Multiplicity:1.00
0.001	0.799	0.001	0.199
0.001	0.001	0.997	0.001
0.001	0.001	0.997	0.001
0.799	0.001	0.199	0.001
0.001	0.001	0.001	0.997
0.001	0.997	0.001	0.001
0.001	0.199	0.799	0.001
0.001	0.001	0.997	0.001
0.997	0.001	0.001	0.001
0.001	0.001	0.001	0.997
0.001	0.997	0.001	0.001
0.001	0.799	0.199	0.001
>GCAGCTAGAGCT	23-GCAGCTAGAGCT	10.855042	-10.951029	0	T:9.0(1.35%),B:98.6(0.21%),P:1e-4	Tpos:52.7,Tstd:26.3,Bpos:46.3,Bstd:34.8,StrandBias:0.3,Multiplicity:1.00
0.001	0.001	0.997	0.001
0.138	0.723	0.138	0.001
0.861	0.001	0.001	0.137
0.001	0.001	0.997	0.001
0.001	0.861	0.001	0.137
0.138	0.001	0.276	0.585
0.723	0.138	0.001	0.138
0.001	0.015	0.983	0.001
0.861	0.001	0.137	0.001
0.001	0.001	0.997	0.001
0.276	0.447	0.138	0.138
0.001	0.001	0.001	0.997
>ACACGACACGAC	24-ACACGACACGAC	10.941956	-10.388194	0	T:7.0(1.05%),B:60.0(0.13%),P:1e-4	Tpos:57.3,Tstd:27.8,Bpos:45.9,Bstd:27.7,StrandBias:1.0,Multiplicity:1.00
0.767	0.153	0.079	0.001
0.001	0.997	0.001	0.001
0.846	0.001	0.152	0.001
0.001	0.838	0.008	0.153
0.153	0.153	0.693	0.001
0.800	0.128	0.071	0.001
0.152	0.846	0.001	0.001
0.846	0.152	0.001	0.001
0.001	0.997	0.001	0.001
0.153	0.153	0.693	0.001
0.997	0.001	0.001	0.001
0.128	0.704	0.007	0.161
>NNNNNNNNNNNN	25-NNNNNNNNNNNN	-nan	0.000000	0	T:0.0(0.00%),B:0.0(0.00%),P:1e0	Tpos:0.0,Tstd:0.0,Bpos:0.0,Bstd:0.0,StrandBias:0.0,Multiplicity:1.00
-nan	-nan	-nan	-nan
-nan	-nan	-nan	-nan
-nan	-nan	-nan	-nan
-nan	-nan	-nan	-nan
-nan	-nan	-nan	-nan
-nan	-nan	-nan	-nan
-nan	-nan	-nan	-nan
-nan	-nan	-nan	-nan
-nan	-nan	-nan	-nan
-nan	-nan	-nan	-nan
-nan	-nan	-nan	-nan
-nan	-nan	-nan	-nan
>CAGCAG	1-CAGCAG	6.177716	-187.732982	0	T:331.0(49.77%),B:7899.7(17.22%),P:1e-81	Tpos:59.2,Tstd:15.4,Bpos:50.5,Bstd:40.4,StrandBias:3.4,Multiplicity:1.41
0.100	0.700	0.100	0.100
0.700	0.100	0.100	0.100
0.100	0.100	0.700	0.100
0.100	0.700	0.100	0.100
0.700	0.100	0.100	0.100
0.100	0.100	0.700	0.100
>AGAAGG	2-AGAAGG	7.673500	-11.575939	0	T:84.0(12.63%),B:3566.7(7.77%),P:1e-5	Tpos:57.1,Tstd:26.7,Bpos:49.4,Bstd:33.4,StrandBias:1.2,Multiplicity:1.05
0.997	0.001	0.001	0.001
0.001	0.001	0.924	0.074
0.795	0.001	0.203	0.001
0.854	0.144	0.001	0.001
0.001	0.001	0.997	0.001
0.156	0.001	0.842	0.001
>CGTCGT	3-CGTCGT	7.226870	-8.412704	0	T:127.0(19.10%),B:6465.7(14.09%),P:1e-3	Tpos:48.9,Tstd:29.7,Bpos:49.6,Bstd:29.8,StrandBias:-0.1,Multiplicity:1.40
0.001	0.997	0.001	0.001
0.001	0.001	0.997	0.001
0.001	0.001	0.001	0.997
0.001	0.997	0.001	0.001
0.001	0.001	0.997	0.001
0.001	0.341	0.001	0.657
>WRTATR	4-WRTATR	6.347019	-8.005001	0	T:24.0(3.61%),B:748.9(1.63%),P:1e-3	Tpos:39.6,Tstd:18.5,Bpos:51.9,Bstd:34.2,StrandBias:0.0,Multiplicity:1.08
0.445	0.001	0.001	0.553
0.554	0.001	0.444	0.001
0.001	0.097	0.001	0.901
0.901	0.001	0.097	0.001
0.001	0.001	0.001	0.997
0.562	0.001	0.436	0.001
>CCGCCG	5-CCGCCG	6.470161	-6.734008	0	T:140.0(21.05%),B:7559.6(16.48%),P:1e-2	Tpos:54.3,Tstd:26.8,Bpos:49.8,Bstd:30.3,StrandBias:0.1,Multiplicity:1.43
0.001	0.997	0.001	0.001
0.001	0.997	0.001	0.001
0.001	0.001	0.997	0.001
0.001	0.997	0.001	0.001
0.001	0.838	0.160	0.001
0.001	0.001	0.997	0.001
>CAGCAGGR	1-CAGCAGGR	9.124618	-228.091784	0	T:188.0(28.27%),B:1877.6(4.09%),P:1e-99	Tpos:61.4,Tstd:12.0,Bpos:51.8,Bstd:38.3,StrandBias:4.4,Multiplicity:1.04
0.001	0.997	0.001	0.001
0.986	0.012	0.001	0.001
0.001	0.001	0.997	0.001
0.001	0.996	0.001	0.002
0.997	0.001	0.001	0.001
0.001	0.001	0.997	0.001
0.051	0.172	0.776	0.001
0.446	0.186	0.338	0.030
>CCAGCAGG	2-CCAGCAGG	6.374872	-201.279817	0	T:270.0(40.60%),B:4931.5(10.75%),P:1e-87	Tpos:53.7,Tstd:20.6,Bpos:49.7,Bstd:36.3,StrandBias:2.0,Multiplicity:1.04
0.027	0.925	0.023	0.025
0.001	0.951	0.001	0.047
0.997	0.001	0.001	0.001
0.020	0.106	0.861	0.013
0.118	0.824	0.001	0.057
0.825	0.020	0.122	0.033
0.021	0.026	0.952	0.001
0.102	0.122	0.737	0.039
>AGCAGCAG	3-AGCAGCAG	7.404088	-109.319787	0	T:206.0(30.98%),B:4736.7(10.32%),P:1e-47	Tpos:57.6,Tstd:18.8,Bpos:50.4,Bstd:40.0,StrandBias:2.4,Multiplicity:1.09
0.832	0.028	0.099	0.041
0.043	0.100	0.778	0.079
0.001	0.973	0.025	0.001
0.997	0.001	0.001	0.001
0.001	0.059	0.939	0.001
0.001	0.962	0.036	0.001
0.919	0.038	0.042	0.001
0.001	0.069	0.870	0.060
>AATCCGCA	4-AATCCGCA	7.090680	-28.499060	0	T:58.0(8.72%),B:1343.3(2.93%),P:1e-12	Tpos:47.0,Tstd:28.0,Bpos:49.7,Bstd:30.4,StrandBias:0.9,Multiplicity:1.11
0.529	0.001	0.261	0.209
0.792	0.001	0.001	0.206
0.001	0.001	0.001	0.997
0.001	0.997	0.001	0.001
0.202	0.796	0.001	0.001
0.001	0.279	0.719	0.001
0.093	0.769	0.001	0.137
0.997	0.001	0.001	0.001
>TCGTCGTC	5-TCGTCGTC	6.624057	-20.911470	0	T:123.0(18.50%),B:4859.2(10.59%),P:1e-9	Tpos:48.0,Tstd:29.9,Bpos:49.7,Bstd:28.9,StrandBias:0.2,Multiplicity:1.19
0.139	0.280	0.001	0.580
0.028	0.919	0.052	0.001
0.001	0.098	0.867	0.034
0.049	0.157	0.001	0.793
0.001	0.997	0.001	0.001
0.001	0.001	0.785	0.213
0.001	0.290	0.001	0.708
0.108	0.592	0.001	0.299
>TTTATTAT	6-TTTATTAT	4.699725	-16.138735	0	T:109.0(16.39%),B:4508.9(9.83%),P:1e-7	Tpos:46.2,Tstd:27.7,Bpos:49.3,Bstd:31.0,StrandBias:-0.6,Multiplicity:1.26
0.144	0.056	0.100	0.700
0.082	0.104	0.057	0.757
0.073	0.074	0.064	0.789
0.707	0.116	0.105	0.072
0.115	0.084	0.090	0.711
0.082	0.050	0.087	0.781
0.756	0.090	0.077	0.077
0.053	0.114	0.023	0.810
>TATATGHG	7-TATATGHG	5.241623	-13.382717	0	T:77.0(11.58%),B:3026.9(6.60%),P:1e-5	Tpos:43.9,Tstd:23.1,Bpos:49.9,Bstd:31.6,StrandBias:0.0,Multiplicity:1.38
0.009	0.001	0.050	0.940
0.997	0.001	0.001	0.001
0.051	0.049	0.184	0.716
0.852	0.009	0.094	0.045
0.122	0.173	0.066	0.639
0.365	0.004	0.609	0.022
0.275	0.292	0.059	0.374
0.225	0.140	0.440	0.194
>ACACCCAC	8-ACACCCAC	7.350407	-13.117885	0	T:51.0(7.67%),B:1726.7(3.76%),P:1e-5	Tpos:53.2,Tstd:27.9,Bpos:50.2,Bstd:28.4,StrandBias:1.8,Multiplicity:1.16
0.558	0.201	0.240	0.001
0.001	0.907	0.001	0.091
0.496	0.001	0.221	0.282
0.001	0.920	0.001	0.078
0.417	0.581	0.001	0.001
0.254	0.744	0.001	0.001
0.994	0.001	0.001	0.004
0.019	0.977	0.001	0.003
