>RGCAGCAGGR	1-RGCAGCAGGR	7.537950	-198.793724	0	T:225.0(34.25%),B:3399.5(7.45%),P:1e-86	Tpos:61.2,Tstd:11.5,Bpos:49.6,Bstd:39.1,StrandBias:4.1,Multiplicity:1.08
0.431	0.083	0.315	0.172
0.172	0.313	0.486	0.029
0.008	0.990	0.001	0.001
0.997	0.001	0.001	0.001
0.001	0.001	0.997	0.001
0.001	0.960	0.038	0.001
0.997	0.001	0.001	0.001
0.035	0.001	0.954	0.010
0.045	0.037	0.862	0.056
0.398	0.189	0.361	0.052
>ACAGCAGGGA	2-ACAGCAGGGA	4.639157	-101.337536	0	T:440.0(66.97%),B:18183.4(39.85%),P:1e-44	Tpos:56.0,Tstd:23.5,Bpos:50.0,Bstd:34.7,StrandBias:1.1,Multiplicity:1.22
0.639	0.126	0.155	0.080
0.091	0.759	0.084	0.066
0.687	0.104	0.130	0.079
0.102	0.090	0.718	0.090
0.115	0.714	0.119	0.052
0.709	0.092	0.108	0.091
0.132	0.122	0.690	0.056
0.129	0.115	0.663	0.093
0.140	0.097	0.701	0.062
0.718	0.092	0.121	0.069
>TCAGCAGGGT	3-TCAGCAGGGT	6.651756	-92.775213	0	T:158.0(24.05%),B:3308.3(7.25%),P:1e-40	Tpos:54.9,Tstd:19.4,Bpos:49.5,Bstd:35.5,StrandBias:1.3,Multiplicity:1.02
0.142	0.010	0.224	0.624
0.001	0.797	0.080	0.122
0.677	0.001	0.145	0.177
0.012	0.034	0.904	0.050
0.176	0.790	0.033	0.001
0.723	0.001	0.001	0.275
0.156	0.008	0.692	0.144
0.147	0.006	0.739	0.108
0.168	0.147	0.541	0.144
0.258	0.121	0.083	0.538
>AGTAGGGGAG	4-AGTAGGGGAG	9.975881	-29.819064	0	T:19.0(2.89%),B:127.3(0.28%),P:1e-12	Tpos:58.4,Tstd:27.2,Bpos:46.6,Bstd:31.2,StrandBias:0.7,Multiplicity:1.00
0.930	0.001	0.068	0.001
0.001	0.001	0.997	0.001
0.181	0.001	0.052	0.766
0.758	0.145	0.001	0.096
0.001	0.001	0.997	0.001
0.001	0.001	0.956	0.042
0.001	0.121	0.877	0.001
0.001	0.001	0.997	0.001
0.804	0.001	0.194	0.001
0.001	0.001	0.997	0.001
>AACCCCACCA	5-AACCCCACCA	8.561764	-29.007650	0	T:40.0(6.09%),B:686.9(1.51%),P:1e-12	Tpos:50.4,Tstd:28.5,Bpos:50.3,Bstd:30.5,StrandBias:0.8,Multiplicity:1.10
0.710	0.288	0.001	0.001
0.510	0.003	0.231	0.256
0.001	0.846	0.152	0.001
0.056	0.582	0.178	0.184
0.203	0.599	0.001	0.197
0.147	0.851	0.001	0.001
0.997	0.001	0.001	0.001
0.001	0.953	0.042	0.004
0.001	0.997	0.001	0.001
0.997	0.001	0.001	0.001
>AACAASAAAA	6-AACAASAAAA	6.400960	-27.002831	0	T:78.0(11.87%),B:2259.2(4.95%),P:1e-11	Tpos:46.2,Tstd:26.0,Bpos:50.2,Bstd:30.6,StrandBias:0.7,Multiplicity:1.09
0.675	0.023	0.001	0.301
0.955	0.001	0.001	0.043
0.001	0.554	0.116	0.329
0.868	0.063	0.001	0.068
0.707	0.001	0.171	0.121
0.001	0.498	0.390	0.111
0.720	0.076	0.104	0.100
0.997	0.001	0.001	0.001
0.449	0.111	0.175	0.265
0.822	0.035	0.078	0.065
>CTGCAGTGCA	7-CTGCAGTGCA	8.227426	-25.383563	0	T:42.0(6.39%),B:844.6(1.85%),P:1e-11	Tpos:51.9,Tstd:25.9,Bpos:47.9,Bstd:38.1,StrandBias:0.1,Multiplicity:1.11
0.096	0.783	0.025	0.096
0.230	0.001	0.027	0.742
0.001	0.065	0.933	0.001
0.001	0.973	0.025	0.001
0.505	0.072	0.263	0.160
0.035	0.081	0.862	0.022
0.035	0.001	0.028	0.936
0.033	0.059	0.906	0.002
0.002	0.733	0.073	0.192
0.658	0.021	0.085	0.236
>CCAAGTACCA	8-CCAAGTACCA	10.338570	-22.181898	0	T:13.0(1.98%),B:78.6(0.17%),P:1e-9	Tpos:70.5,Tstd:20.3,Bpos:47.0,Bstd:26.9,StrandBias:3.6,Multiplicity:1.00
0.001	0.997	0.001	0.001
0.001	0.997	0.001	0.001
0.911	0.087	0.001	0.001
0.997	0.001	0.001	0.001
0.001	0.001	0.997	0.001
0.001	0.091	0.128	0.780
0.664	0.207	0.001	0.128
0.001	0.997	0.001	0.001
0.204	0.794	0.001	0.001
0.997	0.001	0.001	0.001
>AGTCCCGCTT	9-AGTCCCGCTT	12.212882	-20.160845	0	T:4.0(0.61%),B:0.9(0.00%),P:1e-8	Tpos:60.2,Tstd:32.7,Bpos:57.2,Bstd:17.6,StrandBias:1.6,Multiplicity:1.00
0.997	0.001	0.001	0.001
0.001	0.001	0.997	0.001
0.001	0.001	0.001	0.997
0.001	0.749	0.249	0.001
0.001	0.997	0.001	0.001
0.001	0.997	0.001	0.001
0.001	0.001	0.790	0.208
0.001	0.997	0.001	0.001
0.001	0.001	0.001	0.997
0.001	0.001	0.001	0.997
>AAATTCCCCA	10-AAATTCCCCA	12.680719	-17.399698	0	T:4.0(0.61%),B:2.6(0.01%),P:1e-7	Tpos:46.2,Tstd:21.4,Bpos:50.5,Bstd:21.3,StrandBias:1.6,Multiplicity:1.00
0.997	0.001	0.001	0.001
0.683	0.001	0.001	0.315
0.997	0.001	0.001	0.001
0.001	0.001	0.001	0.997
0.001	0.001	0.001	0.997
0.001	0.997	0.001	0.001
0.001	0.997	0.001	0.001
0.001	0.997	0.001	0.001
0.001	0.997	0.001	0.001
0.997	0.001	0.001	0.001
>GMCGCCGCCG	11-GMCGCCGCCG	8.942955	-15.084901	0	T:42.0(6.39%),B:1212.9(2.66%),P:1e-6	Tpos:48.7,Tstd:29.6,Bpos:50.8,Bstd:27.7,StrandBias:-0.7,Multiplicity:1.07
0.094	0.059	0.730	0.117
0.445	0.318	0.150	0.088
0.015	0.757	0.164	0.064
0.053	0.024	0.922	0.001
0.151	0.594	0.175	0.080
0.015	0.832	0.129	0.024
0.001	0.001	0.997	0.001
0.129	0.684	0.122	0.065
0.001	0.787	0.200	0.012
0.072	0.119	0.784	0.025
>CACACACACA	12-CACACACACA	9.057398	-12.856676	0	T:18.0(2.74%),B:332.8(0.73%),P:1e-5	Tpos:54.7,Tstd:26.5,Bpos:46.9,Bstd:29.5,StrandBias:0.2,Multiplicity:1.11
0.001	0.997	0.001	0.001
0.863	0.001	0.001	0.135
0.098	0.706	0.195	0.001
0.602	0.001	0.396	0.001
0.261	0.644	0.094	0.001
0.680	0.318	0.001	0.001
0.001	0.926	0.072	0.001
0.997	0.001	0.001	0.001
0.001	0.608	0.137	0.254
0.997	0.001	0.001	0.001
>GATCCTCCGG	13-GATCCTCCGG	10.296193	-12.460023	0	T:3.0(0.46%),B:2.8(0.01%),P:1e-5	Tpos:57.7,Tstd:24.5,Bpos:31.4,Bstd:0.3,StrandBias:1.0,Multiplicity:1.00
0.100	0.100	0.700	0.100
0.700	0.100	0.100	0.100
0.100	0.100	0.100	0.700
0.100	0.700	0.100	0.100
0.100	0.700	0.100	0.100
0.100	0.100	0.100	0.700
0.100	0.700	0.100	0.100
0.100	0.700	0.100	0.100
0.100	0.100	0.700	0.100
0.100	0.100	0.700	0.100
>CATCGATCGA	14-CATCGATCGA	7.645797	-12.120500	0	T:13.0(1.98%),B:189.8(0.42%),P:1e-5	Tpos:38.8,Tstd:26.8,Bpos:52.0,Bstd:27.9,StrandBias:0.7,Multiplicity:1.00
0.001	0.616	0.382	0.001
0.785	0.213	0.001	0.001
0.001	0.001	0.001	0.997
0.001	0.997	0.001	0.001
0.001	0.001	0.997	0.001
0.840	0.001	0.001	0.158
0.001	0.001	0.001	0.997
0.001	0.997	0.001	0.001
0.001	0.001	0.997	0.001
0.786	0.001	0.158	0.055
>TCAGGGGATC	15-TCAGGGGATC	10.296193	-10.402037	0	T:3.0(0.46%),B:4.9(0.01%),P:1e-4	Tpos:32.7,Tstd:15.3,Bpos:51.0,Bstd:11.6,StrandBias:-1.0,Multiplicity:1.00
0.100	0.100	0.100	0.700
0.100	0.700	0.100	0.100
0.700	0.100	0.100	0.100
0.100	0.100	0.700	0.100
0.100	0.100	0.700	0.100
0.100	0.100	0.700	0.100
0.100	0.100	0.700	0.100
0.700	0.100	0.100	0.100
0.100	0.100	0.100	0.700
0.100	0.700	0.100	0.100
>SCDGCAGCAGGA	1-SCDGCAGCAGGA	6.232718	-151.380219	0	T:360.0(54.79%),B:10735.3(23.53%),P:1e-65	Tpos:59.5,Tstd:15.6,Bpos:50.3,Bstd:36.8,StrandBias:2.5,Multiplicity:1.27
0.236	0.285	0.431	0.048
0.182	0.551	0.212	0.055
0.321	0.157	0.246	0.276
0.141	0.222	0.534	0.103
0.039	0.959	0.001	0.001
0.900	0.039	0.001	0.060
0.004	0.001	0.994	0.001
0.079	0.612	0.293	0.016
0.713	0.003	0.227	0.057
0.196	0.115	0.586	0.103
0.188	0.304	0.461	0.047
0.503	0.119	0.297	0.081
>CACCACACCAAC	2-CACCACACCAAC	10.425607	-29.099539	0	T:16.0(2.44%),B:83.9(0.18%),P:1e-12	Tpos:54.5,Tstd:31.2,Bpos:46.3,Bstd:35.6,StrandBias:1.3,Multiplicity:1.00
0.001	0.939	0.059	0.001
0.936	0.001	0.060	0.003
0.120	0.819	0.060	0.001
0.105	0.774	0.120	0.001
0.781	0.060	0.051	0.108
0.045	0.894	0.060	0.001
0.997	0.001	0.001	0.001
0.166	0.653	0.121	0.060
0.001	0.818	0.180	0.001
0.876	0.063	0.060	0.001
0.645	0.292	0.003	0.060
0.060	0.879	0.060	0.001
>CGBCGSCGGCGY	3-CGBCGSCGGCGY	8.601444	-27.443264	0	T:72.0(10.96%),B:1974.5(4.33%),P:1e-11	Tpos:49.4,Tstd:28.7,Bpos:50.5,Bstd:26.6,StrandBias:0.1,Multiplicity:1.09
0.071	0.854	0.062	0.013
0.001	0.206	0.774	0.019
0.110	0.231	0.362	0.297
0.001	0.896	0.102	0.001
0.001	0.001	0.997	0.001
0.036	0.478	0.340	0.146
0.001	0.997	0.001	0.001
0.001	0.030	0.968	0.001
0.191	0.169	0.417	0.223
0.076	0.854	0.001	0.069
0.114	0.098	0.657	0.131
0.127	0.298	0.156	0.420
>TGTTGGAGTTGG	4-TGTTGGAGTTGG	8.799911	-23.400163	0	T:12.0(1.83%),B:56.3(0.12%),P:1e-10	Tpos:45.8,Tstd:22.5,Bpos:50.3,Bstd:34.3,StrandBias:-2.3,Multiplicity:1.00
0.001	0.001	0.323	0.675
0.308	0.001	0.690	0.001
0.001	0.001	0.308	0.690
0.001	0.028	0.001	0.970
0.352	0.001	0.646	0.001
0.001	0.001	0.997	0.001
0.984	0.014	0.001	0.001
0.001	0.381	0.617	0.001
0.001	0.001	0.001	0.997
0.001	0.001	0.001	0.997
0.001	0.001	0.661	0.337
0.001	0.001	0.997	0.001
>AAGAAGAGGCTC	5-AAGAAGAGGCTC	10.777337	-22.882653	0	T:14.0(2.13%),B:90.8(0.20%),P:1e-9	Tpos:47.0,Tstd:28.9,Bpos:46.1,Bstd:33.8,StrandBias:0.8,Multiplicity:1.00
0.830	0.101	0.068	0.001
0.997	0.001	0.001	0.001
0.207	0.101	0.691	0.001
0.592	0.201	0.206	0.001
0.898	0.001	0.100	0.001
0.001	0.001	0.997	0.001
0.997	0.001	0.001	0.001
0.001	0.001	0.791	0.207
0.207	0.006	0.786	0.001
0.100	0.898	0.001	0.001
0.269	0.001	0.001	0.729
0.001	0.797	0.201	0.001
>RCRGCAGGGAGC	6-RCRGCAGGGAGC	9.141243	-22.241785	0	T:47.0(7.15%),B:1132.1(2.48%),P:1e-9	Tpos:56.4,Tstd:23.4,Bpos:49.0,Bstd:34.8,StrandBias:1.4,Multiplicity:1.00
0.312	0.001	0.429	0.258
0.167	0.761	0.001	0.071
0.489	0.001	0.509	0.001
0.143	0.152	0.704	0.001
0.402	0.596	0.001	0.001
0.680	0.001	0.318	0.001
0.001	0.001	0.997	0.001
0.001	0.364	0.634	0.001
0.001	0.178	0.820	0.001
0.997	0.001	0.001	0.001
0.001	0.001	0.997	0.001
0.001	0.555	0.373	0.071
>GYTCCTCTCGMC	7-GYTCCTCTCGMC	13.166281	-20.548139	0	T:5.0(0.76%),B:3.4(0.01%),P:1e-8	Tpos:54.8,Tstd:21.2,Bpos:44.7,Bstd:18.9,StrandBias:2.0,Multiplicity:1.00
0.001	0.001	0.893	0.105
0.001	0.552	0.001	0.446
0.001	0.001	0.001	0.997
0.001	0.997	0.001	0.001
0.001	0.997	0.001	0.001
0.001	0.001	0.001	0.997
0.001	0.997	0.001	0.001
0.001	0.001	0.001	0.997
0.001	0.997	0.001	0.001
0.001	0.001	0.997	0.001
0.446	0.552	0.001	0.001
0.001	0.997	0.001	0.001
>CATYGCCGTGTG	8-CATYGCCGTGTG	10.056112	-20.497179	0	T:11.0(1.67%),B:57.0(0.13%),P:1e-8	Tpos:55.3,Tstd:28.6,Bpos:52.4,Bstd:26.2,StrandBias:0.3,Multiplicity:1.00
0.001	0.997	0.001	0.001
0.997	0.001	0.001	0.001
0.001	0.001	0.001	0.997
0.001	0.371	0.128	0.500
0.001	0.257	0.621	0.121
0.121	0.757	0.121	0.001
0.121	0.757	0.121	0.001
0.001	0.001	0.997	0.001
0.256	0.001	0.001	0.742
0.001	0.120	0.878	0.001
0.135	0.001	0.001	0.863
0.128	0.242	0.629	0.001
>GAAGTATATGTT	9-GAAGTATATGTT	14.640156	-20.160845	0	T:4.0(0.61%),B:0.0(0.00%),P:1e-8	Tpos:58.2,Tstd:29.8,Bpos:0.0,Bstd:0.0,StrandBias:0.0,Multiplicity:1.00
0.001	0.001	0.997	0.001
0.749	0.249	0.001	0.001
0.997	0.001	0.001	0.001
0.001	0.001	0.997	0.001
0.001	0.001	0.001	0.997
0.749	0.001	0.001	0.249
0.001	0.001	0.249	0.749
0.997	0.001	0.001	0.001
0.001	0.001	0.001	0.997
0.001	0.001	0.997	0.001
0.001	0.001	0.001	0.997
0.001	0.001	0.001	0.997
>ATAAATDCATCC	10-ATAAATDCATCC	9.140116	-19.563104	0	T:14.0(2.13%),B:117.6(0.26%),P:1e-8	Tpos:48.9,Tstd:31.8,Bpos:51.3,Bstd:25.4,StrandBias:1.0,Multiplicity:1.00
0.841	0.078	0.001	0.080
0.157	0.078	0.001	0.764
0.756	0.001	0.242	0.001
0.641	0.066	0.001	0.292
0.758	0.001	0.078	0.163
0.006	0.248	0.001	0.745
0.315	0.163	0.285	0.236
0.001	0.997	0.001	0.001
0.920	0.078	0.001	0.001
0.001	0.001	0.157	0.841
0.223	0.473	0.061	0.243
0.007	0.750	0.001	0.242
>GCGGCCTCCACC	11-GCGGCCTCCACC	8.454916	-18.039753	0	T:46.0(7.00%),B:1254.9(2.75%),P:1e-7	Tpos:50.6,Tstd:27.9,Bpos:49.6,Bstd:31.1,StrandBias:0.4,Multiplicity:1.10
0.001	0.001	0.928	0.070
0.001	0.997	0.001	0.001
0.247	0.030	0.687	0.036
0.107	0.001	0.791	0.101
0.036	0.540	0.388	0.036
0.104	0.700	0.054	0.142
0.342	0.001	0.072	0.585
0.001	0.997	0.001	0.001
0.217	0.532	0.215	0.036
0.544	0.071	0.384	0.001
0.001	0.828	0.136	0.035
0.210	0.788	0.001	0.001
>CCCAACTCCCAA	12-CCCAACTCCCAA	14.110485	-18.017797	0	T:5.0(0.76%),B:5.8(0.01%),P:1e-7	Tpos:43.0,Tstd:30.2,Bpos:63.9,Bstd:23.0,StrandBias:0.0,Multiplicity:1.20
0.001	0.997	0.001	0.001
0.001	0.997	0.001	0.001
0.001	0.997	0.001	0.001
0.997	0.001	0.001	0.001
0.823	0.001	0.175	0.001
0.001	0.880	0.118	0.001
0.001	0.001	0.175	0.823
0.001	0.997	0.001	0.001
0.001	0.997	0.001	0.001
0.001	0.997	0.001	0.001
0.997	0.001	0.001	0.001
0.647	0.176	0.001	0.176
>TGGCGATGGTGG	13-TGGCGATGGTGG	14.898441	-18.017797	0	T:5.0(0.76%),B:5.8(0.01%),P:1e-7	Tpos:39.2,Tstd:24.6,Bpos:44.3,Bstd:26.1,StrandBias:2.3,Multiplicity:1.20
0.001	0.001	0.001	0.997
0.001	0.001	0.759	0.239
0.001	0.001	0.997	0.001
0.001	0.759	0.239	0.001
0.001	0.001	0.997	0.001
0.997	0.001	0.001	0.001
0.001	0.001	0.001	0.997
0.001	0.001	0.997	0.001
0.001	0.001	0.997	0.001
0.001	0.001	0.001	0.997
0.001	0.001	0.997	0.001
0.001	0.001	0.997	0.001
>SAKGGAGCAVCC	14-SAKGGAGCAVCC	10.550850	-17.517955	0	T:13.0(1.98%),B:116.7(0.26%),P:1e-7	Tpos:51.3,Tstd:25.3,Bpos:43.2,Bstd:31.4,StrandBias:1.2,Multiplicity:1.00
0.001	0.456	0.542	0.001
0.770	0.001	0.228	0.001
0.228	0.001	0.344	0.427
0.001	0.001	0.997	0.001
0.114	0.296	0.589	0.001
0.817	0.122	0.001	0.060
0.001	0.001	0.997	0.001
0.008	0.877	0.114	0.001
0.997	0.001	0.001	0.001
0.296	0.360	0.230	0.114
0.113	0.885	0.001	0.001
0.184	0.579	0.114	0.123
>CGCACGCAACGC	15-CGCACGCAACGC	11.569856	-15.755021	0	T:8.0(1.22%),B:39.5(0.09%),P:1e-6	Tpos:50.4,Tstd:25.2,Bpos:45.3,Bstd:33.5,StrandBias:2.8,Multiplicity:1.00
0.001	0.997	0.001	0.001
0.001	0.149	0.649	0.201
0.001	0.798	0.200	0.001
0.597	0.001	0.201	0.201
0.200	0.798	0.001	0.001
0.001	0.001	0.997	0.001
0.200	0.798	0.001	0.001
0.997	0.001	0.001	0.001
0.649	0.349	0.001	0.001
0.001	0.997	0.001	0.001
0.001	0.001	0.997	0.001
0.001	0.798	0.200	0.001
>CAGYAGCMGTMG	16-CAGYAGCMGTMG	10.364515	-15.047221	0	T:19.0(2.89%),B:315.5(0.69%),P:1e-6	Tpos:51.5,Tstd:28.5,Bpos:51.5,Bstd:29.2,StrandBias:1.0,Multiplicity:1.00
0.001	0.782	0.001	0.216
0.663	0.001	0.335	0.001
0.001	0.109	0.879	0.011
0.001	0.565	0.001	0.433
0.879	0.109	0.001	0.011
0.001	0.001	0.997	0.001
0.119	0.542	0.001	0.338
0.433	0.350	0.001	0.216
0.120	0.001	0.771	0.108
0.001	0.001	0.325	0.673
0.444	0.554	0.001	0.001
0.001	0.001	0.987	0.011
>TGGGGAGGTCGA	17-TGGGGAGGTCGA	14.385374	-14.528725	0	T:3.0(0.46%),B:1.6(0.00%),P:1e-6	Tpos:33.0,Tstd:29.8,Bpos:22.0,Bstd:0.0,StrandBias:1.0,Multiplicity:1.00
0.099	0.099	0.001	0.801
0.001	0.001	0.800	0.198
0.198	0.001	0.718	0.083
0.099	0.099	0.801	0.001
0.001	0.001	0.997	0.001
0.900	0.001	0.001	0.098
0.001	0.099	0.801	0.099
0.001	0.001	0.900	0.098
0.099	0.199	0.099	0.603
0.001	0.817	0.083	0.099
0.001	0.001	0.997	0.001
0.900	0.001	0.098	0.001
>GCGGTAGCTGGC	18-GCGGTAGCTGGC	10.763165	-13.084000	0	T:14.0(2.13%),B:201.5(0.44%),P:1e-5	Tpos:52.0,Tstd:23.2,Bpos:47.9,Bstd:34.7,StrandBias:1.4,Multiplicity:1.00
0.001	0.032	0.966	0.001
0.001	0.835	0.001	0.163
0.116	0.001	0.686	0.197
0.001	0.292	0.706	0.001
0.001	0.226	0.186	0.587
0.565	0.116	0.318	0.001
0.001	0.001	0.997	0.001
0.001	0.997	0.001	0.001
0.124	0.032	0.001	0.843
0.001	0.001	0.813	0.185
0.001	0.185	0.813	0.001
0.001	0.997	0.001	0.001
>WMATTAATAAWV	19-WMATTAATAAWV	5.590211	-12.501559	0	T:45.0(6.85%),B:1486.7(3.26%),P:1e-5	Tpos:36.4,Tstd:23.3,Bpos:50.0,Bstd:27.6,StrandBias:-0.0,Multiplicity:1.09
0.384	0.140	0.234	0.242
0.368	0.227	0.199	0.206
0.780	0.071	0.085	0.064
0.206	0.121	0.050	0.623
0.092	0.085	0.071	0.752
0.818	0.062	0.028	0.092
0.723	0.050	0.071	0.156
0.050	0.107	0.043	0.800
0.668	0.083	0.128	0.121
0.786	0.043	0.057	0.114
0.313	0.142	0.185	0.360
0.355	0.220	0.225	0.199
>KCCTTCCATYAT	20-KCCTTCCATYAT	10.883508	-12.332586	0	T:5.0(0.76%),B:16.7(0.04%),P:1e-5	Tpos:39.4,Tstd:19.9,Bpos:43.0,Bstd:18.6,StrandBias:0.6,Multiplicity:1.00
0.001	0.001	0.517	0.481
0.001	0.961	0.037	0.001
0.001	0.997	0.001	0.001
0.001	0.001	0.001	0.997
0.001	0.001	0.001	0.997
0.001	0.997	0.001	0.001
0.001	0.997	0.001	0.001
0.997	0.001	0.001	0.001
0.001	0.001	0.001	0.997
0.001	0.482	0.038	0.479
0.595	0.001	0.403	0.001
0.001	0.403	0.001	0.595
>CTGCAGCAGGCT	21-CTGCAGCAGGCT	10.523805	-10.126055	0	T:14.0(2.13%),B:263.0(0.58%),P:1e-4	Tpos:31.6,Tstd:25.4,Bpos:46.5,Bstd:39.5,StrandBias:0.4,Multiplicity:1.00
0.001	0.865	0.133	0.001
0.134	0.001	0.083	0.782
0.001	0.001	0.887	0.111
0.001	0.997	0.001	0.001
0.648	0.134	0.134	0.084
0.001	0.001	0.865	0.133
0.001	0.997	0.001	0.001
0.731	0.134	0.001	0.134
0.001	0.133	0.865	0.001
0.112	0.268	0.619	0.001
0.001	0.865	0.001	0.133
0.001	0.133	0.001	0.865
>CAGCAG	1-CAGCAG	6.177716	-172.078300	0	T:321.0(48.86%),B:7986.1(17.50%),P:1e-74	Tpos:60.5,Tstd:14.7,Bpos:50.0,Bstd:40.0,StrandBias:3.4,Multiplicity:1.34
0.100	0.700	0.100	0.100
0.700	0.100	0.100	0.100
0.100	0.100	0.700	0.100
0.100	0.700	0.100	0.100
0.700	0.100	0.100	0.100
0.100	0.100	0.700	0.100
>CTACTA	2-CTACTA	3.718477	-13.824501	0	T:282.0(42.92%),B:15473.1(33.91%),P:1e-6	Tpos:48.1,Tstd:28.7,Bpos:50.0,Bstd:30.6,StrandBias:0.6,Multiplicity:1.51
0.001	0.702	0.001	0.296
0.001	0.228	0.001	0.770
0.997	0.001	0.001	0.001
0.001	0.691	0.001	0.307
0.001	0.217	0.001	0.781
0.997	0.001	0.001	0.001
>TWTATA	3-TWTATA	6.339361	-12.828545	0	T:71.0(10.81%),B:2775.3(6.08%),P:1e-5	Tpos:35.2,Tstd:20.3,Bpos:49.9,Bstd:31.0,StrandBias:-0.4,Multiplicity:1.09
0.001	0.001	0.125	0.873
0.471	0.001	0.001	0.527
0.001	0.001	0.001	0.997
0.691	0.001	0.307	0.001
0.001	0.001	0.001	0.997
0.985	0.001	0.013	0.001
>CGGCGT	4-CGGCGT	5.963121	-9.835868	0	T:205.0(31.20%),B:11161.5(24.46%),P:1e-4	Tpos:53.8,Tstd:28.9,Bpos:50.1,Bstd:30.5,StrandBias:0.0,Multiplicity:1.59
0.001	0.997	0.001	0.001
0.001	0.001	0.997	0.001
0.001	0.083	0.915	0.001
0.001	0.997	0.001	0.001
0.001	0.001	0.997	0.001
0.001	0.121	0.105	0.773
>GATRGA	5-GATRGA	4.368020	-8.135656	0	T:340.0(51.75%),B:20524.2(44.98%),P:1e-3	Tpos:52.1,Tstd:27.1,Bpos:50.1,Bstd:31.6,StrandBias:0.2,Multiplicity:1.48
0.001	0.001	0.997	0.001
0.997	0.001	0.001	0.001
0.106	0.001	0.296	0.597
0.420	0.164	0.270	0.146
0.146	0.001	0.729	0.124
0.624	0.001	0.269	0.106
>CAGCAGGR	1-CAGCAGGR	8.478130	-205.961332	0	T:192.0(29.22%),B:2273.1(4.98%),P:1e-89	Tpos:62.7,Tstd:10.0,Bpos:49.5,Bstd:40.5,StrandBias:4.3,Multiplicity:1.07
0.001	0.997	0.001	0.001
0.981	0.017	0.001	0.001
0.001	0.001	0.997	0.001
0.001	0.997	0.001	0.001
0.997	0.001	0.001	0.001
0.012	0.007	0.965	0.016
0.020	0.088	0.862	0.030
0.422	0.111	0.376	0.091
>AGCAGCAG	2-AGCAGCAG	7.044906	-88.862343	0	T:228.0(34.70%),B:6511.0(14.27%),P:1e-38	Tpos:57.5,Tstd:19.3,Bpos:50.6,Bstd:39.6,StrandBias:2.6,Multiplicity:1.11
0.737	0.001	0.155	0.107
0.010	0.055	0.934	0.001
0.066	0.897	0.001	0.036
0.938	0.010	0.001	0.051
0.042	0.001	0.956	0.001
0.072	0.848	0.019	0.061
0.973	0.001	0.001	0.025
0.065	0.001	0.872	0.062
>AAACCCCA	3-AAACCCCA	4.828518	-24.189485	0	T:164.0(24.96%),B:6885.9(15.09%),P:1e-10	Tpos:50.3,Tstd:27.7,Bpos:50.2,Bstd:30.6,StrandBias:0.9,Multiplicity:1.13
0.834	0.045	0.030	0.091
0.788	0.096	0.009	0.107
0.767	0.076	0.071	0.086
0.159	0.582	0.105	0.154
0.112	0.683	0.122	0.083
0.101	0.814	0.046	0.039
0.077	0.787	0.032	0.104
0.755	0.100	0.017	0.128
>TAATAATT	4-TAATAATT	4.112926	-21.872973	0	T:100.0(15.22%),B:3610.7(7.91%),P:1e-9	Tpos:40.3,Tstd:25.9,Bpos:49.9,Bstd:29.3,StrandBias:0.2,Multiplicity:1.26
0.042	0.169	0.154	0.635
0.560	0.064	0.245	0.131
0.452	0.182	0.160	0.206
0.093	0.081	0.131	0.695
0.572	0.039	0.170	0.219
0.534	0.030	0.200	0.236
0.201	0.055	0.256	0.487
0.060	0.197	0.246	0.497
>AGAAGAGA	5-AGAAGAGA	7.552459	-18.074420	0	T:67.0(10.20%),B:2212.2(4.85%),P:1e-7	Tpos:55.1,Tstd:25.2,Bpos:50.1,Bstd:34.6,StrandBias:0.8,Multiplicity:1.11
0.904	0.001	0.085	0.010
0.001	0.001	0.997	0.001
0.964	0.034	0.001	0.001
0.810	0.017	0.172	0.001
0.175	0.001	0.823	0.001
0.938	0.001	0.053	0.008
0.132	0.001	0.799	0.068
0.787	0.061	0.151	0.001
>ATATATAC	6-ATATATAC	7.272082	-17.999869	0	T:31.0(4.72%),B:654.4(1.43%),P:1e-7	Tpos:40.7,Tstd:21.4,Bpos:49.0,Bstd:30.4,StrandBias:0.2,Multiplicity:1.04
0.646	0.225	0.053	0.076
0.001	0.064	0.001	0.934
0.997	0.001	0.001	0.001
0.086	0.041	0.036	0.837
0.974	0.001	0.001	0.024
0.001	0.066	0.030	0.903
0.807	0.017	0.041	0.135
0.001	0.897	0.101	0.001
>CCACCAAC	7-CCACCAAC	6.561834	-16.636689	0	T:93.0(14.16%),B:3631.0(7.96%),P:1e-7	Tpos:52.5,Tstd:29.4,Bpos:50.3,Bstd:31.4,StrandBias:0.8,Multiplicity:1.13
0.001	0.921	0.001	0.077
0.001	0.937	0.061	0.001
0.920	0.001	0.031	0.048
0.001	0.942	0.001	0.056
0.034	0.943	0.022	0.001
0.885	0.085	0.001	0.029
0.620	0.190	0.069	0.121
0.001	0.828	0.170	0.001
>CGCCGCSG	8-CGCCGCSG	6.905681	-15.840813	0	T:126.0(19.18%),B:5521.5(12.10%),P:1e-6	Tpos:52.6,Tstd:28.7,Bpos:50.0,Bstd:29.6,StrandBias:0.0,Multiplicity:1.29
0.001	0.649	0.349	0.001
0.001	0.001	0.997	0.001
0.093	0.811	0.090	0.006
0.001	0.638	0.360	0.001
0.001	0.001	0.997	0.001
0.001	0.997	0.001	0.001
0.001	0.492	0.506	0.001
0.001	0.001	0.905	0.093
>GCGTTGCG	9-GCGTTGCG	8.236954	-10.830348	0	T:10.0(1.52%),B:127.0(0.28%),P:1e-4	Tpos:63.9,Tstd:23.0,Bpos:48.9,Bstd:31.6,StrandBias:-0.8,Multiplicity:1.10
0.100	0.100	0.700	0.100
0.100	0.700	0.100	0.100
0.100	0.100	0.700	0.100
0.100	0.100	0.100	0.700
0.100	0.100	0.100	0.700
0.100	0.100	0.700	0.100
0.100	0.700	0.100	0.100
0.100	0.100	0.700	0.100
