>CAGCAGCAGG	1-CAGCAGCAGG	7.637341	-178.802601	0	T:246.0(37.22%),B:4512.7(9.92%),P:1e-77	Tpos:61.1,Tstd:11.7,Bpos:49.4,Bstd:39.6,StrandBias:4.6,Multiplicity:1.09
0.116	0.579	0.166	0.139
0.515	0.071	0.167	0.247
0.128	0.130	0.741	0.001
0.001	0.990	0.008	0.001
0.967	0.005	0.027	0.001
0.001	0.001	0.997	0.001
0.012	0.742	0.245	0.001
0.929	0.001	0.058	0.012
0.057	0.074	0.791	0.078
0.107	0.163	0.723	0.007
>CAGCAGGACA	2-CAGCAGGACA	4.893884	-150.904714	0	T:423.0(63.99%),B:14290.3(31.40%),P:1e-65	Tpos:54.9,Tstd:23.8,Bpos:50.4,Bstd:35.3,StrandBias:1.5,Multiplicity:1.22
0.081	0.745	0.114	0.060
0.685	0.110	0.106	0.099
0.103	0.088	0.751	0.058
0.083	0.726	0.120	0.071
0.731	0.080	0.103	0.086
0.110	0.085	0.755	0.050
0.112	0.122	0.665	0.101
0.612	0.103	0.166	0.119
0.121	0.649	0.140	0.090
0.681	0.110	0.125	0.084
>ACAGCAGGTC	3-ACAGCAGGTC	6.177037	-83.142411	0	T:128.0(19.36%),B:2412.2(5.30%),P:1e-36	Tpos:57.2,Tstd:19.9,Bpos:49.8,Bstd:35.3,StrandBias:2.0,Multiplicity:1.06
0.497	0.139	0.074	0.290
0.095	0.744	0.133	0.028
0.609	0.146	0.073	0.172
0.086	0.130	0.710	0.074
0.150	0.680	0.169	0.001
0.749	0.079	0.063	0.109
0.066	0.072	0.763	0.099
0.183	0.159	0.521	0.137
0.261	0.144	0.155	0.441
0.301	0.514	0.093	0.092
>CACCACCACC	4-CACCACCACC	7.861991	-26.676713	0	T:61.0(9.23%),B:1525.8(3.35%),P:1e-11	Tpos:45.5,Tstd:27.7,Bpos:50.5,Bstd:27.7,StrandBias:0.8,Multiplicity:1.09
0.001	0.790	0.133	0.076
0.874	0.106	0.019	0.001
0.077	0.745	0.056	0.122
0.001	0.986	0.012	0.001
0.693	0.056	0.216	0.035
0.001	0.775	0.021	0.203
0.054	0.927	0.018	0.001
0.762	0.159	0.076	0.003
0.078	0.677	0.091	0.154
0.017	0.817	0.165	0.001
>GACGACGACC	5-GACGACGACC	9.786574	-23.383835	0	T:29.0(4.39%),B:452.9(1.00%),P:1e-10	Tpos:48.2,Tstd:25.5,Bpos:48.3,Bstd:28.3,StrandBias:-0.5,Multiplicity:1.07
0.090	0.059	0.850	0.001
0.948	0.050	0.001	0.001
0.001	0.997	0.001	0.001
0.001	0.082	0.916	0.001
0.759	0.189	0.051	0.001
0.090	0.736	0.001	0.173
0.001	0.001	0.997	0.001
0.922	0.001	0.001	0.076
0.001	0.908	0.003	0.088
0.029	0.736	0.234	0.001
>TCTCCCCGTT	6-TCTCCCCGTT	11.312645	-18.174229	0	T:7.0(1.06%),B:18.2(0.04%),P:1e-7	Tpos:46.4,Tstd:21.4,Bpos:52.1,Bstd:17.4,StrandBias:-0.4,Multiplicity:1.00
0.001	0.001	0.001	0.997
0.001	0.997	0.001	0.001
0.001	0.001	0.001	0.997
0.001	0.832	0.166	0.001
0.001	0.832	0.001	0.166
0.001	0.997	0.001	0.001
0.001	0.997	0.001	0.001
0.001	0.001	0.997	0.001
0.166	0.001	0.001	0.832
0.138	0.001	0.001	0.860
>GCCGCCGCCG	7-GCCGCCGCCG	6.906289	-17.953445	0	T:131.0(19.82%),B:5547.3(12.19%),P:1e-7	Tpos:53.7,Tstd:26.6,Bpos:49.3,Bstd:30.8,StrandBias:0.1,Multiplicity:1.18
0.076	0.070	0.810	0.044
0.044	0.807	0.080	0.069
0.070	0.803	0.071	0.056
0.054	0.054	0.865	0.027
0.079	0.785	0.072	0.064
0.066	0.779	0.080	0.075
0.065	0.086	0.817	0.032
0.071	0.757	0.115	0.057
0.076	0.796	0.070	0.058
0.084	0.085	0.785	0.046
>GAGAAGGAGV	8-GAGAAGGAGV	8.306753	-17.187503	0	T:58.0(8.77%),B:1820.0(4.00%),P:1e-7	Tpos:51.3,Tstd:25.8,Bpos:49.7,Bstd:34.4,StrandBias:0.3,Multiplicity:1.00
0.268	0.001	0.730	0.001
0.997	0.001	0.001	0.001
0.070	0.072	0.857	0.001
0.693	0.295	0.003	0.009
0.698	0.002	0.058	0.242
0.001	0.001	0.997	0.001
0.067	0.001	0.822	0.110
0.690	0.066	0.120	0.124
0.003	0.001	0.946	0.050
0.267	0.248	0.397	0.088
>TCTTGTTCCC	9-TCTTGTTCCC	9.876184	-16.035061	0	T:13.0(1.97%),B:131.7(0.29%),P:1e-6	Tpos:53.5,Tstd:30.1,Bpos:48.3,Bstd:32.9,StrandBias:-1.2,Multiplicity:1.00
0.001	0.082	0.001	0.916
0.210	0.708	0.081	0.001
0.001	0.115	0.185	0.699
0.001	0.016	0.027	0.956
0.001	0.411	0.587	0.001
0.103	0.001	0.156	0.740
0.116	0.001	0.001	0.882
0.001	0.997	0.001	0.001
0.079	0.919	0.001	0.001
0.001	0.797	0.080	0.122
>ATAATATTTT	10-ATAATATTTT	11.544525	-14.104954	0	T:5.0(0.76%),B:11.4(0.02%),P:1e-6	Tpos:55.5,Tstd:27.4,Bpos:42.7,Bstd:25.4,StrandBias:0.0,Multiplicity:1.00
0.997	0.001	0.001	0.001
0.001	0.001	0.001	0.997
0.997	0.001	0.001	0.001
0.788	0.001	0.001	0.210
0.001	0.001	0.001	0.997
0.997	0.001	0.001	0.001
0.001	0.001	0.001	0.997
0.175	0.001	0.001	0.823
0.001	0.001	0.001	0.997
0.001	0.001	0.155	0.843
>TCTCTCTCTC	11-TCTCTCTCTC	6.205637	-10.876175	0	T:64.0(9.68%),B:2546.0(5.59%),P:1e-4	Tpos:58.6,Tstd:26.0,Bpos:50.0,Bstd:32.8,StrandBias:-1.2,Multiplicity:1.06
0.066	0.163	0.216	0.555
0.135	0.623	0.067	0.175
0.074	0.199	0.217	0.510
0.082	0.765	0.047	0.106
0.087	0.156	0.113	0.644
0.049	0.737	0.089	0.125
0.039	0.217	0.156	0.588
0.175	0.612	0.107	0.106
0.058	0.061	0.181	0.700
0.125	0.573	0.169	0.133
>TGGGTAGCGA	12-TGGGTAGCGA	12.396207	-7.997840	0	T:3.0(0.45%),B:9.9(0.02%),P:1e-3	Tpos:52.5,Tstd:22.8,Bpos:60.4,Bstd:29.3,StrandBias:-1.6,Multiplicity:1.33
0.001	0.001	0.001	0.997
0.001	0.001	0.997	0.001
0.001	0.001	0.997	0.001
0.237	0.001	0.761	0.001
0.001	0.001	0.001	0.997
0.997	0.001	0.001	0.001
0.001	0.001	0.997	0.001
0.001	0.997	0.001	0.001
0.001	0.001	0.997	0.001
0.997	0.001	0.001	0.001
>GCAGCAGCAGGR	1-GCAGCAGCAGGR	7.667825	-192.669549	0	T:260.0(39.33%),B:4735.3(10.40%),P:1e-83	Tpos:61.4,Tstd:12.2,Bpos:49.8,Bstd:37.9,StrandBias:3.8,Multiplicity:1.10
0.135	0.203	0.481	0.182
0.134	0.566	0.216	0.084
0.411	0.092	0.254	0.244
0.106	0.270	0.623	0.001
0.001	0.983	0.015	0.001
0.927	0.001	0.068	0.004
0.001	0.016	0.982	0.001
0.027	0.781	0.191	0.001
0.806	0.014	0.179	0.001
0.139	0.004	0.856	0.001
0.120	0.204	0.675	0.001
0.427	0.128	0.370	0.074
>AGCAGGAGCAGG	2-AGCAGGAGCAGG	8.631940	-62.469958	0	T:92.0(13.92%),B:1647.6(3.62%),P:1e-27	Tpos:54.0,Tstd:23.5,Bpos:50.7,Bstd:37.9,StrandBias:1.4,Multiplicity:1.09
0.926	0.024	0.001	0.049
0.066	0.245	0.582	0.107
0.136	0.862	0.001	0.001
0.816	0.001	0.109	0.074
0.092	0.036	0.740	0.132
0.018	0.386	0.595	0.001
0.830	0.066	0.001	0.103
0.035	0.001	0.963	0.001
0.286	0.712	0.001	0.001
0.597	0.264	0.001	0.138
0.194	0.036	0.632	0.138
0.161	0.010	0.828	0.001
>RVACAGCAGAGA	3-RVACAGCAGAGA	9.513219	-55.429830	0	T:45.0(6.81%),B:414.8(0.91%),P:1e-24	Tpos:60.1,Tstd:14.2,Bpos:52.3,Bstd:37.0,StrandBias:4.7,Multiplicity:1.04
0.391	0.180	0.268	0.161
0.225	0.338	0.268	0.169
0.742	0.001	0.256	0.001
0.001	0.997	0.001	0.001
0.997	0.001	0.001	0.001
0.001	0.001	0.997	0.001
0.001	0.997	0.001	0.001
0.997	0.001	0.001	0.001
0.001	0.001	0.997	0.001
0.732	0.001	0.094	0.173
0.001	0.001	0.838	0.160
0.605	0.104	0.290	0.001
>TTTCAGCAGGAC	4-TTTCAGCAGGAC	9.747820	-32.105245	0	T:18.0(2.72%),B:95.1(0.21%),P:1e-13	Tpos:57.3,Tstd:17.7,Bpos:50.2,Bstd:33.7,StrandBias:3.0,Multiplicity:1.00
0.075	0.001	0.082	0.842
0.226	0.226	0.001	0.547
0.001	0.001	0.001	0.997
0.001	0.997	0.001	0.001
0.849	0.001	0.075	0.075
0.075	0.001	0.923	0.001
0.001	0.923	0.075	0.001
0.849	0.001	0.075	0.075
0.075	0.001	0.923	0.001
0.006	0.075	0.918	0.001
0.471	0.076	0.302	0.151
0.226	0.772	0.001	0.001
>AMCAVCACCAGC	5-AMCAVCACCAGC	9.627111	-31.798851	0	T:42.0(6.35%),B:684.7(1.50%),P:1e-13	Tpos:53.9,Tstd:20.3,Bpos:48.6,Bstd:36.5,StrandBias:2.5,Multiplicity:1.00
0.997	0.001	0.001	0.001
0.456	0.307	0.236	0.001
0.001	0.997	0.001	0.001
0.931	0.001	0.001	0.067
0.353	0.397	0.248	0.001
0.001	0.997	0.001	0.001
0.849	0.100	0.001	0.050
0.254	0.493	0.253	0.001
0.152	0.846	0.001	0.001
0.806	0.001	0.192	0.001
0.203	0.076	0.668	0.053
0.202	0.544	0.001	0.253
>TGCTCTGCACTC	6-TGCTCTGCACTC	14.042917	-27.859655	0	T:6.0(0.91%),B:2.8(0.01%),P:1e-12	Tpos:55.7,Tstd:27.2,Bpos:80.2,Bstd:15.3,StrandBias:-1.0,Multiplicity:1.00
0.001	0.001	0.001	0.997
0.001	0.001	0.997	0.001
0.001	0.997	0.001	0.001
0.001	0.001	0.001	0.997
0.001	0.997	0.001	0.001
0.001	0.001	0.001	0.997
0.001	0.001	0.997	0.001
0.166	0.832	0.001	0.001
0.667	0.166	0.166	0.001
0.001	0.997	0.001	0.001
0.001	0.166	0.001	0.832
0.001	0.832	0.001	0.166
>GCGGTCGTCGTC	7-GCGGTCGTCGTC	9.649482	-26.960227	0	T:41.0(6.20%),B:761.9(1.67%),P:1e-11	Tpos:45.0,Tstd:27.4,Bpos:48.8,Bstd:27.9,StrandBias:0.1,Multiplicity:1.05
0.021	0.204	0.741	0.034
0.068	0.752	0.061	0.119
0.033	0.218	0.591	0.158
0.024	0.218	0.757	0.001
0.033	0.302	0.060	0.605
0.001	0.934	0.064	0.001
0.001	0.001	0.997	0.001
0.065	0.081	0.172	0.682
0.001	0.935	0.032	0.032
0.001	0.032	0.966	0.001
0.033	0.077	0.164	0.726
0.001	0.902	0.065	0.032
>YCAGCAGGCMBC	8-YCAGCAGGCMBC	9.476037	-25.566433	0	T:28.0(4.24%),B:383.5(0.84%),P:1e-11	Tpos:59.5,Tstd:24.0,Bpos:51.7,Bstd:35.5,StrandBias:0.9,Multiplicity:1.00
0.001	0.492	0.001	0.506
0.001	0.897	0.101	0.001
0.894	0.104	0.001	0.001
0.001	0.102	0.896	0.001
0.099	0.892	0.008	0.001
0.801	0.001	0.099	0.099
0.001	0.281	0.615	0.103
0.001	0.001	0.997	0.001
0.198	0.799	0.002	0.001
0.397	0.287	0.105	0.211
0.001	0.383	0.305	0.311
0.182	0.816	0.001	0.001
>GCTGCCTTAAAT	9-GCTGCCTTAAAT	12.313619	-23.725426	0	T:6.0(0.91%),B:4.8(0.01%),P:1e-10	Tpos:48.3,Tstd:9.8,Bpos:30.8,Bstd:15.6,StrandBias:0.0,Multiplicity:1.00
0.001	0.001	0.763	0.235
0.001	0.997	0.001	0.001
0.001	0.001	0.001	0.997
0.001	0.001	0.997	0.001
0.001	0.997	0.001	0.001
0.249	0.749	0.001	0.001
0.001	0.249	0.001	0.749
0.236	0.278	0.001	0.486
0.763	0.001	0.235	0.001
0.971	0.001	0.027	0.001
0.997	0.001	0.001	0.001
0.001	0.263	0.001	0.735
>GCCGATGCGCTG	10-GCCGATGCGCTG	13.566981	-23.725303	0	T:7.0(1.06%),B:9.0(0.02%),P:1e-10	Tpos:52.9,Tstd:19.0,Bpos:51.0,Bstd:20.8,StrandBias:-1.3,Multiplicity:1.00
0.001	0.001	0.997	0.001
0.001	0.997	0.001	0.001
0.001	0.997	0.001	0.001
0.133	0.001	0.865	0.001
0.782	0.083	0.134	0.001
0.001	0.001	0.001	0.997
0.001	0.001	0.997	0.001
0.001	0.887	0.111	0.001
0.001	0.001	0.865	0.133
0.001	0.731	0.134	0.134
0.001	0.001	0.001	0.997
0.001	0.001	0.997	0.001
>KGATSGTVDTNN	11-KGATSGTVDTNN	7.383641	-23.065082	0	T:48.0(7.26%),B:1133.1(2.49%),P:1e-10	Tpos:50.6,Tstd:27.0,Bpos:49.1,Bstd:26.5,StrandBias:0.1,Multiplicity:1.05
0.001	0.151	0.451	0.397
0.001	0.186	0.812	0.001
0.997	0.001	0.001	0.001
0.075	0.001	0.001	0.923
0.001	0.488	0.472	0.039
0.140	0.001	0.601	0.258
0.150	0.001	0.224	0.625
0.338	0.339	0.322	0.001
0.323	0.001	0.337	0.339
0.001	0.001	0.001	0.997
0.227	0.267	0.320	0.186
0.288	0.261	0.227	0.224
>RRGSATTCYMKT	12-RRGSATTCYMKT	12.347537	-22.520821	0	T:5.0(0.76%),B:2.4(0.01%),P:1e-9	Tpos:44.6,Tstd:24.6,Bpos:25.2,Bstd:4.7,StrandBias:-0.6,Multiplicity:1.00
0.520	0.032	0.447	0.001
0.518	0.001	0.480	0.001
0.001	0.038	0.960	0.001
0.033	0.487	0.479	0.001
0.997	0.001	0.001	0.001
0.001	0.001	0.001	0.997
0.001	0.038	0.001	0.960
0.001	0.966	0.032	0.001
0.001	0.480	0.065	0.453
0.552	0.446	0.001	0.001
0.001	0.001	0.446	0.552
0.001	0.001	0.001	0.997
>CTCTCTCTATAT	13-CTCTCTCTATAT	10.354318	-20.194449	0	T:12.0(1.82%),B:74.4(0.16%),P:1e-8	Tpos:41.7,Tstd:21.1,Bpos:44.0,Bstd:27.7,StrandBias:0.3,Multiplicity:1.00
0.064	0.871	0.001	0.064
0.065	0.065	0.194	0.676
0.001	0.934	0.064	0.001
0.064	0.001	0.064	0.871
0.128	0.870	0.001	0.001
0.064	0.001	0.001	0.934
0.198	0.795	0.001	0.006
0.001	0.064	0.001	0.934
0.585	0.258	0.001	0.156
0.001	0.001	0.118	0.880
0.789	0.146	0.064	0.001
0.001	0.064	0.064	0.871
>CGCCGGTCAAAC	14-CGCCGGTCAAAC	10.132663	-20.126603	0	T:4.0(0.61%),B:0.5(0.00%),P:1e-8	Tpos:25.8,Tstd:11.6,Bpos:8.0,Bstd:0.0,StrandBias:1.6,Multiplicity:1.00
0.001	0.997	0.001	0.001
0.001	0.001	0.997	0.001
0.001	0.935	0.063	0.001
0.001	0.997	0.001	0.001
0.001	0.001	0.997	0.001
0.001	0.001	0.997	0.001
0.001	0.001	0.001	0.997
0.001	0.807	0.001	0.191
0.997	0.001	0.001	0.001
0.997	0.001	0.001	0.001
0.997	0.001	0.001	0.001
0.001	0.807	0.128	0.064
>CGMTATAAWAGA	15-CGMTATAAWAGA	10.786917	-19.615815	0	T:6.0(0.91%),B:9.0(0.02%),P:1e-8	Tpos:46.0,Tstd:28.3,Bpos:53.3,Bstd:27.8,StrandBias:2.3,Multiplicity:1.00
0.292	0.472	0.001	0.236
0.001	0.001	0.997	0.001
0.471	0.527	0.001	0.001
0.001	0.001	0.001	0.997
0.997	0.001	0.001	0.001
0.045	0.001	0.236	0.718
0.997	0.001	0.001	0.001
0.997	0.001	0.001	0.001
0.476	0.001	0.001	0.522
0.997	0.001	0.001	0.001
0.001	0.001	0.997	0.001
0.707	0.236	0.056	0.001
>CAGCACAGCACG	16-CAGCACAGCACG	11.124199	-19.557888	0	T:15.0(2.27%),B:137.1(0.30%),P:1e-8	Tpos:54.1,Tstd:21.4,Bpos:54.1,Bstd:38.2,StrandBias:2.1,Multiplicity:1.00
0.077	0.921	0.001	0.001
0.921	0.077	0.001	0.001
0.001	0.001	0.921	0.077
0.001	0.842	0.001	0.156
0.777	0.001	0.144	0.078
0.001	0.685	0.313	0.001
0.710	0.078	0.159	0.053
0.003	0.001	0.918	0.078
0.001	0.917	0.081	0.001
0.843	0.078	0.078	0.001
0.001	0.864	0.134	0.001
0.227	0.078	0.694	0.001
>GTGGTGGYGGTG	17-GTGGTGGYGGTG	11.283075	-17.529591	0	T:20.0(3.03%),B:294.6(0.65%),P:1e-7	Tpos:43.4,Tstd:25.8,Bpos:52.9,Bstd:26.8,StrandBias:0.1,Multiplicity:1.06
0.072	0.001	0.926	0.001
0.122	0.174	0.001	0.703
0.001	0.001	0.997	0.001
0.001	0.001	0.997	0.001
0.237	0.157	0.172	0.434
0.001	0.001	0.997	0.001
0.001	0.117	0.821	0.061
0.045	0.410	0.001	0.544
0.001	0.060	0.938	0.001
0.001	0.001	0.997	0.001
0.097	0.183	0.149	0.571
0.001	0.001	0.997	0.001
>AGCATCTBAATC	18-AGCATCTBAATC	14.403253	-17.365555	0	T:4.0(0.61%),B:2.4(0.01%),P:1e-7	Tpos:41.2,Tstd:3.1,Bpos:52.9,Bstd:28.7,StrandBias:1.6,Multiplicity:1.00
0.997	0.001	0.001	0.001
0.001	0.001	0.997	0.001
0.001	0.997	0.001	0.001
0.997	0.001	0.001	0.001
0.001	0.001	0.332	0.666
0.001	0.997	0.001	0.001
0.001	0.001	0.001	0.997
0.001	0.333	0.333	0.333
0.997	0.001	0.001	0.001
0.997	0.001	0.001	0.001
0.001	0.001	0.001	0.997
0.001	0.997	0.001	0.001
>GAAGCAGCAGCA	19-GAAGCAGCAGCA	11.462781	-16.915246	0	T:21.0(3.18%),B:336.6(0.74%),P:1e-7	Tpos:61.0,Tstd:7.9,Bpos:52.5,Bstd:37.1,StrandBias:2.6,Multiplicity:1.00
0.001	0.001	0.997	0.001
0.816	0.070	0.113	0.001
0.997	0.001	0.001	0.001
0.134	0.001	0.864	0.001
0.226	0.638	0.135	0.001
0.864	0.001	0.001	0.134
0.001	0.001	0.997	0.001
0.001	0.899	0.001	0.099
0.725	0.113	0.001	0.161
0.083	0.001	0.915	0.001
0.001	0.864	0.001	0.134
0.594	0.135	0.270	0.001
>AGCAGCAGCAAC	20-AGCAGCAGCAAC	10.570908	-15.190142	0	T:22.0(3.33%),B:407.4(0.90%),P:1e-6	Tpos:55.6,Tstd:19.2,Bpos:46.9,Bstd:36.2,StrandBias:1.8,Multiplicity:1.12
0.849	0.001	0.149	0.001
0.074	0.001	0.851	0.074
0.030	0.820	0.001	0.149
0.726	0.075	0.149	0.050
0.149	0.001	0.776	0.074
0.001	0.997	0.001	0.001
0.790	0.075	0.113	0.022
0.001	0.001	0.850	0.148
0.105	0.820	0.074	0.001
0.689	0.037	0.050	0.224
0.828	0.075	0.022	0.075
0.001	0.997	0.001	0.001
>TMCGYACGWACD	21-TMCGYACGWACD	8.080185	-14.279354	0	T:19.0(2.87%),B:329.0(0.72%),P:1e-6	Tpos:48.6,Tstd:25.4,Bpos:49.3,Bstd:27.9,StrandBias:0.4,Multiplicity:1.11
0.001	0.106	0.001	0.892
0.476	0.421	0.102	0.001
0.156	0.790	0.053	0.001
0.001	0.052	0.895	0.052
0.001	0.470	0.053	0.476
0.842	0.001	0.156	0.001
0.156	0.580	0.263	0.001
0.001	0.157	0.841	0.001
0.421	0.052	0.105	0.422
0.579	0.157	0.263	0.001
0.001	0.738	0.001	0.260
0.315	0.001	0.337	0.347
>GCTCCAGAGGCA	22-GCTCCAGAGGCA	13.079202	-12.434466	0	T:3.0(0.45%),B:2.1(0.00%),P:1e-5	Tpos:74.7,Tstd:8.7,Bpos:54.0,Bstd:0.0,StrandBias:1.0,Multiplicity:1.00
0.001	0.001	0.997	0.001
0.001	0.997	0.001	0.001
0.001	0.001	0.001	0.997
0.001	0.807	0.191	0.001
0.001	0.997	0.001	0.001
0.844	0.001	0.001	0.154
0.001	0.001	0.997	0.001
0.997	0.001	0.001	0.001
0.001	0.001	0.997	0.001
0.001	0.001	0.997	0.001
0.001	0.997	0.001	0.001
0.997	0.001	0.001	0.001
>TCAGCASCTGCA	23-TCAGCASCTGCA	10.773817	-11.466907	0	T:12.0(1.82%),B:170.5(0.37%),P:1e-4	Tpos:56.1,Tstd:24.8,Bpos:50.4,Bstd:39.3,StrandBias:2.0,Multiplicity:1.00
0.348	0.001	0.031	0.620
0.001	0.867	0.131	0.001
0.997	0.001	0.001	0.001
0.001	0.001	0.827	0.171
0.001	0.997	0.001	0.001
0.699	0.001	0.173	0.127
0.001	0.344	0.480	0.176
0.171	0.827	0.001	0.001
0.008	0.001	0.201	0.790
0.001	0.001	0.997	0.001
0.001	0.827	0.171	0.001
0.851	0.001	0.144	0.004
>AGCAGCAGCAGA	24-AGCAGCAGCAGA	11.457430	-10.910994	0	T:12.0(1.82%),B:180.5(0.40%),P:1e-4	Tpos:48.9,Tstd:27.4,Bpos:49.7,Bstd:29.7,StrandBias:2.6,Multiplicity:1.00
0.997	0.001	0.001	0.001
0.001	0.001	0.997	0.001
0.349	0.649	0.001	0.001
0.750	0.248	0.001	0.001
0.001	0.001	0.997	0.001
0.148	0.850	0.001	0.001
0.550	0.223	0.026	0.201
0.201	0.001	0.597	0.201
0.001	0.798	0.200	0.001
0.997	0.001	0.001	0.001
0.001	0.001	0.997	0.001
0.798	0.001	0.001	0.200
>CAGCAG	1-CAGCAG	6.177716	-196.276903	0	T:340.0(51.44%),B:8066.5(17.72%),P:1e-85	Tpos:60.1,Tstd:14.7,Bpos:49.9,Bstd:41.1,StrandBias:3.8,Multiplicity:1.35
0.100	0.700	0.100	0.100
0.700	0.100	0.100	0.100
0.100	0.100	0.700	0.100
0.100	0.700	0.100	0.100
0.700	0.100	0.100	0.100
0.100	0.100	0.700	0.100
>TACTAC	2-TACTAC	2.697018	-17.953570	0	T:262.0(39.64%),B:13420.6(29.49%),P:1e-7	Tpos:46.7,Tstd:27.1,Bpos:50.2,Bstd:29.7,StrandBias:0.2,Multiplicity:1.36
0.001	0.350	0.014	0.635
0.997	0.001	0.001	0.001
0.001	0.997	0.001	0.001
0.001	0.349	0.001	0.649
0.748	0.250	0.001	0.001
0.001	0.997	0.001	0.001
>TATTAA	3-TATTAA	5.191881	-17.076459	0	T:97.0(14.67%),B:3775.5(8.30%),P:1e-7	Tpos:42.8,Tstd:27.7,Bpos:49.6,Bstd:30.7,StrandBias:0.1,Multiplicity:1.16
0.051	0.001	0.155	0.793
0.970	0.001	0.028	0.001
0.178	0.001	0.026	0.795
0.278	0.001	0.089	0.632
0.997	0.001	0.001	0.001
0.809	0.049	0.001	0.141
>GTACGT	4-GTACGT	3.895321	-10.421626	0	T:83.0(12.56%),B:3621.3(7.96%),P:1e-4	Tpos:49.8,Tstd:29.8,Bpos:49.6,Bstd:29.8,StrandBias:-0.4,Multiplicity:1.16
0.001	0.001	0.908	0.090
0.001	0.001	0.001	0.997
0.997	0.001	0.001	0.001
0.001	0.740	0.135	0.124
0.001	0.001	0.997	0.001
0.001	0.001	0.001	0.997
>TCGTCG	5-TCGTCG	6.297979	-8.758160	0	T:167.0(25.26%),B:8860.4(19.47%),P:1e-3	Tpos:50.8,Tstd:28.3,Bpos:50.2,Bstd:30.2,StrandBias:-0.4,Multiplicity:1.47
0.001	0.001	0.235	0.763
0.001	0.997	0.001	0.001
0.001	0.001	0.997	0.001
0.001	0.001	0.001	0.997
0.001	0.997	0.001	0.001
0.001	0.001	0.822	0.176
>CAGCAGGR	1-CAGCAGGR	4.161567	-242.662761	0	T:206.0(31.16%),B:2167.0(4.76%),P:1e-105	Tpos:63.8,Tstd:6.6,Bpos:48.4,Bstd:38.5,StrandBias:5.7,Multiplicity:1.03
0.001	0.997	0.001	0.001
0.997	0.001	0.001	0.001
0.001	0.001	0.997	0.001
0.001	0.997	0.001	0.001
0.997	0.001	0.001	0.001
0.001	0.001	0.997	0.001
0.001	0.001	0.997	0.001
0.487	0.147	0.365	0.001
>AGCAGCAG	2-AGCAGCAG	6.254067	-117.125472	0	T:288.0(43.57%),B:8241.0(18.11%),P:1e-50	Tpos:58.9,Tstd:19.6,Bpos:50.0,Bstd:40.3,StrandBias:2.5,Multiplicity:1.17
0.825	0.001	0.071	0.103
0.126	0.031	0.842	0.001
0.031	0.941	0.027	0.001
0.911	0.001	0.051	0.037
0.017	0.001	0.981	0.001
0.001	0.895	0.103	0.001
0.957	0.001	0.041	0.001
0.038	0.081	0.849	0.032
>GATGGAGG	3-GATGGAGG	6.482829	-22.178779	0	T:102.0(15.43%),B:3659.7(8.04%),P:1e-9	Tpos:54.1,Tstd:27.3,Bpos:50.6,Bstd:30.2,StrandBias:0.3,Multiplicity:1.13
0.105	0.001	0.827	0.067
0.927	0.001	0.001	0.071
0.084	0.021	0.186	0.709
0.001	0.059	0.939	0.001
0.001	0.001	0.997	0.001
0.818	0.025	0.138	0.019
0.066	0.001	0.856	0.077
0.001	0.049	0.922	0.028
>TCGTCGTC	4-TCGTCGTC	7.283354	-19.016920	0	T:64.0(9.68%),B:1999.6(4.39%),P:1e-8	Tpos:48.3,Tstd:28.6,Bpos:49.2,Bstd:28.7,StrandBias:-0.2,Multiplicity:1.10
0.001	0.001	0.001	0.997
0.001	0.997	0.001	0.001
0.053	0.001	0.846	0.100
0.001	0.001	0.001	0.997
0.001	0.966	0.032	0.001
0.001	0.001	0.997	0.001
0.001	0.077	0.089	0.833
0.001	0.997	0.001	0.001
>CACCATCA	5-CACCATCA	8.668920	-16.308659	0	T:36.0(5.45%),B:897.5(1.97%),P:1e-7	Tpos:50.2,Tstd:23.3,Bpos:50.0,Bstd:28.5,StrandBias:0.5,Multiplicity:1.00
0.001	0.997	0.001	0.001
0.997	0.001	0.001	0.001
0.001	0.997	0.001	0.001
0.001	0.653	0.345	0.001
0.997	0.001	0.001	0.001
0.001	0.223	0.001	0.775
0.379	0.619	0.001	0.001
0.997	0.001	0.001	0.001
>TATATACA	6-TATATACA	5.853989	-13.463149	0	T:47.0(7.11%),B:1512.6(3.32%),P:1e-5	Tpos:38.6,Tstd:22.8,Bpos:49.5,Bstd:31.1,StrandBias:0.7,Multiplicity:1.11
0.001	0.011	0.001	0.987
0.917	0.001	0.037	0.045
0.001	0.011	0.064	0.924
0.978	0.001	0.001	0.020
0.054	0.090	0.027	0.829
0.897	0.035	0.067	0.001
0.206	0.524	0.131	0.139
0.966	0.001	0.001	0.032
>CGGCGGCG	7-CGGCGGCG	7.337889	-12.026748	0	T:123.0(18.61%),B:5720.3(12.57%),P:1e-5	Tpos:50.9,Tstd:28.3,Bpos:49.5,Bstd:29.7,StrandBias:0.0,Multiplicity:1.24
0.001	0.842	0.067	0.090
0.038	0.039	0.922	0.001
0.001	0.001	0.842	0.156
0.001	0.938	0.037	0.024
0.001	0.086	0.912	0.001
0.001	0.001	0.877	0.121
0.051	0.798	0.094	0.057
0.001	0.060	0.938	0.001
>TACGTACG	8-TACGTACG	6.954913	-8.762252	0	T:20.0(3.03%),B:535.9(1.18%),P:1e-3	Tpos:40.9,Tstd:27.2,Bpos:48.2,Bstd:29.7,StrandBias:-0.4,Multiplicity:1.30
0.026	0.180	0.093	0.701
0.921	0.001	0.050	0.028
0.001	0.961	0.037	0.001
0.036	0.039	0.861	0.064
0.001	0.056	0.031	0.912
0.959	0.028	0.012	0.001
0.081	0.882	0.001	0.036
0.047	0.001	0.951	0.001
