>CAGCAGGAVG	1-CAGCAGGAVG	7.632566	-248.188744	0	T:239.0(36.38%),B:3086.7(6.68%),P:1e-107	Tpos:63.6,Tstd:9.5,Bpos:49.8,Bstd:37.7,StrandBias:5.0,Multiplicity:1.06
0.001	0.997	0.001	0.001
0.946	0.001	0.020	0.033
0.001	0.001	0.997	0.001
0.001	0.997	0.001	0.001
0.984	0.001	0.001	0.014
0.001	0.001	0.997	0.001
0.069	0.078	0.836	0.017
0.471	0.102	0.315	0.111
0.272	0.230	0.335	0.163
0.238	0.154	0.436	0.172
>AACAGCAGCA	2-AACAGCAGCA	5.921553	-63.015479	0	T:240.0(36.53%),B:8483.6(18.37%),P:1e-27	Tpos:54.6,Tstd:21.2,Bpos:50.4,Bstd:36.9,StrandBias:1.8,Multiplicity:1.14
0.561	0.260	0.140	0.039
0.512	0.236	0.175	0.077
0.044	0.733	0.098	0.125
0.746	0.045	0.114	0.095
0.048	0.139	0.765	0.048
0.112	0.783	0.067	0.038
0.692	0.073	0.111	0.124
0.072	0.154	0.657	0.117
0.131	0.804	0.038	0.027
0.756	0.067	0.109	0.068
>CTTCTCTTCT	3-CTTCTCTTCT	8.167516	-22.599268	0	T:60.0(9.13%),B:1682.2(3.64%),P:1e-9	Tpos:53.6,Tstd:25.9,Bpos:50.2,Bstd:31.9,StrandBias:0.2,Multiplicity:1.08
0.001	0.962	0.001	0.036
0.049	0.073	0.199	0.679
0.001	0.190	0.001	0.808
0.001	0.832	0.001	0.166
0.001	0.069	0.001	0.929
0.001	0.997	0.001	0.001
0.001	0.301	0.196	0.502
0.001	0.181	0.089	0.729
0.001	0.808	0.001	0.190
0.001	0.155	0.001	0.843
>CAGCAGGTGG	4-CAGCAGGTGG	7.425796	-22.277388	0	T:68.0(10.35%),B:2058.6(4.46%),P:1e-9	Tpos:50.4,Tstd:21.4,Bpos:49.7,Bstd:31.2,StrandBias:0.8,Multiplicity:1.03
0.183	0.526	0.277	0.014
0.725	0.034	0.060	0.181
0.001	0.200	0.798	0.001
0.097	0.563	0.197	0.143
0.790	0.001	0.088	0.121
0.060	0.045	0.715	0.180
0.022	0.034	0.792	0.152
0.041	0.087	0.181	0.691
0.019	0.019	0.939	0.023
0.001	0.092	0.906	0.001
>GTCACCCGGC	5-GTCACCCGGC	10.454093	-19.984092	0	T:13.0(1.98%),B:95.7(0.21%),P:1e-8	Tpos:52.2,Tstd:25.8,Bpos:53.5,Bstd:25.9,StrandBias:0.2,Multiplicity:1.00
0.001	0.001	0.827	0.171
0.077	0.084	0.001	0.838
0.001	0.997	0.001	0.001
0.822	0.001	0.077	0.100
0.001	0.997	0.001	0.001
0.001	0.914	0.001	0.084
0.001	0.899	0.001	0.099
0.001	0.127	0.871	0.001
0.001	0.107	0.891	0.001
0.001	0.997	0.001	0.001
>TCCTCGTCGT	6-TCCTCGTCGT	9.897563	-19.601718	0	T:17.0(2.59%),B:186.8(0.40%),P:1e-8	Tpos:50.9,Tstd:28.9,Bpos:47.0,Bstd:26.0,StrandBias:-0.2,Multiplicity:1.06
0.001	0.053	0.033	0.913
0.087	0.911	0.001	0.001
0.038	0.862	0.031	0.069
0.001	0.060	0.046	0.893
0.076	0.922	0.001	0.001
0.001	0.038	0.960	0.001
0.060	0.028	0.058	0.854
0.001	0.997	0.001	0.001
0.001	0.205	0.793	0.001
0.001	0.036	0.001	0.962
>AGGAGTACCC	7-AGGAGTACCC	10.296193	-17.448217	0	T:4.0(0.61%),B:2.3(0.01%),P:1e-7	Tpos:78.0,Tstd:10.6,Bpos:48.4,Bstd:31.2,StrandBias:1.6,Multiplicity:1.00
0.700	0.100	0.100	0.100
0.100	0.100	0.700	0.100
0.100	0.100	0.700	0.100
0.700	0.100	0.100	0.100
0.100	0.100	0.700	0.100
0.100	0.100	0.100	0.700
0.700	0.100	0.100	0.100
0.100	0.700	0.100	0.100
0.100	0.700	0.100	0.100
0.100	0.700	0.100	0.100
>CCGCGGCGCC	8-CCGCGGCGCC	6.505061	-16.141688	0	T:154.0(23.44%),B:7197.4(15.58%),P:1e-7	Tpos:53.4,Tstd:27.7,Bpos:49.8,Bstd:29.9,StrandBias:0.1,Multiplicity:1.33
0.090	0.749	0.103	0.058
0.094	0.745	0.113	0.048
0.046	0.083	0.794	0.077
0.057	0.792	0.087	0.064
0.056	0.053	0.837	0.054
0.081	0.075	0.795	0.049
0.031	0.867	0.061	0.041
0.059	0.081	0.795	0.065
0.054	0.816	0.087	0.043
0.069	0.817	0.065	0.049
>TATATATACA	9-TATATATACA	7.165252	-14.116620	0	T:23.0(3.50%),B:480.8(1.04%),P:1e-6	Tpos:34.9,Tstd:25.0,Bpos:50.5,Bstd:27.4,StrandBias:0.4,Multiplicity:1.09
0.061	0.113	0.115	0.711
0.868	0.089	0.023	0.020
0.053	0.112	0.001	0.834
0.862	0.033	0.084	0.021
0.140	0.125	0.033	0.702
0.848	0.054	0.081	0.017
0.039	0.134	0.051	0.776
0.789	0.157	0.036	0.018
0.001	0.850	0.108	0.041
0.767	0.153	0.021	0.059
>ATTTTAAGGC	10-ATTTTAAGGC	8.723539	-14.059341	0	T:7.0(1.07%),B:34.9(0.08%),P:1e-6	Tpos:68.6,Tstd:28.1,Bpos:49.5,Bstd:21.7,StrandBias:-0.4,Multiplicity:1.00
0.997	0.001	0.001	0.001
0.001	0.176	0.001	0.822
0.001	0.001	0.001	0.997
0.001	0.001	0.001	0.997
0.001	0.001	0.001	0.997
0.808	0.001	0.190	0.001
0.997	0.001	0.001	0.001
0.001	0.001	0.997	0.001
0.001	0.001	0.997	0.001
0.001	0.819	0.179	0.001
>CAGGCACACA	11-CAGGCACACA	11.620485	-12.883204	0	T:6.0(0.91%),B:26.1(0.06%),P:1e-5	Tpos:71.8,Tstd:17.2,Bpos:40.8,Bstd:27.0,StrandBias:2.3,Multiplicity:1.00
0.171	0.756	0.072	0.001
0.763	0.134	0.073	0.030
0.124	0.139	0.642	0.095
0.062	0.072	0.790	0.076
0.047	0.786	0.100	0.067
0.821	0.069	0.053	0.057
0.041	0.877	0.020	0.062
0.878	0.017	0.040	0.065
0.047	0.877	0.001	0.075
0.833	0.072	0.094	0.001
>CATCACACCT	12-CATCACACCT	10.296193	-12.496359	0	T:3.0(0.46%),B:2.6(0.01%),P:1e-5	Tpos:74.0,Tstd:16.5,Bpos:65.8,Bstd:10.0,StrandBias:10.0,Multiplicity:1.00
0.100	0.700	0.100	0.100
0.700	0.100	0.100	0.100
0.100	0.100	0.100	0.700
0.100	0.700	0.100	0.100
0.700	0.100	0.100	0.100
0.100	0.700	0.100	0.100
0.700	0.100	0.100	0.100
0.100	0.700	0.100	0.100
0.100	0.700	0.100	0.100
0.100	0.100	0.100	0.700
>TCCGCTAGGG	13-TCCGCTAGGG	10.296193	-12.496359	0	T:3.0(0.46%),B:2.4(0.01%),P:1e-5	Tpos:58.3,Tstd:27.4,Bpos:61.1,Bstd:14.0,StrandBias:-1.0,Multiplicity:1.00
0.100	0.100	0.100	0.700
0.100	0.700	0.100	0.100
0.100	0.700	0.100	0.100
0.100	0.100	0.700	0.100
0.100	0.700	0.100	0.100
0.100	0.100	0.100	0.700
0.700	0.100	0.100	0.100
0.100	0.100	0.700	0.100
0.100	0.100	0.700	0.100
0.100	0.100	0.700	0.100
>AACCCCCGGC	14-AACCCCCGGC	10.296193	-11.290566	0	T:3.0(0.46%),B:3.7(0.01%),P:1e-4	Tpos:30.0,Tstd:17.8,Bpos:40.5,Bstd:12.7,StrandBias:1.0,Multiplicity:1.00
0.700	0.100	0.100	0.100
0.700	0.100	0.100	0.100
0.100	0.700	0.100	0.100
0.100	0.700	0.100	0.100
0.100	0.700	0.100	0.100
0.100	0.700	0.100	0.100
0.100	0.700	0.100	0.100
0.100	0.100	0.700	0.100
0.100	0.100	0.700	0.100
0.100	0.700	0.100	0.100
>CAGACGGAGC	15-CAGACGGAGC	10.296193	-9.779270	0	T:3.0(0.46%),B:5.2(0.01%),P:1e-4	Tpos:55.0,Tstd:16.3,Bpos:59.9,Bstd:10.5,StrandBias:10.0,Multiplicity:1.00
0.100	0.700	0.100	0.100
0.700	0.100	0.100	0.100
0.100	0.100	0.700	0.100
0.700	0.100	0.100	0.100
0.100	0.700	0.100	0.100
0.100	0.100	0.700	0.100
0.100	0.100	0.700	0.100
0.700	0.100	0.100	0.100
0.100	0.100	0.700	0.100
0.100	0.700	0.100	0.100
>GCAGCAGGRRGV	1-GCAGCAGGRRGV	4.764656	-183.482886	0	T:242.0(36.83%),B:4354.3(9.43%),P:1e-79	Tpos:62.6,Tstd:12.2,Bpos:50.4,Bstd:37.5,StrandBias:4.1,Multiplicity:1.09
0.331	0.118	0.550	0.001
0.001	0.997	0.001	0.001
0.997	0.001	0.001	0.001
0.001	0.001	0.997	0.001
0.001	0.997	0.001	0.001
0.997	0.001	0.001	0.001
0.001	0.001	0.997	0.001
0.001	0.296	0.702	0.001
0.537	0.045	0.417	0.001
0.357	0.203	0.286	0.154
0.237	0.305	0.457	0.001
0.308	0.268	0.348	0.077
>CCGCAGCAGGGG	2-CCGCAGCAGGGG	7.862022	-62.018903	0	T:120.0(18.26%),B:2751.7(5.96%),P:1e-26	Tpos:55.4,Tstd:22.9,Bpos:50.4,Bstd:34.4,StrandBias:1.8,Multiplicity:1.04
0.158	0.547	0.178	0.117
0.095	0.669	0.155	0.081
0.018	0.117	0.675	0.190
0.057	0.812	0.109	0.022
0.609	0.061	0.254	0.076
0.001	0.001	0.997	0.001
0.042	0.865	0.092	0.001
0.843	0.064	0.092	0.001
0.011	0.064	0.882	0.043
0.059	0.164	0.734	0.043
0.121	0.094	0.601	0.184
0.001	0.162	0.773	0.064
>GGAGGAGAAGAG	3-GGAGGAGAAGAG	8.787647	-31.399247	0	T:74.0(11.26%),B:1922.4(4.16%),P:1e-13	Tpos:52.4,Tstd:26.2,Bpos:50.0,Bstd:31.7,StrandBias:-0.0,Multiplicity:1.06
0.291	0.044	0.664	0.001
0.183	0.029	0.731	0.057
0.612	0.160	0.212	0.016
0.179	0.001	0.819	0.001
0.245	0.001	0.725	0.029
0.703	0.080	0.160	0.057
0.001	0.001	0.997	0.001
0.630	0.001	0.368	0.001
0.784	0.001	0.214	0.001
0.009	0.136	0.854	0.001
0.745	0.001	0.253	0.001
0.286	0.046	0.597	0.071
>TCAGATCGCGGC	4-TCAGATCGCGGC	13.538870	-26.078249	0	T:5.0(0.76%),B:0.0(0.00%),P:1e-11	Tpos:45.6,Tstd:31.2,Bpos:0.0,Bstd:0.0,StrandBias:-0.6,Multiplicity:1.00
0.001	0.001	0.001	0.997
0.001	0.997	0.001	0.001
0.997	0.001	0.001	0.001
0.001	0.001	0.997	0.001
0.749	0.249	0.001	0.001
0.001	0.001	0.001	0.997
0.249	0.749	0.001	0.001
0.001	0.001	0.997	0.001
0.001	0.997	0.001	0.001
0.001	0.001	0.997	0.001
0.001	0.001	0.997	0.001
0.001	0.749	0.001	0.249
>KCCYCWAGGGTT	5-KCCYCWAGGGTT	13.134694	-26.078249	0	T:5.0(0.76%),B:1.6(0.00%),P:1e-11	Tpos:52.4,Tstd:23.1,Bpos:67.1,Bstd:14.7,StrandBias:-2.0,Multiplicity:1.00
0.001	0.001	0.446	0.552
0.001	0.997	0.001	0.001
0.001	0.966	0.001	0.032
0.001	0.447	0.105	0.447
0.001	0.997	0.001	0.001
0.446	0.001	0.001	0.552
0.997	0.001	0.001	0.001
0.001	0.001	0.997	0.001
0.001	0.001	0.997	0.001
0.001	0.001	0.997	0.001
0.001	0.001	0.001	0.997
0.001	0.001	0.001	0.997
>CAAATGATCATT	6-CAAATGATCATT	11.973214	-25.563192	0	T:6.0(0.91%),B:3.1(0.01%),P:1e-11	Tpos:60.3,Tstd:23.9,Bpos:50.0,Bstd:10.3,StrandBias:1.0,Multiplicity:1.00
0.011	0.752	0.236	0.001
0.763	0.001	0.001	0.235
0.752	0.001	0.246	0.001
0.763	0.235	0.001	0.001
0.001	0.010	0.001	0.988
0.001	0.001	0.763	0.235
0.997	0.001	0.001	0.001
0.001	0.236	0.236	0.527
0.001	0.997	0.001	0.001
0.763	0.001	0.235	0.001
0.001	0.001	0.001	0.997
0.001	0.010	0.001	0.988
>ACCAGGCACACA	7-ACCAGGCACACA	11.452800	-25.563192	0	T:6.0(0.91%),B:3.3(0.01%),P:1e-11	Tpos:71.2,Tstd:17.4,Bpos:33.9,Bstd:11.4,StrandBias:2.3,Multiplicity:1.00
0.681	0.126	0.088	0.105
0.151	0.745	0.103	0.001
0.122	0.739	0.104	0.035
0.809	0.104	0.035	0.052
0.035	0.117	0.746	0.102
0.052	0.117	0.796	0.035
0.018	0.828	0.067	0.087
0.776	0.070	0.087	0.067
0.105	0.808	0.052	0.035
0.672	0.064	0.162	0.102
0.052	0.794	0.067	0.087
0.608	0.137	0.220	0.035
>AAATTACTCGTA	8-AAATTACTCGTA	11.872636	-25.563192	0	T:6.0(0.91%),B:3.7(0.01%),P:1e-11	Tpos:47.2,Tstd:28.4,Bpos:47.4,Bstd:15.5,StrandBias:0.0,Multiplicity:1.00
0.527	0.236	0.236	0.001
0.997	0.001	0.001	0.001
0.971	0.027	0.001	0.001
0.001	0.001	0.001	0.997
0.001	0.001	0.235	0.763
0.763	0.001	0.001	0.235
0.001	0.997	0.001	0.001
0.001	0.235	0.001	0.763
0.235	0.763	0.001	0.001
0.001	0.236	0.527	0.236
0.001	0.001	0.001	0.997
0.997	0.001	0.001	0.001
>CGGGAGCGAGCG	9-CGGGAGCGAGCG	13.564367	-23.731608	0	T:8.0(1.22%),B:14.4(0.03%),P:1e-10	Tpos:49.5,Tstd:23.7,Bpos:63.6,Bstd:24.2,StrandBias:0.7,Multiplicity:1.00
0.053	0.734	0.091	0.122
0.001	0.001	0.997	0.001
0.001	0.121	0.877	0.001
0.001	0.001	0.997	0.001
0.997	0.001	0.001	0.001
0.001	0.121	0.877	0.001
0.001	0.997	0.001	0.001
0.001	0.001	0.997	0.001
0.997	0.001	0.001	0.001
0.001	0.121	0.877	0.001
0.121	0.877	0.001	0.001
0.121	0.001	0.877	0.001
>TGTRATAGCWGA	10-TGTRATAGCWGA	9.727216	-23.024387	0	T:15.0(2.28%),B:108.9(0.24%),P:1e-9	Tpos:37.7,Tstd:21.2,Bpos:46.8,Bstd:30.9,StrandBias:-0.4,Multiplicity:1.00
0.001	0.001	0.001	0.997
0.291	0.001	0.707	0.001
0.001	0.001	0.308	0.690
0.462	0.001	0.536	0.001
0.997	0.001	0.001	0.001
0.291	0.146	0.100	0.463
0.997	0.001	0.001	0.001
0.382	0.001	0.616	0.001
0.154	0.537	0.308	0.001
0.562	0.001	0.001	0.436
0.001	0.001	0.853	0.145
0.997	0.001	0.001	0.001
>GCTGCAGTGCGG	11-GCTGCAGTGCGG	12.904534	-20.608701	0	T:5.0(0.76%),B:3.8(0.01%),P:1e-8	Tpos:66.0,Tstd:23.8,Bpos:28.3,Bstd:24.9,StrandBias:10.0,Multiplicity:1.00
0.001	0.001	0.997	0.001
0.001	0.997	0.001	0.001
0.001	0.001	0.001	0.997
0.001	0.001	0.997	0.001
0.001	0.997	0.001	0.001
0.997	0.001	0.001	0.001
0.001	0.001	0.997	0.001
0.001	0.001	0.130	0.868
0.001	0.001	0.997	0.001
0.001	0.997	0.001	0.001
0.001	0.001	0.997	0.001
0.001	0.001	0.808	0.190
>TCCTCSTCGTCG	12-TCCTCSTCGTCG	9.916463	-19.141510	0	T:22.0(3.35%),B:330.6(0.72%),P:1e-8	Tpos:51.7,Tstd:26.8,Bpos:49.1,Bstd:27.0,StrandBias:-1.2,Multiplicity:1.05
0.001	0.026	0.174	0.799
0.025	0.973	0.001	0.001
0.052	0.519	0.207	0.222
0.142	0.063	0.019	0.776
0.001	0.625	0.232	0.142
0.001	0.433	0.423	0.143
0.184	0.052	0.202	0.562
0.001	0.883	0.078	0.038
0.093	0.162	0.662	0.083
0.052	0.083	0.319	0.546
0.026	0.952	0.021	0.001
0.001	0.308	0.656	0.035
>TTGCCGCCGCCG	13-TTGCCGCCGCCG	13.149602	-19.030464	0	T:10.0(1.52%),B:51.5(0.11%),P:1e-8	Tpos:40.0,Tstd:30.1,Bpos:50.6,Bstd:28.1,StrandBias:-0.6,Multiplicity:1.00
0.001	0.041	0.078	0.880
0.001	0.045	0.066	0.888
0.001	0.001	0.997	0.001
0.001	0.997	0.001	0.001
0.001	0.997	0.001	0.001
0.001	0.001	0.997	0.001
0.174	0.679	0.146	0.001
0.173	0.825	0.001	0.001
0.001	0.001	0.997	0.001
0.001	0.903	0.095	0.001
0.001	0.890	0.001	0.108
0.001	0.001	0.997	0.001
>GTATGTTAGGGT	14-GTATGTTAGGGT	7.730118	-18.302252	0	T:18.0(2.74%),B:230.6(0.50%),P:1e-7	Tpos:44.3,Tstd:26.9,Bpos:48.7,Bstd:26.5,StrandBias:-1.0,Multiplicity:1.06
0.038	0.191	0.619	0.152
0.038	0.152	0.114	0.696
0.657	0.076	0.076	0.191
0.041	0.038	0.155	0.766
0.076	0.038	0.657	0.229
0.001	0.038	0.038	0.923
0.114	0.076	0.114	0.696
0.696	0.038	0.114	0.152
0.038	0.038	0.772	0.152
0.076	0.001	0.847	0.076
0.151	0.001	0.847	0.001
0.038	0.038	0.076	0.848
>CACCARKTGRKT	15-CACCARKTGRKT	13.684902	-14.698219	0	T:4.0(0.61%),B:4.3(0.01%),P:1e-6	Tpos:52.8,Tstd:16.8,Bpos:51.1,Bstd:21.0,StrandBias:0.0,Multiplicity:1.00
0.001	0.997	0.001	0.001
0.973	0.001	0.001	0.025
0.001	0.997	0.001	0.001
0.001	0.997	0.001	0.001
0.997	0.001	0.001	0.001
0.500	0.001	0.473	0.026
0.001	0.001	0.446	0.552
0.001	0.001	0.001	0.997
0.001	0.001	0.997	0.001
0.446	0.001	0.552	0.001
0.001	0.001	0.446	0.552
0.001	0.001	0.001	0.997
>GCGGCGGCGCCG	16-GCGGCGGCGCCG	8.872733	-14.441237	0	T:51.0(7.76%),B:1679.1(3.64%),P:1e-6	Tpos:58.1,Tstd:30.2,Bpos:48.8,Bstd:28.1,StrandBias:0.1,Multiplicity:1.11
0.056	0.109	0.780	0.055
0.038	0.850	0.029	0.083
0.025	0.061	0.866	0.048
0.043	0.056	0.870	0.031
0.015	0.889	0.052	0.044
0.016	0.099	0.863	0.022
0.060	0.140	0.712	0.088
0.059	0.872	0.047	0.022
0.038	0.055	0.833	0.074
0.032	0.794	0.099	0.075
0.007	0.850	0.105	0.038
0.021	0.106	0.827	0.046
>CAGCAG	1-CAGCAG	6.177716	-187.275962	0	T:330.0(50.23%),B:8041.4(17.41%),P:1e-81	Tpos:59.7,Tstd:13.8,Bpos:50.4,Bstd:39.6,StrandBias:3.9,Multiplicity:1.29
0.100	0.700	0.100	0.100
0.700	0.100	0.100	0.100
0.100	0.100	0.700	0.100
0.100	0.700	0.100	0.100
0.700	0.100	0.100	0.100
0.100	0.100	0.700	0.100
>TTGGTT	2-TTGGTT	7.092081	-12.126527	0	T:79.0(12.02%),B:3304.3(7.15%),P:1e-5	Tpos:53.9,Tstd:29.3,Bpos:50.5,Bstd:30.9,StrandBias:-1.1,Multiplicity:1.08
0.001	0.001	0.001	0.997
0.001	0.001	0.001	0.997
0.001	0.298	0.700	0.001
0.001	0.001	0.997	0.001
0.001	0.001	0.001	0.997
0.001	0.001	0.001	0.997
>AATTAS	3-AATTAS	4.532100	-9.959489	0	T:105.0(15.98%),B:5032.3(10.90%),P:1e-4	Tpos:47.6,Tstd:30.9,Bpos:49.8,Bstd:29.7,StrandBias:0.2,Multiplicity:1.25
0.519	0.149	0.102	0.230
0.618	0.081	0.124	0.177
0.101	0.001	0.001	0.897
0.068	0.001	0.001	0.930
0.778	0.123	0.098	0.001
0.001	0.333	0.420	0.246
>CGCCGC	4-CGCCGC	7.563523	-9.026821	0	T:129.0(19.63%),B:6617.4(14.33%),P:1e-3	Tpos:56.2,Tstd:27.9,Bpos:49.7,Bstd:30.5,StrandBias:0.0,Multiplicity:1.44
0.001	0.808	0.190	0.001
0.001	0.001	0.997	0.001
0.001	0.782	0.216	0.001
0.001	0.852	0.146	0.001
0.001	0.001	0.879	0.119
0.001	0.997	0.001	0.001
>TATATA	5-TATATA	7.209118	-5.907033	0	T:33.0(5.02%),B:1367.1(2.96%),P:1e-2	Tpos:37.2,Tstd:27.0,Bpos:49.6,Bstd:29.3,StrandBias:0.2,Multiplicity:1.21
0.001	0.001	0.001	0.997
0.997	0.001	0.001	0.001
0.001	0.001	0.001	0.997
0.663	0.001	0.335	0.001
0.001	0.001	0.001	0.997
0.997	0.001	0.001	0.001
>VCAGCAGG	1-VCAGCAGG	9.006540	-240.500771	0	T:208.0(31.66%),B:2294.3(4.97%),P:1e-104	Tpos:62.5,Tstd:8.1,Bpos:49.6,Bstd:38.0,StrandBias:5.7,Multiplicity:1.03
0.240	0.246	0.380	0.134
0.001	0.997	0.001	0.001
0.997	0.001	0.001	0.001
0.001	0.001	0.997	0.001
0.004	0.986	0.001	0.009
0.991	0.001	0.007	0.001
0.001	0.001	0.997	0.001
0.023	0.001	0.962	0.014
>AGCAGCAG	2-AGCAGCAG	7.246074	-97.859000	0	T:219.0(33.33%),B:5807.6(12.57%),P:1e-42	Tpos:56.4,Tstd:18.2,Bpos:50.3,Bstd:38.8,StrandBias:2.9,Multiplicity:1.07
0.903	0.050	0.001	0.046
0.117	0.087	0.720	0.076
0.001	0.935	0.023	0.041
0.948	0.001	0.050	0.001
0.024	0.025	0.950	0.001
0.001	0.997	0.001	0.001
0.860	0.075	0.064	0.001
0.063	0.001	0.895	0.041
>GGCGCCGC	3-GGCGCCGC	6.423493	-20.134578	0	T:140.0(21.31%),B:5971.7(12.93%),P:1e-8	Tpos:52.0,Tstd:28.1,Bpos:49.8,Bstd:30.1,StrandBias:0.0,Multiplicity:1.24
0.001	0.107	0.860	0.032
0.059	0.152	0.788	0.001
0.025	0.846	0.106	0.023
0.001	0.001	0.997	0.001
0.017	0.843	0.078	0.062
0.001	0.956	0.042	0.001
0.031	0.017	0.929	0.023
0.001	0.909	0.055	0.035
>CCCCTAAA	4-CCCCTAAA	8.106542	-14.495553	0	T:16.0(2.44%),B:237.8(0.51%),P:1e-6	Tpos:50.6,Tstd:21.9,Bpos:51.9,Bstd:27.6,StrandBias:2.0,Multiplicity:1.00
0.001	0.997	0.001	0.001
0.001	0.997	0.001	0.001
0.001	0.997	0.001	0.001
0.001	0.997	0.001	0.001
0.001	0.001	0.001	0.997
0.805	0.193	0.001	0.001
0.997	0.001	0.001	0.001
0.934	0.001	0.001	0.064
>ACATATCG	5-ACATATCG	10.956154	-11.567123	0	T:5.0(0.76%),B:19.2(0.04%),P:1e-5	Tpos:47.2,Tstd:34.9,Bpos:69.1,Bstd:23.8,StrandBias:2.0,Multiplicity:1.00
0.893	0.001	0.105	0.001
0.001	0.997	0.001	0.001
0.997	0.001	0.001	0.001
0.001	0.001	0.001	0.997
0.997	0.001	0.001	0.001
0.001	0.001	0.001	0.997
0.001	0.997	0.001	0.001
0.001	0.001	0.997	0.001
>TCGTCGTC	6-TCGTCGTC	6.761818	-10.159331	0	T:69.0(10.50%),B:2938.5(6.36%),P:1e-4	Tpos:54.4,Tstd:30.1,Bpos:48.8,Bstd:28.4,StrandBias:-0.5,Multiplicity:1.07
0.033	0.001	0.001	0.965
0.022	0.976	0.001	0.001
0.001	0.111	0.773	0.115
0.024	0.001	0.001	0.974
0.019	0.979	0.001	0.001
0.001	0.079	0.765	0.155
0.068	0.087	0.001	0.844
0.001	0.976	0.001	0.022
>TATATACA	7-TATATACA	4.955378	-7.958192	0	T:56.0(8.52%),B:2434.1(5.27%),P:1e-3	Tpos:41.2,Tstd:26.8,Bpos:50.6,Bstd:29.2,StrandBias:0.3,Multiplicity:1.07
0.076	0.087	0.087	0.750
0.804	0.060	0.049	0.087
0.057	0.128	0.075	0.740
0.842	0.058	0.039	0.061
0.059	0.076	0.080	0.785
0.664	0.127	0.142	0.067
0.069	0.727	0.136	0.068
0.701	0.054	0.122	0.123
