Now running MotifSetReduce.pl with arguments -m cluster6.meme -l 5 -t 0.09 -c 0.5 ...



Consensus motifs at merging threshold 0.09:

DE	motif_10_84mm (7 positions) IC= 12.054
0.016	0.029	0.001	0.955	T	1.684
0.001	0.001	0.997	0.001	G	1.966
0.001	0.997	0.001	0.001	C	1.966
0.001	0.834	0.001	0.164	C	1.333
0.001	0.001	0.001	0.997	T	1.966
0.028	0.001	0.892	0.079	G	1.409
0.016	0.963	0.001	0.020	C	1.729
XX

DE	motif_train3_92mmmm (8 positions) IC= 10.606
0.038	0.045	0.884	0.033	G	1.300
0.035	0.922	0.029	0.014	C	1.490
0.910	0.021	0.035	0.034	A	1.424
0.036	0.051	0.893	0.019	G	1.350
0.049	0.066	0.847	0.038	G	1.145
0.026	0.924	0.024	0.026	C	1.490
0.839	0.056	0.074	0.031	A	1.121
0.067	0.043	0.875	0.015	G	1.285
XX

DE	motif_train9_18 (10 positions) IC=  5.125
0.017	0.582	0.336	0.065	S	0.661
0.010	0.395	0.062	0.533	Y	0.672
0.104	0.289	0.227	0.381	N	0.127
0.024	0.382	0.315	0.279	N	0.302
0.041	0.567	0.048	0.344	Y	0.607
0.089	0.073	0.461	0.376	K	0.368
0.026	0.053	0.536	0.385	K	0.626
0.025	0.572	0.216	0.187	S	0.476
0.019	0.532	0.064	0.385	Y	0.623
0.046	0.178	0.091	0.685	T	0.664
XX

DE	motif_10_10mmmmmm (5 positions) IC=  4.684
0.030	0.796	0.081	0.093	C	0.974
0.053	0.091	0.137	0.719	T	0.724
0.025	0.056	0.879	0.040	G	1.285
0.049	0.756	0.151	0.044	C	0.871
0.034	0.734	0.058	0.175	C	0.829
XX
