Now running MotifSetReduce.pl with arguments -m cluster2.meme -l 5 -t 0.09 -c 0.5 ...



Consensus motifs at merging threshold 0.09:

DE	motif_10_85mm (5 positions) IC=  7.550
0.002	0.735	0.261	0.001	C	1.138
0.004	0.008	0.001	0.987	T	1.884
0.991	0.001	0.001	0.007	A	1.915
0.001	0.305	0.693	0.001	G	1.091
0.005	0.078	0.004	0.913	T	1.522
XX

DE	motif_10_13mmm (5 positions) IC=  5.843
0.031	0.066	0.032	0.870	T	1.251
0.823	0.015	0.134	0.029	A	1.143
0.007	0.572	0.412	0.009	S	0.902
0.021	0.073	0.013	0.893	T	1.382
0.838	0.015	0.108	0.039	A	1.165
XX

DE	motif_train1_18mmmmm (5 positions) IC=  4.558
0.063	0.085	0.057	0.795	T	0.947
0.793	0.028	0.108	0.071	A	0.971
0.120	0.567	0.226	0.087	S	0.377
0.034	0.084	0.036	0.846	T	1.160
0.837	0.042	0.052	0.069	A	1.104
XX
