Now running MotifSetReduce.pl with arguments -m cluster7.meme -l 5 -t 0.09 -c 0.5 ...



Consensus motifs at merging threshold 0.09:

DE	motif_train9_9 (10 positions) IC=  9.863
0.096	0.039	0.838	0.027	G	1.139
0.108	0.711	0.089	0.092	C	0.676
0.050	0.076	0.805	0.069	G	0.983
0.046	0.067	0.865	0.022	G	1.232
0.049	0.772	0.076	0.103	C	0.878
0.074	0.048	0.744	0.134	G	0.806
0.077	0.033	0.827	0.063	G	1.075
0.066	0.830	0.038	0.066	C	1.080
0.061	0.044	0.790	0.105	G	0.946
0.074	0.034	0.820	0.072	G	1.048
XX

DE	motif_train2_32mmmm (5 positions) IC=  4.723
0.006	0.902	0.006	0.086	C	1.474
0.278	0.634	0.046	0.042	C	0.672
0.176	0.136	0.678	0.010	G	0.723
0.032	0.929	0.017	0.022	C	1.522
0.293	0.508	0.127	0.072	M	0.332
XX

DE	motif_10_11mmmt (5 positions) IC=  4.111
0.104	0.068	0.778	0.051	G	0.897
0.077	0.768	0.079	0.076	C	0.851
0.158	0.659	0.093	0.090	C	0.552
0.088	0.073	0.757	0.082	G	0.815
0.052	0.807	0.086	0.055	C	0.995
XX
