Now running MotifSetReduce.pl with arguments -m cluster4.meme -l 5 -t 0.09 -c 0.5 ...



Consensus motifs at merging threshold 0.09:

DE	motif_10_37mm (8 positions) IC=  7.930
0.078	0.809	0.073	0.040	C	1.004
0.780	0.064	0.098	0.058	A	0.899
0.054	0.804	0.112	0.029	C	1.017
0.692	0.071	0.138	0.099	A	0.636
0.093	0.047	0.823	0.037	G	1.068
0.042	0.857	0.082	0.019	C	1.213
0.773	0.054	0.118	0.055	A	0.891
0.043	0.859	0.070	0.029	C	1.201
XX

DE	motif_10_35mmm (8 positions) IC=  7.807
0.079	0.020	0.805	0.096	G	1.024
0.038	0.925	0.019	0.018	C	1.502
0.934	0.021	0.026	0.018	A	1.548
0.369	0.225	0.291	0.115	N	0.108
0.351	0.346	0.076	0.227	N	0.172
0.083	0.095	0.804	0.018	G	1.021
0.018	0.953	0.013	0.015	C	1.655
0.742	0.107	0.088	0.063	A	0.777
XX

DE	motif_train1_35m (7 positions) IC=  6.941
0.062	0.071	0.059	0.808	T	0.992
0.017	0.032	0.923	0.028	G	1.489
0.019	0.848	0.080	0.053	C	1.175
0.341	0.087	0.083	0.489	W	0.362
0.029	0.273	0.586	0.111	S	0.536
0.038	0.078	0.058	0.826	T	1.067
0.026	0.057	0.887	0.031	G	1.320
XX
