Now running MotifSetReduce.pl with arguments -m cluster9.meme -l 5 -t 0.09 -c 0.5 ...



Consensus motifs at merging threshold 0.09:

DE	motif_train6_71 (8 positions) IC=  7.078
0.044	0.821	0.001	0.134	C	1.170
0.047	0.811	0.079	0.063	C	1.007
0.154	0.771	0.037	0.038	C	0.940
0.609	0.168	0.109	0.114	A	0.426
0.144	0.167	0.048	0.641	T	0.545
0.023	0.766	0.001	0.210	C	1.097
0.095	0.775	0.065	0.065	C	0.880
0.101	0.807	0.060	0.032	C	1.014
XX

DE	motif_10_72mmmmm (8 positions) IC=  6.020
0.013	0.089	0.735	0.163	G	0.854
0.128	0.041	0.827	0.005	G	1.169
0.470	0.011	0.512	0.007	R	0.875
0.529	0.097	0.175	0.199	N	0.283
0.121	0.197	0.261	0.421	N	0.138
0.010	0.122	0.590	0.277	K	0.599
0.065	0.037	0.887	0.011	G	1.344
0.328	0.051	0.612	0.009	G	0.758
XX

DE	motif_train4_72m (7 positions) IC=  5.983
0.025	0.803	0.026	0.146	C	1.072
0.022	0.932	0.022	0.025	C	1.534
0.502	0.332	0.092	0.075	M	0.375
0.210	0.666	0.031	0.092	C	0.663
0.159	0.205	0.042	0.595	Y	0.474
0.031	0.758	0.045	0.166	C	0.908
0.110	0.789	0.071	0.030	C	0.957
XX

DE	motif_10_2mmmmmmmm (5 positions) IC=  3.828
0.559	0.141	0.189	0.112	N	0.325
0.135	0.123	0.133	0.609	T	0.415
0.019	0.177	0.036	0.768	T	0.985
0.016	0.760	0.050	0.174	C	0.948
0.057	0.848	0.065	0.030	C	1.154
XX
