Now running MotifSetReduce.pl with arguments -m cluster8.meme -l 5 -t 0.09 -c 0.5 ...



Consensus motifs at merging threshold 0.09:

DE	motif_train6_50m (11 positions) IC= 14.261
0.017	0.018	0.018	0.947	T	1.617
0.013	0.137	0.060	0.790	T	1.010
0.825	0.009	0.021	0.144	A	1.186
0.005	0.041	0.018	0.936	T	1.579
0.013	0.906	0.005	0.075	C	1.467
0.044	0.022	0.031	0.903	T	1.390
0.022	0.064	0.051	0.863	T	1.220
0.026	0.909	0.030	0.035	C	1.419
0.026	0.026	0.026	0.922	T	1.481
0.065	0.603	0.109	0.224	C	0.472
0.022	0.908	0.042	0.027	C	1.419
XX

DE	motif_train5_93m (8 positions) IC= 14.035
0.001	0.001	0.997	0.001	G	1.966
0.997	0.001	0.001	0.001	A	1.966
0.015	0.001	0.001	0.982	T	1.862
0.982	0.001	0.001	0.015	A	1.862
0.977	0.001	0.007	0.015	A	1.817
0.031	0.001	0.967	0.001	G	1.778
0.001	0.001	0.997	0.001	G	1.966
0.748	0.093	0.038	0.120	A	0.819
XX

DE	motif_10_17mmmmmmmmmmmmmm (6 positions) IC=  8.819
0.018	0.845	0.032	0.105	C	1.190
0.007	0.053	0.005	0.935	T	1.599
0.010	0.147	0.095	0.748	T	0.892
0.949	0.006	0.029	0.016	A	1.639
0.007	0.009	0.029	0.955	T	1.680
0.008	0.978	0.002	0.012	C	1.820
XX
