Now running MotifSetReduce.pl with arguments -m cluster5.meme -l 5 -t 0.09 -c 0.5 ...



Consensus motifs at merging threshold 0.09:

DE	motif_10_32 (12 positions) IC= 13.757
0.851	0.061	0.053	0.035	A	1.162
0.044	0.061	0.885	0.010	G	1.333
0.644	0.139	0.153	0.064	A	0.527
0.049	0.826	0.054	0.071	C	1.061
0.071	0.049	0.865	0.015	G	1.244
0.926	0.030	0.015	0.029	A	1.507
0.039	0.066	0.865	0.030	G	1.226
0.653	0.107	0.206	0.034	A	0.618
0.025	0.854	0.075	0.046	C	1.188
0.066	0.044	0.870	0.020	G	1.255
0.911	0.020	0.044	0.025	A	1.433
0.053	0.063	0.859	0.025	G	1.203
XX

DE	motif_train7_41t (11 positions) IC= 10.772
0.016	0.097	0.830	0.057	G	1.119
0.076	0.314	0.027	0.583	Y	0.598
0.001	0.086	0.912	0.001	G	1.554
0.508	0.205	0.008	0.279	W	0.465
0.029	0.050	0.894	0.027	G	1.351
0.100	0.204	0.227	0.469	N	0.202
0.019	0.471	0.486	0.024	S	0.745
0.343	0.346	0.043	0.268	N	0.236
0.001	0.004	0.994	0.001	G	1.940
0.136	0.143	0.040	0.681	T	0.644
0.001	0.007	0.991	0.001	G	1.917
XX

DE	motif_train5_31m (6 positions) IC=  5.216
0.657	0.092	0.174	0.076	A	0.561
0.060	0.823	0.076	0.041	C	1.052
0.778	0.054	0.127	0.041	A	0.924
0.056	0.802	0.104	0.038	C	0.994
0.779	0.060	0.113	0.047	A	0.911
0.058	0.188	0.714	0.040	G	0.775
XX

DE	motif_10_74mmmmt (5 positions) IC=  5.039
0.159	0.028	0.793	0.020	G	1.055
0.688	0.168	0.034	0.110	A	0.678
0.056	0.037	0.889	0.017	G	1.339
0.680	0.148	0.055	0.118	A	0.621
0.034	0.050	0.893	0.023	G	1.346
XX

DE	motif_10_8mmmmm (6 positions) IC=  4.541
0.065	0.225	0.085	0.624	T	0.530
0.101	0.743	0.044	0.113	C	0.794
0.280	0.035	0.598	0.087	R	0.566
0.066	0.052	0.135	0.747	T	0.816
0.012	0.860	0.052	0.075	C	1.230
0.127	0.118	0.074	0.681	T	0.603
XX

DE	motif_train1_10mm (5 positions) IC=  4.391
0.056	0.824	0.086	0.034	C	1.066
0.317	0.098	0.212	0.373	N	0.142
0.021	0.873	0.067	0.039	C	1.269
0.059	0.046	0.154	0.741	T	0.819
0.032	0.831	0.087	0.050	C	1.096
XX

DE	motif_train1_28m (5 positions) IC=  4.133
0.019	0.170	0.102	0.708	T	0.767
0.009	0.613	0.047	0.331	C	0.769
0.020	0.646	0.112	0.222	C	0.645
0.024	0.198	0.058	0.720	T	0.827
0.013	0.819	0.037	0.131	C	1.125
XX

DE	motif_train1_74mt (6 positions) IC=  3.969
0.187	0.012	0.781	0.019	G	1.079
0.727	0.115	0.046	0.112	A	0.749
0.203	0.030	0.700	0.067	G	0.761
0.564	0.068	0.307	0.061	R	0.501
0.091	0.469	0.253	0.186	N	0.220
0.196	0.038	0.674	0.092	G	0.659
XX

DE	motif_10_7mmmmmmmmm (5 positions) IC=  3.883
0.068	0.816	0.089	0.027	C	1.046
0.755	0.039	0.089	0.117	A	0.839
0.116	0.718	0.138	0.027	C	0.760
0.643	0.038	0.140	0.179	A	0.570
0.056	0.689	0.176	0.078	C	0.668
XX

DE	motif_10_3mm (5 positions) IC=  3.846
0.037	0.401	0.312	0.250	N	0.271
0.033	0.299	0.066	0.602	T	0.617
0.008	0.800	0.025	0.167	C	1.123
0.029	0.174	0.125	0.673	T	0.655
0.009	0.822	0.021	0.148	C	1.180
XX

DE	motif_10_79mmmm (5 positions) IC=  3.365
0.025	0.182	0.748	0.045	G	0.903
0.221	0.128	0.053	0.598	W	0.471
0.055	0.173	0.671	0.102	G	0.610
0.052	0.166	0.129	0.653	T	0.565
0.025	0.048	0.703	0.224	G	0.815
XX
