Now running MotifSetReduce.pl with arguments -m cluster3.meme -l 5 -t 0.09 -c 0.5 ...



Consensus motifs at merging threshold 0.09:

DE	motif_10_9mm (8 positions) IC= 12.471
0.019	0.031	0.135	0.814	T	1.103
0.926	0.033	0.010	0.032	A	1.513
0.015	0.007	0.970	0.007	G	1.759
0.009	0.004	0.981	0.007	G	1.836
0.004	0.043	0.921	0.032	G	1.504
0.009	0.017	0.005	0.969	T	1.757
0.005	0.010	0.009	0.976	T	1.800
0.030	0.116	0.012	0.842	T	1.200
XX

DE	motif_train1_34mm (8 positions) IC= 10.260
0.770	0.028	0.113	0.089	A	0.898
0.973	0.012	0.007	0.007	A	1.780
0.948	0.010	0.031	0.011	A	1.633
0.044	0.817	0.055	0.084	C	1.032
0.027	0.903	0.042	0.029	C	1.388
0.005	0.980	0.009	0.007	C	1.825
0.113	0.029	0.031	0.827	T	1.113
0.654	0.188	0.045	0.113	A	0.590
XX

DE	motif_train8_74 (8 positions) IC=  9.196
0.054	0.013	0.932	0.001	G	1.587
0.220	0.001	0.778	0.001	G	1.218
0.971	0.016	0.001	0.012	A	1.777
0.318	0.180	0.325	0.177	N	0.060
0.190	0.212	0.433	0.164	N	0.120
0.001	0.150	0.837	0.012	G	1.288
0.001	0.001	0.997	0.001	G	1.966
0.757	0.001	0.241	0.001	A	1.181
XX

DE	motif_10_6mmmm (5 positions) IC=  4.368
0.059	0.698	0.136	0.107	C	0.661
0.106	0.105	0.648	0.141	G	0.512
0.093	0.143	0.054	0.711	T	0.703
0.002	0.027	0.020	0.951	T	1.662
0.021	0.179	0.073	0.727	T	0.830
XX

DE	motif_10_78m (5 positions) IC=  3.806
0.779	0.079	0.107	0.035	A	0.917
0.820	0.044	0.077	0.059	A	1.039
0.647	0.101	0.151	0.101	A	0.514
0.102	0.699	0.098	0.102	C	0.639
0.098	0.129	0.712	0.061	G	0.697
XX

DE	motif_train4_30t (7 positions) IC=  3.759
0.118	0.105	0.066	0.711	T	0.686
0.075	0.096	0.226	0.603	T	0.470
0.034	0.089	0.646	0.231	G	0.628
0.110	0.224	0.525	0.141	N	0.280
0.111	0.189	0.160	0.540	N	0.291
0.043	0.133	0.095	0.729	T	0.763
0.045	0.124	0.148	0.683	T	0.642
XX

DE	motif_train1_27mmmmm (5 positions) IC=  3.213
0.053	0.594	0.055	0.297	Y	0.578
0.042	0.699	0.068	0.191	C	0.729
0.140	0.356	0.113	0.391	N	0.187
0.019	0.780	0.057	0.144	C	0.973
0.027	0.701	0.188	0.084	C	0.746
XX

DE	motif_train2_77mmt (5 positions) IC=  2.885
0.042	0.039	0.551	0.368	K	0.622
0.035	0.033	0.674	0.259	G	0.781
0.087	0.096	0.497	0.321	K	0.344
0.057	0.018	0.693	0.232	G	0.805
0.159	0.052	0.493	0.295	K	0.333
XX

DE	motif_train3_30mm (5 positions) IC=  2.759
0.541	0.361	0.061	0.037	M	0.570
0.774	0.120	0.068	0.038	A	0.906
0.530	0.254	0.163	0.053	M	0.360
0.276	0.512	0.167	0.045	M	0.360
0.301	0.581	0.089	0.030	M	0.563
XX

DE	motif_10_28mmmmmmm (5 positions) IC=  2.657
0.484	0.383	0.009	0.124	M	0.530
0.309	0.467	0.095	0.130	M	0.259
0.190	0.661	0.092	0.057	C	0.599
0.256	0.497	0.136	0.111	M	0.253
0.250	0.727	0.010	0.013	C	1.016
XX

DE	motif_10_30mmmm (5 positions) IC=  2.476
0.202	0.366	0.350	0.082	N	0.177
0.617	0.172	0.150	0.061	A	0.477
0.779	0.093	0.081	0.048	A	0.899
0.643	0.120	0.151	0.087	A	0.506
0.167	0.604	0.132	0.097	C	0.417
XX
