>CGACGACGACGA	15-CGACGACGACGA,BestGuess:Unknown4/Arabidopsis-Promoters/Homer(0.720)	9.081069	-26.232012	0	T:82.0(4.43%),B:837.2(1.88%),P:1e-11
0.001	0.893	0.050	0.056
0.039	0.088	0.861	0.012
0.789	0.057	0.111	0.043
0.031	0.843	0.032	0.094
0.015	0.036	0.948	0.001
0.733	0.063	0.135	0.069
0.045	0.856	0.039	0.060
0.016	0.063	0.896	0.025
0.796	0.064	0.083	0.057
0.056	0.844	0.084	0.016
0.066	0.079	0.813	0.042
0.734	0.142	0.069	0.055
