>CGCAGCAGCAGG	2-CGCAGCAGCAGG	5.990841	-192.714345	0	T:919.0(49.70%),B:12541.6(28.23%),P:1e-83
0.177	0.442	0.219	0.162
0.120	0.114	0.683	0.083
0.100	0.679	0.174	0.047
0.515	0.182	0.157	0.146
0.049	0.109	0.837	0.005
0.017	0.803	0.164	0.016
0.582	0.124	0.157	0.137
0.029	0.049	0.914	0.008
0.114	0.710	0.141	0.035
0.546	0.145	0.182	0.127
0.158	0.066	0.716	0.060
0.146	0.186	0.591	0.077
