>MATAYATATATA	18-MATAYATATATA	5.440573	-25.719750	0	T:175.0(9.46%),B:2449.0(5.51%),P:1e-11
0.298	0.410	0.089	0.203
0.662	0.173	0.057	0.108
0.132	0.148	0.176	0.544
0.607	0.113	0.202	0.078
0.164	0.476	0.001	0.359
0.931	0.044	0.001	0.024
0.242	0.202	0.064	0.492
0.830	0.020	0.121	0.029
0.064	0.144	0.054	0.738
0.745	0.044	0.142	0.069
0.093	0.323	0.054	0.530
0.898	0.035	0.034	0.033
