>TGAGTAACGAAA	17-TGAGTAACGAAA	8.572191	-25.831555	0	T:26.0(1.41%),B:112.3(0.25%),P:1e-11
0.137	0.068	0.160	0.635
0.023	0.091	0.840	0.046
0.750	0.068	0.068	0.114
0.068	0.114	0.772	0.046
0.161	0.070	0.182	0.587
0.667	0.068	0.241	0.024
0.770	0.001	0.138	0.091
0.196	0.572	0.115	0.117
0.068	0.046	0.816	0.070
0.955	0.001	0.022	0.022
0.840	0.046	0.046	0.068
0.804	0.046	0.104	0.046
