>CAGCAGGRAGAG	4-CAGCAGGRAGAG	10.587697	-73.072181	0	T:47.0(2.54%),B:103.2(0.23%),P:1e-31
0.121	0.741	0.137	0.001
0.546	0.097	0.156	0.201
0.065	0.001	0.902	0.032
0.214	0.666	0.119	0.001
0.909	0.001	0.001	0.089
0.001	0.064	0.903	0.032
0.333	0.001	0.531	0.135
0.491	0.097	0.379	0.033
0.869	0.001	0.001	0.129
0.294	0.097	0.608	0.001
0.976	0.022	0.001	0.001
0.310	0.001	0.567	0.122
