>CAGCAGGRRV	1-CAGCAGGRRV	8.687985	-211.919699	0	T:217.0(32.49%),B:2867.0(6.28%),P:1e-92	Tpos:51.6,Tstd:10.7,Bpos:51.2,Bstd:40.7,StrandBias:4.2,Multiplicity:1.07
0.001	0.997	0.001	0.001
0.997	0.001	0.001	0.001
0.001	0.001	0.997	0.001
0.001	0.997	0.001	0.001
0.997	0.001	0.001	0.001
0.001	0.001	0.997	0.001
0.001	0.172	0.826	0.001
0.511	0.111	0.377	0.001
0.353	0.208	0.370	0.068
0.302	0.344	0.353	0.001
>AGCAGCAGCA	2-AGCAGCAGCA	5.754072	-125.281655	0	T:356.0(53.29%),B:11386.4(24.96%),P:1e-54	Tpos:52.9,Tstd:21.3,Bpos:50.3,Bstd:37.0,StrandBias:2.2,Multiplicity:1.17
0.649	0.161	0.110	0.080
0.121	0.132	0.671	0.076
0.066	0.782	0.118	0.034
0.747	0.101	0.095	0.057
0.067	0.103	0.806	0.024
0.093	0.659	0.172	0.076
0.756	0.058	0.106	0.080
0.064	0.099	0.765	0.072
0.118	0.582	0.249	0.051
0.589	0.139	0.215	0.057
>ATCCTGGAAA	3-ATCCTGGAAA	10.901344	-27.301396	0	T:9.0(1.35%),B:14.8(0.03%),P:1e-11	Tpos:49.2,Tstd:30.4,Bpos:38.0,Bstd:15.7,StrandBias:-0.3,Multiplicity:1.00
0.897	0.101	0.001	0.001
0.001	0.001	0.001	0.997
0.001	0.997	0.001	0.001
0.001	0.997	0.001	0.001
0.001	0.001	0.001	0.997
0.001	0.001	0.997	0.001
0.151	0.001	0.847	0.001
0.695	0.001	0.152	0.152
0.997	0.001	0.001	0.001
0.886	0.001	0.001	0.112
>CTGCTGGACT	4-CTGCTGGACT	10.043218	-24.874409	0	T:17.0(2.54%),B:127.8(0.28%),P:1e-10	Tpos:43.5,Tstd:17.3,Bpos:48.8,Bstd:33.5,StrandBias:-1.7,Multiplicity:1.00
0.001	0.892	0.001	0.106
0.001	0.058	0.089	0.852
0.001	0.078	0.920	0.001
0.001	0.997	0.001	0.001
0.001	0.054	0.001	0.944
0.089	0.001	0.821	0.089
0.058	0.058	0.883	0.001
0.966	0.032	0.001	0.001
0.001	0.937	0.001	0.061
0.039	0.034	0.039	0.888
>CGCCGCCGGC	5-CGCCGCCGGC	6.646722	-23.697099	0	T:161.0(24.10%),B:6641.2(14.56%),P:1e-10	Tpos:54.4,Tstd:27.3,Bpos:50.6,Bstd:30.3,StrandBias:0.1,Multiplicity:1.24
0.065	0.754	0.078	0.103
0.069	0.045	0.814	0.072
0.084	0.717	0.091	0.108
0.069	0.805	0.056	0.070
0.081	0.030	0.819	0.070
0.054	0.781	0.094	0.071
0.041	0.848	0.054	0.057
0.047	0.053	0.859	0.041
0.087	0.084	0.778	0.051
0.039	0.832	0.058	0.071
>GTCCCTCTTC	6-GTCCCTCTTC	10.108984	-23.274773	0	T:15.0(2.25%),B:103.9(0.23%),P:1e-10	Tpos:54.5,Tstd:30.8,Bpos:53.8,Bstd:31.2,StrandBias:-1.0,Multiplicity:1.00
0.060	0.022	0.917	0.001
0.001	0.038	0.001	0.960
0.001	0.895	0.069	0.035
0.001	0.953	0.001	0.045
0.066	0.873	0.001	0.060
0.001	0.135	0.091	0.773
0.001	0.815	0.084	0.100
0.001	0.069	0.001	0.929
0.001	0.001	0.062	0.936
0.001	0.997	0.001	0.001
>TGAMATATKT	7-TGAMATATKT	8.709337	-21.099382	0	T:15.0(2.25%),B:122.0(0.27%),P:1e-9	Tpos:42.4,Tstd:25.9,Bpos:53.4,Bstd:30.4,StrandBias:-1.0,Multiplicity:1.07
0.001	0.001	0.001	0.997
0.299	0.001	0.699	0.001
0.638	0.001	0.001	0.360
0.504	0.494	0.001	0.001
0.997	0.001	0.001	0.001
0.001	0.001	0.089	0.909
0.997	0.001	0.001	0.001
0.001	0.107	0.001	0.891
0.069	0.001	0.461	0.469
0.274	0.001	0.001	0.724
>AGAGCATCGT	8-AGAGCATCGT	6.814956	-20.254574	0	T:12.0(1.80%),B:73.3(0.16%),P:1e-8	Tpos:35.6,Tstd:28.8,Bpos:50.5,Bstd:29.4,StrandBias:1.4,Multiplicity:1.00
0.997	0.001	0.001	0.001
0.050	0.001	0.948	0.001
0.997	0.001	0.001	0.001
0.037	0.144	0.818	0.001
0.001	0.997	0.001	0.001
0.911	0.087	0.001	0.001
0.001	0.001	0.290	0.708
0.001	0.997	0.001	0.001
0.001	0.001	0.997	0.001
0.001	0.001	0.001	0.997
>CCCATTTCCC	9-CCCATTTCCC	6.240003	-18.973009	0	T:75.0(11.23%),B:2503.1(5.49%),P:1e-8	Tpos:55.7,Tstd:26.7,Bpos:50.6,Bstd:29.0,StrandBias:0.5,Multiplicity:1.12
0.087	0.772	0.018	0.123
0.001	0.941	0.036	0.022
0.164	0.782	0.001	0.053
0.748	0.103	0.094	0.055
0.136	0.105	0.088	0.671
0.033	0.077	0.090	0.800
0.025	0.128	0.100	0.747
0.001	0.797	0.123	0.079
0.022	0.898	0.027	0.053
0.073	0.851	0.001	0.075
>AWACCTAAKC	10-AWACCTAAKC	7.187003	-17.563999	0	T:23.0(3.44%),B:382.3(0.84%),P:1e-7	Tpos:42.9,Tstd:24.1,Bpos:49.9,Bstd:29.1,StrandBias:0.1,Multiplicity:1.00
0.593	0.029	0.001	0.377
0.547	0.030	0.001	0.422
0.997	0.001	0.001	0.001
0.001	0.997	0.001	0.001
0.001	0.997	0.001	0.001
0.001	0.381	0.001	0.617
0.851	0.001	0.001	0.147
0.858	0.001	0.001	0.140
0.001	0.001	0.520	0.478
0.035	0.962	0.001	0.002
>AGCAGTCATT	11-AGCAGTCATT	10.296193	-17.333342	0	T:4.0(0.60%),B:2.4(0.01%),P:1e-7	Tpos:45.0,Tstd:15.8,Bpos:59.2,Bstd:6.6,StrandBias:10.0,Multiplicity:1.00
0.700	0.100	0.100	0.100
0.100	0.100	0.700	0.100
0.100	0.700	0.100	0.100
0.700	0.100	0.100	0.100
0.100	0.100	0.700	0.100
0.100	0.100	0.100	0.700
0.100	0.700	0.100	0.100
0.700	0.100	0.100	0.100
0.100	0.100	0.100	0.700
0.100	0.100	0.100	0.700
>TGTYTYCATT	12-TGTYTYCATT	6.520236	-16.438084	0	T:62.0(9.28%),B:2033.9(4.46%),P:1e-7	Tpos:54.4,Tstd:27.4,Bpos:50.0,Bstd:30.5,StrandBias:-1.3,Multiplicity:1.03
0.001	0.001	0.001	0.997
0.040	0.048	0.767	0.145
0.121	0.223	0.059	0.597
0.001	0.366	0.201	0.432
0.253	0.165	0.001	0.581
0.233	0.322	0.001	0.445
0.048	0.644	0.307	0.001
0.728	0.001	0.001	0.270
0.001	0.137	0.091	0.771
0.019	0.001	0.351	0.629
>TACACACAGC	13-TACACACAGC	12.326309	-16.277121	0	T:5.0(0.75%),B:7.2(0.02%),P:1e-7	Tpos:46.2,Tstd:28.8,Bpos:61.6,Bstd:16.8,StrandBias:10.0,Multiplicity:1.00
0.001	0.001	0.001	0.997
0.777	0.001	0.001	0.221
0.001	0.997	0.001	0.001
0.997	0.001	0.001	0.001
0.001	0.997	0.001	0.001
0.997	0.001	0.001	0.001
0.001	0.997	0.001	0.001
0.997	0.001	0.001	0.001
0.001	0.001	0.997	0.001
0.001	0.997	0.001	0.001
>CCTTCTCCTT	14-CCTTCTCCTT	9.413434	-14.924874	0	T:25.0(3.74%),B:515.7(1.13%),P:1e-6	Tpos:59.4,Tstd:25.4,Bpos:49.7,Bstd:33.5,StrandBias:-0.8,Multiplicity:1.08
0.061	0.863	0.047	0.029
0.001	0.997	0.001	0.001
0.043	0.001	0.071	0.885
0.001	0.042	0.001	0.956
0.001	0.883	0.068	0.048
0.074	0.039	0.001	0.886
0.001	0.980	0.001	0.018
0.001	0.791	0.088	0.120
0.041	0.001	0.001	0.957
0.057	0.119	0.001	0.823
>TTATGTTCAA	15-TTATGTTCAA	10.296193	-14.478887	0	T:3.0(0.45%),B:1.4(0.00%),P:1e-6	Tpos:44.7,Tstd:31.0,Bpos:49.1,Bstd:12.2,StrandBias:1.0,Multiplicity:1.00
0.100	0.100	0.100	0.700
0.100	0.100	0.100	0.700
0.700	0.100	0.100	0.100
0.100	0.100	0.100	0.700
0.100	0.100	0.700	0.100
0.100	0.100	0.100	0.700
0.100	0.100	0.100	0.700
0.100	0.700	0.100	0.100
0.700	0.100	0.100	0.100
0.700	0.100	0.100	0.100
>DWDCAGCAGGVH	1-DWDCAGCAGGVH	9.274971	-133.094756	0	T:95.0(14.22%),B:720.3(1.58%),P:1e-57	Tpos:51.8,Tstd:8.0,Bpos:51.8,Bstd:38.7,StrandBias:4.8,Multiplicity:1.00
0.289	0.001	0.375	0.334
0.333	0.167	0.167	0.333
0.335	0.167	0.206	0.292
0.001	0.958	0.040	0.001
0.916	0.001	0.082	0.001
0.001	0.001	0.997	0.001
0.001	0.997	0.001	0.001
0.997	0.001	0.001	0.001
0.042	0.001	0.956	0.001
0.082	0.001	0.916	0.001
0.291	0.248	0.337	0.124
0.293	0.290	0.084	0.332
>CAGCAGCAGSAG	2-CAGCAGCAGSAG	6.436405	-115.043049	0	T:289.0(43.26%),B:8290.3(18.17%),P:1e-49	Tpos:51.1,Tstd:15.1,Bpos:50.0,Bstd:37.5,StrandBias:3.0,Multiplicity:1.22
0.165	0.579	0.210	0.046
0.617	0.096	0.189	0.098
0.098	0.107	0.777	0.018
0.091	0.754	0.100	0.055
0.791	0.089	0.076	0.044
0.064	0.064	0.808	0.064
0.046	0.807	0.129	0.018
0.844	0.026	0.112	0.018
0.108	0.136	0.701	0.055
0.126	0.469	0.332	0.073
0.771	0.027	0.177	0.025
0.208	0.236	0.519	0.037
>CAGCAGCAGGGA	3-CAGCAGCAGGGA	6.964929	-102.109399	0	T:198.0(29.64%),B:4575.1(10.03%),P:1e-44	Tpos:51.4,Tstd:24.0,Bpos:49.7,Bstd:35.5,StrandBias:0.9,Multiplicity:1.07
0.112	0.712	0.119	0.057
0.632	0.122	0.151	0.095
0.091	0.092	0.704	0.113
0.062	0.850	0.065	0.023
0.680	0.104	0.120	0.096
0.091	0.060	0.815	0.034
0.042	0.851	0.073	0.034
0.779	0.065	0.091	0.065
0.086	0.100	0.730	0.084
0.043	0.100	0.783	0.074
0.023	0.157	0.731	0.089
0.734	0.118	0.034	0.114
>ACCCCATTTCCC	4-ACCCCATTTCCC	7.114477	-25.718868	0	T:50.0(7.49%),B:1113.5(2.44%),P:1e-11	Tpos:54.5,Tstd:25.5,Bpos:50.1,Bstd:28.1,StrandBias:1.0,Multiplicity:1.15
0.546	0.124	0.103	0.227
0.050	0.713	0.118	0.119
0.106	0.793	0.018	0.083
0.035	0.877	0.035	0.053
0.158	0.754	0.070	0.018
0.827	0.070	0.053	0.050
0.088	0.053	0.112	0.747
0.053	0.133	0.124	0.690
0.088	0.134	0.124	0.654
0.018	0.826	0.068	0.088
0.053	0.791	0.035	0.121
0.123	0.788	0.001	0.088
>AGCAGTCATTGC	5-AGCAGTCATTGC	9.322555	-25.689891	0	T:12.0(1.80%),B:45.6(0.10%),P:1e-11	Tpos:56.7,Tstd:19.7,Bpos:45.4,Bstd:22.6,StrandBias:2.3,Multiplicity:1.00
0.839	0.159	0.001	0.001
0.001	0.001	0.991	0.007
0.001	0.839	0.159	0.001
0.839	0.001	0.001	0.159
0.001	0.001	0.997	0.001
0.001	0.001	0.001	0.997
0.160	0.679	0.160	0.001
0.839	0.001	0.001	0.159
0.160	0.001	0.007	0.832
0.001	0.001	0.001	0.997
0.007	0.001	0.672	0.320
0.320	0.511	0.168	0.001
>AAATGSAAGCCG	6-AAATGSAAGCCG	9.393043	-23.997541	0	T:11.0(1.65%),B:41.0(0.09%),P:1e-10	Tpos:53.5,Tstd:28.8,Bpos:52.2,Bstd:20.1,StrandBias:2.2,Multiplicity:1.00
0.839	0.001	0.001	0.159
0.997	0.001	0.001	0.001
0.989	0.001	0.009	0.001
0.009	0.001	0.001	0.989
0.001	0.159	0.839	0.001
0.160	0.321	0.359	0.160
0.678	0.001	0.320	0.001
0.989	0.001	0.009	0.001
0.001	0.001	0.839	0.159
0.001	0.839	0.159	0.001
0.001	0.997	0.001	0.001
0.320	0.001	0.678	0.001
>CATAAADAGGCG	7-CATAAADAGGCG	9.430335	-23.993249	0	T:13.0(1.95%),B:66.2(0.15%),P:1e-10	Tpos:29.0,Tstd:17.8,Bpos:60.0,Bstd:28.7,StrandBias:0.2,Multiplicity:1.00
0.268	0.553	0.178	0.001
0.910	0.001	0.001	0.088
0.001	0.001	0.001	0.997
0.732	0.178	0.089	0.001
0.536	0.001	0.195	0.268
0.997	0.001	0.001	0.001
0.285	0.089	0.267	0.359
0.732	0.001	0.266	0.001
0.001	0.001	0.997	0.001
0.090	0.090	0.731	0.089
0.089	0.627	0.106	0.178
0.001	0.177	0.821	0.001
>AGCAGCAGAGGG	8-AGCAGCAGAGGG	10.612003	-22.254122	0	T:17.0(2.54%),B:151.9(0.33%),P:1e-9	Tpos:46.3,Tstd:14.9,Bpos:54.9,Bstd:31.5,StrandBias:10.0,Multiplicity:1.00
0.742	0.086	0.086	0.086
0.001	0.085	0.913	0.001
0.085	0.913	0.001	0.001
0.913	0.001	0.085	0.001
0.086	0.001	0.763	0.150
0.001	0.741	0.086	0.172
0.841	0.001	0.086	0.072
0.172	0.064	0.763	0.001
0.827	0.001	0.086	0.086
0.001	0.001	0.927	0.071
0.085	0.001	0.913	0.001
0.172	0.001	0.741	0.086
>CAGCAGGAGCTC	9-CAGCAGGAGCTC	10.174235	-21.549536	0	T:21.0(3.14%),B:254.3(0.56%),P:1e-9	Tpos:51.8,Tstd:14.3,Bpos:47.9,Bstd:36.2,StrandBias:1.2,Multiplicity:1.00
0.001	0.997	0.001	0.001
0.840	0.054	0.105	0.001
0.104	0.001	0.894	0.001
0.001	0.789	0.105	0.105
0.630	0.159	0.001	0.210
0.104	0.001	0.894	0.001
0.001	0.001	0.997	0.001
0.684	0.105	0.210	0.001
0.105	0.105	0.789	0.001
0.001	0.684	0.105	0.210
0.001	0.001	0.001	0.997
0.105	0.789	0.105	0.001
>ATTCCAGCAAAG	10-ATTCCAGCAAAG	14.374068	-20.094296	0	T:4.0(0.60%),B:0.8(0.00%),P:1e-8	Tpos:34.5,Tstd:28.7,Bpos:18.0,Bstd:0.0,StrandBias:0.0,Multiplicity:1.00
0.792	0.001	0.206	0.001
0.001	0.001	0.001	0.997
0.001	0.001	0.206	0.792
0.001	0.826	0.172	0.001
0.001	0.997	0.001	0.001
0.997	0.001	0.001	0.001
0.001	0.001	0.997	0.001
0.001	0.997	0.001	0.001
0.792	0.001	0.001	0.206
0.997	0.001	0.001	0.001
0.997	0.001	0.001	0.001
0.001	0.001	0.997	0.001
>TACACACAGCTT	11-TACACACAGCTT	14.640156	-20.094296	0	T:4.0(0.60%),B:1.4(0.00%),P:1e-8	Tpos:38.2,Tstd:25.4,Bpos:51.1,Bstd:25.1,StrandBias:10.0,Multiplicity:1.00
0.001	0.001	0.001	0.997
0.997	0.001	0.001	0.001
0.001	0.997	0.001	0.001
0.997	0.001	0.001	0.001
0.001	0.997	0.001	0.001
0.997	0.001	0.001	0.001
0.001	0.997	0.001	0.001
0.997	0.001	0.001	0.001
0.001	0.249	0.749	0.001
0.001	0.997	0.001	0.001
0.001	0.001	0.249	0.749
0.249	0.001	0.001	0.749
>GCTMGCTGGTTG	12-GCTMGCTGGTTG	14.201580	-20.094296	0	T:4.0(0.60%),B:1.7(0.00%),P:1e-8	Tpos:70.0,Tstd:10.5,Bpos:44.5,Bstd:19.4,StrandBias:0.0,Multiplicity:1.00
0.001	0.001	0.997	0.001
0.001	0.997	0.001	0.001
0.001	0.001	0.001	0.997
0.540	0.458	0.001	0.001
0.001	0.001	0.997	0.001
0.001	0.997	0.001	0.001
0.001	0.001	0.001	0.997
0.001	0.001	0.997	0.001
0.001	0.001	0.790	0.208
0.001	0.001	0.001	0.997
0.001	0.001	0.001	0.997
0.001	0.249	0.749	0.001
>GCAGGAGCAGCK	13-GCAGGAGCAGCK	9.617622	-18.805533	0	T:32.0(4.79%),B:656.3(1.44%),P:1e-8	Tpos:52.9,Tstd:21.1,Bpos:48.1,Bstd:34.2,StrandBias:1.3,Multiplicity:1.00
0.001	0.120	0.836	0.043
0.253	0.574	0.170	0.003
0.691	0.074	0.191	0.044
0.151	0.001	0.847	0.001
0.001	0.001	0.997	0.001
0.767	0.004	0.001	0.228
0.001	0.001	0.997	0.001
0.108	0.811	0.080	0.001
0.632	0.324	0.043	0.001
0.238	0.058	0.703	0.001
0.001	0.897	0.101	0.001
0.250	0.001	0.443	0.306
>CGCGAGCGCAGG	14-CGCGAGCGCAGG	10.490035	-18.633582	0	T:14.0(2.10%),B:125.0(0.27%),P:1e-8	Tpos:49.5,Tstd:32.4,Bpos:53.1,Bstd:30.1,StrandBias:0.2,Multiplicity:1.00
0.001	0.997	0.001	0.001
0.112	0.112	0.775	0.001
0.001	0.923	0.075	0.001
0.111	0.001	0.887	0.001
0.887	0.111	0.001	0.001
0.001	0.001	0.997	0.001
0.001	0.662	0.336	0.001
0.001	0.112	0.775	0.112
0.001	0.775	0.223	0.001
0.887	0.001	0.001	0.111
0.112	0.001	0.775	0.112
0.001	0.188	0.699	0.112
>GCAGCAGGAAGC	15-GCAGCAGGAAGC	9.933799	-18.523903	0	T:22.0(3.29%),B:332.5(0.73%),P:1e-8	Tpos:39.3,Tstd:17.8,Bpos:48.8,Bstd:35.9,StrandBias:0.8,Multiplicity:1.08
0.001	0.181	0.637	0.181
0.272	0.546	0.181	0.001
0.727	0.001	0.091	0.181
0.181	0.001	0.817	0.001
0.001	0.997	0.001	0.001
0.637	0.001	0.181	0.181
0.090	0.001	0.908	0.001
0.001	0.001	0.997	0.001
0.817	0.001	0.091	0.091
0.997	0.001	0.001	0.001
0.001	0.001	0.997	0.001
0.090	0.908	0.001	0.001
>ATVTACGTATGT	16-ATVTACGTATGT	12.876727	-17.333342	0	T:4.0(0.60%),B:2.1(0.00%),P:1e-7	Tpos:32.0,Tstd:31.6,Bpos:59.7,Bstd:27.3,StrandBias:10.0,Multiplicity:1.00
0.997	0.001	0.001	0.001
0.001	0.001	0.001	0.997
0.309	0.309	0.382	0.001
0.001	0.001	0.001	0.997
0.690	0.308	0.001	0.001
0.001	0.974	0.001	0.024
0.381	0.001	0.617	0.001
0.001	0.001	0.001	0.997
0.997	0.001	0.001	0.001
0.001	0.024	0.001	0.974
0.308	0.001	0.690	0.001
0.001	0.001	0.001	0.997
>GGACAGCAGGGC	17-GGACAGCAGGGC	10.152348	-15.859173	0	T:15.0(2.25%),B:181.2(0.40%),P:1e-6	Tpos:48.7,Tstd:17.2,Bpos:53.2,Bstd:32.8,StrandBias:1.2,Multiplicity:1.00
0.001	0.110	0.888	0.001
0.001	0.001	0.888	0.110
0.997	0.001	0.001	0.001
0.111	0.777	0.111	0.001
0.666	0.111	0.222	0.001
0.001	0.110	0.888	0.001
0.222	0.666	0.111	0.001
0.888	0.001	0.001	0.110
0.110	0.001	0.888	0.001
0.001	0.001	0.888	0.110
0.001	0.001	0.888	0.110
0.111	0.666	0.222	0.001
>CCAGCARGAGCN	18-CCAGCARGAGCN	12.797141	-12.572937	0	T:8.0(1.20%),B:59.5(0.13%),P:1e-5	Tpos:60.8,Tstd:10.2,Bpos:63.0,Bstd:0.0,StrandBias:10.0,Multiplicity:1.00
0.001	0.856	0.001	0.142
0.001	0.856	0.142	0.001
0.997	0.001	0.001	0.001
0.001	0.001	0.997	0.001
0.001	0.997	0.001	0.001
0.856	0.001	0.142	0.001
0.428	0.001	0.570	0.001
0.001	0.001	0.997	0.001
0.571	0.001	0.285	0.143
0.001	0.001	0.997	0.001
0.001	0.997	0.001	0.001
0.286	0.286	0.143	0.286
>AGCGCGTGCGCG	19-AGCGCGTGCGCG	12.355432	-12.410365	0	T:3.0(0.45%),B:3.0(0.01%),P:1e-5	Tpos:32.0,Tstd:31.2,Bpos:50.7,Bstd:16.2,StrandBias:10.0,Multiplicity:1.00
0.700	0.100	0.100	0.100
0.100	0.100	0.700	0.100
0.100	0.700	0.100	0.100
0.100	0.100	0.700	0.100
0.100	0.700	0.100	0.100
0.100	0.100	0.700	0.100
0.100	0.100	0.100	0.700
0.100	0.100	0.700	0.100
0.100	0.700	0.100	0.100
0.100	0.100	0.700	0.100
0.100	0.700	0.100	0.100
0.100	0.100	0.700	0.100
>TGTTGKRGSWGC	20-TGTTGKRGSWGC	11.391062	-11.687467	0	T:5.0(0.75%),B:18.2(0.04%),P:1e-5	Tpos:63.0,Tstd:19.6,Bpos:55.1,Bstd:27.7,StrandBias:-0.6,Multiplicity:1.00
0.001	0.001	0.001	0.997
0.001	0.001	0.997	0.001
0.001	0.001	0.001	0.997
0.079	0.001	0.001	0.919
0.001	0.001	0.997	0.001
0.001	0.001	0.499	0.499
0.552	0.001	0.446	0.001
0.001	0.001	0.997	0.001
0.001	0.552	0.446	0.001
0.472	0.001	0.001	0.526
0.001	0.026	0.972	0.001
0.026	0.972	0.001	0.001
>NNNNNNNNNNNN	21-NNNNNNNNNNNN	-nan	0.000000	0	T:0.0(0.00%),B:0.0(0.00%),P:1e0	Tpos:0.0,Tstd:0.0,Bpos:0.0,Bstd:0.0,StrandBias:0.0,Multiplicity:1.00
-nan	-nan	-nan	-nan
-nan	-nan	-nan	-nan
-nan	-nan	-nan	-nan
-nan	-nan	-nan	-nan
-nan	-nan	-nan	-nan
-nan	-nan	-nan	-nan
-nan	-nan	-nan	-nan
-nan	-nan	-nan	-nan
-nan	-nan	-nan	-nan
-nan	-nan	-nan	-nan
-nan	-nan	-nan	-nan
-nan	-nan	-nan	-nan
>NNNNNNNNNNNN	22-NNNNNNNNNNNN	-nan	0.000000	0	T:0.0(0.00%),B:0.0(0.00%),P:1e0	Tpos:0.0,Tstd:0.0,Bpos:0.0,Bstd:0.0,StrandBias:0.0,Multiplicity:1.00
-nan	-nan	-nan	-nan
-nan	-nan	-nan	-nan
-nan	-nan	-nan	-nan
-nan	-nan	-nan	-nan
-nan	-nan	-nan	-nan
-nan	-nan	-nan	-nan
-nan	-nan	-nan	-nan
-nan	-nan	-nan	-nan
-nan	-nan	-nan	-nan
-nan	-nan	-nan	-nan
-nan	-nan	-nan	-nan
-nan	-nan	-nan	-nan
>CAGCAG	1-CAGCAG	6.177716	-188.699267	0	T:342.0(51.20%),B:8300.1(18.19%),P:1e-81	Tpos:51.4,Tstd:13.2,Bpos:50.9,Bstd:40.9,StrandBias:3.7,Multiplicity:1.33
0.100	0.700	0.100	0.100
0.700	0.100	0.100	0.100
0.100	0.100	0.700	0.100
0.100	0.700	0.100	0.100
0.700	0.100	0.100	0.100
0.100	0.100	0.700	0.100
>CGGCGG	2-CGGCGG	5.479523	-18.119432	0	T:289.0(43.26%),B:14996.2(32.87%),P:1e-7	Tpos:51.3,Tstd:25.7,Bpos:50.0,Bstd:33.0,StrandBias:0.2,Multiplicity:1.64
0.001	0.997	0.001	0.001
0.133	0.087	0.596	0.184
0.001	0.086	0.836	0.077
0.001	0.997	0.001	0.001
0.127	0.060	0.812	0.001
0.001	0.001	0.997	0.001
>CATATA	3-CATATA	5.488215	-11.160089	0	T:72.0(10.78%),B:2922.3(6.41%),P:1e-4	Tpos:40.0,Tstd:25.9,Bpos:49.8,Bstd:30.6,StrandBias:0.2,Multiplicity:1.08
0.001	0.643	0.001	0.355
0.850	0.148	0.001	0.001
0.001	0.001	0.001	0.997
0.997	0.001	0.001	0.001
0.001	0.001	0.001	0.997
0.889	0.001	0.001	0.109
>TCGATC	4-TCGATC	4.698911	-9.094236	0	T:197.0(29.49%),B:10599.9(23.23%),P:1e-3	Tpos:48.5,Tstd:28.6,Bpos:50.7,Bstd:30.2,StrandBias:-0.2,Multiplicity:1.28
0.002	0.003	0.107	0.888
0.001	0.997	0.001	0.001
0.248	0.001	0.510	0.241
0.700	0.001	0.001	0.298
0.001	0.095	0.001	0.903
0.104	0.893	0.002	0.001
>TCAACA	5-TCAACA	6.795394	-8.108292	0	T:71.0(10.63%),B:3175.9(6.96%),P:1e-3	Tpos:55.3,Tstd:29.9,Bpos:49.8,Bstd:31.0,StrandBias:0.6,Multiplicity:1.06
0.001	0.001	0.001	0.997
0.001	0.997	0.001	0.001
0.997	0.001	0.001	0.001
0.824	0.001	0.174	0.001
0.268	0.730	0.001	0.001
0.997	0.001	0.001	0.001
>CAGCAGGR	1-CAGCAGGR	8.812141	-252.088982	0	T:202.0(30.24%),B:1939.1(4.25%),P:1e-109	Tpos:52.2,Tstd:10.9,Bpos:50.5,Bstd:40.6,StrandBias:4.5,Multiplicity:1.03
0.001	0.997	0.001	0.001
0.989	0.009	0.001	0.001
0.001	0.001	0.997	0.001
0.001	0.997	0.001	0.001
0.989	0.001	0.009	0.001
0.011	0.001	0.987	0.001
0.001	0.136	0.850	0.013
0.484	0.126	0.371	0.019
>CAGCAGCA	2-CAGCAGCA	5.166326	-149.154048	0	T:428.0(64.07%),B:14508.2(31.80%),P:1e-64	Tpos:49.9,Tstd:19.7,Bpos:50.3,Bstd:38.5,StrandBias:1.7,Multiplicity:1.25
0.096	0.773	0.061	0.070
0.680	0.085	0.090	0.145
0.079	0.087	0.777	0.057
0.059	0.860	0.030	0.051
0.733	0.056	0.117	0.094
0.079	0.077	0.803	0.041
0.132	0.682	0.135	0.051
0.700	0.030	0.172	0.098
>ASMACCCA	3-ASMACCCA	6.383545	-19.600197	0	T:92.0(13.77%),B:3300.5(7.23%),P:1e-8	Tpos:48.0,Tstd:26.7,Bpos:50.2,Bstd:29.8,StrandBias:1.5,Multiplicity:1.13
0.540	0.372	0.001	0.087
0.106	0.422	0.471	0.001
0.511	0.392	0.001	0.096
0.874	0.001	0.005	0.120
0.276	0.722	0.001	0.001
0.001	0.902	0.001	0.096
0.001	0.878	0.001	0.120
0.618	0.001	0.341	0.040
>CGSCGGCR	4-CGSCGGCR	7.262134	-18.203458	0	T:137.0(20.51%),B:5809.7(12.73%),P:1e-7	Tpos:53.7,Tstd:25.9,Bpos:50.4,Bstd:30.2,StrandBias:-0.2,Multiplicity:1.20
0.001	0.878	0.001	0.120
0.001	0.042	0.843	0.114
0.001	0.365	0.470	0.164
0.001	0.743	0.001	0.255
0.001	0.280	0.718	0.001
0.001	0.002	0.858	0.139
0.001	0.997	0.001	0.001
0.484	0.001	0.514	0.001
>ATATATAT	5-ATATATAT	7.620271	-10.082699	0	T:24.0(3.59%),B:643.9(1.41%),P:1e-4	Tpos:40.8,Tstd:27.2,Bpos:51.4,Bstd:30.0,StrandBias:1.1,Multiplicity:1.17
0.746	0.104	0.149	0.001
0.001	0.001	0.015	0.983
0.908	0.090	0.001	0.001
0.109	0.001	0.001	0.889
0.997	0.001	0.001	0.001
0.001	0.181	0.001	0.817
0.653	0.001	0.221	0.125
0.001	0.001	0.001	0.997
