>CAGCAGCAGG	1-CAGCAGCAGG	7.650560	-154.165166	0	T:217.0(32.44%),B:3893.7(8.63%),P:1e-66	Tpos:52.0,Tstd:12.4,Bpos:49.7,Bstd:39.7,StrandBias:3.2,Multiplicity:1.07
0.153	0.635	0.149	0.063
0.540	0.100	0.193	0.167
0.001	0.370	0.628	0.001
0.001	0.997	0.001	0.001
0.968	0.001	0.001	0.030
0.001	0.001	0.997	0.001
0.001	0.658	0.340	0.001
0.971	0.001	0.001	0.027
0.067	0.001	0.836	0.096
0.210	0.040	0.749	0.001
>TCACAGCAGG	2-TCACAGCAGG	7.269145	-70.872170	0	T:84.0(12.56%),B:1195.0(2.65%),P:1e-30	Tpos:48.3,Tstd:12.2,Bpos:49.0,Bstd:35.6,StrandBias:2.7,Multiplicity:1.01
0.181	0.075	0.083	0.661
0.080	0.658	0.115	0.147
0.742	0.067	0.037	0.154
0.024	0.928	0.025	0.023
0.774	0.047	0.092	0.087
0.043	0.047	0.823	0.087
0.084	0.873	0.016	0.027
0.895	0.038	0.027	0.040
0.048	0.040	0.882	0.030
0.086	0.064	0.772	0.078
>GCCCTGCAGC	3-GCCCTGCAGC	7.328340	-63.732899	0	T:115.0(17.19%),B:2396.5(5.31%),P:1e-27	Tpos:52.5,Tstd:22.5,Bpos:51.8,Bstd:38.2,StrandBias:0.2,Multiplicity:1.02
0.246	0.135	0.618	0.001
0.137	0.466	0.274	0.123
0.001	0.772	0.001	0.226
0.001	0.943	0.055	0.001
0.076	0.106	0.001	0.817
0.239	0.012	0.748	0.001
0.054	0.781	0.164	0.001
0.825	0.014	0.041	0.120
0.179	0.001	0.784	0.036
0.124	0.824	0.051	0.001
>GAGAAGGAGA	4-GAGAAGGAGA	6.908252	-31.326325	0	T:104.0(15.55%),B:3151.3(6.98%),P:1e-13	Tpos:49.6,Tstd:26.0,Bpos:48.9,Bstd:33.3,StrandBias:0.6,Multiplicity:1.06
0.043	0.079	0.833	0.045
0.734	0.093	0.089	0.084
0.041	0.060	0.884	0.015
0.831	0.029	0.064	0.076
0.776	0.080	0.036	0.108
0.078	0.058	0.792	0.072
0.075	0.060	0.782	0.083
0.772	0.066	0.062	0.100
0.058	0.078	0.808	0.056
0.798	0.029	0.092	0.081
>ATCATCATCA	5-ATCATCATCA	6.957499	-23.473961	0	T:58.0(8.67%),B:1494.5(3.31%),P:1e-10	Tpos:58.2,Tstd:25.8,Bpos:49.8,Bstd:32.9,StrandBias:0.3,Multiplicity:1.05
0.758	0.117	0.045	0.080
0.111	0.056	0.097	0.736
0.061	0.850	0.024	0.065
0.794	0.084	0.069	0.053
0.045	0.078	0.079	0.798
0.028	0.828	0.064	0.080
0.828	0.104	0.039	0.029
0.081	0.064	0.052	0.803
0.039	0.843	0.066	0.052
0.768	0.054	0.067	0.111
>TCTAGAAATC	6-TCTAGAAATC	10.808043	-23.229929	0	T:9.0(1.35%),B:22.9(0.05%),P:1e-10	Tpos:46.1,Tstd:28.0,Bpos:46.5,Bstd:27.6,StrandBias:0.0,Multiplicity:1.11
0.109	0.001	0.001	0.889
0.001	0.997	0.001	0.001
0.203	0.001	0.001	0.795
0.997	0.001	0.001	0.001
0.001	0.001	0.997	0.001
0.836	0.001	0.001	0.162
0.878	0.001	0.120	0.001
0.836	0.001	0.162	0.001
0.001	0.001	0.001	0.997
0.001	0.897	0.101	0.001
>GGACAGCTTC	7-GGACAGCTTC	12.924599	-22.047876	0	T:7.0(1.05%),B:10.9(0.02%),P:1e-9	Tpos:52.1,Tstd:34.5,Bpos:46.5,Bstd:20.6,StrandBias:-2.6,Multiplicity:1.00
0.001	0.001	0.997	0.001
0.001	0.001	0.997	0.001
0.997	0.001	0.001	0.001
0.001	0.997	0.001	0.001
0.997	0.001	0.001	0.001
0.001	0.001	0.596	0.402
0.001	0.997	0.001	0.001
0.001	0.001	0.001	0.997
0.001	0.001	0.001	0.997
0.001	0.997	0.001	0.001
>ATTCCATCCC	8-ATTCCATCCC	9.131552	-20.553926	0	T:14.0(2.09%),B:105.9(0.23%),P:1e-8	Tpos:50.8,Tstd:29.3,Bpos:47.6,Bstd:30.3,StrandBias:0.0,Multiplicity:1.14
0.839	0.057	0.103	0.001
0.001	0.001	0.001	0.997
0.001	0.057	0.001	0.941
0.001	0.997	0.001	0.001
0.001	0.997	0.001	0.001
0.837	0.038	0.124	0.001
0.084	0.084	0.061	0.771
0.001	0.835	0.001	0.163
0.001	0.875	0.123	0.001
0.001	0.997	0.001	0.001
>GTGAAAAACG	9-GTGAAAAACG	12.680719	-20.045162	0	T:4.0(0.60%),B:1.2(0.00%),P:1e-8	Tpos:35.2,Tstd:35.1,Bpos:62.5,Bstd:7.4,StrandBias:1.6,Multiplicity:1.00
0.001	0.001	0.997	0.001
0.001	0.315	0.001	0.683
0.001	0.001	0.997	0.001
0.997	0.001	0.001	0.001
0.997	0.001	0.001	0.001
0.997	0.001	0.001	0.001
0.997	0.001	0.001	0.001
0.997	0.001	0.001	0.001
0.001	0.997	0.001	0.001
0.001	0.001	0.997	0.001
>GAAGCGTAAG	10-GAAGCGTAAG	10.324259	-19.846184	0	T:11.0(1.64%),B:59.2(0.13%),P:1e-8	Tpos:63.0,Tstd:22.5,Bpos:53.0,Bstd:27.1,StrandBias:2.2,Multiplicity:1.00
0.001	0.001	0.997	0.001
0.860	0.138	0.001	0.001
0.860	0.001	0.138	0.001
0.001	0.001	0.997	0.001
0.001	0.860	0.138	0.001
0.102	0.001	0.896	0.001
0.001	0.001	0.101	0.897
0.842	0.093	0.064	0.001
0.896	0.001	0.102	0.001
0.001	0.001	0.997	0.001
>GCCAAATAGT	11-GCCAAATAGT	6.928147	-16.644974	0	T:6.0(0.90%),B:13.6(0.03%),P:1e-7	Tpos:47.8,Tstd:27.4,Bpos:33.5,Bstd:22.3,StrandBias:0.0,Multiplicity:1.00
0.001	0.001	0.997	0.001
0.001	0.997	0.001	0.001
0.001	0.997	0.001	0.001
0.997	0.001	0.001	0.001
0.997	0.001	0.001	0.001
0.997	0.001	0.001	0.001
0.001	0.001	0.001	0.997
0.997	0.001	0.001	0.001
0.001	0.001	0.997	0.001
0.217	0.001	0.217	0.565
>GGGCGGCATC	12-GGGCGGCATC	12.680719	-16.216567	0	T:5.0(0.75%),B:7.6(0.02%),P:1e-7	Tpos:24.6,Tstd:20.5,Bpos:43.5,Bstd:18.9,StrandBias:0.6,Multiplicity:1.00
0.001	0.001	0.997	0.001
0.001	0.001	0.997	0.001
0.001	0.001	0.997	0.001
0.001	0.997	0.001	0.001
0.001	0.001	0.997	0.001
0.001	0.001	0.683	0.315
0.001	0.997	0.001	0.001
0.997	0.001	0.001	0.001
0.001	0.001	0.001	0.997
0.001	0.997	0.001	0.001
>AGCAATAACA	13-AGCAATAACA	11.751675	-16.212875	0	T:6.0(0.90%),B:14.3(0.03%),P:1e-7	Tpos:58.7,Tstd:36.2,Bpos:51.1,Bstd:24.3,StrandBias:10.0,Multiplicity:1.00
0.997	0.001	0.001	0.001
0.001	0.001	0.997	0.001
0.001	0.997	0.001	0.001
0.997	0.001	0.001	0.001
0.997	0.001	0.001	0.001
0.158	0.001	0.001	0.840
0.997	0.001	0.001	0.001
0.997	0.001	0.001	0.001
0.001	0.997	0.001	0.001
0.785	0.001	0.213	0.001
>ATGTATATAT	14-ATGTATATAT	5.182717	-16.084867	0	T:65.0(9.72%),B:2171.5(4.81%),P:1e-6	Tpos:43.3,Tstd:28.2,Bpos:49.5,Bstd:29.7,StrandBias:-0.0,Multiplicity:1.10
0.712	0.075	0.121	0.092
0.040	0.030	0.142	0.788
0.059	0.104	0.746	0.091
0.029	0.057	0.036	0.878
0.807	0.082	0.110	0.001
0.050	0.059	0.073	0.818
0.831	0.080	0.030	0.059
0.067	0.055	0.001	0.877
0.761	0.080	0.090	0.069
0.062	0.065	0.086	0.787
>GKCATTGACA	15-GKCATTGACA	10.485738	-15.070728	0	T:7.0(1.05%),B:28.5(0.06%),P:1e-6	Tpos:59.1,Tstd:26.0,Bpos:53.3,Bstd:34.9,StrandBias:2.6,Multiplicity:1.00
0.001	0.001	0.997	0.001
0.001	0.001	0.521	0.477
0.001	0.997	0.001	0.001
0.997	0.001	0.001	0.001
0.001	0.384	0.001	0.614
0.001	0.001	0.001	0.997
0.001	0.001	0.997	0.001
0.997	0.001	0.001	0.001
0.109	0.889	0.001	0.001
0.997	0.001	0.001	0.001
>GTCGGCGGCG	16-GTCGGCGGCG	6.450861	-14.505265	0	T:138.0(20.63%),B:6171.4(13.67%),P:1e-6	Tpos:50.5,Tstd:28.0,Bpos:49.7,Bstd:29.4,StrandBias:-0.2,Multiplicity:1.32
0.089	0.066	0.805	0.040
0.056	0.052	0.095	0.797
0.068	0.784	0.071	0.077
0.038	0.047	0.849	0.066
0.060	0.094	0.729	0.117
0.077	0.778	0.070	0.075
0.072	0.081	0.794	0.053
0.081	0.064	0.760	0.095
0.052	0.851	0.037	0.060
0.035	0.082	0.858	0.025
>GGATSATATA	17-GGATSATATA	11.252588	-14.469868	0	T:5.0(0.75%),B:10.7(0.02%),P:1e-6	Tpos:29.8,Tstd:25.4,Bpos:57.0,Bstd:25.2,StrandBias:-1.0,Multiplicity:1.20
0.166	0.001	0.832	0.001
0.001	0.001	0.997	0.001
0.997	0.001	0.001	0.001
0.001	0.001	0.001	0.997
0.001	0.566	0.432	0.001
0.997	0.001	0.001	0.001
0.001	0.001	0.001	0.997
0.997	0.001	0.001	0.001
0.001	0.001	0.001	0.997
0.799	0.001	0.001	0.199
>TTGGACGCAC	18-TTGGACGCAC	10.296193	-14.442067	0	T:3.0(0.45%),B:1.3(0.00%),P:1e-6	Tpos:37.7,Tstd:24.1,Bpos:48.7,Bstd:15.0,StrandBias:1.0,Multiplicity:1.00
0.100	0.100	0.100	0.700
0.100	0.100	0.100	0.700
0.100	0.100	0.700	0.100
0.100	0.100	0.700	0.100
0.700	0.100	0.100	0.100
0.100	0.700	0.100	0.100
0.100	0.100	0.700	0.100
0.100	0.700	0.100	0.100
0.700	0.100	0.100	0.100
0.100	0.700	0.100	0.100
>TCAGGAGTGG	19-TCAGGAGTGG	10.296193	-14.442067	0	T:3.0(0.45%),B:0.5(0.00%),P:1e-6	Tpos:45.3,Tstd:14.7,Bpos:39.0,Bstd:0.0,StrandBias:1.0,Multiplicity:1.00
0.100	0.100	0.100	0.700
0.100	0.700	0.100	0.100
0.700	0.100	0.100	0.100
0.100	0.100	0.700	0.100
0.100	0.100	0.700	0.100
0.700	0.100	0.100	0.100
0.100	0.100	0.700	0.100
0.100	0.100	0.100	0.700
0.100	0.100	0.700	0.100
0.100	0.100	0.700	0.100
>CAAAAGTGGA	20-CAAAAGTGGA	10.296193	-12.373681	0	T:3.0(0.45%),B:2.6(0.01%),P:1e-5	Tpos:63.3,Tstd:32.9,Bpos:45.8,Bstd:11.5,StrandBias:1.0,Multiplicity:1.00
0.100	0.700	0.100	0.100
0.700	0.100	0.100	0.100
0.700	0.100	0.100	0.100
0.700	0.100	0.100	0.100
0.700	0.100	0.100	0.100
0.100	0.100	0.700	0.100
0.100	0.100	0.100	0.700
0.100	0.100	0.700	0.100
0.100	0.100	0.700	0.100
0.700	0.100	0.100	0.100
>CAGCAGCAGGAG	1-CAGCAGCAGGAG	5.779542	-137.791107	0	T:362.0(54.11%),B:11030.9(24.44%),P:1e-59	Tpos:52.7,Tstd:15.5,Bpos:49.9,Bstd:38.0,StrandBias:2.4,Multiplicity:1.23
0.249	0.633	0.076	0.042
0.672	0.020	0.108	0.200
0.081	0.150	0.768	0.001
0.001	0.948	0.050	0.001
0.871	0.076	0.041	0.012
0.020	0.001	0.978	0.001
0.020	0.668	0.292	0.020
0.665	0.067	0.186	0.082
0.086	0.020	0.813	0.081
0.092	0.287	0.620	0.001
0.474	0.141	0.215	0.170
0.310	0.055	0.512	0.123
>GCAGCAGCAGCA	2-GCAGCAGCAGCA	7.100667	-57.906340	0	T:171.0(25.56%),B:4975.0(11.02%),P:1e-25	Tpos:52.6,Tstd:23.3,Bpos:47.8,Bstd:36.2,StrandBias:1.9,Multiplicity:1.02
0.060	0.132	0.777	0.031
0.058	0.708	0.152	0.082
0.742	0.072	0.095	0.091
0.051	0.069	0.830	0.050
0.066	0.697	0.127	0.110
0.785	0.027	0.055	0.133
0.089	0.104	0.756	0.051
0.067	0.675	0.100	0.158
0.775	0.039	0.104	0.082
0.081	0.178	0.673	0.068
0.050	0.779	0.072	0.099
0.807	0.066	0.079	0.048
>AGAGCAGCAGGA	3-AGAGCAGCAGGA	6.539274	-57.346225	0	T:146.0(21.82%),B:3872.8(8.58%),P:1e-24	Tpos:52.6,Tstd:21.5,Bpos:47.8,Bstd:34.8,StrandBias:1.8,Multiplicity:1.04
0.767	0.071	0.093	0.069
0.046	0.069	0.814	0.071
0.722	0.116	0.093	0.069
0.278	0.046	0.514	0.162
0.093	0.768	0.093	0.046
0.745	0.093	0.069	0.093
0.023	0.072	0.836	0.069
0.071	0.720	0.093	0.116
0.815	0.023	0.093	0.069
0.093	0.048	0.790	0.069
0.093	0.023	0.722	0.162
0.790	0.118	0.046	0.046
>GACGCCAGCAGG	4-GACGCCAGCAGG	9.558899	-28.622862	0	T:10.0(1.49%),B:18.8(0.04%),P:1e-12	Tpos:53.8,Tstd:11.7,Bpos:65.1,Bstd:11.4,StrandBias:10.0,Multiplicity:1.00
0.001	0.001	0.997	0.001
0.960	0.001	0.001	0.038
0.001	0.844	0.001	0.154
0.001	0.001	0.997	0.001
0.154	0.807	0.038	0.001
0.001	0.997	0.001	0.001
0.960	0.038	0.001	0.001
0.001	0.001	0.997	0.001
0.001	0.997	0.001	0.001
0.997	0.001	0.001	0.001
0.001	0.001	0.997	0.001
0.001	0.001	0.997	0.001
>CGGCAGTGGAGG	5-CGGCAGTGGAGG	10.400265	-27.428765	0	T:20.0(2.99%),B:161.4(0.36%),P:1e-11	Tpos:51.9,Tstd:28.6,Bpos:54.0,Bstd:37.4,StrandBias:1.7,Multiplicity:1.06
0.003	0.864	0.132	0.001
0.060	0.063	0.876	0.001
0.126	0.001	0.872	0.001
0.175	0.766	0.056	0.003
0.810	0.001	0.063	0.126
0.001	0.001	0.936	0.062
0.002	0.063	0.329	0.606
0.066	0.063	0.870	0.001
0.065	0.383	0.551	0.001
0.873	0.125	0.001	0.001
0.110	0.001	0.763	0.126
0.196	0.001	0.802	0.001
>ACGGCAGCAGGG	6-ACGGCAGCAGGG	12.831874	-24.336990	0	T:10.0(1.49%),B:28.1(0.06%),P:1e-10	Tpos:56.6,Tstd:14.2,Bpos:58.3,Bstd:35.5,StrandBias:2.0,Multiplicity:1.00
0.997	0.001	0.001	0.001
0.399	0.599	0.001	0.001
0.001	0.001	0.997	0.001
0.001	0.199	0.799	0.001
0.001	0.997	0.001	0.001
0.599	0.001	0.001	0.399
0.001	0.001	0.997	0.001
0.001	0.997	0.001	0.001
0.799	0.199	0.001	0.001
0.001	0.001	0.997	0.001
0.399	0.001	0.599	0.001
0.001	0.001	0.997	0.001
>AACAATGATGAG	7-AACAATGATGAG	14.323862	-23.603819	0	T:6.0(0.90%),B:4.2(0.01%),P:1e-10	Tpos:47.0,Tstd:22.0,Bpos:32.1,Bstd:21.9,StrandBias:0.0,Multiplicity:1.00
0.997	0.001	0.001	0.001
0.997	0.001	0.001	0.001
0.001	0.997	0.001	0.001
0.799	0.001	0.199	0.001
0.997	0.001	0.001	0.001
0.199	0.001	0.001	0.799
0.001	0.001	0.997	0.001
0.997	0.001	0.001	0.001
0.001	0.001	0.001	0.997
0.001	0.199	0.799	0.001
0.997	0.001	0.001	0.001
0.001	0.001	0.799	0.199
>GAATGGAATGGA	8-GAATGGAATGGA	14.083041	-22.419174	0	T:5.0(0.75%),B:2.9(0.01%),P:1e-9	Tpos:44.7,Tstd:33.3,Bpos:56.4,Bstd:20.9,StrandBias:0.4,Multiplicity:1.00
0.001	0.001	0.997	0.001
0.997	0.001	0.001	0.001
0.997	0.001	0.001	0.001
0.001	0.166	0.001	0.832
0.001	0.001	0.832	0.166
0.166	0.001	0.832	0.001
0.997	0.001	0.001	0.001
0.997	0.001	0.001	0.001
0.001	0.166	0.001	0.832
0.001	0.001	0.997	0.001
0.001	0.001	0.997	0.001
0.832	0.001	0.166	0.001
>ACCAGCAGCCCA	9-ACCAGCAGCCCA	8.719437	-21.177906	0	T:38.0(5.68%),B:795.1(1.76%),P:1e-9	Tpos:48.4,Tstd:23.0,Bpos:50.3,Bstd:32.8,StrandBias:0.8,Multiplicity:1.04
0.551	0.001	0.255	0.193
0.063	0.935	0.001	0.001
0.112	0.694	0.193	0.001
0.924	0.001	0.070	0.005
0.001	0.182	0.747	0.070
0.001	0.997	0.001	0.001
0.695	0.129	0.112	0.064
0.064	0.247	0.685	0.004
0.070	0.616	0.121	0.193
0.322	0.613	0.064	0.001
0.001	0.871	0.064	0.064
0.688	0.310	0.001	0.001
>TTCTAGAAGTCG	10-TTCTAGAAGTCG	8.154282	-20.399658	0	T:17.0(2.54%),B:169.9(0.38%),P:1e-8	Tpos:50.4,Tstd:30.7,Bpos:46.5,Bstd:30.3,StrandBias:-0.5,Multiplicity:1.00
0.118	0.001	0.059	0.822
0.148	0.030	0.030	0.792
0.054	0.798	0.089	0.059
0.121	0.091	0.030	0.758
0.565	0.178	0.030	0.227
0.089	0.001	0.851	0.059
0.766	0.091	0.089	0.054
0.744	0.059	0.138	0.059
0.121	0.198	0.651	0.030
0.089	0.089	0.091	0.731
0.055	0.824	0.032	0.089
0.059	0.119	0.703	0.119
>GGCCGGGATGGC	11-GGCCGGGATGGC	13.641295	-19.273642	0	T:7.0(1.05%),B:15.9(0.04%),P:1e-8	Tpos:33.6,Tstd:22.5,Bpos:47.8,Bstd:22.0,StrandBias:0.4,Multiplicity:1.00
0.001	0.153	0.845	0.001
0.001	0.001	0.997	0.001
0.001	0.997	0.001	0.001
0.001	0.885	0.113	0.001
0.001	0.001	0.997	0.001
0.001	0.001	0.997	0.001
0.001	0.153	0.845	0.001
0.885	0.113	0.001	0.001
0.001	0.001	0.153	0.845
0.001	0.001	0.997	0.001
0.001	0.001	0.997	0.001
0.153	0.845	0.001	0.001
>GVCGACCGGCGG	12-GVCGACCGGCGG	12.492461	-19.226756	0	T:8.0(1.20%),B:24.6(0.05%),P:1e-8	Tpos:50.1,Tstd:39.0,Bpos:49.7,Bstd:34.4,StrandBias:-0.7,Multiplicity:1.00
0.191	0.011	0.797	0.001
0.381	0.381	0.236	0.001
0.001	0.808	0.190	0.001
0.001	0.001	0.997	0.001
0.808	0.190	0.001	0.001
0.001	0.997	0.001	0.001
0.001	0.808	0.190	0.001
0.001	0.001	0.997	0.001
0.001	0.190	0.808	0.001
0.001	0.997	0.001	0.001
0.001	0.001	0.997	0.001
0.201	0.001	0.797	0.001
>GGCAGGCGGGGC	13-GGCAGGCGGGGC	13.648327	-18.913151	0	T:8.0(1.20%),B:25.1(0.06%),P:1e-8	Tpos:58.6,Tstd:23.8,Bpos:57.2,Bstd:30.0,StrandBias:1.6,Multiplicity:1.00
0.001	0.116	0.882	0.001
0.001	0.001	0.997	0.001
0.001	0.997	0.001	0.001
0.867	0.001	0.131	0.001
0.001	0.001	0.997	0.001
0.001	0.001	0.997	0.001
0.001	0.997	0.001	0.001
0.117	0.158	0.724	0.001
0.157	0.001	0.841	0.001
0.001	0.157	0.841	0.001
0.001	0.001	0.997	0.001
0.001	0.997	0.001	0.001
>GGCGGCGGCYGG	14-GGCGGCGGCYGG	9.952799	-17.988221	0	T:27.0(4.04%),B:497.5(1.10%),P:1e-7	Tpos:49.3,Tstd:26.3,Bpos:49.7,Bstd:30.4,StrandBias:0.5,Multiplicity:1.06
0.001	0.001	0.997	0.001
0.001	0.001	0.997	0.001
0.001	0.946	0.001	0.052
0.364	0.001	0.523	0.112
0.001	0.070	0.928	0.001
0.001	0.553	0.143	0.303
0.258	0.001	0.740	0.001
0.142	0.001	0.512	0.345
0.001	0.951	0.044	0.004
0.127	0.470	0.001	0.402
0.001	0.048	0.880	0.071
0.071	0.104	0.754	0.071
>AGAWGGAGAAGC	15-AGAWGGAGAAGC	9.296704	-17.921908	0	T:24.0(3.59%),B:401.8(0.89%),P:1e-7	Tpos:51.6,Tstd:26.2,Bpos:52.0,Bstd:31.7,StrandBias:0.0,Multiplicity:1.00
0.733	0.053	0.001	0.213
0.031	0.250	0.688	0.031
0.682	0.001	0.224	0.093
0.417	0.093	0.094	0.396
0.031	0.001	0.843	0.125
0.382	0.032	0.555	0.031
0.475	0.032	0.182	0.311
0.061	0.031	0.907	0.001
0.632	0.218	0.026	0.124
0.906	0.001	0.092	0.001
0.123	0.182	0.694	0.001
0.182	0.764	0.053	0.001
>CCTGGACTTAAA	16-CCTGGACTTAAA	9.269392	-17.284353	0	T:4.0(0.60%),B:2.6(0.01%),P:1e-7	Tpos:43.5,Tstd:30.7,Bpos:57.3,Bstd:21.2,StrandBias:-1.6,Multiplicity:1.00
0.001	0.997	0.001	0.001
0.001	0.997	0.001	0.001
0.001	0.001	0.001	0.997
0.001	0.001	0.997	0.001
0.001	0.001	0.997	0.001
0.997	0.001	0.001	0.001
0.001	0.997	0.001	0.001
0.001	0.001	0.192	0.806
0.001	0.001	0.001	0.997
0.997	0.001	0.001	0.001
0.806	0.192	0.001	0.001
0.997	0.001	0.001	0.001
>TCWTCMTCATCW	17-TCWTCMTCATCW	8.291501	-17.068386	0	T:39.0(5.83%),B:970.8(2.15%),P:1e-7	Tpos:57.9,Tstd:26.2,Bpos:47.9,Bstd:32.6,StrandBias:0.0,Multiplicity:1.13
0.291	0.086	0.042	0.581
0.042	0.669	0.083	0.206
0.461	0.041	0.083	0.415
0.042	0.042	0.208	0.708
0.001	0.793	0.165	0.041
0.419	0.331	0.083	0.167
0.001	0.249	0.001	0.749
0.041	0.916	0.001	0.042
0.581	0.168	0.001	0.250
0.042	0.208	0.001	0.749
0.082	0.876	0.041	0.001
0.500	0.125	0.001	0.374
>GTCGHCGBCGGC	18-GTCGHCGBCGGC	7.850461	-15.826031	0	T:69.0(10.31%),B:2380.2(5.27%),P:1e-6	Tpos:51.6,Tstd:29.0,Bpos:49.4,Bstd:30.3,StrandBias:-0.0,Multiplicity:1.19
0.030	0.046	0.923	0.001
0.121	0.202	0.114	0.563
0.033	0.574	0.170	0.223
0.001	0.001	0.997	0.001
0.206	0.284	0.177	0.333
0.141	0.675	0.017	0.167
0.001	0.033	0.916	0.050
0.001	0.334	0.371	0.294
0.046	0.544	0.059	0.351
0.001	0.001	0.826	0.172
0.067	0.024	0.721	0.188
0.257	0.726	0.016	0.001
>GAGCGAAGCGAG	19-GAGCGAAGCGAG	9.696053	-14.984449	0	T:5.0(0.75%),B:9.9(0.02%),P:1e-6	Tpos:43.4,Tstd:19.3,Bpos:44.6,Bstd:18.6,StrandBias:2.0,Multiplicity:1.00
0.001	0.001	0.997	0.001
0.997	0.001	0.001	0.001
0.001	0.001	0.997	0.001
0.001	0.997	0.001	0.001
0.001	0.001	0.997	0.001
0.997	0.001	0.001	0.001
0.997	0.001	0.001	0.001
0.145	0.001	0.806	0.048
0.001	0.997	0.001	0.001
0.001	0.144	0.854	0.001
0.997	0.001	0.001	0.001
0.001	0.144	0.854	0.001
>BTGTATATATAC	20-BTGTATATATAC	9.828654	-14.836089	0	T:9.0(1.35%),B:59.3(0.13%),P:1e-6	Tpos:27.0,Tstd:16.0,Bpos:50.2,Bstd:26.1,StrandBias:-0.4,Multiplicity:1.11
0.182	0.203	0.342	0.273
0.067	0.001	0.291	0.641
0.003	0.001	0.995	0.001
0.001	0.091	0.091	0.817
0.726	0.182	0.001	0.091
0.001	0.001	0.001	0.997
0.908	0.090	0.001	0.001
0.001	0.001	0.001	0.997
0.997	0.001	0.001	0.001
0.091	0.001	0.190	0.718
0.908	0.001	0.001	0.090
0.099	0.833	0.001	0.067
>GCAAAAGSAAGC	21-GCAAAAGSAAGC	12.436532	-13.601244	0	T:6.0(0.90%),B:22.4(0.05%),P:1e-5	Tpos:37.2,Tstd:24.3,Bpos:60.7,Bstd:25.0,StrandBias:0.0,Multiplicity:1.00
0.001	0.001	0.997	0.001
0.001	0.997	0.001	0.001
0.717	0.281	0.001	0.001
0.754	0.001	0.244	0.001
0.763	0.001	0.235	0.001
0.953	0.001	0.001	0.045
0.235	0.001	0.763	0.001
0.001	0.473	0.525	0.001
0.997	0.001	0.001	0.001
0.997	0.001	0.001	0.001
0.001	0.001	0.997	0.001
0.235	0.763	0.001	0.001
>CTTGCTGHTGCA	22-CTTGCTGHTGCA	8.950948	-12.651163	0	T:19.0(2.84%),B:361.2(0.80%),P:1e-5	Tpos:62.8,Tstd:23.7,Bpos:46.9,Bstd:35.0,StrandBias:-2.3,Multiplicity:1.00
0.092	0.813	0.001	0.094
0.001	0.001	0.001	0.997
0.001	0.001	0.092	0.906
0.278	0.010	0.619	0.093
0.001	0.997	0.001	0.001
0.001	0.371	0.001	0.627
0.186	0.103	0.516	0.195
0.339	0.290	0.093	0.278
0.050	0.281	0.010	0.659
0.001	0.092	0.906	0.001
0.001	0.576	0.331	0.092
0.617	0.092	0.290	0.001
>NNNNNNNNNNNN	23-NNNNNNNNNNNN	-nan	0.000000	0	T:0.0(0.00%),B:0.0(0.00%),P:1e0	Tpos:0.0,Tstd:0.0,Bpos:0.0,Bstd:0.0,StrandBias:0.0,Multiplicity:1.00
-nan	-nan	-nan	-nan
-nan	-nan	-nan	-nan
-nan	-nan	-nan	-nan
-nan	-nan	-nan	-nan
-nan	-nan	-nan	-nan
-nan	-nan	-nan	-nan
-nan	-nan	-nan	-nan
-nan	-nan	-nan	-nan
-nan	-nan	-nan	-nan
-nan	-nan	-nan	-nan
-nan	-nan	-nan	-nan
-nan	-nan	-nan	-nan
>NNNNNNNNNNNN	24-NNNNNNNNNNNN	-nan	0.000000	0	T:0.0(0.00%),B:0.0(0.00%),P:1e0	Tpos:0.0,Tstd:0.0,Bpos:0.0,Bstd:0.0,StrandBias:0.0,Multiplicity:1.00
-nan	-nan	-nan	-nan
-nan	-nan	-nan	-nan
-nan	-nan	-nan	-nan
-nan	-nan	-nan	-nan
-nan	-nan	-nan	-nan
-nan	-nan	-nan	-nan
-nan	-nan	-nan	-nan
-nan	-nan	-nan	-nan
-nan	-nan	-nan	-nan
-nan	-nan	-nan	-nan
-nan	-nan	-nan	-nan
-nan	-nan	-nan	-nan
>NNNNNNNNNNNN	25-NNNNNNNNNNNN	-nan	0.000000	0	T:0.0(0.00%),B:0.0(0.00%),P:1e0	Tpos:0.0,Tstd:0.0,Bpos:0.0,Bstd:0.0,StrandBias:0.0,Multiplicity:1.00
-nan	-nan	-nan	-nan
-nan	-nan	-nan	-nan
-nan	-nan	-nan	-nan
-nan	-nan	-nan	-nan
-nan	-nan	-nan	-nan
-nan	-nan	-nan	-nan
-nan	-nan	-nan	-nan
-nan	-nan	-nan	-nan
-nan	-nan	-nan	-nan
-nan	-nan	-nan	-nan
-nan	-nan	-nan	-nan
-nan	-nan	-nan	-nan
>CAGCAG	1-CAGCAG	6.177716	-187.316077	0	T:335.0(50.07%),B:7909.7(17.52%),P:1e-81	Tpos:52.3,Tstd:15.3,Bpos:49.8,Bstd:41.6,StrandBias:3.2,Multiplicity:1.33
0.100	0.700	0.100	0.100
0.700	0.100	0.100	0.100
0.100	0.100	0.700	0.100
0.100	0.700	0.100	0.100
0.700	0.100	0.100	0.100
0.100	0.100	0.700	0.100
>AGGAGG	2-AGGAGG	5.987033	-15.987325	0	T:230.0(34.38%),B:11428.8(25.32%),P:1e-6	Tpos:53.3,Tstd:27.0,Bpos:49.7,Bstd:33.4,StrandBias:0.6,Multiplicity:1.24
0.997	0.001	0.001	0.001
0.001	0.001	0.997	0.001
0.157	0.001	0.722	0.120
0.820	0.001	0.001	0.178
0.001	0.001	0.997	0.001
0.001	0.001	0.997	0.001
>TATACA	3-TATACA	6.951370	-13.375854	0	T:47.0(7.03%),B:1486.1(3.29%),P:1e-5	Tpos:36.0,Tstd:24.7,Bpos:50.3,Bstd:31.4,StrandBias:-0.1,Multiplicity:1.09
0.001	0.001	0.001	0.997
0.997	0.001	0.001	0.001
0.001	0.176	0.001	0.822
0.997	0.001	0.001	0.001
0.001	0.684	0.001	0.314
0.997	0.001	0.001	0.001
>GAGTRA	4-GAGTRA	4.335047	-11.263599	0	T:245.0(36.62%),B:13091.8(29.01%),P:1e-4	Tpos:53.2,Tstd:26.3,Bpos:49.8,Bstd:33.3,StrandBias:0.6,Multiplicity:1.31
0.001	0.001	0.997	0.001
0.997	0.001	0.001	0.001
0.001	0.001	0.997	0.001
0.113	0.001	0.001	0.885
0.566	0.001	0.432	0.001
0.704	0.001	0.294	0.001
>CGGCGG	5-CGGCGG	6.177716	-8.525649	0	T:109.0(16.29%),B:5245.2(11.62%),P:1e-3	Tpos:53.8,Tstd:27.0,Bpos:49.6,Bstd:31.3,StrandBias:-0.0,Multiplicity:1.50
0.100	0.700	0.100	0.100
0.100	0.100	0.700	0.100
0.100	0.100	0.700	0.100
0.100	0.700	0.100	0.100
0.100	0.100	0.700	0.100
0.100	0.100	0.700	0.100
>CAGCAGGR	1-CAGCAGGR	5.456823	-215.093242	0	T:354.0(52.91%),B:7987.4(17.70%),P:1e-93	Tpos:52.5,Tstd:15.4,Bpos:49.7,Bstd:39.7,StrandBias:3.0,Multiplicity:1.17
0.001	0.997	0.001	0.001
0.969	0.001	0.008	0.022
0.018	0.013	0.968	0.001
0.001	0.987	0.011	0.001
0.997	0.001	0.001	0.001
0.001	0.012	0.986	0.001
0.047	0.025	0.902	0.026
0.359	0.154	0.447	0.040
>GGAGAAGG	2-GGAGAAGG	6.793333	-20.008290	0	T:134.0(20.03%),B:5411.1(11.99%),P:1e-8	Tpos:52.2,Tstd:26.0,Bpos:49.3,Bstd:33.8,StrandBias:0.8,Multiplicity:1.13
0.052	0.136	0.769	0.043
0.001	0.020	0.978	0.001
0.877	0.001	0.001	0.121
0.001	0.001	0.997	0.001
0.801	0.042	0.138	0.019
0.770	0.117	0.112	0.001
0.041	0.038	0.920	0.001
0.065	0.051	0.883	0.001
>TATAKATA	3-TATAKATA	6.029481	-17.358289	0	T:53.0(7.92%),B:1549.3(3.43%),P:1e-7	Tpos:38.2,Tstd:26.1,Bpos:49.7,Bstd:30.7,StrandBias:-0.1,Multiplicity:1.11
0.001	0.335	0.001	0.663
0.899	0.099	0.001	0.001
0.001	0.001	0.001	0.997
0.997	0.001	0.001	0.001
0.001	0.165	0.457	0.377
0.997	0.001	0.001	0.001
0.001	0.183	0.001	0.815
0.744	0.254	0.001	0.001
>CCGCCGCC	4-CCGCCGCC	7.598313	-17.260908	0	T:74.0(11.06%),B:2531.0(5.61%),P:1e-7	Tpos:57.1,Tstd:25.2,Bpos:49.8,Bstd:30.9,StrandBias:0.2,Multiplicity:1.11
0.001	0.869	0.050	0.080
0.001	0.966	0.001	0.032
0.001	0.001	0.948	0.050
0.001	0.997	0.001	0.001
0.001	0.935	0.020	0.044
0.047	0.018	0.878	0.057
0.050	0.917	0.001	0.032
0.001	0.785	0.039	0.175
>CTCCTCYT	5-CTCCTCYT	9.021379	-15.206563	0	T:51.0(7.62%),B:1569.9(3.48%),P:1e-6	Tpos:51.6,Tstd:28.0,Bpos:50.0,Bstd:33.0,StrandBias:-0.9,Multiplicity:1.05
0.001	0.997	0.001	0.001
0.001	0.001	0.001	0.997
0.001	0.997	0.001	0.001
0.001	0.997	0.001	0.001
0.001	0.001	0.001	0.997
0.001	0.997	0.001	0.001
0.001	0.369	0.129	0.501
0.001	0.001	0.001	0.997
>TCATCATC	6-TCATCATC	8.612352	-14.976380	0	T:26.0(3.89%),B:543.1(1.20%),P:1e-6	Tpos:51.2,Tstd:27.7,Bpos:50.9,Bstd:30.7,StrandBias:0.3,Multiplicity:1.04
0.001	0.001	0.133	0.865
0.001	0.997	0.001	0.001
0.890	0.001	0.001	0.108
0.001	0.001	0.001	0.997
0.139	0.832	0.001	0.028
0.997	0.001	0.001	0.001
0.001	0.108	0.001	0.890
0.001	0.966	0.001	0.032
>BTTTTTTT	7-BTTTTTTT	5.255316	-11.911458	0	T:139.0(20.78%),B:6537.2(14.48%),P:1e-5	Tpos:48.7,Tstd:28.9,Bpos:49.4,Bstd:32.0,StrandBias:-0.8,Multiplicity:1.29
0.001	0.271	0.344	0.384
0.099	0.164	0.026	0.711
0.001	0.001	0.001	0.997
0.001	0.265	0.001	0.733
0.087	0.284	0.075	0.554
0.072	0.001	0.355	0.572
0.101	0.001	0.055	0.843
0.340	0.001	0.148	0.511
