>RGCAGCAGGA	1-RGCAGCAGGA	8.491740	-214.776335	0	T:208.0(31.09%),B:2550.9(5.60%),P:1e-93	Tpos:51.0,Tstd:11.5,Bpos:49.8,Bstd:40.1,StrandBias:4.8,Multiplicity:1.09
0.357	0.144	0.301	0.198
0.100	0.233	0.525	0.142
0.001	0.972	0.026	0.001
0.997	0.001	0.001	0.001
0.001	0.001	0.997	0.001
0.001	0.830	0.168	0.001
0.997	0.001	0.001	0.001
0.038	0.005	0.956	0.001
0.007	0.115	0.877	0.001
0.471	0.278	0.214	0.037
>CAGCAGGGGG	2-CAGCAGGGGG	6.962786	-108.748028	0	T:180.0(26.91%),B:3649.3(8.01%),P:1e-47	Tpos:51.5,Tstd:15.9,Bpos:50.5,Bstd:36.8,StrandBias:2.6,Multiplicity:1.03
0.001	0.869	0.062	0.068
0.840	0.064	0.037	0.059
0.001	0.001	0.997	0.001
0.001	0.884	0.114	0.001
0.920	0.001	0.028	0.051
0.001	0.075	0.855	0.069
0.126	0.117	0.668	0.089
0.031	0.051	0.851	0.067
0.228	0.216	0.472	0.084
0.068	0.078	0.656	0.198
>CCAGCAGTAA	3-CCAGCAGTAA	6.720369	-79.818406	0	T:141.0(21.08%),B:2948.2(6.47%),P:1e-34	Tpos:53.6,Tstd:18.5,Bpos:50.3,Bstd:36.7,StrandBias:1.7,Multiplicity:1.05
0.094	0.764	0.084	0.058
0.103	0.801	0.065	0.031
0.884	0.017	0.017	0.082
0.090	0.054	0.788	0.068
0.029	0.906	0.052	0.013
0.809	0.035	0.087	0.069
0.058	0.039	0.844	0.059
0.142	0.121	0.066	0.671
0.778	0.059	0.084	0.079
0.761	0.067	0.111	0.061
>ACAAGAAGAA	4-ACAAGAAGAA	5.183287	-22.551444	0	T:161.0(24.07%),B:6722.1(14.76%),P:1e-9	Tpos:54.1,Tstd:26.2,Bpos:49.3,Bstd:33.7,StrandBias:0.8,Multiplicity:1.16
0.678	0.114	0.128	0.080
0.104	0.632	0.175	0.089
0.714	0.120	0.107	0.059
0.704	0.081	0.134	0.081
0.097	0.093	0.697	0.113
0.737	0.080	0.115	0.068
0.730	0.094	0.085	0.091
0.115	0.114	0.699	0.072
0.704	0.106	0.133	0.057
0.706	0.079	0.111	0.104
>CTACTACTAC	5-CTACTACTAC	9.819699	-19.800995	0	T:15.0(2.24%),B:133.3(0.29%),P:1e-8	Tpos:52.4,Tstd:26.6,Bpos:49.0,Bstd:30.1,StrandBias:1.6,Multiplicity:1.00
0.001	0.997	0.001	0.001
0.001	0.108	0.307	0.584
0.579	0.166	0.254	0.001
0.001	0.997	0.001	0.001
0.001	0.118	0.001	0.880
0.818	0.001	0.068	0.113
0.001	0.997	0.001	0.001
0.001	0.118	0.001	0.880
0.997	0.001	0.001	0.001
0.001	0.997	0.001	0.001
>CGGCACTGMA	6-CGGCACTGMA	10.612894	-19.435032	0	T:11.0(1.64%),B:62.7(0.14%),P:1e-8	Tpos:47.8,Tstd:30.7,Bpos:46.6,Bstd:33.0,StrandBias:2.2,Multiplicity:1.00
0.001	0.997	0.001	0.001
0.001	0.001	0.997	0.001
0.001	0.123	0.875	0.001
0.001	0.997	0.001	0.001
0.696	0.302	0.001	0.001
0.001	0.977	0.021	0.001
0.001	0.001	0.001	0.997
0.001	0.001	0.997	0.001
0.526	0.472	0.001	0.001
0.997	0.001	0.001	0.001
>SACCCCGVAG	7-SACCCCGVAG	7.651133	-18.488213	0	T:18.0(2.69%),B:220.9(0.48%),P:1e-8	Tpos:47.1,Tstd:24.5,Bpos:49.2,Bstd:25.7,StrandBias:-0.2,Multiplicity:1.00
0.025	0.385	0.382	0.208
0.879	0.073	0.013	0.035
0.001	0.557	0.225	0.217
0.017	0.653	0.108	0.222
0.020	0.862	0.019	0.099
0.261	0.706	0.001	0.032
0.272	0.043	0.634	0.051
0.346	0.283	0.341	0.030
0.603	0.367	0.001	0.029
0.001	0.204	0.512	0.283
>CTTTGCCTTT	8-CTTTGCCTTT	8.896381	-17.480427	0	T:19.0(2.84%),B:263.5(0.58%),P:1e-7	Tpos:51.0,Tstd:24.0,Bpos:50.6,Bstd:34.5,StrandBias:-1.3,Multiplicity:1.11
0.001	0.864	0.134	0.001
0.001	0.052	0.001	0.946
0.001	0.001	0.065	0.933
0.001	0.001	0.001	0.997
0.091	0.041	0.693	0.175
0.001	0.997	0.001	0.001
0.001	0.864	0.134	0.001
0.001	0.069	0.057	0.873
0.001	0.032	0.001	0.966
0.001	0.050	0.037	0.912
>TCTCCCGCTT	9-TCTCCCGCTT	9.821579	-17.132543	0	T:16.0(2.39%),B:188.2(0.41%),P:1e-7	Tpos:51.6,Tstd:28.1,Bpos:47.1,Bstd:31.8,StrandBias:0.0,Multiplicity:1.00
0.001	0.045	0.001	0.953
0.001	0.997	0.001	0.001
0.001	0.136	0.079	0.784
0.001	0.997	0.001	0.001
0.001	0.914	0.001	0.084
0.001	0.932	0.001	0.066
0.001	0.136	0.862	0.001
0.091	0.907	0.001	0.001
0.092	0.051	0.001	0.856
0.001	0.060	0.060	0.879
>CAACMTCACT	10-CAACMTCACT	7.456181	-16.327949	0	T:22.0(3.29%),B:376.5(0.83%),P:1e-7	Tpos:61.0,Tstd:23.5,Bpos:48.7,Bstd:32.5,StrandBias:-0.3,Multiplicity:1.00
0.001	0.658	0.001	0.340
0.997	0.001	0.001	0.001
0.989	0.008	0.002	0.001
0.004	0.994	0.001	0.001
0.373	0.438	0.001	0.189
0.002	0.001	0.001	0.996
0.001	0.881	0.005	0.113
0.644	0.066	0.215	0.075
0.001	0.837	0.161	0.001
0.001	0.003	0.037	0.959
>GCGGCCGCGG	11-GCGGCCGCGG	8.370087	-15.561994	0	T:31.0(4.63%),B:717.8(1.58%),P:1e-6	Tpos:53.8,Tstd:30.9,Bpos:51.5,Bstd:33.4,StrandBias:0.6,Multiplicity:1.03
0.001	0.001	0.997	0.001
0.001	0.902	0.096	0.001
0.040	0.001	0.958	0.001
0.001	0.001	0.997	0.001
0.001	0.997	0.001	0.001
0.130	0.868	0.001	0.001
0.001	0.001	0.997	0.001
0.001	0.953	0.001	0.045
0.001	0.140	0.858	0.001
0.001	0.001	0.997	0.001
>GCAAGACCCA	12-GCAAGACCCA	7.836405	-14.520397	0	T:27.0(4.04%),B:599.1(1.32%),P:1e-6	Tpos:52.0,Tstd:27.8,Bpos:49.4,Bstd:30.9,StrandBias:1.6,Multiplicity:1.00
0.024	0.247	0.728	0.001
0.206	0.791	0.002	0.001
0.764	0.101	0.133	0.002
0.779	0.002	0.217	0.002
0.159	0.001	0.736	0.104
0.919	0.005	0.001	0.075
0.217	0.781	0.001	0.001
0.162	0.653	0.180	0.005
0.078	0.816	0.104	0.002
0.759	0.001	0.004	0.236
>AAGAAGACAG	13-AAGAAGACAG	11.733913	-13.061407	0	T:8.0(1.20%),B:55.4(0.12%),P:1e-5	Tpos:64.6,Tstd:21.9,Bpos:50.0,Bstd:30.2,StrandBias:-0.4,Multiplicity:1.00
0.997	0.001	0.001	0.001
0.579	0.419	0.001	0.001
0.001	0.001	0.997	0.001
0.910	0.001	0.088	0.001
0.579	0.001	0.001	0.419
0.001	0.001	0.997	0.001
0.910	0.001	0.088	0.001
0.088	0.910	0.001	0.001
0.910	0.001	0.088	0.001
0.001	0.001	0.997	0.001
>CGATCGCGAT	14-CGATCGCGAT	12.131861	-12.973451	0	T:4.0(0.60%),B:6.4(0.01%),P:1e-5	Tpos:48.0,Tstd:32.0,Bpos:48.7,Bstd:20.5,StrandBias:-0.6,Multiplicity:1.00
0.001	0.997	0.001	0.001
0.001	0.001	0.997	0.001
0.997	0.001	0.001	0.001
0.001	0.001	0.001	0.997
0.001	0.759	0.001	0.239
0.001	0.001	0.997	0.001
0.001	0.997	0.001	0.001
0.001	0.001	0.997	0.001
0.759	0.001	0.001	0.239
0.001	0.001	0.001	0.997
>CCGATATATG	15-CCGATATATG	9.831911	-12.627062	0	T:7.0(1.05%),B:41.8(0.09%),P:1e-5	Tpos:34.8,Tstd:22.1,Bpos:45.7,Bstd:16.4,StrandBias:1.0,Multiplicity:1.00
0.001	0.734	0.007	0.258
0.001	0.585	0.001	0.413
0.001	0.001	0.865	0.133
0.851	0.147	0.001	0.001
0.100	0.001	0.148	0.751
0.997	0.001	0.001	0.001
0.001	0.147	0.001	0.851
0.875	0.123	0.001	0.001
0.001	0.147	0.001	0.851
0.001	0.147	0.851	0.001
>TATATATATA	16-TATATATATA	5.166303	-10.848134	0	T:48.0(7.17%),B:1705.2(3.74%),P:1e-4	Tpos:42.1,Tstd:29.6,Bpos:51.1,Bstd:30.7,StrandBias:0.4,Multiplicity:1.17
0.101	0.171	0.086	0.642
0.650	0.120	0.069	0.161
0.110	0.114	0.065	0.711
0.777	0.063	0.096	0.064
0.098	0.125	0.126	0.651
0.809	0.060	0.050	0.081
0.125	0.103	0.091	0.681
0.655	0.052	0.136	0.157
0.101	0.123	0.072	0.704
0.722	0.060	0.079	0.139
>CAGCAGCAGGAV	1-CAGCAGCAGGAV	6.234376	-163.094204	0	T:338.0(50.52%),B:8910.5(19.56%),P:1e-70	Tpos:52.3,Tstd:14.5,Bpos:50.0,Bstd:37.1,StrandBias:3.3,Multiplicity:1.22
0.125	0.571	0.106	0.198
0.684	0.096	0.136	0.084
0.073	0.178	0.676	0.073
0.010	0.885	0.104	0.001
0.978	0.001	0.020	0.001
0.001	0.001	0.997	0.001
0.001	0.649	0.329	0.021
0.927	0.001	0.062	0.010
0.091	0.125	0.702	0.082
0.178	0.145	0.583	0.094
0.493	0.215	0.251	0.042
0.249	0.354	0.313	0.083
>CAGCAGGAGGAR	2-CAGCAGGAGGAR	5.531892	-116.903832	0	T:379.0(56.65%),B:13055.9(28.66%),P:1e-50	Tpos:51.7,Tstd:24.4,Bpos:49.8,Bstd:35.4,StrandBias:1.2,Multiplicity:1.15
0.085	0.576	0.248	0.091
0.724	0.067	0.054	0.155
0.066	0.070	0.858	0.006
0.105	0.749	0.092	0.054
0.645	0.048	0.055	0.252
0.114	0.085	0.765	0.036
0.191	0.119	0.593	0.097
0.652	0.073	0.202	0.073
0.328	0.061	0.605	0.006
0.169	0.127	0.680	0.024
0.616	0.139	0.162	0.083
0.379	0.228	0.272	0.121
>AGCAGCAGGAGG	3-AGCAGCAGGAGG	6.682163	-71.808082	0	T:190.0(28.40%),B:5298.5(11.63%),P:1e-31	Tpos:56.7,Tstd:23.7,Bpos:48.3,Bstd:34.2,StrandBias:0.3,Multiplicity:1.02
0.823	0.082	0.019	0.076
0.019	0.038	0.924	0.019
0.130	0.651	0.104	0.115
0.679	0.106	0.085	0.130
0.115	0.073	0.774	0.038
0.088	0.740	0.038	0.134
0.609	0.144	0.148	0.099
0.076	0.090	0.719	0.115
0.050	0.083	0.829	0.038
0.640	0.145	0.089	0.126
0.095	0.092	0.718	0.095
0.019	0.064	0.916	0.001
>TAGRSCCGCCSS	4-TAGRSCCGCCSS	11.558907	-25.636677	0	T:7.0(1.05%),B:6.7(0.01%),P:1e-11	Tpos:59.0,Tstd:25.1,Bpos:57.8,Bstd:14.7,StrandBias:0.0,Multiplicity:1.00
0.001	0.103	0.001	0.895
0.912	0.001	0.086	0.001
0.085	0.001	0.913	0.001
0.446	0.001	0.552	0.001
0.001	0.462	0.536	0.001
0.001	0.997	0.001	0.001
0.001	0.997	0.001	0.001
0.001	0.001	0.997	0.001
0.001	0.997	0.001	0.001
0.001	0.997	0.001	0.001
0.001	0.446	0.552	0.001
0.001	0.446	0.552	0.001
>TTGGTTAAGGKT	5-TTGGTTAAGGKT	9.632251	-21.251191	0	T:6.0(0.90%),B:6.8(0.01%),P:1e-9	Tpos:61.0,Tstd:25.9,Bpos:47.3,Bstd:15.1,StrandBias:0.0,Multiplicity:1.00
0.001	0.001	0.001	0.997
0.001	0.001	0.001	0.997
0.001	0.001	0.997	0.001
0.001	0.001	0.596	0.402
0.001	0.028	0.001	0.970
0.001	0.001	0.001	0.997
0.997	0.001	0.001	0.001
0.970	0.001	0.001	0.028
0.001	0.001	0.970	0.028
0.001	0.001	0.997	0.001
0.001	0.001	0.517	0.481
0.114	0.001	0.001	0.884
>TTGCCGCWGSGT	6-TTGCCGCWGSGT	9.477654	-21.251191	0	T:6.0(0.90%),B:6.6(0.01%),P:1e-9	Tpos:62.5,Tstd:12.8,Bpos:74.6,Bstd:12.6,StrandBias:2.3,Multiplicity:1.00
0.001	0.001	0.001	0.997
0.001	0.001	0.026	0.972
0.106	0.001	0.892	0.001
0.001	0.997	0.001	0.001
0.001	0.997	0.001	0.001
0.001	0.001	0.997	0.001
0.001	0.997	0.001	0.001
0.552	0.001	0.001	0.446
0.001	0.001	0.997	0.001
0.001	0.446	0.552	0.001
0.001	0.001	0.997	0.001
0.026	0.026	0.001	0.947
>TAWCTGTTTCCA	7-TAWCTGTTTCCA	9.157596	-20.624374	0	T:15.0(2.24%),B:126.0(0.28%),P:1e-8	Tpos:58.0,Tstd:31.6,Bpos:52.2,Bstd:28.8,StrandBias:0.6,Multiplicity:1.00
0.191	0.246	0.062	0.501
0.877	0.061	0.001	0.061
0.501	0.068	0.062	0.369
0.001	0.628	0.308	0.063
0.061	0.123	0.001	0.815
0.001	0.246	0.569	0.184
0.001	0.122	0.001	0.876
0.001	0.001	0.001	0.997
0.001	0.001	0.129	0.869
0.061	0.870	0.068	0.001
0.123	0.815	0.001	0.061
0.740	0.001	0.001	0.258
>KAACSYAAAMGG	8-KAACSYAAAMGG	11.504637	-20.450182	0	T:5.0(0.75%),B:3.8(0.01%),P:1e-8	Tpos:52.8,Tstd:24.8,Bpos:36.1,Bstd:32.0,StrandBias:-0.6,Multiplicity:1.00
0.036	0.036	0.447	0.482
0.997	0.001	0.001	0.001
0.997	0.001	0.001	0.001
0.001	0.997	0.001	0.001
0.001	0.446	0.552	0.001
0.001	0.552	0.001	0.446
0.997	0.001	0.001	0.001
0.997	0.001	0.001	0.001
0.997	0.001	0.001	0.001
0.446	0.552	0.001	0.001
0.001	0.001	0.997	0.001
0.001	0.001	0.997	0.001
>VGCANCGGCGGC	9-VGCANCGGCGGC	8.931332	-19.578758	0	T:51.0(7.62%),B:1375.2(3.02%),P:1e-8	Tpos:51.2,Tstd:28.0,Bpos:51.8,Bstd:30.9,StrandBias:0.4,Multiplicity:1.11
0.225	0.251	0.370	0.154
0.038	0.332	0.527	0.103
0.001	0.831	0.167	0.001
0.697	0.120	0.047	0.136
0.342	0.208	0.236	0.214
0.001	0.869	0.129	0.001
0.233	0.077	0.689	0.001
0.362	0.001	0.560	0.077
0.001	0.997	0.001	0.001
0.001	0.001	0.997	0.001
0.134	0.263	0.602	0.001
0.001	0.997	0.001	0.001
>ACMTGSTCTWYT	10-ACMTGSTCTWYT	11.584598	-19.550006	0	T:6.0(0.90%),B:8.1(0.02%),P:1e-8	Tpos:33.3,Tstd:22.4,Bpos:43.1,Bstd:18.4,StrandBias:-2.3,Multiplicity:1.00
0.913	0.001	0.001	0.085
0.001	0.997	0.001	0.001
0.547	0.451	0.001	0.001
0.001	0.001	0.001	0.997
0.095	0.001	0.903	0.001
0.001	0.552	0.446	0.001
0.001	0.001	0.001	0.997
0.001	0.997	0.001	0.001
0.001	0.001	0.001	0.997
0.462	0.086	0.001	0.451
0.001	0.552	0.001	0.446
0.001	0.001	0.001	0.997
>GYGGCGGGGGSG	11-GYGGCGGGGGSG	6.872111	-14.951885	0	T:112.0(16.74%),B:4722.3(10.37%),P:1e-6	Tpos:49.1,Tstd:29.0,Bpos:49.6,Bstd:29.3,StrandBias:0.0,Multiplicity:1.16
0.001	0.073	0.906	0.020
0.099	0.476	0.064	0.361
0.074	0.293	0.632	0.001
0.031	0.074	0.874	0.021
0.052	0.514	0.089	0.345
0.089	0.169	0.576	0.166
0.076	0.141	0.742	0.041
0.063	0.164	0.706	0.067
0.021	0.148	0.774	0.057
0.205	0.172	0.387	0.236
0.038	0.296	0.437	0.228
0.007	0.034	0.938	0.021
>CTGCTACTACCA	12-CTGCTACTACCA	13.827883	-14.572009	0	T:4.0(0.60%),B:4.5(0.01%),P:1e-6	Tpos:48.8,Tstd:24.4,Bpos:44.4,Bstd:18.8,StrandBias:1.6,Multiplicity:1.00
0.001	0.997	0.001	0.001
0.001	0.015	0.308	0.676
0.026	0.308	0.665	0.001
0.001	0.997	0.001	0.001
0.001	0.001	0.001	0.997
0.997	0.001	0.001	0.001
0.001	0.997	0.001	0.001
0.001	0.001	0.308	0.690
0.997	0.001	0.001	0.001
0.001	0.690	0.308	0.001
0.001	0.632	0.001	0.366
0.997	0.001	0.001	0.001
>GTGTACAGTAGG	13-GTGTACAGTAGG	7.692911	-14.329470	0	T:21.0(3.14%),B:390.8(0.86%),P:1e-6	Tpos:39.3,Tstd:24.1,Bpos:47.8,Bstd:32.2,StrandBias:0.0,Multiplicity:1.00
0.109	0.002	0.888	0.001
0.115	0.110	0.110	0.665
0.055	0.109	0.835	0.001
0.276	0.001	0.001	0.722
0.832	0.001	0.112	0.055
0.335	0.496	0.003	0.167
0.833	0.057	0.001	0.109
0.110	0.055	0.778	0.057
0.276	0.224	0.001	0.498
0.723	0.001	0.167	0.109
0.001	0.055	0.780	0.164
0.003	0.110	0.613	0.274
>AATAATAATRVT	14-AATAATAATRVT	9.364727	-10.928706	0	T:9.0(1.35%),B:97.3(0.21%),P:1e-4	Tpos:56.9,Tstd:26.5,Bpos:44.8,Bstd:27.9,StrandBias:0.2,Multiplicity:1.11
0.987	0.001	0.001	0.011
0.885	0.001	0.001	0.113
0.001	0.113	0.198	0.688
0.997	0.001	0.001	0.001
0.773	0.113	0.113	0.001
0.113	0.113	0.114	0.660
0.997	0.001	0.001	0.001
0.997	0.001	0.001	0.001
0.012	0.113	0.113	0.762
0.480	0.001	0.405	0.113
0.355	0.321	0.323	0.001
0.107	0.001	0.113	0.779
>NNNNNNNNNNNN	15-NNNNNNNNNNNN	-nan	0.000000	0	T:0.0(0.00%),B:0.0(0.00%),P:1e0	Tpos:0.0,Tstd:0.0,Bpos:0.0,Bstd:0.0,StrandBias:0.0,Multiplicity:1.00
-nan	-nan	-nan	-nan
-nan	-nan	-nan	-nan
-nan	-nan	-nan	-nan
-nan	-nan	-nan	-nan
-nan	-nan	-nan	-nan
-nan	-nan	-nan	-nan
-nan	-nan	-nan	-nan
-nan	-nan	-nan	-nan
-nan	-nan	-nan	-nan
-nan	-nan	-nan	-nan
-nan	-nan	-nan	-nan
-nan	-nan	-nan	-nan
>NNNNNNNNNNNN	16-NNNNNNNNNNNN	-nan	0.000000	0	T:0.0(0.00%),B:0.0(0.00%),P:1e0	Tpos:0.0,Tstd:0.0,Bpos:0.0,Bstd:0.0,StrandBias:0.0,Multiplicity:1.00
-nan	-nan	-nan	-nan
-nan	-nan	-nan	-nan
-nan	-nan	-nan	-nan
-nan	-nan	-nan	-nan
-nan	-nan	-nan	-nan
-nan	-nan	-nan	-nan
-nan	-nan	-nan	-nan
-nan	-nan	-nan	-nan
-nan	-nan	-nan	-nan
-nan	-nan	-nan	-nan
-nan	-nan	-nan	-nan
-nan	-nan	-nan	-nan
>NNNNNNNNNNNN	17-NNNNNNNNNNNN	-nan	0.000000	0	T:0.0(0.00%),B:0.0(0.00%),P:1e0	Tpos:0.0,Tstd:0.0,Bpos:0.0,Bstd:0.0,StrandBias:0.0,Multiplicity:1.00
-nan	-nan	-nan	-nan
-nan	-nan	-nan	-nan
-nan	-nan	-nan	-nan
-nan	-nan	-nan	-nan
-nan	-nan	-nan	-nan
-nan	-nan	-nan	-nan
-nan	-nan	-nan	-nan
-nan	-nan	-nan	-nan
-nan	-nan	-nan	-nan
-nan	-nan	-nan	-nan
-nan	-nan	-nan	-nan
-nan	-nan	-nan	-nan
>CAGCAG	1-CAGCAG	6.177716	-179.034076	0	T:330.0(49.33%),B:8001.3(17.56%),P:1e-77	Tpos:50.9,Tstd:14.8,Bpos:50.0,Bstd:40.9,StrandBias:3.5,Multiplicity:1.36
0.100	0.700	0.100	0.100
0.700	0.100	0.100	0.100
0.100	0.100	0.700	0.100
0.100	0.700	0.100	0.100
0.700	0.100	0.100	0.100
0.100	0.100	0.700	0.100
>TCCTCC	2-TCCTCC	5.639376	-34.854085	0	T:324.0(48.43%),B:15217.3(33.40%),P:1e-15	Tpos:50.4,Tstd:25.1,Bpos:49.8,Bstd:34.8,StrandBias:-1.1,Multiplicity:1.49
0.001	0.001	0.001	0.997
0.001	0.870	0.001	0.128
0.001	0.997	0.001	0.001
0.001	0.001	0.001	0.997
0.001	0.543	0.303	0.153
0.001	0.997	0.001	0.001
>GTAGTA	3-GTAGTA	3.993581	-11.441763	0	T:136.0(20.33%),B:6483.6(14.23%),P:1e-4	Tpos:48.6,Tstd:28.4,Bpos:49.7,Bstd:29.5,StrandBias:-0.7,Multiplicity:1.17
0.109	0.001	0.889	0.001
0.001	0.001	0.001	0.997
0.840	0.001	0.158	0.001
0.001	0.001	0.997	0.001
0.001	0.001	0.001	0.997
0.776	0.001	0.001	0.222
>TATATA	4-TATATA	5.826716	-11.295029	0	T:56.0(8.37%),B:2073.0(4.55%),P:1e-4	Tpos:36.7,Tstd:27.1,Bpos:51.3,Bstd:32.0,StrandBias:0.2,Multiplicity:1.16
0.001	0.001	0.148	0.850
0.997	0.001	0.001	0.001
0.114	0.076	0.001	0.809
0.997	0.001	0.001	0.001
0.062	0.239	0.001	0.698
0.997	0.001	0.001	0.001
>AAAAAA	5-AAAAAA	5.705775	-7.210436	0	T:90.0(13.45%),B:4367.0(9.59%),P:1e-3	Tpos:45.5,Tstd:28.6,Bpos:50.1,Bstd:32.9,StrandBias:0.5,Multiplicity:1.25
0.861	0.001	0.137	0.001
0.851	0.001	0.147	0.001
0.816	0.105	0.001	0.078
0.722	0.001	0.103	0.174
0.815	0.001	0.183	0.001
0.929	0.001	0.001	0.069
>CAGCAGGR	1-CAGCAGGR	4.161567	-244.383790	0	T:210.0(31.39%),B:2221.5(4.88%),P:1e-106	Tpos:52.2,Tstd:9.5,Bpos:50.9,Bstd:40.6,StrandBias:5.2,Multiplicity:1.05
0.001	0.997	0.001	0.001
0.997	0.001	0.001	0.001
0.001	0.001	0.997	0.001
0.001	0.997	0.001	0.001
0.997	0.001	0.001	0.001
0.001	0.001	0.997	0.001
0.001	0.001	0.997	0.001
0.491	0.164	0.345	0.001
>AGCAGCAG	2-AGCAGCAG	6.873961	-84.355977	0	T:229.0(34.23%),B:6603.7(14.50%),P:1e-36	Tpos:52.4,Tstd:20.5,Bpos:49.2,Bstd:39.2,StrandBias:2.4,Multiplicity:1.15
0.928	0.033	0.038	0.001
0.045	0.105	0.816	0.034
0.077	0.829	0.042	0.052
0.946	0.001	0.052	0.001
0.035	0.001	0.955	0.009
0.001	0.865	0.023	0.111
0.971	0.001	0.027	0.001
0.095	0.026	0.845	0.034
>GCAGGACR	3-GCAGGACR	8.137354	-41.603992	0	T:92.0(13.75%),B:2221.8(4.88%),P:1e-18	Tpos:49.8,Tstd:24.5,Bpos:49.4,Bstd:36.0,StrandBias:2.1,Multiplicity:1.05
0.001	0.001	0.997	0.001
0.001	0.770	0.228	0.001
0.997	0.001	0.001	0.001
0.001	0.001	0.997	0.001
0.167	0.001	0.831	0.001
0.997	0.001	0.001	0.001
0.001	0.522	0.216	0.261
0.534	0.001	0.464	0.001
>CGCCGCGG	4-CGCCGCGG	6.839582	-19.515651	0	T:130.0(19.43%),B:5287.8(11.61%),P:1e-8	Tpos:50.3,Tstd:29.4,Bpos:50.1,Bstd:30.9,StrandBias:-0.2,Multiplicity:1.26
0.001	0.744	0.194	0.061
0.052	0.001	0.946	0.001
0.024	0.915	0.038	0.023
0.033	0.925	0.041	0.001
0.066	0.001	0.932	0.001
0.035	0.882	0.035	0.048
0.048	0.118	0.770	0.064
0.001	0.001	0.946	0.052
>TATATACA	5-TATATACA	6.437312	-15.583290	0	T:32.0(4.78%),B:755.3(1.66%),P:1e-6	Tpos:32.7,Tstd:24.7,Bpos:50.4,Bstd:30.3,StrandBias:0.4,Multiplicity:1.12
0.075	0.032	0.104	0.789
0.821	0.052	0.044	0.083
0.077	0.095	0.061	0.767
0.834	0.049	0.038	0.079
0.086	0.108	0.068	0.738
0.852	0.073	0.025	0.050
0.195	0.679	0.072	0.054
0.533	0.097	0.180	0.190
>TTTTTGTT	6-TTTTTGTT	4.892473	-12.226765	0	T:131.0(19.58%),B:6092.0(13.37%),P:1e-5	Tpos:50.4,Tstd:27.0,Bpos:49.6,Bstd:32.8,StrandBias:-0.8,Multiplicity:1.24
0.062	0.054	0.065	0.819
0.085	0.056	0.106	0.753
0.141	0.096	0.069	0.694
0.076	0.099	0.083	0.742
0.067	0.109	0.087	0.737
0.099	0.113	0.663	0.125
0.055	0.106	0.078	0.761
0.043	0.068	0.053	0.836
