>CCTCCTGCTG	1-CCTCCTGCTG	7.310610	-205.329726	0	T:280.0(41.67%),B:5142.2(11.25%),P:1e-89	Tpos:51.1,Tstd:12.8,Bpos:49.5,Bstd:38.5,StrandBias:-4.2,Multiplicity:1.11
0.058	0.624	0.141	0.177
0.067	0.574	0.250	0.109
0.048	0.137	0.117	0.698
0.012	0.556	0.390	0.042
0.015	0.954	0.019	0.012
0.012	0.029	0.001	0.958
0.015	0.028	0.956	0.001
0.001	0.938	0.031	0.030
0.033	0.029	0.011	0.927
0.032	0.101	0.819	0.048
>ACAGCAGGGA	2-ACAGCAGGGA	6.488858	-109.378713	0	T:203.0(30.21%),B:4536.7(9.93%),P:1e-47	Tpos:47.6,Tstd:20.6,Bpos:49.4,Bstd:35.3,StrandBias:1.6,Multiplicity:1.10
0.719	0.119	0.103	0.059
0.041	0.805	0.082	0.072
0.810	0.050	0.068	0.072
0.049	0.071	0.826	0.054
0.077	0.844	0.058	0.021
0.817	0.066	0.072	0.045
0.061	0.035	0.852	0.052
0.081	0.095	0.722	0.102
0.038	0.073	0.831	0.058
0.778	0.105	0.053	0.064
>CVGCAGCWGC	3-CVGCAGCWGC	5.944567	-38.492296	0	T:131.0(19.49%),B:4071.4(8.91%),P:1e-16	Tpos:51.2,Tstd:25.0,Bpos:52.0,Bstd:35.9,StrandBias:1.7,Multiplicity:1.12
0.257	0.485	0.016	0.242
0.355	0.330	0.233	0.083
0.016	0.310	0.462	0.212
0.061	0.725	0.198	0.016
0.479	0.057	0.323	0.142
0.131	0.182	0.533	0.154
0.185	0.571	0.239	0.005
0.411	0.021	0.180	0.389
0.359	0.103	0.525	0.013
0.023	0.663	0.023	0.291
>CAGCASCAGG	4-CAGCASCAGG	8.385567	-37.809122	0	T:63.0(9.38%),B:1233.1(2.70%),P:1e-16	Tpos:50.8,Tstd:25.0,Bpos:47.1,Bstd:39.2,StrandBias:0.0,Multiplicity:1.00
0.121	0.718	0.007	0.154
0.605	0.001	0.072	0.322
0.013	0.017	0.853	0.117
0.016	0.773	0.099	0.112
0.566	0.083	0.128	0.223
0.057	0.382	0.471	0.090
0.049	0.707	0.101	0.143
0.523	0.026	0.132	0.319
0.054	0.063	0.823	0.060
0.053	0.294	0.563	0.090
>GGMGAGGAGR	5-GGMGAGGAGR	7.648040	-35.084773	0	T:115.0(17.11%),B:3495.6(7.65%),P:1e-15	Tpos:57.4,Tstd:26.4,Bpos:50.2,Bstd:30.9,StrandBias:-0.3,Multiplicity:1.14
0.001	0.090	0.854	0.055
0.258	0.001	0.699	0.042
0.469	0.528	0.001	0.002
0.001	0.001	0.997	0.001
0.656	0.064	0.279	0.001
0.158	0.258	0.549	0.035
0.001	0.001	0.997	0.001
0.739	0.001	0.097	0.163
0.303	0.001	0.591	0.105
0.430	0.001	0.561	0.008
>GYKDAAGAGT	6-GYKDAAGAGT	8.242342	-28.813852	0	T:23.0(3.42%),B:211.2(0.46%),P:1e-12	Tpos:48.6,Tstd:32.3,Bpos:51.2,Bstd:29.6,StrandBias:-0.1,Multiplicity:1.00
0.333	0.001	0.522	0.144
0.001	0.472	0.001	0.526
0.001	0.001	0.549	0.449
0.408	0.001	0.278	0.313
0.782	0.216	0.001	0.001
0.853	0.145	0.001	0.001
0.001	0.001	0.997	0.001
0.687	0.128	0.001	0.184
0.001	0.001	0.694	0.304
0.001	0.001	0.001	0.997
>CATACCGTCC	7-CATACCGTCC	9.422638	-25.639262	0	T:12.0(1.79%),B:45.0(0.10%),P:1e-11	Tpos:42.4,Tstd:29.6,Bpos:46.9,Bstd:23.2,StrandBias:1.0,Multiplicity:1.00
0.001	0.851	0.147	0.001
0.997	0.001	0.001	0.001
0.001	0.001	0.055	0.943
0.889	0.001	0.109	0.001
0.001	0.907	0.001	0.091
0.001	0.997	0.001	0.001
0.001	0.147	0.851	0.001
0.001	0.001	0.147	0.851
0.147	0.851	0.001	0.001
0.001	0.997	0.001	0.001
>ACGATAATAT	8-ACGATAATAT	10.664386	-21.092049	0	T:8.0(1.19%),B:19.3(0.04%),P:1e-9	Tpos:53.3,Tstd:33.2,Bpos:67.5,Bstd:21.0,StrandBias:1.8,Multiplicity:1.00
0.997	0.001	0.001	0.001
0.001	0.856	0.142	0.001
0.188	0.001	0.810	0.001
0.856	0.001	0.142	0.001
0.095	0.001	0.001	0.903
0.856	0.142	0.001	0.001
0.856	0.001	0.001	0.142
0.001	0.001	0.001	0.997
0.997	0.001	0.001	0.001
0.001	0.001	0.001	0.997
>GAAACTCCCA	9-GAAACTCCCA	10.308474	-21.092049	0	T:8.0(1.19%),B:19.9(0.04%),P:1e-9	Tpos:62.4,Tstd:28.6,Bpos:43.0,Bstd:24.1,StrandBias:0.7,Multiplicity:1.00
0.001	0.001	0.709	0.289
0.997	0.001	0.001	0.001
0.892	0.106	0.001	0.001
0.997	0.001	0.001	0.001
0.132	0.738	0.001	0.129
0.001	0.001	0.091	0.907
0.001	0.997	0.001	0.001
0.001	0.841	0.001	0.157
0.030	0.811	0.158	0.001
0.841	0.157	0.001	0.001
>CAGCAGAAAG	10-CAGCAGAAAG	9.791871	-20.690985	0	T:17.0(2.53%),B:167.2(0.37%),P:1e-8	Tpos:56.5,Tstd:9.4,Bpos:49.8,Bstd:37.2,StrandBias:10.0,Multiplicity:1.06
0.055	0.898	0.046	0.001
0.942	0.001	0.001	0.056
0.001	0.001	0.997	0.001
0.001	0.997	0.001	0.001
0.916	0.082	0.001	0.001
0.074	0.001	0.823	0.102
0.997	0.001	0.001	0.001
0.916	0.001	0.001	0.082
0.997	0.001	0.001	0.001
0.296	0.053	0.577	0.074
>ACCACCACCC	11-ACCACCACCC	7.674892	-20.478374	0	T:49.0(7.29%),B:1253.7(2.74%),P:1e-8	Tpos:41.3,Tstd:24.5,Bpos:47.7,Bstd:28.7,StrandBias:1.8,Multiplicity:1.02
0.831	0.151	0.016	0.002
0.106	0.733	0.055	0.106
0.001	0.970	0.001	0.028
0.709	0.251	0.038	0.002
0.001	0.900	0.098	0.001
0.137	0.861	0.001	0.001
0.816	0.030	0.109	0.045
0.028	0.841	0.099	0.032
0.028	0.708	0.117	0.147
0.152	0.667	0.081	0.100
>CGACGACGAC	12-CGACGACGAC	7.581710	-19.273407	0	T:68.0(10.12%),B:2144.4(4.69%),P:1e-8	Tpos:51.3,Tstd:29.2,Bpos:50.2,Bstd:26.6,StrandBias:0.3,Multiplicity:1.10
0.058	0.811	0.048	0.083
0.042	0.099	0.835	0.024
0.630	0.112	0.221	0.037
0.087	0.774	0.138	0.001
0.018	0.071	0.881	0.030
0.651	0.150	0.142	0.057
0.046	0.780	0.099	0.075
0.041	0.090	0.835	0.034
0.752	0.127	0.096	0.025
0.077	0.780	0.079	0.064
>CGAGTTCACM	13-CGAGTTCACM	8.243101	-16.498094	0	T:19.0(2.83%),B:280.2(0.61%),P:1e-7	Tpos:54.2,Tstd:31.3,Bpos:49.1,Bstd:28.7,StrandBias:-0.3,Multiplicity:1.05
0.001	0.789	0.001	0.209
0.001	0.337	0.661	0.001
0.997	0.001	0.001	0.001
0.001	0.001	0.906	0.092
0.273	0.001	0.092	0.634
0.001	0.044	0.001	0.954
0.092	0.815	0.092	0.001
0.964	0.001	0.034	0.001
0.057	0.585	0.001	0.357
0.481	0.517	0.001	0.001
>AGGGCGGGAT	14-AGGGCGGGAT	8.048651	-15.351011	0	T:22.0(3.27%),B:398.4(0.87%),P:1e-6	Tpos:50.6,Tstd:26.1,Bpos:50.5,Bstd:29.8,StrandBias:0.3,Multiplicity:1.00
0.730	0.088	0.181	0.001
0.124	0.001	0.722	0.153
0.001	0.175	0.823	0.001
0.181	0.001	0.730	0.088
0.176	0.611	0.125	0.088
0.001	0.073	0.925	0.001
0.001	0.001	0.934	0.064
0.001	0.064	0.934	0.001
0.628	0.001	0.255	0.116
0.004	0.001	0.001	0.994
>CTGACGATTT	15-CTGACGATTT	10.296193	-14.465729	0	T:3.0(0.45%),B:1.8(0.00%),P:1e-6	Tpos:53.3,Tstd:18.8,Bpos:0.0,Bstd:0.0,StrandBias:-1.0,Multiplicity:1.00
0.100	0.700	0.100	0.100
0.100	0.100	0.100	0.700
0.100	0.100	0.700	0.100
0.700	0.100	0.100	0.100
0.100	0.700	0.100	0.100
0.100	0.100	0.700	0.100
0.700	0.100	0.100	0.100
0.100	0.100	0.100	0.700
0.100	0.100	0.100	0.700
0.100	0.100	0.100	0.700
>ACGACCCTAC	16-ACGACCCTAC	12.680719	-13.685682	0	T:4.0(0.60%),B:5.2(0.01%),P:1e-5	Tpos:48.8,Tstd:27.6,Bpos:51.4,Bstd:20.1,StrandBias:1.6,Multiplicity:1.00
0.997	0.001	0.001	0.001
0.001	0.997	0.001	0.001
0.001	0.001	0.997	0.001
0.683	0.315	0.001	0.001
0.001	0.997	0.001	0.001
0.001	0.997	0.001	0.001
0.001	0.997	0.001	0.001
0.001	0.001	0.001	0.997
0.997	0.001	0.001	0.001
0.001	0.997	0.001	0.001
>CATCAATTCG	17-CATCAATTCG	10.296193	-12.397256	0	T:3.0(0.45%),B:2.9(0.01%),P:1e-5	Tpos:58.7,Tstd:25.4,Bpos:46.8,Bstd:19.8,StrandBias:1.0,Multiplicity:1.00
0.100	0.700	0.100	0.100
0.700	0.100	0.100	0.100
0.100	0.100	0.100	0.700
0.100	0.700	0.100	0.100
0.700	0.100	0.100	0.100
0.700	0.100	0.100	0.100
0.100	0.100	0.100	0.700
0.100	0.100	0.100	0.700
0.100	0.700	0.100	0.100
0.100	0.100	0.700	0.100
>ACCACTTCAC	18-ACCACTTCAC	10.296193	-10.339727	0	T:3.0(0.45%),B:4.2(0.01%),P:1e-4	Tpos:58.0,Tstd:11.2,Bpos:28.1,Bstd:18.7,StrandBias:10.0,Multiplicity:1.00
0.700	0.100	0.100	0.100
0.100	0.700	0.100	0.100
0.100	0.700	0.100	0.100
0.700	0.100	0.100	0.100
0.100	0.700	0.100	0.100
0.100	0.100	0.100	0.700
0.100	0.100	0.100	0.700
0.100	0.700	0.100	0.100
0.700	0.100	0.100	0.100
0.100	0.700	0.100	0.100
>CASCAGCAGGAN	1-CASCAGCAGGAN	7.657826	-214.137681	0	T:263.0(39.14%),B:4326.4(9.47%),P:1e-92	Tpos:50.9,Tstd:10.9,Bpos:49.7,Bstd:37.8,StrandBias:4.2,Multiplicity:1.07
0.274	0.476	0.113	0.137
0.437	0.160	0.167	0.237
0.191	0.265	0.407	0.137
0.040	0.894	0.065	0.001
0.958	0.001	0.005	0.036
0.001	0.001	0.997	0.001
0.030	0.726	0.243	0.001
0.953	0.001	0.001	0.045
0.130	0.061	0.808	0.001
0.191	0.247	0.561	0.001
0.499	0.198	0.227	0.076
0.221	0.319	0.262	0.198
>CCTCCTGCTGGC	2-CCTCCTGCTGGC	7.361762	-80.997551	0	T:141.0(20.98%),B:2910.0(6.37%),P:1e-35	Tpos:49.3,Tstd:23.3,Bpos:50.3,Bstd:32.4,StrandBias:-0.7,Multiplicity:1.03
0.072	0.695	0.147	0.086
0.035	0.727	0.074	0.164
0.173	0.108	0.056	0.663
0.025	0.891	0.059	0.025
0.050	0.683	0.160	0.107
0.076	0.118	0.119	0.687
0.037	0.130	0.718	0.115
0.024	0.914	0.061	0.001
0.069	0.054	0.084	0.793
0.023	0.182	0.703	0.092
0.062	0.050	0.775	0.113
0.061	0.752	0.113	0.074
>AGCAGCAGCAGC	3-AGCAGCAGCAGC	6.932943	-52.892003	0	T:191.0(28.42%),B:6228.7(13.63%),P:1e-22	Tpos:58.0,Tstd:23.3,Bpos:50.5,Bstd:36.5,StrandBias:1.3,Multiplicity:1.14
0.666	0.103	0.139	0.092
0.089	0.068	0.781	0.062
0.069	0.765	0.126	0.040
0.683	0.090	0.098	0.129
0.076	0.081	0.791	0.052
0.045	0.747	0.155	0.053
0.707	0.131	0.092	0.070
0.088	0.047	0.814	0.051
0.066	0.825	0.070	0.039
0.616	0.098	0.112	0.174
0.064	0.049	0.818	0.069
0.106	0.787	0.046	0.061
>ASCAGCAGCAGS	4-ASCAGCAGCAGS	8.341439	-52.242147	0	T:112.0(16.67%),B:2656.5(5.81%),P:1e-22	Tpos:55.0,Tstd:22.2,Bpos:50.9,Bstd:35.9,StrandBias:1.7,Multiplicity:1.04
0.735	0.022	0.064	0.179
0.001	0.514	0.484	0.001
0.189	0.740	0.070	0.001
0.618	0.001	0.226	0.155
0.112	0.318	0.569	0.001
0.041	0.947	0.011	0.001
0.966	0.001	0.001	0.032
0.001	0.410	0.588	0.001
0.001	0.977	0.021	0.001
0.649	0.084	0.245	0.022
0.074	0.229	0.696	0.001
0.094	0.478	0.339	0.089
>ACAGCAGGGCAR	5-ACAGCAGGGCAR	10.253530	-43.030191	0	T:38.0(5.65%),B:389.6(0.85%),P:1e-18	Tpos:59.5,Tstd:18.2,Bpos:47.0,Bstd:36.9,StrandBias:2.6,Multiplicity:1.00
0.604	0.001	0.394	0.001
0.001	0.804	0.194	0.001
0.931	0.001	0.067	0.001
0.001	0.001	0.997	0.001
0.202	0.796	0.001	0.001
0.997	0.001	0.001	0.001
0.001	0.001	0.997	0.001
0.275	0.068	0.465	0.192
0.001	0.134	0.864	0.001
0.068	0.545	0.185	0.202
0.673	0.001	0.325	0.001
0.460	0.001	0.538	0.001
>CAGCAGCACCAC	6-CAGCAGCACCAC	7.212783	-40.489793	0	T:108.0(16.07%),B:2932.6(6.42%),P:1e-17	Tpos:46.3,Tstd:24.7,Bpos:50.4,Bstd:32.7,StrandBias:0.9,Multiplicity:1.05
0.108	0.802	0.065	0.025
0.779	0.073	0.075	0.073
0.101	0.076	0.702	0.121
0.085	0.850	0.041	0.024
0.825	0.062	0.056	0.057
0.131	0.137	0.652	0.080
0.071	0.734	0.134	0.061
0.718	0.075	0.110	0.097
0.106	0.826	0.037	0.031
0.141	0.710	0.064	0.085
0.708	0.109	0.134	0.049
0.156	0.698	0.078	0.068
>GCGGCGAGGAAG	7-GCGGCGAGGAAG	9.480915	-30.707542	0	T:38.0(5.65%),B:575.5(1.26%),P:1e-13	Tpos:52.4,Tstd:25.3,Bpos:51.5,Bstd:33.5,StrandBias:0.0,Multiplicity:1.11
0.085	0.030	0.800	0.085
0.105	0.736	0.068	0.091
0.112	0.030	0.857	0.001
0.047	0.085	0.867	0.001
0.051	0.857	0.062	0.030
0.090	0.090	0.819	0.001
0.751	0.105	0.143	0.001
0.091	0.050	0.858	0.001
0.030	0.060	0.909	0.001
0.838	0.056	0.016	0.090
0.800	0.001	0.159	0.040
0.084	0.001	0.914	0.001
>TGAATTCAGCAG	8-TGAATTCAGCAG	10.367707	-29.760762	0	T:18.0(2.68%),B:108.2(0.24%),P:1e-12	Tpos:61.2,Tstd:21.6,Bpos:46.7,Bstd:37.3,StrandBias:2.1,Multiplicity:1.00
0.001	0.001	0.001	0.997
0.069	0.138	0.724	0.069
0.707	0.172	0.001	0.120
0.730	0.120	0.006	0.144
0.001	0.001	0.137	0.861
0.069	0.138	0.103	0.690
0.001	0.997	0.001	0.001
0.792	0.001	0.069	0.138
0.137	0.001	0.861	0.001
0.001	0.997	0.001	0.001
0.930	0.001	0.001	0.068
0.207	0.001	0.723	0.069
>TATRCWTATMMC	9-TATRCWTATMMC	8.297378	-26.890640	0	T:7.0(1.04%),B:5.9(0.01%),P:1e-11	Tpos:39.4,Tstd:24.0,Bpos:52.8,Bstd:26.3,StrandBias:0.4,Multiplicity:1.00
0.020	0.001	0.001	0.978
0.997	0.001	0.001	0.001
0.001	0.001	0.085	0.913
0.456	0.001	0.542	0.001
0.001	0.997	0.001	0.001
0.451	0.001	0.096	0.451
0.001	0.001	0.001	0.997
0.997	0.001	0.001	0.001
0.001	0.001	0.001	0.997
0.552	0.446	0.001	0.001
0.446	0.552	0.001	0.001
0.001	0.997	0.001	0.001
>CTGCTCTCCACC	10-CTGCTCTCCACC	13.792354	-25.361292	0	T:8.0(1.19%),B:11.0(0.02%),P:1e-11	Tpos:54.7,Tstd:20.7,Bpos:48.5,Bstd:26.4,StrandBias:-0.4,Multiplicity:1.00
0.001	0.997	0.001	0.001
0.001	0.001	0.001	0.997
0.001	0.155	0.843	0.001
0.155	0.843	0.001	0.001
0.001	0.001	0.129	0.869
0.001	0.997	0.001	0.001
0.001	0.001	0.001	0.997
0.001	0.869	0.129	0.001
0.001	0.997	0.001	0.001
0.883	0.001	0.001	0.115
0.001	0.997	0.001	0.001
0.155	0.843	0.001	0.001
>GACGACGACGAC	11-GACGACGACGAC	7.743362	-25.158065	0	T:78.0(11.61%),B:2297.6(5.03%),P:1e-10	Tpos:54.0,Tstd:28.9,Bpos:49.9,Bstd:26.1,StrandBias:0.0,Multiplicity:1.12
0.026	0.105	0.841	0.028
0.570	0.160	0.125	0.145
0.117	0.781	0.030	0.072
0.064	0.043	0.872	0.021
0.609	0.190	0.139	0.062
0.091	0.775	0.104	0.030
0.019	0.075	0.905	0.001
0.682	0.167	0.115	0.036
0.049	0.794	0.088	0.069
0.047	0.090	0.782	0.081
0.673	0.162	0.134	0.031
0.041	0.773	0.112	0.074
>TADATAVCCGSG	12-TADATAVCCGSG	7.833920	-23.396201	0	T:24.0(3.57%),B:304.3(0.67%),P:1e-10	Tpos:35.9,Tstd:21.8,Bpos:48.3,Bstd:29.3,StrandBias:0.5,Multiplicity:1.00
0.166	0.001	0.001	0.832
0.997	0.001	0.001	0.001
0.248	0.082	0.327	0.343
0.832	0.166	0.001	0.001
0.251	0.173	0.001	0.575
0.835	0.001	0.163	0.001
0.245	0.330	0.340	0.085
0.167	0.500	0.167	0.167
0.327	0.582	0.085	0.006
0.001	0.002	0.996	0.001
0.001	0.509	0.489	0.001
0.247	0.001	0.751	0.001
>CAGCAGGGACCG	13-CAGCAGGGACCG	10.881317	-23.161183	0	T:12.0(1.79%),B:56.1(0.12%),P:1e-10	Tpos:41.2,Tstd:22.4,Bpos:54.4,Bstd:36.7,StrandBias:0.5,Multiplicity:1.00
0.001	0.997	0.001	0.001
0.583	0.305	0.111	0.001
0.001	0.001	0.997	0.001
0.222	0.776	0.001	0.001
0.695	0.082	0.001	0.222
0.222	0.001	0.776	0.001
0.223	0.111	0.555	0.111
0.001	0.001	0.997	0.001
0.997	0.001	0.001	0.001
0.001	0.888	0.001	0.110
0.001	0.755	0.111	0.133
0.001	0.001	0.997	0.001
>AAGGTTAAACAT	14-AAGGTTAAACAT	9.849840	-20.646269	0	T:11.0(1.64%),B:55.1(0.12%),P:1e-8	Tpos:56.2,Tstd:31.1,Bpos:50.1,Bstd:26.4,StrandBias:1.2,Multiplicity:1.00
0.604	0.102	0.001	0.293
0.901	0.001	0.001	0.097
0.001	0.001	0.706	0.292
0.001	0.301	0.697	0.001
0.097	0.001	0.001	0.901
0.195	0.001	0.302	0.502
0.697	0.001	0.001	0.301
0.794	0.204	0.001	0.001
0.997	0.001	0.001	0.001
0.001	0.503	0.297	0.199
0.892	0.106	0.001	0.001
0.001	0.001	0.097	0.901
>AGAGAGACAGCA	15-AGAGAGACAGCA	13.598576	-20.303759	0	T:7.0(1.04%),B:13.2(0.03%),P:1e-8	Tpos:68.4,Tstd:16.2,Bpos:62.0,Bstd:9.6,StrandBias:0.4,Multiplicity:1.00
0.997	0.001	0.001	0.001
0.001	0.001	0.997	0.001
0.997	0.001	0.001	0.001
0.001	0.001	0.997	0.001
0.720	0.001	0.152	0.127
0.151	0.001	0.847	0.001
0.886	0.001	0.112	0.001
0.001	0.997	0.001	0.001
0.847	0.001	0.001	0.151
0.001	0.001	0.997	0.001
0.001	0.847	0.151	0.001
0.997	0.001	0.001	0.001
>ACCGAATTGATG	16-ACCGAATTGATG	14.640156	-20.076721	0	T:4.0(0.60%),B:1.2(0.00%),P:1e-8	Tpos:54.0,Tstd:23.4,Bpos:33.0,Bstd:0.0,StrandBias:-1.6,Multiplicity:1.00
0.749	0.001	0.249	0.001
0.001	0.749	0.249	0.001
0.001	0.997	0.001	0.001
0.001	0.001	0.997	0.001
0.997	0.001	0.001	0.001
0.997	0.001	0.001	0.001
0.001	0.001	0.001	0.997
0.001	0.001	0.001	0.997
0.001	0.001	0.997	0.001
0.749	0.001	0.001	0.249
0.001	0.001	0.001	0.997
0.001	0.001	0.997	0.001
>WGTGRCAWKYGR	17-WGTGRCAWKYGR	12.425122	-19.541874	0	T:6.0(0.89%),B:8.6(0.02%),P:1e-8	Tpos:65.0,Tstd:22.9,Bpos:59.7,Bstd:25.0,StrandBias:1.0,Multiplicity:1.00
0.552	0.001	0.001	0.446
0.001	0.001	0.997	0.001
0.001	0.001	0.001	0.997
0.001	0.001	0.997	0.001
0.519	0.001	0.479	0.001
0.001	0.997	0.001	0.001
0.997	0.001	0.001	0.001
0.453	0.001	0.001	0.545
0.001	0.001	0.479	0.519
0.001	0.446	0.001	0.552
0.001	0.001	0.997	0.001
0.545	0.001	0.453	0.001
>TCCGACCCTTCT	18-TCCGACCCTTCT	10.155890	-17.913523	0	T:5.0(0.74%),B:5.3(0.01%),P:1e-7	Tpos:31.0,Tstd:29.8,Bpos:61.9,Bstd:11.6,StrandBias:-0.6,Multiplicity:1.00
0.001	0.001	0.001	0.997
0.001	0.997	0.001	0.001
0.001	0.997	0.001	0.001
0.047	0.001	0.951	0.001
0.997	0.001	0.001	0.001
0.001	0.997	0.001	0.001
0.001	0.997	0.001	0.001
0.001	0.806	0.192	0.001
0.001	0.001	0.001	0.997
0.001	0.047	0.001	0.951
0.001	0.806	0.192	0.001
0.047	0.001	0.001	0.951
>GCAGCGGGAGGC	19-GCAGCGGGAGGC	13.365322	-17.158931	0	T:6.0(0.89%),B:12.0(0.03%),P:1e-7	Tpos:59.1,Tstd:25.6,Bpos:57.9,Bstd:31.4,StrandBias:1.6,Multiplicity:1.33
0.001	0.001	0.997	0.001
0.001	0.690	0.308	0.001
0.677	0.001	0.001	0.321
0.308	0.001	0.690	0.001
0.001	0.997	0.001	0.001
0.001	0.001	0.997	0.001
0.001	0.001	0.997	0.001
0.001	0.001	0.997	0.001
0.630	0.368	0.001	0.001
0.001	0.001	0.690	0.308
0.001	0.001	0.997	0.001
0.001	0.997	0.001	0.001
>CYTAGCCGRCTA	20-CYTAGCCGRCTA	8.222163	-14.488851	0	T:6.0(0.89%),B:19.3(0.04%),P:1e-6	Tpos:57.6,Tstd:31.9,Bpos:45.4,Bstd:23.9,StrandBias:0.3,Multiplicity:1.00
0.032	0.966	0.001	0.001
0.001	0.446	0.037	0.516
0.001	0.034	0.001	0.964
0.997	0.001	0.001	0.001
0.001	0.001	0.997	0.001
0.001	0.966	0.001	0.032
0.001	0.997	0.001	0.001
0.001	0.001	0.966	0.032
0.446	0.035	0.518	0.001
0.001	0.997	0.001	0.001
0.001	0.001	0.001	0.997
0.964	0.001	0.034	0.001
>TGSAGCTCCATG	21-TGSAGCTCCATG	13.313935	-12.874553	0	T:5.0(0.74%),B:14.3(0.03%),P:1e-5	Tpos:43.0,Tstd:32.4,Bpos:24.1,Bstd:17.7,StrandBias:-1.0,Multiplicity:1.00
0.001	0.001	0.001	0.997
0.217	0.001	0.781	0.001
0.001	0.453	0.545	0.001
0.890	0.001	0.001	0.108
0.001	0.001	0.997	0.001
0.001	0.997	0.001	0.001
0.001	0.001	0.108	0.890
0.001	0.672	0.218	0.109
0.001	0.997	0.001	0.001
0.890	0.108	0.001	0.001
0.001	0.001	0.344	0.654
0.001	0.001	0.997	0.001
>CAGCAG	1-CAGCAG	6.177716	-230.860423	0	T:362.0(53.87%),B:7976.9(17.46%),P:1e-100	Tpos:52.2,Tstd:14.7,Bpos:50.0,Bstd:39.8,StrandBias:3.8,Multiplicity:1.31
0.100	0.700	0.100	0.100
0.700	0.100	0.100	0.100
0.100	0.100	0.700	0.100
0.100	0.700	0.100	0.100
0.700	0.100	0.100	0.100
0.100	0.100	0.700	0.100
>CCTCCT	2-CCTCCT	5.974269	-18.418089	0	T:225.0(33.48%),B:10890.6(23.83%),P:1e-7	Tpos:50.1,Tstd:27.4,Bpos:50.1,Bstd:33.1,StrandBias:-0.1,Multiplicity:1.34
0.001	0.997	0.001	0.001
0.001	0.997	0.001	0.001
0.001	0.001	0.138	0.860
0.001	0.704	0.001	0.294
0.001	0.997	0.001	0.001
0.001	0.001	0.001	0.997
>CACCAC	3-CACCAC	6.033908	-14.714593	0	T:225.0(33.48%),B:11386.0(24.92%),P:1e-6	Tpos:47.5,Tstd:26.2,Bpos:49.5,Bstd:31.5,StrandBias:1.0,Multiplicity:1.36
0.001	0.997	0.001	0.001
0.997	0.001	0.001	0.001
0.001	0.997	0.001	0.001
0.257	0.741	0.001	0.001
0.821	0.001	0.177	0.001
0.001	0.829	0.169	0.001
>CGACGA	4-CGACGA	6.537319	-9.166545	0	T:187.0(27.83%),B:9912.1(21.69%),P:1e-3	Tpos:50.7,Tstd:29.2,Bpos:50.0,Bstd:29.2,StrandBias:0.2,Multiplicity:1.49
0.001	0.997	0.001	0.001
0.001	0.001	0.997	0.001
0.779	0.001	0.219	0.001
0.001	0.997	0.001	0.001
0.001	0.001	0.997	0.001
0.779	0.219	0.001	0.001
>CTAGTA	5-CTAGTA	5.898535	-8.154465	0	T:51.0(7.59%),B:2068.7(4.53%),P:1e-3	Tpos:44.1,Tstd:28.1,Bpos:51.5,Bstd:31.3,StrandBias:-0.1,Multiplicity:1.27
0.001	0.896	0.102	0.001
0.001	0.001	0.001	0.997
0.997	0.001	0.001	0.001
0.001	0.115	0.883	0.001
0.001	0.001	0.001	0.997
0.997	0.001	0.001	0.001
>CAGCAGGA	1-CAGCAGGA	7.866724	-240.109601	0	T:256.0(38.10%),B:3621.1(7.92%),P:1e-104	Tpos:51.9,Tstd:10.9,Bpos:49.3,Bstd:40.4,StrandBias:4.8,Multiplicity:1.08
0.001	0.997	0.001	0.001
0.997	0.001	0.001	0.001
0.001	0.001	0.990	0.008
0.001	0.961	0.037	0.001
0.997	0.001	0.001	0.001
0.001	0.017	0.968	0.014
0.032	0.144	0.823	0.001
0.592	0.118	0.237	0.053
>ACAGCAGA	2-ACAGCAGA	6.554223	-163.969603	0	T:273.0(40.62%),B:5882.2(12.87%),P:1e-71	Tpos:56.9,Tstd:18.1,Bpos:50.3,Bstd:37.9,StrandBias:3.1,Multiplicity:1.05
0.547	0.109	0.266	0.078
0.075	0.817	0.095	0.013
0.868	0.040	0.036	0.056
0.079	0.055	0.820	0.046
0.173	0.746	0.041	0.040
0.854	0.066	0.071	0.009
0.061	0.087	0.830	0.022
0.532	0.181	0.156	0.131
>GCDGCGGG	3-GCDGCGGG	7.575974	-31.234214	0	T:116.0(17.26%),B:3746.3(8.20%),P:1e-13	Tpos:48.1,Tstd:25.2,Bpos:50.0,Bstd:35.6,StrandBias:0.3,Multiplicity:1.13
0.001	0.118	0.880	0.001
0.093	0.781	0.125	0.001
0.308	0.064	0.279	0.349
0.093	0.001	0.905	0.001
0.083	0.818	0.098	0.001
0.001	0.001	0.682	0.316
0.316	0.001	0.666	0.017
0.025	0.001	0.973	0.001
>AAGAAGGR	4-AAGAAGGR	6.088788	-25.369305	0	T:158.0(23.51%),B:6304.1(13.80%),P:1e-11	Tpos:51.8,Tstd:26.9,Bpos:50.1,Bstd:33.4,StrandBias:0.4,Multiplicity:1.17
0.522	0.322	0.111	0.045
0.946	0.001	0.052	0.001
0.001	0.026	0.930	0.043
0.698	0.001	0.300	0.001
0.643	0.001	0.269	0.087
0.275	0.024	0.700	0.001
0.092	0.001	0.906	0.001
0.415	0.079	0.464	0.042
>TCGTCGTC	5-TCGTCGTC	7.887008	-24.985544	0	T:119.0(17.71%),B:4279.1(9.36%),P:1e-10	Tpos:48.7,Tstd:28.6,Bpos:50.4,Bstd:30.3,StrandBias:0.3,Multiplicity:1.16
0.001	0.001	0.001	0.997
0.001	0.997	0.001	0.001
0.001	0.371	0.627	0.001
0.001	0.288	0.001	0.710
0.001	0.997	0.001	0.001
0.001	0.271	0.727	0.001
0.001	0.334	0.089	0.576
0.001	0.997	0.001	0.001
>ACTAGTAG	6-ACTAGTAG	6.058659	-19.680550	0	T:52.0(7.74%),B:1411.6(3.09%),P:1e-8	Tpos:46.9,Tstd:29.4,Bpos:50.2,Bstd:32.0,StrandBias:-0.1,Multiplicity:1.04
0.812	0.027	0.127	0.034
0.034	0.850	0.115	0.001
0.054	0.001	0.001	0.944
0.834	0.039	0.106	0.021
0.001	0.185	0.813	0.001
0.086	0.001	0.016	0.897
0.965	0.001	0.001	0.033
0.001	0.001	0.957	0.041
>ATCAACAM	7-ATCAACAM	6.470498	-16.454866	0	T:69.0(10.27%),B:2358.5(5.16%),P:1e-7	Tpos:44.3,Tstd:26.3,Bpos:49.7,Bstd:29.5,StrandBias:1.2,Multiplicity:1.06
0.675	0.106	0.001	0.218
0.136	0.273	0.125	0.466
0.001	0.997	0.001	0.001
0.783	0.028	0.188	0.001
0.500	0.286	0.001	0.213
0.001	0.888	0.110	0.001
0.741	0.001	0.255	0.003
0.474	0.364	0.001	0.161
>TATATATA	8-TATATATA	5.155991	-12.272323	0	T:73.0(10.86%),B:2865.8(6.27%),P:1e-5	Tpos:39.3,Tstd:28.2,Bpos:49.0,Bstd:30.6,StrandBias:-0.1,Multiplicity:1.19
0.090	0.057	0.161	0.692
0.609	0.183	0.207	0.001
0.014	0.130	0.036	0.820
0.806	0.155	0.001	0.038
0.162	0.139	0.033	0.666
0.760	0.102	0.014	0.124
0.021	0.071	0.001	0.907
0.739	0.023	0.132	0.106
