>GCAGCAGGRA	1-GCAGCAGGRA	5.665977	-232.900191	0	T:223.0(33.28%),B:2735.9(5.98%),P:1e-101	Tpos:52.0,Tstd:10.2,Bpos:49.1,Bstd:38.4,StrandBias:5.0,Multiplicity:1.07
0.103	0.142	0.577	0.178
0.001	0.997	0.001	0.001
0.997	0.001	0.001	0.001
0.001	0.001	0.997	0.001
0.001	0.997	0.001	0.001
0.997	0.001	0.001	0.001
0.001	0.001	0.997	0.001
0.016	0.001	0.982	0.001
0.411	0.093	0.469	0.027
0.524	0.217	0.210	0.049
>AGCAGCAGCA	2-AGCAGCAGCA	6.852176	-72.722284	0	T:187.0(27.91%),B:5139.2(11.23%),P:1e-31	Tpos:50.5,Tstd:20.8,Bpos:50.1,Bstd:37.6,StrandBias:2.0,Multiplicity:1.05
0.816	0.044	0.085	0.055
0.086	0.139	0.734	0.041
0.084	0.808	0.053	0.055
0.808	0.061	0.058	0.073
0.067	0.064	0.792	0.077
0.056	0.834	0.054	0.056
0.835	0.052	0.056	0.057
0.062	0.102	0.778	0.058
0.065	0.803	0.058	0.074
0.797	0.080	0.084	0.039
>CAGCAGGRBC	3-CAGCAGGRBC	8.205128	-47.103222	0	T:49.0(7.31%),B:612.7(1.34%),P:1e-20	Tpos:61.1,Tstd:18.8,Bpos:48.0,Bstd:36.8,StrandBias:2.3,Multiplicity:1.00
0.232	0.475	0.292	0.001
0.765	0.001	0.233	0.001
0.371	0.001	0.627	0.001
0.001	0.763	0.001	0.235
0.552	0.001	0.102	0.345
0.001	0.372	0.626	0.001
0.001	0.237	0.761	0.001
0.449	0.001	0.549	0.001
0.001	0.336	0.282	0.381
0.272	0.726	0.001	0.001
>CAGCAGGRTG	4-CAGCAGGRTG	8.472058	-36.517803	0	T:46.0(6.87%),B:707.1(1.54%),P:1e-15	Tpos:49.8,Tstd:22.9,Bpos:49.7,Bstd:31.3,StrandBias:0.5,Multiplicity:1.00
0.074	0.728	0.197	0.001
0.677	0.001	0.211	0.111
0.001	0.001	0.915	0.083
0.001	0.974	0.024	0.001
0.827	0.171	0.001	0.001
0.064	0.175	0.760	0.001
0.044	0.037	0.918	0.001
0.404	0.074	0.457	0.064
0.115	0.001	0.001	0.883
0.143	0.001	0.855	0.001
>ACTACGGGAA	5-ACTACGGGAA	10.935735	-31.214837	0	T:9.0(1.34%),B:9.8(0.02%),P:1e-13	Tpos:46.6,Tstd:31.4,Bpos:50.1,Bstd:18.0,StrandBias:3.0,Multiplicity:1.00
0.997	0.001	0.001	0.001
0.001	0.874	0.001	0.124
0.001	0.001	0.001	0.997
0.997	0.001	0.001	0.001
0.001	0.874	0.124	0.001
0.001	0.001	0.997	0.001
0.125	0.001	0.749	0.125
0.001	0.124	0.874	0.001
0.874	0.001	0.001	0.124
0.874	0.124	0.001	0.001
>CAGCAGTGAG	6-CAGCAGTGAG	10.224029	-24.173929	0	T:18.0(2.69%),B:153.7(0.34%),P:1e-10	Tpos:48.6,Tstd:11.3,Bpos:54.8,Bstd:28.9,StrandBias:2.1,Multiplicity:1.00
0.001	0.997	0.001	0.001
0.902	0.001	0.001	0.096
0.084	0.001	0.914	0.001
0.129	0.869	0.001	0.001
0.997	0.001	0.001	0.001
0.001	0.084	0.914	0.001
0.001	0.092	0.001	0.906
0.001	0.001	0.997	0.001
0.894	0.001	0.001	0.104
0.001	0.050	0.948	0.001
>ATAGGGTTTT	7-ATAGGGTTTT	10.895953	-23.174686	0	T:10.0(1.49%),B:32.5(0.07%),P:1e-10	Tpos:52.6,Tstd:25.4,Bpos:58.0,Bstd:23.2,StrandBias:0.0,Multiplicity:1.00
0.813	0.127	0.001	0.059
0.001	0.145	0.001	0.853
0.853	0.145	0.001	0.001
0.001	0.001	0.997	0.001
0.001	0.001	0.997	0.001
0.001	0.001	0.997	0.001
0.145	0.001	0.001	0.853
0.001	0.001	0.001	0.997
0.001	0.001	0.145	0.853
0.121	0.001	0.001	0.877
>CATATAGTTT	8-CATATAGTTT	10.769584	-22.227531	0	T:9.0(1.34%),B:25.1(0.05%),P:1e-9	Tpos:31.0,Tstd:25.8,Bpos:47.2,Bstd:20.2,StrandBias:-1.8,Multiplicity:1.00
0.001	0.856	0.142	0.001
0.856	0.142	0.001	0.001
0.001	0.001	0.001	0.997
0.760	0.143	0.001	0.096
0.001	0.001	0.105	0.893
0.997	0.001	0.001	0.001
0.001	0.119	0.879	0.001
0.001	0.001	0.001	0.997
0.001	0.001	0.001	0.997
0.001	0.105	0.001	0.893
>AACACCACCA	9-AACACCACCA	9.217819	-21.572794	0	T:22.0(3.28%),B:280.8(0.61%),P:1e-9	Tpos:63.3,Tstd:24.6,Bpos:51.8,Bstd:30.9,StrandBias:0.5,Multiplicity:1.00
0.949	0.001	0.049	0.001
0.761	0.237	0.001	0.001
0.001	0.997	0.001	0.001
0.997	0.001	0.001	0.001
0.001	0.997	0.001	0.001
0.001	0.997	0.001	0.001
0.928	0.070	0.001	0.001
0.058	0.760	0.001	0.181
0.001	0.862	0.136	0.001
0.779	0.067	0.061	0.093
>TAATCGGGGA	10-TAATCGGGGA	10.336775	-21.246446	0	T:9.0(1.34%),B:28.9(0.06%),P:1e-9	Tpos:42.6,Tstd:18.4,Bpos:47.6,Bstd:23.3,StrandBias:1.8,Multiplicity:1.00
0.001	0.001	0.001	0.997
0.694	0.158	0.147	0.001
0.997	0.001	0.001	0.001
0.001	0.001	0.001	0.997
0.001	0.997	0.001	0.001
0.001	0.001	0.997	0.001
0.187	0.001	0.811	0.001
0.001	0.001	0.997	0.001
0.001	0.252	0.746	0.001
0.997	0.001	0.001	0.001
>CSSCGGCBGC	11-CSSCGGCBGC	5.888875	-20.579984	0	T:225.0(33.58%),B:10681.5(23.34%),P:1e-8	Tpos:54.4,Tstd:24.9,Bpos:49.9,Bstd:30.3,StrandBias:-0.3,Multiplicity:1.39
0.080	0.562	0.218	0.140
0.038	0.387	0.376	0.198
0.023	0.439	0.406	0.132
0.018	0.953	0.028	0.001
0.039	0.266	0.565	0.130
0.001	0.308	0.540	0.151
0.034	0.750	0.150	0.066
0.061	0.375	0.265	0.300
0.029	0.325	0.533	0.113
0.039	0.811	0.149	0.001
>TATGTATCTA	12-TATGTATCTA	10.417720	-19.935221	0	T:10.0(1.49%),B:45.4(0.10%),P:1e-8	Tpos:41.3,Tstd:25.8,Bpos:48.1,Bstd:27.8,StrandBias:-0.8,Multiplicity:1.00
0.001	0.001	0.001	0.997
0.886	0.001	0.001	0.112
0.001	0.001	0.001	0.997
0.001	0.077	0.921	0.001
0.001	0.001	0.112	0.886
0.997	0.001	0.001	0.001
0.168	0.168	0.001	0.663
0.078	0.808	0.001	0.113
0.001	0.001	0.001	0.997
0.997	0.001	0.001	0.001
>TTCTTTGTCA	13-TTCTTTGTCA	11.360603	-18.508140	0	T:7.0(1.04%),B:17.9(0.04%),P:1e-8	Tpos:45.4,Tstd:31.2,Bpos:51.6,Bstd:30.3,StrandBias:0.7,Multiplicity:1.14
0.001	0.001	0.001	0.997
0.001	0.001	0.001	0.997
0.001	0.799	0.199	0.001
0.001	0.001	0.001	0.997
0.001	0.001	0.001	0.997
0.001	0.001	0.001	0.997
0.001	0.001	0.875	0.123
0.001	0.001	0.001	0.997
0.001	0.851	0.147	0.001
0.997	0.001	0.001	0.001
>CGACGACGAC	14-CGACGACGAC	7.455462	-17.502487	0	T:46.0(6.87%),B:1256.4(2.74%),P:1e-7	Tpos:41.8,Tstd:26.3,Bpos:50.2,Bstd:27.4,StrandBias:0.5,Multiplicity:1.07
0.001	0.829	0.143	0.027
0.029	0.021	0.900	0.050
0.924	0.039	0.011	0.026
0.035	0.938	0.026	0.001
0.001	0.001	0.997	0.001
0.907	0.064	0.001	0.028
0.044	0.852	0.024	0.080
0.029	0.001	0.969	0.001
0.934	0.044	0.001	0.021
0.026	0.933	0.017	0.024
>TCGTCTCCTC	15-TCGTCTCCTC	7.233419	-17.160574	0	T:49.0(7.31%),B:1401.1(3.06%),P:1e-7	Tpos:62.0,Tstd:25.1,Bpos:50.3,Bstd:30.7,StrandBias:0.1,Multiplicity:1.08
0.019	0.081	0.096	0.804
0.110	0.733	0.087	0.070
0.082	0.061	0.807	0.050
0.053	0.019	0.080	0.848
0.013	0.850	0.049	0.088
0.040	0.109	0.067	0.784
0.065	0.754	0.051	0.130
0.054	0.802	0.061	0.083
0.074	0.040	0.037	0.849
0.145	0.779	0.050	0.026
>GCGGGCGCGG	16-GCGGGCGCGG	6.999955	-16.506973	0	T:76.0(11.34%),B:2711.9(5.92%),P:1e-7	Tpos:45.5,Tstd:25.4,Bpos:50.2,Bstd:29.8,StrandBias:-0.7,Multiplicity:1.06
0.012	0.026	0.901	0.061
0.001	0.870	0.060	0.069
0.001	0.001	0.839	0.159
0.001	0.032	0.853	0.114
0.176	0.001	0.666	0.157
0.053	0.816	0.001	0.130
0.195	0.071	0.524	0.210
0.001	0.871	0.001	0.127
0.063	0.001	0.888	0.048
0.043	0.001	0.787	0.169
>ACATTGGTCC	17-ACATTGGTCC	12.680719	-15.723986	0	T:4.0(0.60%),B:3.4(0.01%),P:1e-6	Tpos:53.2,Tstd:30.6,Bpos:58.9,Bstd:17.9,StrandBias:0.0,Multiplicity:1.00
0.997	0.001	0.001	0.001
0.001	0.683	0.001	0.315
0.997	0.001	0.001	0.001
0.001	0.001	0.001	0.997
0.001	0.001	0.001	0.997
0.001	0.001	0.997	0.001
0.001	0.001	0.997	0.001
0.001	0.001	0.001	0.997
0.001	0.997	0.001	0.001
0.001	0.997	0.001	0.001
>CGGCAAGAGG	18-CGGCAAGAGG	10.296193	-14.584879	0	T:4.0(0.60%),B:4.2(0.01%),P:1e-6	Tpos:34.5,Tstd:13.1,Bpos:64.7,Bstd:19.3,StrandBias:0.0,Multiplicity:1.00
0.100	0.700	0.100	0.100
0.100	0.100	0.700	0.100
0.100	0.100	0.700	0.100
0.100	0.700	0.100	0.100
0.700	0.100	0.100	0.100
0.700	0.100	0.100	0.100
0.100	0.100	0.700	0.100
0.700	0.100	0.100	0.100
0.100	0.100	0.700	0.100
0.100	0.100	0.700	0.100
>TGAAGCGCAT	19-TGAAGCGCAT	10.296193	-12.411029	0	T:3.0(0.45%),B:2.7(0.01%),P:1e-5	Tpos:65.0,Tstd:23.9,Bpos:25.9,Bstd:3.4,StrandBias:1.0,Multiplicity:1.00
0.100	0.100	0.100	0.700
0.100	0.100	0.700	0.100
0.700	0.100	0.100	0.100
0.700	0.100	0.100	0.100
0.100	0.100	0.700	0.100
0.100	0.700	0.100	0.100
0.100	0.100	0.700	0.100
0.100	0.700	0.100	0.100
0.700	0.100	0.100	0.100
0.100	0.100	0.100	0.700
>GACGACRAAG	20-GACGACRAAG	11.089700	-7.649097	0	T:4.0(0.60%),B:24.9(0.05%),P:1e-3	Tpos:37.0,Tstd:36.6,Bpos:38.7,Bstd:7.7,StrandBias:-1.0,Multiplicity:1.00
0.116	0.001	0.727	0.156
0.833	0.001	0.165	0.001
0.121	0.801	0.077	0.001
0.001	0.001	0.997	0.001
0.627	0.371	0.001	0.001
0.001	0.997	0.001	0.001
0.386	0.127	0.486	0.001
0.997	0.001	0.001	0.001
0.794	0.204	0.001	0.001
0.175	0.001	0.537	0.287
>NNNBCAGCAGGR	1-NNNBCAGCAGGR	6.800237	-216.051663	0	T:186.0(27.76%),B:1944.7(4.25%),P:1e-93	Tpos:50.9,Tstd:10.3,Bpos:49.3,Bstd:37.3,StrandBias:4.7,Multiplicity:1.05
0.285	0.218	0.238	0.259
0.226	0.292	0.273	0.210
0.249	0.259	0.271	0.222
0.149	0.348	0.296	0.207
0.001	0.997	0.001	0.001
0.997	0.001	0.001	0.001
0.001	0.001	0.997	0.001
0.001	0.997	0.001	0.001
0.997	0.001	0.001	0.001
0.001	0.001	0.997	0.001
0.001	0.001	0.997	0.001
0.401	0.244	0.345	0.011
>AGCAGCAGCAGC	2-AGCAGCAGCAGC	6.200305	-88.694829	0	T:286.0(42.69%),B:9307.6(20.33%),P:1e-38	Tpos:49.2,Tstd:20.0,Bpos:50.6,Bstd:36.9,StrandBias:1.5,Multiplicity:1.18
0.552	0.075	0.159	0.214
0.025	0.302	0.660	0.013
0.100	0.737	0.162	0.001
0.715	0.037	0.089	0.159
0.162	0.102	0.649	0.087
0.062	0.929	0.008	0.001
0.717	0.075	0.048	0.160
0.001	0.125	0.799	0.075
0.133	0.622	0.100	0.145
0.634	0.053	0.119	0.194
0.165	0.194	0.604	0.037
0.266	0.589	0.108	0.037
>AGATCCGCAGAG	3-AGATCCGCAGAG	13.857843	-38.138178	0	T:7.0(1.04%),B:1.2(0.00%),P:1e-16	Tpos:39.0,Tstd:23.8,Bpos:79.7,Bstd:0.3,StrandBias:0.4,Multiplicity:1.00
0.997	0.001	0.001	0.001
0.001	0.001	0.997	0.001
0.856	0.142	0.001	0.001
0.001	0.001	0.001	0.997
0.001	0.997	0.001	0.001
0.001	0.713	0.143	0.143
0.001	0.001	0.856	0.142
0.001	0.997	0.001	0.001
0.997	0.001	0.001	0.001
0.001	0.142	0.856	0.001
0.856	0.001	0.142	0.001
0.001	0.001	0.997	0.001
>AGGAVGAGAGHC	4-AGGAVGAGAGHC	10.934968	-28.040313	0	T:15.0(2.24%),B:73.8(0.16%),P:1e-12	Tpos:58.7,Tstd:18.5,Bpos:40.6,Bstd:27.6,StrandBias:1.7,Multiplicity:1.00
0.871	0.001	0.127	0.001
0.001	0.028	0.970	0.001
0.001	0.001	0.997	0.001
0.886	0.001	0.112	0.001
0.393	0.305	0.302	0.001
0.001	0.001	0.846	0.152
0.733	0.114	0.152	0.001
0.112	0.001	0.886	0.001
0.997	0.001	0.001	0.001
0.001	0.304	0.694	0.001
0.409	0.281	0.005	0.305
0.266	0.732	0.001	0.001
>TCTATCTCGAAC	5-TCTATCTCGAAC	11.655593	-26.977413	0	T:8.0(1.19%),B:9.7(0.02%),P:1e-11	Tpos:41.0,Tstd:26.3,Bpos:40.1,Bstd:24.7,StrandBias:0.0,Multiplicity:1.00
0.191	0.191	0.001	0.617
0.001	0.997	0.001	0.001
0.001	0.001	0.001	0.997
0.617	0.191	0.191	0.001
0.001	0.001	0.001	0.997
0.001	0.808	0.190	0.001
0.190	0.001	0.001	0.808
0.001	0.793	0.015	0.191
0.001	0.001	0.997	0.001
0.997	0.001	0.001	0.001
0.602	0.191	0.001	0.206
0.190	0.808	0.001	0.001
>TCCAGCAGTGAG	6-TCCAGCAGTGAG	9.875578	-26.785328	0	T:21.0(3.13%),B:190.1(0.42%),P:1e-11	Tpos:54.3,Tstd:21.4,Bpos:51.7,Bstd:32.4,StrandBias:1.7,Multiplicity:1.06
0.236	0.082	0.042	0.640
0.081	0.837	0.001	0.081
0.081	0.837	0.081	0.001
0.917	0.001	0.001	0.081
0.141	0.001	0.857	0.001
0.001	0.917	0.081	0.001
0.917	0.001	0.001	0.081
0.001	0.001	0.997	0.001
0.167	0.124	0.163	0.546
0.001	0.067	0.931	0.001
0.849	0.149	0.001	0.001
0.068	0.001	0.768	0.163
>TTCTTTGTCATG	7-TTCTTTGTCATG	11.606853	-23.744859	0	T:9.0(1.34%),B:21.4(0.05%),P:1e-10	Tpos:42.1,Tstd:27.6,Bpos:50.4,Bstd:17.2,StrandBias:2.0,Multiplicity:1.11
0.001	0.001	0.001	0.997
0.001	0.001	0.001	0.997
0.001	0.997	0.001	0.001
0.001	0.001	0.001	0.997
0.001	0.001	0.210	0.788
0.001	0.001	0.190	0.808
0.211	0.001	0.577	0.211
0.001	0.001	0.190	0.808
0.001	0.997	0.001	0.001
0.617	0.191	0.001	0.191
0.190	0.001	0.001	0.808
0.191	0.211	0.597	0.001
>TATATTAGAAAT	8-TATATTAGAAAT	9.562093	-22.594577	0	T:10.0(1.49%),B:34.9(0.08%),P:1e-9	Tpos:41.2,Tstd:27.9,Bpos:55.6,Bstd:30.6,StrandBias:2.2,Multiplicity:1.10
0.001	0.001	0.001	0.997
0.878	0.001	0.001	0.120
0.121	0.121	0.001	0.757
0.636	0.121	0.242	0.001
0.001	0.121	0.364	0.514
0.001	0.009	0.001	0.989
0.997	0.001	0.001	0.001
0.121	0.001	0.869	0.009
0.997	0.001	0.001	0.001
0.757	0.001	0.121	0.121
0.878	0.001	0.001	0.120
0.121	0.121	0.001	0.757
>ASACGCGCAATY	9-ASACGCGCAATY	8.623774	-22.481563	0	T:5.0(0.75%),B:2.5(0.01%),P:1e-9	Tpos:33.2,Tstd:26.4,Bpos:90.3,Bstd:5.5,StrandBias:0.6,Multiplicity:1.00
0.997	0.001	0.001	0.001
0.001	0.517	0.447	0.035
0.997	0.001	0.001	0.001
0.001	0.997	0.001	0.001
0.034	0.001	0.964	0.001
0.035	0.929	0.001	0.035
0.001	0.001	0.997	0.001
0.001	0.997	0.001	0.001
0.997	0.001	0.001	0.001
0.997	0.001	0.001	0.001
0.001	0.001	0.001	0.997
0.001	0.446	0.001	0.552
>TTTTAAGGCCTT	10-TTTTAAGGCCTT	8.432560	-22.481563	0	T:5.0(0.75%),B:2.4(0.01%),P:1e-9	Tpos:39.0,Tstd:26.5,Bpos:67.0,Bstd:7.1,StrandBias:-2.0,Multiplicity:1.00
0.001	0.001	0.001	0.997
0.001	0.001	0.001	0.997
0.001	0.001	0.001	0.997
0.001	0.001	0.001	0.997
0.997	0.001	0.001	0.001
0.749	0.249	0.001	0.001
0.001	0.001	0.997	0.001
0.250	0.250	0.500	0.001
0.001	0.997	0.001	0.001
0.001	0.749	0.249	0.001
0.249	0.001	0.001	0.749
0.001	0.001	0.001	0.997
>CTTCTTGCSGTA	11-CTTCTTGCSGTA	11.583426	-22.134038	0	T:7.0(1.04%),B:10.3(0.02%),P:1e-9	Tpos:55.4,Tstd:26.5,Bpos:53.8,Bstd:30.3,StrandBias:-0.4,Multiplicity:1.00
0.001	0.997	0.001	0.001
0.001	0.001	0.001	0.997
0.001	0.123	0.001	0.875
0.001	0.875	0.123	0.001
0.124	0.124	0.001	0.751
0.001	0.001	0.001	0.997
0.001	0.123	0.875	0.001
0.124	0.751	0.124	0.001
0.104	0.372	0.514	0.010
0.123	0.001	0.875	0.001
0.001	0.103	0.001	0.895
0.618	0.257	0.124	0.001
>GMCGACGACGAC	12-GMCGACGACGAC	5.999646	-22.059551	0	T:209.0(31.19%),B:9557.5(20.88%),P:1e-9	Tpos:49.7,Tstd:27.1,Bpos:49.6,Bstd:27.8,StrandBias:0.4,Multiplicity:1.42
0.078	0.020	0.872	0.030
0.471	0.427	0.066	0.036
0.012	0.651	0.327	0.010
0.150	0.038	0.764	0.048
0.404	0.247	0.184	0.165
0.022	0.698	0.244	0.036
0.024	0.027	0.925	0.024
0.524	0.305	0.040	0.131
0.106	0.634	0.229	0.031
0.201	0.038	0.749	0.012
0.562	0.356	0.043	0.039
0.089	0.651	0.230	0.030
>CGGACACCAGCA	13-CGGACACCAGCA	10.387936	-21.534580	0	T:10.0(1.49%),B:38.8(0.08%),P:1e-9	Tpos:58.8,Tstd:18.3,Bpos:42.8,Bstd:27.0,StrandBias:3.2,Multiplicity:1.00
0.001	0.910	0.088	0.001
0.001	0.178	0.732	0.089
0.089	0.089	0.821	0.001
0.994	0.004	0.001	0.001
0.089	0.821	0.089	0.001
0.821	0.001	0.089	0.089
0.005	0.550	0.089	0.356
0.001	0.997	0.001	0.001
0.821	0.001	0.177	0.001
0.001	0.001	0.997	0.001
0.089	0.733	0.089	0.089
0.817	0.089	0.005	0.089
>WCCRCGACGAAG	14-WCCRCGACGAAG	11.164946	-16.559701	0	T:14.0(2.09%),B:147.7(0.32%),P:1e-7	Tpos:43.0,Tstd:29.9,Bpos:53.0,Bstd:27.1,StrandBias:1.3,Multiplicity:1.00
0.430	0.050	0.001	0.519
0.001	0.740	0.001	0.258
0.001	0.576	0.422	0.001
0.476	0.001	0.522	0.001
0.160	0.838	0.001	0.001
0.001	0.001	0.740	0.258
0.997	0.001	0.001	0.001
0.215	0.783	0.001	0.001
0.001	0.001	0.997	0.001
0.997	0.001	0.001	0.001
0.477	0.263	0.259	0.001
0.001	0.001	0.997	0.001
>CAGCAGKWGGCG	15-CAGCAGKWGGCG	12.743663	-13.939792	0	T:6.0(0.90%),B:21.3(0.05%),P:1e-6	Tpos:51.3,Tstd:28.1,Bpos:45.1,Bstd:9.6,StrandBias:-1.0,Multiplicity:1.00
0.001	0.713	0.274	0.012
0.798	0.189	0.001	0.012
0.001	0.001	0.997	0.001
0.251	0.485	0.012	0.251
0.813	0.001	0.185	0.001
0.023	0.001	0.975	0.001
0.001	0.001	0.496	0.502
0.489	0.008	0.001	0.502
0.012	0.012	0.975	0.001
0.001	0.001	0.997	0.001
0.001	0.997	0.001	0.001
0.001	0.001	0.997	0.001
>CAGCAG	1-CAGCAG	6.177716	-204.384459	0	T:349.0(52.09%),B:8157.7(17.82%),P:1e-88	Tpos:49.3,Tstd:16.0,Bpos:49.8,Bstd:39.8,StrandBias:3.2,Multiplicity:1.35
0.100	0.700	0.100	0.100
0.700	0.100	0.100	0.100
0.100	0.100	0.700	0.100
0.100	0.700	0.100	0.100
0.700	0.100	0.100	0.100
0.100	0.100	0.700	0.100
>ACAAAG	2-ACAAAG	2.174076	-22.510469	0	T:223.0(33.28%),B:10342.4(22.60%),P:1e-9	Tpos:50.0,Tstd:28.6,Bpos:50.4,Bstd:31.3,StrandBias:0.6,Multiplicity:1.23
0.997	0.001	0.001	0.001
0.001	0.976	0.001	0.022
0.892	0.106	0.001	0.001
0.997	0.001	0.001	0.001
0.997	0.001	0.001	0.001
0.001	0.035	0.929	0.035
>TATAAA	3-TATAAA	6.235748	-13.172994	0	T:62.0(9.25%),B:2244.2(4.90%),P:1e-5	Tpos:39.9,Tstd:27.2,Bpos:48.5,Bstd:30.3,StrandBias:0.4,Multiplicity:1.16
0.001	0.001	0.001	0.997
0.810	0.001	0.188	0.001
0.001	0.001	0.001	0.997
0.997	0.001	0.001	0.001
0.757	0.001	0.001	0.241
0.884	0.001	0.001	0.114
>GGCGGC	4-GGCGGC	6.417336	-9.546501	0	T:226.0(33.73%),B:12355.5(26.99%),P:1e-4	Tpos:51.5,Tstd:26.5,Bpos:49.9,Bstd:31.6,StrandBias:0.2,Multiplicity:1.68
0.001	0.214	0.784	0.001
0.001	0.193	0.805	0.001
0.001	0.997	0.001	0.001
0.001	0.001	0.997	0.001
0.001	0.001	0.997	0.001
0.001	0.997	0.001	0.001
>GTCGTC	5-GTCGTC	6.837405	-9.391238	0	T:160.0(23.88%),B:8248.3(18.02%),P:1e-4	Tpos:50.5,Tstd:27.9,Bpos:50.5,Bstd:29.8,StrandBias:-0.3,Multiplicity:1.39
0.001	0.231	0.518	0.250
0.001	0.001	0.001	0.997
0.001	0.997	0.001	0.001
0.001	0.001	0.997	0.001
0.001	0.001	0.001	0.997
0.001	0.997	0.001	0.001
>CAGCAGGG	1-CAGCAGGG	4.161567	-213.362352	0	T:195.0(29.10%),B:2214.6(4.84%),P:1e-92	Tpos:52.7,Tstd:10.2,Bpos:49.2,Bstd:38.8,StrandBias:4.8,Multiplicity:1.05
0.001	0.997	0.001	0.001
0.997	0.001	0.001	0.001
0.001	0.001	0.997	0.001
0.001	0.997	0.001	0.001
0.997	0.001	0.001	0.001
0.001	0.001	0.997	0.001
0.001	0.001	0.997	0.001
0.302	0.189	0.508	0.001
>AGCAGCAG	2-AGCAGCAG	4.801885	-171.749220	0	T:418.0(62.39%),B:12924.4(28.24%),P:1e-74	Tpos:48.8,Tstd:19.8,Bpos:50.1,Bstd:37.7,StrandBias:2.0,Multiplicity:1.20
0.838	0.041	0.052	0.069
0.128	0.054	0.746	0.072
0.031	0.967	0.001	0.001
0.943	0.001	0.023	0.033
0.001	0.042	0.956	0.001
0.049	0.888	0.048	0.015
0.913	0.029	0.035	0.023
0.001	0.046	0.936	0.017
>GTGTTGGT	3-GTGTTGGT	7.473067	-18.113689	0	T:45.0(6.72%),B:1188.7(2.60%),P:1e-7	Tpos:54.9,Tstd:25.6,Bpos:52.2,Bstd:28.9,StrandBias:-1.1,Multiplicity:1.00
0.187	0.206	0.606	0.001
0.001	0.001	0.313	0.685
0.198	0.169	0.486	0.147
0.001	0.001	0.264	0.734
0.001	0.001	0.001	0.997
0.183	0.001	0.815	0.001
0.001	0.001	0.997	0.001
0.001	0.001	0.001	0.997
>GCGGCCGC	4-GCGGCCGC	8.078182	-17.512098	0	T:85.0(12.69%),B:3093.9(6.76%),P:1e-7	Tpos:48.8,Tstd:27.2,Bpos:49.3,Bstd:31.0,StrandBias:-0.3,Multiplicity:1.04
0.001	0.001	0.971	0.027
0.001	0.933	0.028	0.038
0.001	0.001	0.997	0.001
0.001	0.188	0.810	0.001
0.102	0.653	0.001	0.244
0.001	0.840	0.158	0.001
0.001	0.001	0.997	0.001
0.001	0.787	0.060	0.152
>GACGACGA	5-GACGACGA	7.881882	-17.268020	0	T:55.0(8.21%),B:1663.3(3.63%),P:1e-7	Tpos:40.5,Tstd:26.5,Bpos:51.4,Bstd:29.1,StrandBias:-0.0,Multiplicity:1.07
0.018	0.021	0.960	0.001
0.931	0.050	0.001	0.018
0.069	0.806	0.124	0.001
0.001	0.001	0.985	0.013
0.948	0.035	0.001	0.016
0.065	0.848	0.001	0.086
0.034	0.001	0.953	0.012
0.970	0.001	0.028	0.001
>TAATTATA	6-TAATTATA	4.737564	-10.954680	0	T:83.0(12.39%),B:3537.3(7.73%),P:1e-4	Tpos:39.5,Tstd:27.3,Bpos:49.2,Bstd:28.3,StrandBias:0.1,Multiplicity:1.27
0.150	0.074	0.114	0.662
0.794	0.032	0.014	0.160
0.726	0.092	0.054	0.128
0.103	0.150	0.067	0.680
0.095	0.063	0.037	0.805
0.815	0.071	0.025	0.089
0.113	0.072	0.091	0.724
0.806	0.053	0.022	0.119
