>NNCAGCAGGR	1-NNCAGCAGGR	7.353581	-269.154672	0	T:307.0(46.10%),B:4927.2(10.75%),P:1e-116	Tpos:49.7,Tstd:11.0,Bpos:50.5,Bstd:38.0,StrandBias:4.5,Multiplicity:1.10
0.327	0.219	0.185	0.269
0.223	0.266	0.323	0.188
0.001	0.947	0.051	0.001
0.997	0.001	0.001	0.001
0.001	0.008	0.990	0.001
0.001	0.836	0.150	0.013
0.997	0.001	0.001	0.001
0.027	0.001	0.906	0.066
0.089	0.113	0.709	0.089
0.407	0.066	0.379	0.148
>AGAAAMAGMA	2-AGAAAMAGMA	7.684586	-27.571787	0	T:79.0(11.86%),B:2255.8(4.92%),P:1e-11	Tpos:53.4,Tstd:24.8,Bpos:49.5,Bstd:35.6,StrandBias:1.6,Multiplicity:1.14
0.803	0.001	0.195	0.001
0.091	0.186	0.722	0.001
0.792	0.206	0.001	0.001
0.826	0.001	0.172	0.001
0.550	0.207	0.242	0.001
0.394	0.408	0.197	0.001
0.997	0.001	0.001	0.001
0.007	0.270	0.719	0.004
0.479	0.362	0.158	0.001
0.745	0.001	0.253	0.001
>CTACCCCGCT	3-CTACCCCGCT	10.522224	-25.477132	0	T:11.0(1.65%),B:35.5(0.08%),P:1e-11	Tpos:39.6,Tstd:22.5,Bpos:41.2,Bstd:24.1,StrandBias:0.6,Multiplicity:1.00
0.001	0.997	0.001	0.001
0.001	0.001	0.102	0.896
0.939	0.001	0.001	0.059
0.001	0.908	0.090	0.001
0.083	0.671	0.123	0.123
0.102	0.896	0.001	0.001
0.001	0.876	0.122	0.001
0.001	0.001	0.997	0.001
0.001	0.997	0.001	0.001
0.001	0.102	0.001	0.896
>CACCACCACG	4-CACCACCACG	8.322111	-24.820460	0	T:32.0(4.80%),B:515.2(1.12%),P:1e-10	Tpos:51.3,Tstd:28.1,Bpos:48.5,Bstd:30.0,StrandBias:1.5,Multiplicity:1.07
0.021	0.724	0.254	0.001
0.718	0.124	0.153	0.005
0.171	0.801	0.015	0.013
0.006	0.840	0.153	0.001
0.615	0.112	0.148	0.125
0.015	0.802	0.158	0.025
0.225	0.609	0.026	0.140
0.693	0.196	0.013	0.098
0.125	0.671	0.186	0.018
0.227	0.224	0.465	0.084
>ACAAGTCACA	5-ACAAGTCACA	7.345555	-24.784764	0	T:28.0(4.20%),B:396.5(0.87%),P:1e-10	Tpos:46.5,Tstd:31.3,Bpos:50.4,Bstd:26.6,StrandBias:0.1,Multiplicity:1.07
0.744	0.100	0.078	0.078
0.045	0.814	0.033	0.108
0.701	0.045	0.127	0.127
0.809	0.089	0.033	0.069
0.058	0.001	0.828	0.113
0.024	0.051	0.021	0.904
0.155	0.772	0.035	0.038
0.724	0.192	0.047	0.037
0.173	0.793	0.001	0.033
0.922	0.033	0.001	0.044
>ACGAGGACGA	6-ACGAGGACGA	7.072713	-23.532361	0	T:78.0(11.71%),B:2407.8(5.26%),P:1e-10	Tpos:55.4,Tstd:28.1,Bpos:50.5,Bstd:30.6,StrandBias:0.5,Multiplicity:1.10
0.794	0.001	0.036	0.169
0.086	0.726	0.095	0.093
0.118	0.001	0.880	0.001
0.804	0.076	0.033	0.087
0.002	0.213	0.547	0.238
0.001	0.076	0.922	0.001
0.841	0.001	0.157	0.001
0.164	0.720	0.077	0.039
0.001	0.023	0.975	0.001
0.798	0.078	0.067	0.057
>AACCCAACCC	7-AACCCAACCC	4.678732	-23.177025	0	T:189.0(28.38%),B:8335.8(18.19%),P:1e-10	Tpos:48.9,Tstd:28.3,Bpos:49.9,Bstd:28.7,StrandBias:1.1,Multiplicity:1.30
0.740	0.105	0.089	0.066
0.629	0.124	0.111	0.136
0.128	0.656	0.101	0.115
0.076	0.718	0.117	0.089
0.117	0.705	0.114	0.064
0.707	0.133	0.077	0.083
0.721	0.096	0.085	0.098
0.113	0.726	0.068	0.093
0.103	0.741	0.065	0.091
0.126	0.658	0.109	0.107
>GCGGCGGCGG	8-GCGGCGGCGG	6.417451	-18.770488	0	T:165.0(24.77%),B:7392.3(16.13%),P:1e-8	Tpos:54.8,Tstd:26.6,Bpos:50.6,Bstd:31.1,StrandBias:0.0,Multiplicity:1.30
0.038	0.071	0.835	0.056
0.145	0.772	0.057	0.026
0.170	0.130	0.655	0.045
0.068	0.081	0.782	0.069
0.015	0.871	0.040	0.074
0.030	0.111	0.814	0.045
0.040	0.110	0.799	0.051
0.097	0.810	0.024	0.069
0.065	0.069	0.817	0.049
0.018	0.068	0.858	0.056
>GWAKATATAK	9-GWAKATATAK	6.414893	-18.691425	0	T:50.0(7.51%),B:1385.9(3.02%),P:1e-8	Tpos:39.4,Tstd:24.2,Bpos:49.8,Bstd:30.4,StrandBias:0.0,Multiplicity:1.08
0.208	0.076	0.715	0.001
0.312	0.154	0.127	0.407
0.572	0.001	0.242	0.185
0.001	0.018	0.419	0.562
0.777	0.001	0.001	0.221
0.001	0.182	0.280	0.537
0.997	0.001	0.001	0.001
0.001	0.234	0.255	0.510
0.593	0.227	0.179	0.001
0.117	0.001	0.498	0.385
>TCTTCTCTTC	10-TCTTCTCTTC	7.969867	-18.115527	0	T:26.0(3.90%),B:470.7(1.03%),P:1e-7	Tpos:54.4,Tstd:22.8,Bpos:48.0,Bstd:31.2,StrandBias:-0.3,Multiplicity:1.04
0.150	0.040	0.243	0.567
0.062	0.646	0.257	0.035
0.045	0.291	0.037	0.627
0.035	0.151	0.205	0.609
0.008	0.563	0.220	0.209
0.015	0.238	0.044	0.703
0.211	0.574	0.051	0.164
0.040	0.294	0.024	0.642
0.019	0.246	0.065	0.670
0.068	0.814	0.036	0.082
>TGTCGAACGT	11-TGTCGAACGT	7.971403	-15.612896	0	T:17.0(2.55%),B:241.9(0.53%),P:1e-6	Tpos:50.4,Tstd:33.7,Bpos:48.6,Bstd:27.2,StrandBias:0.4,Multiplicity:1.00
0.162	0.001	0.012	0.825
0.001	0.001	0.848	0.150
0.001	0.005	0.001	0.993
0.151	0.776	0.006	0.067
0.006	0.157	0.686	0.151
0.835	0.001	0.152	0.012
0.691	0.157	0.151	0.001
0.302	0.489	0.209	0.001
0.005	0.141	0.853	0.001
0.034	0.001	0.001	0.964
>ATGGTCATGG	12-ATGGTCATGG	10.279887	-14.440502	0	T:13.0(1.95%),B:151.9(0.33%),P:1e-6	Tpos:47.5,Tstd:28.9,Bpos:53.0,Bstd:26.9,StrandBias:-1.0,Multiplicity:1.00
0.844	0.076	0.001	0.079
0.095	0.001	0.001	0.903
0.001	0.001	0.997	0.001
0.001	0.070	0.928	0.001
0.059	0.199	0.001	0.741
0.001	0.815	0.076	0.108
0.997	0.001	0.001	0.001
0.001	0.001	0.001	0.997
0.001	0.001	0.997	0.001
0.125	0.001	0.873	0.001
>ATTGCATTGC	13-ATTGCATTGC	12.664719	-13.980184	0	T:6.0(0.90%),B:21.9(0.05%),P:1e-6	Tpos:48.3,Tstd:28.2,Bpos:57.2,Bstd:36.9,StrandBias:0.0,Multiplicity:1.20
0.997	0.001	0.001	0.001
0.001	0.001	0.001	0.997
0.001	0.001	0.001	0.997
0.001	0.001	0.997	0.001
0.001	0.997	0.001	0.001
0.997	0.001	0.001	0.001
0.001	0.001	0.001	0.997
0.001	0.001	0.001	0.997
0.001	0.001	0.997	0.001
0.001	0.688	0.310	0.001
>CCAAAATAGA	14-CCAAAATAGA	10.296193	-12.431946	0	T:3.0(0.45%),B:2.5(0.01%),P:1e-5	Tpos:30.3,Tstd:26.0,Bpos:49.4,Bstd:1.0,StrandBias:10.0,Multiplicity:1.00
0.100	0.700	0.100	0.100
0.100	0.700	0.100	0.100
0.700	0.100	0.100	0.100
0.700	0.100	0.100	0.100
0.700	0.100	0.100	0.100
0.700	0.100	0.100	0.100
0.100	0.100	0.100	0.700
0.700	0.100	0.100	0.100
0.100	0.100	0.700	0.100
0.700	0.100	0.100	0.100
>CYGCCGYTTC	15-CYGCCGYTTC	7.625845	-11.279971	0	T:31.0(4.65%),B:896.4(1.96%),P:1e-4	Tpos:64.0,Tstd:24.8,Bpos:51.3,Bstd:31.6,StrandBias:0.3,Multiplicity:1.00
0.001	0.699	0.270	0.030
0.001	0.362	0.223	0.413
0.001	0.059	0.739	0.201
0.001	0.997	0.001	0.001
0.001	0.646	0.266	0.087
0.177	0.209	0.613	0.001
0.224	0.448	0.001	0.327
0.213	0.001	0.025	0.761
0.001	0.001	0.001	0.997
0.170	0.474	0.103	0.253
>KBHGCAGCAGGR	1-KBHGCAGCAGGR	8.254618	-238.559509	0	T:251.0(37.69%),B:3533.1(7.71%),P:1e-103	Tpos:48.5,Tstd:10.8,Bpos:50.5,Bstd:38.4,StrandBias:5.2,Multiplicity:1.07
0.115	0.219	0.398	0.268
0.163	0.273	0.316	0.248
0.372	0.259	0.143	0.225
0.248	0.229	0.522	0.001
0.001	0.997	0.001	0.001
0.997	0.001	0.001	0.001
0.001	0.001	0.997	0.001
0.001	0.898	0.100	0.001
0.970	0.001	0.028	0.001
0.001	0.001	0.997	0.001
0.163	0.237	0.599	0.001
0.400	0.135	0.354	0.112
>GCAGCAGCAGCA	2-GCAGCAGCAGCA	4.875587	-63.431002	0	T:411.0(61.71%),B:18569.3(40.53%),P:1e-27	Tpos:50.3,Tstd:23.6,Bpos:50.6,Bstd:35.7,StrandBias:1.1,Multiplicity:1.32
0.128	0.137	0.655	0.080
0.132	0.699	0.114	0.055
0.637	0.116	0.111	0.136
0.094	0.125	0.694	0.087
0.112	0.684	0.138	0.066
0.630	0.100	0.143	0.127
0.092	0.140	0.687	0.081
0.121	0.697	0.110	0.072
0.638	0.115	0.121	0.126
0.090	0.118	0.708	0.084
0.118	0.694	0.136	0.052
0.577	0.147	0.132	0.144
>CATTCAGCAGGG	3-CATTCAGCAGGG	10.073721	-34.215219	0	T:20.0(3.00%),B:113.3(0.25%),P:1e-14	Tpos:46.2,Tstd:11.1,Bpos:46.8,Bstd:31.8,StrandBias:10.0,Multiplicity:1.00
0.102	0.896	0.001	0.001
0.621	0.109	0.064	0.206
0.103	0.103	0.157	0.637
0.001	0.102	0.001	0.896
0.103	0.793	0.103	0.001
0.896	0.001	0.102	0.001
0.001	0.103	0.793	0.103
0.001	0.997	0.001	0.001
0.997	0.001	0.001	0.001
0.001	0.005	0.993	0.001
0.001	0.102	0.896	0.001
0.292	0.001	0.604	0.103
>CACACCAVGRMA	4-CACACCAVGRMA	9.650121	-31.981193	0	T:27.0(4.05%),B:268.8(0.59%),P:1e-13	Tpos:51.0,Tstd:19.5,Bpos:51.9,Bstd:33.2,StrandBias:2.0,Multiplicity:1.09
0.001	0.997	0.001	0.001
0.730	0.180	0.001	0.089
0.001	0.997	0.001	0.001
0.724	0.001	0.097	0.178
0.276	0.450	0.273	0.001
0.001	0.997	0.001	0.001
0.997	0.001	0.001	0.001
0.269	0.368	0.361	0.001
0.187	0.001	0.811	0.001
0.462	0.089	0.448	0.001
0.455	0.543	0.001	0.001
0.640	0.001	0.358	0.001
>AACAAGAMCAGC	5-AACAAGAMCAGC	7.623264	-27.479240	0	T:51.0(7.66%),B:1104.7(2.41%),P:1e-11	Tpos:45.7,Tstd:20.9,Bpos:49.4,Bstd:31.1,StrandBias:1.7,Multiplicity:1.04
0.845	0.001	0.001	0.153
0.538	0.078	0.383	0.001
0.001	0.771	0.001	0.227
0.772	0.001	0.226	0.001
0.688	0.001	0.310	0.001
0.237	0.152	0.455	0.156
0.761	0.237	0.001	0.001
0.456	0.389	0.001	0.154
0.076	0.922	0.001	0.001
0.539	0.232	0.001	0.228
0.075	0.001	0.842	0.082
0.001	0.923	0.001	0.075
>CTAGATCGGCCA	6-CTAGATCGGCCA	14.323862	-25.970274	0	T:5.0(0.75%),B:1.5(0.00%),P:1e-11	Tpos:60.2,Tstd:23.7,Bpos:52.1,Bstd:21.9,StrandBias:0.6,Multiplicity:1.00
0.001	0.799	0.001	0.199
0.199	0.001	0.001	0.799
0.799	0.199	0.001	0.001
0.001	0.001	0.997	0.001
0.799	0.199	0.001	0.001
0.001	0.001	0.001	0.997
0.001	0.997	0.001	0.001
0.001	0.001	0.997	0.001
0.001	0.001	0.997	0.001
0.001	0.997	0.001	0.001
0.001	0.997	0.001	0.001
0.997	0.001	0.001	0.001
>GCCCACCATATA	7-GCCCACCATATA	8.852836	-23.720290	0	T:6.0(0.90%),B:4.5(0.01%),P:1e-10	Tpos:44.3,Tstd:32.7,Bpos:53.0,Bstd:16.2,StrandBias:0.0,Multiplicity:1.00
0.001	0.036	0.962	0.001
0.001	0.997	0.001	0.001
0.001	0.997	0.001	0.001
0.001	0.997	0.001	0.001
0.997	0.001	0.001	0.001
0.001	0.690	0.001	0.308
0.001	0.997	0.001	0.001
0.690	0.308	0.001	0.001
0.001	0.001	0.001	0.997
0.962	0.001	0.001	0.036
0.001	0.001	0.001	0.997
0.690	0.001	0.308	0.001
>SCTYTATRACTW	8-SCTYTATRACTW	11.410961	-22.516555	0	T:5.0(0.75%),B:2.5(0.01%),P:1e-9	Tpos:61.4,Tstd:24.9,Bpos:59.8,Bstd:16.3,StrandBias:0.6,Multiplicity:1.00
0.001	0.517	0.447	0.035
0.001	0.997	0.001	0.001
0.001	0.001	0.001	0.997
0.001	0.446	0.001	0.552
0.001	0.001	0.001	0.997
0.997	0.001	0.001	0.001
0.001	0.001	0.001	0.997
0.447	0.035	0.517	0.001
0.997	0.001	0.001	0.001
0.001	0.997	0.001	0.001
0.001	0.001	0.001	0.997
0.552	0.001	0.001	0.446
>TTAAGTACATAG	9-TTAAGTACATAG	12.665550	-22.516555	0	T:5.0(0.75%),B:2.3(0.01%),P:1e-9	Tpos:72.8,Tstd:24.4,Bpos:24.2,Bstd:17.2,StrandBias:2.0,Multiplicity:1.00
0.308	0.001	0.001	0.690
0.001	0.001	0.001	0.997
0.997	0.001	0.001	0.001
0.653	0.001	0.345	0.001
0.001	0.001	0.617	0.381
0.001	0.001	0.001	0.997
0.997	0.001	0.001	0.001
0.001	0.690	0.308	0.001
0.997	0.001	0.001	0.001
0.001	0.001	0.308	0.690
0.997	0.001	0.001	0.001
0.001	0.001	0.997	0.001
>TCTYMMCCCTAA	10-TCTYMMCCCTAA	9.007020	-20.931304	0	T:7.0(1.05%),B:12.5(0.03%),P:1e-9	Tpos:34.4,Tstd:26.4,Bpos:48.8,Bstd:24.8,StrandBias:0.4,Multiplicity:1.00
0.001	0.001	0.001	0.997
0.001	0.997	0.001	0.001
0.001	0.001	0.001	0.997
0.001	0.472	0.001	0.526
0.447	0.473	0.001	0.079
0.500	0.473	0.001	0.026
0.001	0.997	0.001	0.001
0.001	0.997	0.001	0.001
0.001	0.997	0.001	0.001
0.001	0.026	0.001	0.972
0.972	0.026	0.001	0.001
0.997	0.001	0.001	0.001
>TCCTCTTCCATA	11-TCCTCTTCCATA	11.429099	-20.880663	0	T:10.0(1.50%),B:41.8(0.09%),P:1e-9	Tpos:58.4,Tstd:30.2,Bpos:56.5,Bstd:33.1,StrandBias:-1.2,Multiplicity:1.00
0.001	0.263	0.001	0.735
0.001	0.997	0.001	0.001
0.001	0.997	0.001	0.001
0.001	0.001	0.126	0.872
0.001	0.745	0.001	0.253
0.127	0.343	0.001	0.529
0.001	0.001	0.001	0.997
0.001	0.997	0.001	0.001
0.264	0.608	0.001	0.127
0.617	0.381	0.001	0.001
0.009	0.001	0.001	0.989
0.792	0.001	0.206	0.001
>CGGCGCCTCCGA	12-CGGCGCCTCCGA	13.093810	-20.048006	0	T:8.0(1.20%),B:22.6(0.05%),P:1e-8	Tpos:48.5,Tstd:28.9,Bpos:46.7,Bstd:25.8,StrandBias:0.7,Multiplicity:1.00
0.001	0.997	0.001	0.001
0.001	0.001	0.997	0.001
0.162	0.001	0.836	0.001
0.001	0.997	0.001	0.001
0.001	0.001	0.997	0.001
0.001	0.997	0.001	0.001
0.001	0.836	0.001	0.162
0.001	0.001	0.001	0.997
0.001	0.997	0.001	0.001
0.001	0.836	0.001	0.162
0.162	0.162	0.675	0.001
0.923	0.075	0.001	0.001
>SCWCCAGMAGGA	13-SCWCCAGMAGGA	8.978631	-19.985053	0	T:26.0(3.90%),B:428.8(0.94%),P:1e-8	Tpos:48.0,Tstd:25.9,Bpos:49.4,Bstd:30.6,StrandBias:1.0,Multiplicity:1.00
0.001	0.546	0.452	0.001
0.107	0.891	0.001	0.001
0.451	0.001	0.108	0.440
0.108	0.675	0.001	0.216
0.001	0.891	0.001	0.107
0.554	0.114	0.114	0.218
0.001	0.001	0.775	0.223
0.331	0.441	0.114	0.114
0.879	0.119	0.001	0.001
0.222	0.001	0.776	0.001
0.001	0.001	0.997	0.001
0.997	0.001	0.001	0.001
>AGAGAGAGARAA	14-AGAGAGAGARAA	10.997144	-19.222869	0	T:16.0(2.40%),B:163.0(0.36%),P:1e-8	Tpos:57.2,Tstd:21.3,Bpos:52.9,Bstd:34.6,StrandBias:2.1,Multiplicity:1.06
0.938	0.060	0.001	0.001
0.001	0.231	0.767	0.001
0.762	0.163	0.074	0.001
0.103	0.001	0.895	0.001
0.835	0.163	0.001	0.001
0.061	0.001	0.937	0.001
0.997	0.001	0.001	0.001
0.001	0.001	0.996	0.002
0.578	0.085	0.255	0.082
0.432	0.001	0.486	0.082
0.721	0.001	0.196	0.082
0.708	0.001	0.290	0.001
>AAGTTGGAAGAA	15-AAGTTGGAAGAA	14.323862	-19.074840	0	T:5.0(0.75%),B:4.6(0.01%),P:1e-8	Tpos:62.6,Tstd:27.5,Bpos:34.2,Bstd:20.2,StrandBias:0.6,Multiplicity:1.00
0.799	0.001	0.199	0.001
0.997	0.001	0.001	0.001
0.001	0.199	0.799	0.001
0.001	0.001	0.001	0.997
0.001	0.001	0.001	0.997
0.001	0.001	0.997	0.001
0.001	0.001	0.997	0.001
0.997	0.001	0.001	0.001
0.799	0.001	0.199	0.001
0.001	0.001	0.997	0.001
0.799	0.199	0.001	0.001
0.997	0.001	0.001	0.001
>TCTTCTCGCCGC	16-TCTTCTCGCCGC	14.042917	-18.916347	0	T:6.0(0.90%),B:9.6(0.02%),P:1e-8	Tpos:59.7,Tstd:23.3,Bpos:38.2,Bstd:19.5,StrandBias:-1.0,Multiplicity:1.00
0.001	0.001	0.001	0.997
0.001	0.997	0.001	0.001
0.001	0.001	0.001	0.997
0.001	0.166	0.166	0.667
0.001	0.997	0.001	0.001
0.001	0.001	0.001	0.997
0.001	0.832	0.001	0.166
0.001	0.166	0.832	0.001
0.001	0.997	0.001	0.001
0.001	0.997	0.001	0.001
0.001	0.166	0.832	0.001
0.001	0.997	0.001	0.001
>TGCAGMAKTAGT	17-TGCAGMAKTAGT	9.603281	-18.891231	0	T:15.0(2.25%),B:145.0(0.32%),P:1e-8	Tpos:47.1,Tstd:23.5,Bpos:47.7,Bstd:26.4,StrandBias:0.3,Multiplicity:1.00
0.001	0.325	0.112	0.562
0.325	0.001	0.673	0.001
0.001	0.653	0.129	0.217
0.783	0.108	0.108	0.001
0.108	0.108	0.783	0.001
0.433	0.565	0.001	0.001
0.567	0.108	0.217	0.108
0.001	0.001	0.566	0.432
0.001	0.216	0.001	0.782
0.758	0.001	0.240	0.001
0.001	0.001	0.997	0.001
0.001	0.001	0.112	0.886
>GACGACCGTCGT	18-GACGACCGTCGT	14.201785	-17.362167	0	T:4.0(0.60%),B:2.3(0.01%),P:1e-7	Tpos:57.6,Tstd:25.3,Bpos:32.3,Bstd:7.5,StrandBias:0.4,Multiplicity:1.00
0.001	0.193	0.805	0.001
0.997	0.001	0.001	0.001
0.001	0.997	0.001	0.001
0.001	0.001	0.997	0.001
0.997	0.001	0.001	0.001
0.001	0.997	0.001	0.001
0.001	0.580	0.418	0.001
0.001	0.001	0.997	0.001
0.001	0.001	0.001	0.997
0.001	0.805	0.193	0.001
0.001	0.001	0.997	0.001
0.001	0.001	0.001	0.997
>AGTGAGKGAGTG	19-AGTGAGKGAGTG	9.932113	-16.090944	0	T:15.0(2.25%),B:179.1(0.39%),P:1e-6	Tpos:65.7,Tstd:18.2,Bpos:51.2,Bstd:29.5,StrandBias:0.3,Multiplicity:1.00
0.593	0.001	0.215	0.191
0.001	0.001	0.997	0.001
0.195	0.191	0.211	0.403
0.401	0.001	0.597	0.001
0.616	0.001	0.001	0.382
0.001	0.190	0.808	0.001
0.001	0.001	0.425	0.573
0.421	0.001	0.577	0.001
0.808	0.001	0.001	0.190
0.001	0.001	0.997	0.001
0.381	0.001	0.001	0.617
0.001	0.019	0.979	0.001
>TATATATACACA	20-TATATATACACA	9.303344	-15.939266	0	T:13.0(1.95%),B:132.6(0.29%),P:1e-6	Tpos:27.6,Tstd:16.4,Bpos:49.2,Bstd:31.2,StrandBias:0.4,Multiplicity:1.00
0.089	0.001	0.089	0.821
0.817	0.089	0.001	0.093
0.001	0.001	0.088	0.910
0.821	0.089	0.089	0.001
0.088	0.001	0.001	0.910
0.910	0.001	0.088	0.001
0.001	0.003	0.001	0.995
0.910	0.001	0.088	0.001
0.178	0.461	0.089	0.272
0.910	0.088	0.001	0.001
0.001	0.821	0.089	0.089
0.729	0.178	0.089	0.004
>ATTGCATTGCWT	21-ATTGCATTGCWT	11.325609	-15.309201	0	T:8.0(1.20%),B:41.2(0.09%),P:1e-6	Tpos:53.1,Tstd:27.1,Bpos:49.6,Bstd:36.9,StrandBias:0.3,Multiplicity:1.00
0.997	0.001	0.001	0.001
0.001	0.001	0.001	0.997
0.001	0.190	0.001	0.808
0.001	0.001	0.997	0.001
0.001	0.808	0.190	0.001
0.808	0.190	0.001	0.001
0.001	0.001	0.001	0.997
0.001	0.001	0.001	0.997
0.001	0.001	0.808	0.190
0.001	0.808	0.190	0.001
0.427	0.001	0.191	0.382
0.001	0.191	0.191	0.617
>GCSGCAGCGGCG	22-GCSGCAGCGGCG	8.954955	-14.926814	0	T:58.0(8.71%),B:1947.7(4.25%),P:1e-6	Tpos:52.9,Tstd:25.6,Bpos:49.5,Bstd:29.9,StrandBias:0.1,Multiplicity:1.03
0.001	0.093	0.763	0.143
0.001	0.714	0.174	0.111
0.132	0.437	0.431	0.001
0.001	0.001	0.997	0.001
0.140	0.669	0.144	0.047
0.551	0.126	0.322	0.001
0.001	0.167	0.831	0.001
0.001	0.921	0.001	0.077
0.001	0.212	0.786	0.001
0.065	0.240	0.656	0.039
0.263	0.735	0.001	0.001
0.001	0.001	0.997	0.001
>CAGCAG	1-CAGCAG	6.177716	-208.428369	0	T:342.0(51.35%),B:7784.9(16.99%),P:1e-90	Tpos:49.4,Tstd:13.7,Bpos:50.8,Bstd:39.8,StrandBias:4.5,Multiplicity:1.33
0.100	0.700	0.100	0.100
0.700	0.100	0.100	0.100
0.100	0.100	0.700	0.100
0.100	0.700	0.100	0.100
0.700	0.100	0.100	0.100
0.100	0.100	0.700	0.100
>GTGGTG	2-GTGGTG	1.008487	-15.287343	0	T:481.0(72.22%),B:28818.2(62.90%),P:1e-6	Tpos:49.6,Tstd:28.3,Bpos:50.0,Bstd:31.1,StrandBias:-0.8,Multiplicity:1.96
0.158	0.001	0.840	0.001
0.001	0.001	0.001	0.997
0.194	0.001	0.804	0.001
0.001	0.001	0.997	0.001
0.001	0.001	0.001	0.997
0.001	0.001	0.997	0.001
>TATATA	3-TATATA	6.432318	-10.433600	0	T:44.0(6.61%),B:1553.2(3.39%),P:1e-4	Tpos:37.2,Tstd:25.5,Bpos:49.3,Bstd:32.3,StrandBias:0.4,Multiplicity:1.09
0.001	0.001	0.001	0.997
0.817	0.001	0.181	0.001
0.001	0.188	0.001	0.810
0.997	0.001	0.001	0.001
0.001	0.001	0.001	0.997
0.997	0.001	0.001	0.001
>CGGCGG	4-CGGCGG	6.190542	-9.339503	0	T:238.0(35.74%),B:13261.4(28.94%),P:1e-4	Tpos:51.9,Tstd:27.1,Bpos:49.9,Bstd:33.2,StrandBias:0.1,Multiplicity:1.55
0.001	0.997	0.001	0.001
0.255	0.001	0.472	0.272
0.150	0.264	0.585	0.001
0.001	0.997	0.001	0.001
0.001	0.033	0.965	0.001
0.001	0.001	0.997	0.001
>AGAGAG	5-AGAGAG	6.296943	-7.558147	0	T:112.0(16.82%),B:5674.3(12.38%),P:1e-3	Tpos:56.1,Tstd:25.4,Bpos:50.1,Bstd:33.2,StrandBias:0.4,Multiplicity:1.11
0.835	0.001	0.001	0.163
0.001	0.001	0.997	0.001
0.997	0.001	0.001	0.001
0.001	0.001	0.823	0.175
0.997	0.001	0.001	0.001
0.001	0.001	0.997	0.001
>CAGCAGGA	1-CAGCAGGA	6.412793	-263.744330	0	T:310.0(46.55%),B:5141.6(11.22%),P:1e-114	Tpos:50.2,Tstd:11.3,Bpos:50.9,Bstd:39.1,StrandBias:5.1,Multiplicity:1.10
0.001	0.996	0.001	0.002
0.990	0.008	0.001	0.001
0.001	0.001	0.997	0.001
0.001	0.983	0.015	0.001
0.991	0.001	0.007	0.001
0.001	0.001	0.991	0.007
0.033	0.127	0.819	0.021
0.553	0.073	0.297	0.077
>CACCASCA	2-CACCASCA	7.098246	-31.460958	0	T:104.0(15.62%),B:3207.2(7.00%),P:1e-13	Tpos:48.7,Tstd:25.5,Bpos:50.9,Bstd:32.7,StrandBias:1.5,Multiplicity:1.10
0.001	0.997	0.001	0.001
0.884	0.114	0.001	0.001
0.074	0.872	0.001	0.053
0.001	0.997	0.001	0.001
0.875	0.123	0.001	0.001
0.001	0.573	0.425	0.001
0.001	0.997	0.001	0.001
0.793	0.205	0.001	0.001
>GAGAGAGA	3-GAGAGAGA	4.672848	-18.299595	0	T:263.0(39.49%),B:13417.3(29.28%),P:1e-7	Tpos:53.5,Tstd:26.0,Bpos:49.8,Bstd:32.4,StrandBias:0.5,Multiplicity:1.32
0.148	0.035	0.765	0.052
0.723	0.143	0.080	0.054
0.082	0.055	0.782	0.081
0.678	0.107	0.177	0.038
0.101	0.041	0.791	0.067
0.701	0.122	0.111	0.066
0.107	0.065	0.764	0.064
0.804	0.031	0.104	0.061
>CGACGACG	4-CGACGACG	5.824544	-12.648833	0	T:169.0(25.38%),B:8367.1(18.26%),P:1e-5	Tpos:52.6,Tstd:28.3,Bpos:50.2,Bstd:29.2,StrandBias:0.3,Multiplicity:1.35
0.317	0.620	0.062	0.001
0.001	0.035	0.963	0.001
0.834	0.001	0.164	0.001
0.137	0.535	0.164	0.164
0.001	0.136	0.703	0.160
0.514	0.184	0.301	0.001
0.169	0.581	0.249	0.001
0.001	0.142	0.802	0.055
>ATATATAC	5-ATATATAC	6.475643	-11.515126	0	T:31.0(4.65%),B:885.9(1.93%),P:1e-5	Tpos:28.5,Tstd:16.2,Bpos:49.8,Bstd:31.6,StrandBias:0.4,Multiplicity:1.16
0.890	0.063	0.046	0.001
0.001	0.020	0.025	0.954
0.972	0.001	0.026	0.001
0.043	0.016	0.001	0.940
0.927	0.028	0.044	0.001
0.043	0.158	0.026	0.773
0.984	0.001	0.001	0.014
0.001	0.691	0.277	0.031
