>AGCAGCAGSA	1-AGCAGCAGSA	7.031947	-198.295086	0	T:310.0(46.83%),B:6622.6(14.57%),P:1e-86	Tpos:51.0,Tstd:15.5,Bpos:50.0,Bstd:39.5,StrandBias:3.5,Multiplicity:1.15
0.517	0.161	0.177	0.145
0.131	0.221	0.436	0.212
0.023	0.894	0.082	0.001
0.964	0.001	0.001	0.034
0.035	0.189	0.775	0.001
0.025	0.832	0.142	0.001
0.957	0.017	0.025	0.001
0.068	0.043	0.888	0.001
0.077	0.415	0.462	0.046
0.499	0.145	0.271	0.085
>AGCAGRCCGA	2-AGCAGRCCGA	8.565662	-31.110907	0	T:32.0(4.83%),B:403.1(0.89%),P:1e-13	Tpos:57.5,Tstd:23.8,Bpos:47.1,Bstd:32.1,StrandBias:3.5,Multiplicity:1.04
0.996	0.002	0.001	0.001
0.001	0.279	0.719	0.001
0.072	0.820	0.107	0.001
0.661	0.050	0.232	0.057
0.001	0.001	0.997	0.001
0.537	0.046	0.416	0.001
0.102	0.684	0.058	0.156
0.050	0.812	0.042	0.096
0.261	0.089	0.649	0.001
0.661	0.114	0.102	0.123
>TCCTCTCCTC	3-TCCTCTCCTC	7.510264	-30.458868	0	T:43.0(6.50%),B:743.8(1.64%),P:1e-13	Tpos:52.4,Tstd:28.5,Bpos:49.6,Bstd:30.2,StrandBias:0.1,Multiplicity:1.02
0.174	0.204	0.028	0.594
0.025	0.778	0.140	0.057
0.137	0.500	0.254	0.109
0.232	0.026	0.175	0.567
0.264	0.668	0.038	0.030
0.242	0.186	0.048	0.524
0.020	0.601	0.039	0.340
0.113	0.632	0.215	0.040
0.031	0.044	0.094	0.831
0.157	0.579	0.044	0.220
>GCCGCCGCCG	4-GCCGCCGCCG	7.087571	-24.447285	0	T:117.0(17.67%),B:4258.5(9.37%),P:1e-10	Tpos:51.1,Tstd:27.3,Bpos:50.0,Bstd:30.1,StrandBias:0.0,Multiplicity:1.10
0.088	0.075	0.790	0.047
0.093	0.770	0.065	0.072
0.039	0.838	0.059	0.064
0.096	0.084	0.748	0.072
0.054	0.813	0.058	0.075
0.081	0.803	0.082	0.034
0.044	0.047	0.862	0.047
0.062	0.803	0.072	0.063
0.063	0.806	0.088	0.043
0.086	0.065	0.771	0.078
>CAGAAGGGAG	5-CAGAAGGGAG	9.095615	-22.646416	0	T:21.0(3.17%),B:240.3(0.53%),P:1e-9	Tpos:53.5,Tstd:23.8,Bpos:46.8,Bstd:33.0,StrandBias:3.2,Multiplicity:1.00
0.056	0.942	0.001	0.001
0.997	0.001	0.001	0.001
0.069	0.001	0.929	0.001
0.940	0.001	0.058	0.001
0.759	0.001	0.062	0.178
0.048	0.001	0.950	0.001
0.076	0.083	0.840	0.001
0.055	0.073	0.871	0.001
0.929	0.001	0.069	0.001
0.001	0.001	0.997	0.001
>TGGTCTTGTC	6-TGGTCTTGTC	9.844851	-21.853889	0	T:15.0(2.27%),B:115.9(0.26%),P:1e-9	Tpos:36.6,Tstd:23.3,Bpos:53.0,Bstd:30.8,StrandBias:-1.5,Multiplicity:1.00
0.001	0.094	0.001	0.904
0.128	0.066	0.749	0.057
0.075	0.057	0.805	0.063
0.074	0.001	0.107	0.818
0.001	0.919	0.001	0.079
0.001	0.001	0.001	0.997
0.001	0.001	0.001	0.997
0.001	0.094	0.904	0.001
0.001	0.049	0.001	0.949
0.001	0.997	0.001	0.001
>TTCACTGCTG	7-TTCACTGCTG	9.420860	-21.778851	0	T:18.0(2.72%),B:179.6(0.40%),P:1e-9	Tpos:54.2,Tstd:17.8,Bpos:48.4,Bstd:38.4,StrandBias:-1.1,Multiplicity:1.07
0.001	0.102	0.001	0.896
0.001	0.042	0.001	0.956
0.001	0.997	0.001	0.001
0.916	0.001	0.001	0.082
0.001	0.762	0.130	0.107
0.001	0.001	0.001	0.997
0.001	0.001	0.997	0.001
0.146	0.683	0.001	0.170
0.001	0.001	0.001	0.997
0.001	0.107	0.800	0.092
>CCCCACCACC	8-CCCCACCACC	9.039663	-20.708087	0	T:34.0(5.14%),B:678.3(1.49%),P:1e-8	Tpos:57.3,Tstd:29.4,Bpos:48.3,Bstd:27.9,StrandBias:1.9,Multiplicity:1.10
0.001	0.881	0.117	0.001
0.056	0.830	0.081	0.033
0.135	0.613	0.048	0.204
0.001	0.995	0.003	0.001
0.646	0.001	0.311	0.042
0.001	0.874	0.054	0.071
0.001	0.934	0.064	0.001
0.771	0.089	0.001	0.139
0.301	0.697	0.001	0.001
0.001	0.995	0.001	0.003
>TTCCAACAAC	9-TTCCAACAAC	7.533645	-20.394931	0	T:30.0(4.53%),B:548.1(1.21%),P:1e-8	Tpos:52.7,Tstd:29.8,Bpos:52.2,Bstd:31.6,StrandBias:0.2,Multiplicity:1.10
0.048	0.064	0.125	0.763
0.139	0.082	0.118	0.661
0.034	0.854	0.075	0.037
0.042	0.896	0.036	0.026
0.667	0.114	0.137	0.082
0.898	0.047	0.032	0.023
0.031	0.864	0.104	0.001
0.933	0.026	0.021	0.020
0.723	0.103	0.148	0.026
0.091	0.749	0.101	0.059
>GAAATCTCAG	10-GAAATCTCAG	8.310393	-19.461820	0	T:21.0(3.17%),B:288.8(0.64%),P:1e-8	Tpos:44.2,Tstd:27.1,Bpos:51.1,Bstd:31.2,StrandBias:-0.1,Multiplicity:1.05
0.118	0.001	0.880	0.001
0.701	0.225	0.073	0.001
0.926	0.001	0.072	0.001
0.883	0.001	0.001	0.115
0.127	0.222	0.001	0.650
0.176	0.512	0.001	0.311
0.001	0.001	0.083	0.915
0.339	0.659	0.001	0.001
0.997	0.001	0.001	0.001
0.045	0.115	0.839	0.001
>GCGGCCGTTC	11-GCGGCCGTTC	10.296193	-17.961354	0	T:5.0(0.76%),B:5.2(0.01%),P:1e-7	Tpos:46.2,Tstd:16.6,Bpos:52.9,Bstd:10.6,StrandBias:0.6,Multiplicity:1.00
0.100	0.100	0.700	0.100
0.100	0.700	0.100	0.100
0.100	0.100	0.700	0.100
0.100	0.100	0.700	0.100
0.100	0.700	0.100	0.100
0.100	0.700	0.100	0.100
0.100	0.100	0.700	0.100
0.100	0.100	0.100	0.700
0.100	0.100	0.100	0.700
0.100	0.700	0.100	0.100
>GTGTGTGTST	12-GTGTGTGTST	8.388082	-15.967666	0	T:21.0(3.17%),B:355.1(0.78%),P:1e-6	Tpos:53.9,Tstd:25.4,Bpos:51.3,Bstd:29.5,StrandBias:-0.8,Multiplicity:1.00
0.078	0.001	0.714	0.207
0.075	0.163	0.066	0.696
0.001	0.001	0.997	0.001
0.001	0.160	0.001	0.838
0.088	0.001	0.910	0.001
0.001	0.060	0.001	0.938
0.001	0.137	0.826	0.036
0.001	0.122	0.001	0.876
0.001	0.507	0.491	0.001
0.087	0.351	0.001	0.561
>CCTCCAGAGG	13-CCTCCAGAGG	11.997051	-15.538873	0	T:6.0(0.91%),B:16.5(0.04%),P:1e-6	Tpos:59.3,Tstd:18.1,Bpos:49.5,Bstd:21.9,StrandBias:0.0,Multiplicity:1.00
0.001	0.997	0.001	0.001
0.001	0.997	0.001	0.001
0.001	0.001	0.001	0.997
0.001	0.997	0.001	0.001
0.001	0.997	0.001	0.001
0.997	0.001	0.001	0.001
0.001	0.001	0.997	0.001
0.997	0.001	0.001	0.001
0.001	0.001	0.997	0.001
0.001	0.159	0.839	0.001
>GAGATCTCGC	14-GAGATCTCGC	8.571334	-15.099551	0	T:13.0(1.96%),B:142.9(0.31%),P:1e-6	Tpos:52.5,Tstd:23.6,Bpos:49.6,Bstd:29.3,StrandBias:-1.0,Multiplicity:1.00
0.001	0.101	0.806	0.092
0.924	0.074	0.001	0.001
0.001	0.100	0.898	0.001
0.907	0.001	0.001	0.091
0.092	0.048	0.048	0.812
0.001	0.997	0.001	0.001
0.001	0.063	0.001	0.935
0.001	0.997	0.001	0.001
0.001	0.067	0.831	0.101
0.001	0.932	0.066	0.001
>CTATTCGAAT	15-CTATTCGAAT	10.114429	-15.070493	0	T:5.0(0.76%),B:9.1(0.02%),P:1e-6	Tpos:33.6,Tstd:7.9,Bpos:55.4,Bstd:18.0,StrandBias:-1.3,Multiplicity:1.00
0.001	0.690	0.308	0.001
0.001	0.309	0.073	0.617
0.997	0.001	0.001	0.001
0.001	0.001	0.001	0.997
0.308	0.001	0.001	0.690
0.001	0.997	0.001	0.001
0.001	0.001	0.997	0.001
0.997	0.001	0.001	0.001
0.997	0.001	0.001	0.001
0.001	0.308	0.001	0.690
>GCACGAGACC	16-GCACGAGACC	9.390740	-14.729865	0	T:7.0(1.06%),B:30.4(0.07%),P:1e-6	Tpos:57.3,Tstd:31.8,Bpos:46.3,Bstd:27.0,StrandBias:0.4,Multiplicity:1.00
0.001	0.260	0.738	0.001
0.001	0.997	0.001	0.001
0.997	0.001	0.001	0.001
0.001	0.997	0.001	0.001
0.001	0.001	0.997	0.001
0.953	0.045	0.001	0.001
0.001	0.001	0.997	0.001
0.997	0.001	0.001	0.001
0.001	0.997	0.001	0.001
0.001	0.997	0.001	0.001
>GNCAGCAGGRHV	1-GNCAGCAGGRHV	8.426766	-237.023303	0	T:210.0(31.72%),B:2334.6(5.14%),P:1e-102	Tpos:51.1,Tstd:13.1,Bpos:49.6,Bstd:38.1,StrandBias:3.8,Multiplicity:1.03
0.159	0.233	0.401	0.207
0.267	0.249	0.297	0.186
0.001	0.997	0.001	0.001
0.930	0.001	0.001	0.068
0.001	0.001	0.983	0.015
0.011	0.987	0.001	0.001
0.969	0.001	0.015	0.015
0.001	0.001	0.997	0.001
0.288	0.027	0.672	0.013
0.350	0.214	0.436	0.001
0.352	0.216	0.163	0.270
0.325	0.283	0.235	0.157
>GCAGCAGCAGCA	2-GCAGCAGCAGCA	7.843123	-88.398675	0	T:172.0(25.98%),B:3954.9(8.70%),P:1e-38	Tpos:50.2,Tstd:16.4,Bpos:50.6,Bstd:39.5,StrandBias:3.1,Multiplicity:1.12
0.096	0.130	0.723	0.051
0.108	0.752	0.104	0.036
0.587	0.142	0.153	0.118
0.075	0.104	0.768	0.053
0.080	0.759	0.108	0.053
0.793	0.079	0.069	0.059
0.001	0.040	0.958	0.001
0.013	0.786	0.187	0.014
0.793	0.076	0.124	0.007
0.184	0.040	0.749	0.027
0.127	0.682	0.167	0.024
0.693	0.118	0.125	0.064
>AGCAGAAGGRGG	3-AGCAGAAGGRGG	8.610196	-55.335887	0	T:78.0(11.78%),B:1336.0(2.94%),P:1e-24	Tpos:50.7,Tstd:22.5,Bpos:50.7,Bstd:36.5,StrandBias:1.0,Multiplicity:1.02
0.651	0.019	0.001	0.329
0.200	0.109	0.690	0.001
0.001	0.970	0.028	0.001
0.746	0.001	0.001	0.252
0.026	0.019	0.954	0.001
0.586	0.375	0.038	0.001
0.486	0.105	0.179	0.230
0.201	0.001	0.797	0.001
0.394	0.001	0.553	0.052
0.328	0.126	0.451	0.094
0.263	0.026	0.710	0.001
0.001	0.001	0.997	0.001
>CCMCCACCACCA	4-CCMCCACCACCA	8.420741	-31.374405	0	T:60.0(9.06%),B:1321.5(2.91%),P:1e-13	Tpos:55.0,Tstd:25.6,Bpos:49.5,Bstd:28.4,StrandBias:1.1,Multiplicity:1.08
0.059	0.744	0.066	0.131
0.001	0.832	0.166	0.001
0.355	0.393	0.104	0.148
0.272	0.561	0.035	0.132
0.001	0.766	0.131	0.102
0.588	0.001	0.304	0.107
0.034	0.864	0.034	0.068
0.001	0.997	0.001	0.001
0.767	0.001	0.151	0.081
0.068	0.834	0.097	0.001
0.001	0.997	0.001	0.001
0.722	0.173	0.001	0.104
>TGAATGATTTTT	5-TGAATGATTTTT	12.069493	-30.508546	0	T:7.0(1.06%),B:3.3(0.01%),P:1e-13	Tpos:38.1,Tstd:22.4,Bpos:44.7,Bstd:11.4,StrandBias:-1.3,Multiplicity:1.00
0.001	0.001	0.001	0.997
0.236	0.236	0.527	0.001
0.752	0.001	0.246	0.001
0.741	0.257	0.001	0.001
0.001	0.001	0.001	0.997
0.001	0.010	0.988	0.001
0.752	0.001	0.246	0.001
0.001	0.257	0.001	0.741
0.001	0.001	0.001	0.997
0.001	0.235	0.001	0.763
0.001	0.001	0.246	0.752
0.001	0.001	0.001	0.997
>GCCGCSGCSGCG	6-GCCGCSGCSGCG	8.778819	-28.528921	0	T:72.0(10.88%),B:1906.1(4.19%),P:1e-12	Tpos:48.9,Tstd:27.3,Bpos:50.3,Bstd:28.6,StrandBias:0.0,Multiplicity:1.17
0.244	0.172	0.583	0.001
0.270	0.728	0.001	0.001
0.001	0.650	0.348	0.001
0.001	0.024	0.886	0.089
0.146	0.707	0.146	0.001
0.001	0.560	0.438	0.001
0.125	0.066	0.760	0.049
0.049	0.787	0.065	0.099
0.131	0.458	0.410	0.001
0.001	0.034	0.770	0.195
0.050	0.642	0.306	0.002
0.001	0.094	0.904	0.001
>TGCTTCTCTTGC	7-TGCTTCTCTTGC	14.083041	-26.187361	0	T:8.0(1.21%),B:10.0(0.02%),P:1e-11	Tpos:57.0,Tstd:23.3,Bpos:24.6,Bstd:21.7,StrandBias:-0.4,Multiplicity:1.00
0.001	0.001	0.001	0.997
0.001	0.001	0.832	0.166
0.001	0.997	0.001	0.001
0.001	0.001	0.001	0.997
0.166	0.001	0.001	0.832
0.001	0.997	0.001	0.001
0.001	0.001	0.001	0.997
0.001	0.997	0.001	0.001
0.001	0.166	0.001	0.832
0.166	0.001	0.001	0.832
0.001	0.001	0.997	0.001
0.001	0.832	0.001	0.166
>ACTTCCAACAAA	8-ACTTCCAACAAA	14.257152	-25.960408	0	T:5.0(0.76%),B:0.0(0.00%),P:1e-11	Tpos:45.4,Tstd:17.9,Bpos:0.0,Bstd:0.0,StrandBias:10.0,Multiplicity:1.00
0.997	0.001	0.001	0.001
0.001	0.799	0.199	0.001
0.001	0.001	0.001	0.997
0.200	0.200	0.001	0.599
0.001	0.997	0.001	0.001
0.001	0.997	0.001	0.001
0.997	0.001	0.001	0.001
0.997	0.001	0.001	0.001
0.001	0.997	0.001	0.001
0.997	0.001	0.001	0.001
0.997	0.001	0.001	0.001
0.799	0.199	0.001	0.001
>AGAAGTMCAAAT	9-AGAAGTMCAAAT	9.362166	-24.915165	0	T:16.0(2.42%),B:109.1(0.24%),P:1e-10	Tpos:39.3,Tstd:26.3,Bpos:47.5,Bstd:27.8,StrandBias:2.0,Multiplicity:1.00
0.678	0.320	0.001	0.001
0.170	0.161	0.508	0.161
0.997	0.001	0.001	0.001
0.997	0.001	0.001	0.001
0.001	0.330	0.668	0.001
0.001	0.001	0.329	0.669
0.481	0.358	0.160	0.001
0.169	0.829	0.001	0.001
0.997	0.001	0.001	0.001
0.839	0.001	0.159	0.001
0.663	0.160	0.167	0.010
0.186	0.001	0.001	0.812
>TCCTCCAGAGGT	10-TCCTCCAGAGGT	11.392816	-23.789271	0	T:9.0(1.36%),B:21.9(0.05%),P:1e-10	Tpos:61.2,Tstd:16.1,Bpos:50.7,Bstd:30.5,StrandBias:-1.0,Multiplicity:1.00
0.191	0.001	0.191	0.617
0.001	0.997	0.001	0.001
0.001	0.997	0.001	0.001
0.001	0.001	0.190	0.808
0.001	0.990	0.008	0.001
0.001	0.808	0.190	0.001
0.808	0.001	0.190	0.001
0.001	0.001	0.997	0.001
0.799	0.009	0.001	0.191
0.001	0.001	0.997	0.001
0.001	0.390	0.608	0.001
0.200	0.191	0.001	0.608
>CCATCAGTACAG	11-CCATCAGTACAG	10.970699	-23.383490	0	T:9.0(1.36%),B:22.2(0.05%),P:1e-10	Tpos:29.8,Tstd:15.2,Bpos:52.9,Bstd:32.5,StrandBias:2.8,Multiplicity:1.00
0.001	0.997	0.001	0.001
0.001	0.997	0.001	0.001
0.997	0.001	0.001	0.001
0.138	0.138	0.138	0.586
0.138	0.723	0.001	0.138
0.997	0.001	0.001	0.001
0.138	0.138	0.586	0.138
0.275	0.001	0.001	0.723
0.712	0.276	0.001	0.011
0.001	0.861	0.001	0.137
0.861	0.137	0.001	0.001
0.001	0.001	0.988	0.010
>TGGATTAAATAA	12-TGGATTAAATAA	8.531652	-22.893834	0	T:7.0(1.06%),B:9.8(0.02%),P:1e-9	Tpos:34.6,Tstd:30.5,Bpos:62.4,Bstd:21.7,StrandBias:1.3,Multiplicity:1.00
0.001	0.001	0.032	0.966
0.001	0.001	0.997	0.001
0.001	0.001	0.997	0.001
0.993	0.001	0.001	0.005
0.308	0.001	0.001	0.690
0.001	0.001	0.032	0.966
0.690	0.308	0.001	0.001
0.996	0.001	0.001	0.002
0.657	0.001	0.033	0.309
0.001	0.001	0.001	0.997
0.997	0.001	0.001	0.001
0.966	0.032	0.001	0.001
>BGTGTGTGTGTG	13-BGTGTGTGTGTG	9.000513	-22.892958	0	T:23.0(3.47%),B:288.2(0.63%),P:1e-9	Tpos:57.6,Tstd:23.3,Bpos:50.8,Bstd:27.1,StrandBias:-1.6,Multiplicity:1.00
0.001	0.358	0.305	0.337
0.057	0.068	0.772	0.103
0.068	0.171	0.052	0.709
0.034	0.001	0.903	0.062
0.001	0.160	0.068	0.771
0.001	0.034	0.964	0.001
0.001	0.097	0.102	0.800
0.101	0.001	0.897	0.001
0.001	0.137	0.028	0.834
0.034	0.136	0.829	0.001
0.034	0.069	0.171	0.726
0.001	0.170	0.761	0.068
>TVATTAGTTGTC	14-TVATTAGTTGTC	13.139569	-22.506712	0	T:5.0(0.76%),B:2.4(0.01%),P:1e-9	Tpos:78.4,Tstd:9.8,Bpos:28.9,Bstd:11.8,StrandBias:0.4,Multiplicity:1.40
0.001	0.001	0.001	0.997
0.382	0.309	0.309	0.001
0.690	0.308	0.001	0.001
0.001	0.001	0.322	0.676
0.001	0.322	0.001	0.676
0.997	0.001	0.001	0.001
0.001	0.001	0.997	0.001
0.001	0.014	0.001	0.984
0.001	0.001	0.001	0.997
0.001	0.322	0.676	0.001
0.001	0.001	0.001	0.997
0.001	0.997	0.001	0.001
>GATAGAGCTAYT	15-GATAGAGCTAYT	11.293766	-21.514312	0	T:7.0(1.06%),B:11.9(0.03%),P:1e-9	Tpos:46.4,Tstd:23.4,Bpos:53.8,Bstd:40.3,StrandBias:0.4,Multiplicity:1.00
0.010	0.001	0.988	0.001
0.997	0.001	0.001	0.001
0.001	0.190	0.001	0.808
0.808	0.001	0.001	0.190
0.001	0.001	0.997	0.001
0.997	0.001	0.001	0.001
0.190	0.001	0.808	0.001
0.191	0.617	0.191	0.001
0.010	0.001	0.001	0.988
0.797	0.001	0.201	0.001
0.191	0.427	0.001	0.381
0.190	0.001	0.001	0.808
>CVKATTCGAATC	16-CVKATTCGAATC	10.094993	-21.167403	0	T:8.0(1.21%),B:19.3(0.04%),P:1e-9	Tpos:49.2,Tstd:21.7,Bpos:56.8,Bstd:27.6,StrandBias:-1.0,Multiplicity:1.00
0.001	0.850	0.148	0.001
0.276	0.425	0.298	0.001
0.001	0.001	0.435	0.563
0.997	0.001	0.001	0.001
0.001	0.001	0.001	0.997
0.149	0.001	0.276	0.574
0.137	0.861	0.001	0.001
0.001	0.137	0.861	0.001
0.988	0.001	0.010	0.001
0.723	0.001	0.001	0.275
0.001	0.001	0.001	0.997
0.308	0.690	0.001	0.001
>TCGACTCCTCCA	17-TCGACTCCTCCA	12.917446	-20.491422	0	T:5.0(0.76%),B:3.9(0.01%),P:1e-8	Tpos:62.8,Tstd:29.8,Bpos:33.3,Bstd:16.6,StrandBias:0.6,Multiplicity:1.00
0.001	0.001	0.001	0.997
0.001	0.997	0.001	0.001
0.001	0.191	0.807	0.001
0.997	0.001	0.001	0.001
0.001	0.997	0.001	0.001
0.001	0.001	0.001	0.997
0.001	0.997	0.001	0.001
0.001	0.997	0.001	0.001
0.001	0.001	0.001	0.997
0.001	0.997	0.001	0.001
0.001	0.997	0.001	0.001
0.867	0.131	0.001	0.001
>TGCCACTGATGA	18-TGCCACTGATGA	13.747663	-20.491422	0	T:5.0(0.76%),B:4.0(0.01%),P:1e-8	Tpos:54.2,Tstd:18.0,Bpos:82.5,Bstd:18.6,StrandBias:-0.6,Multiplicity:1.00
0.001	0.199	0.001	0.799
0.001	0.001	0.599	0.399
0.001	0.997	0.001	0.001
0.001	0.997	0.001	0.001
0.997	0.001	0.001	0.001
0.001	0.997	0.001	0.001
0.001	0.001	0.001	0.997
0.001	0.199	0.799	0.001
0.599	0.399	0.001	0.001
0.001	0.001	0.001	0.997
0.001	0.001	0.997	0.001
0.997	0.001	0.001	0.001
>TCGGTTGTTATA	19-TCGGTTGTTATA	8.221310	-19.574297	0	T:10.0(1.51%),B:47.7(0.11%),P:1e-8	Tpos:42.2,Tstd:26.9,Bpos:45.5,Bstd:24.7,StrandBias:1.2,Multiplicity:1.00
0.001	0.001	0.001	0.997
0.001	0.690	0.308	0.001
0.001	0.001	0.690	0.308
0.001	0.001	0.997	0.001
0.001	0.001	0.001	0.997
0.001	0.001	0.024	0.974
0.001	0.308	0.690	0.001
0.308	0.001	0.001	0.690
0.001	0.001	0.001	0.997
0.974	0.001	0.024	0.001
0.001	0.308	0.001	0.690
0.690	0.308	0.001	0.001
>TMGYCSGTCSYC	20-TMGYCSGTCSYC	8.064936	-17.622587	0	T:9.0(1.36%),B:43.8(0.10%),P:1e-7	Tpos:55.4,Tstd:27.6,Bpos:46.3,Bstd:23.9,StrandBias:-0.6,Multiplicity:1.11
0.001	0.001	0.001	0.997
0.446	0.552	0.001	0.001
0.001	0.001	0.997	0.001
0.001	0.450	0.086	0.463
0.001	0.997	0.001	0.001
0.003	0.460	0.536	0.001
0.001	0.001	0.997	0.001
0.001	0.001	0.001	0.997
0.001	0.997	0.001	0.001
0.001	0.449	0.549	0.001
0.003	0.446	0.001	0.550
0.001	0.997	0.001	0.001
>AAGAAGAAGAAG	21-AAGAAGAAGAAG	11.719165	-16.288253	0	T:10.0(1.51%),B:67.6(0.15%),P:1e-7	Tpos:53.8,Tstd:19.5,Bpos:48.3,Bstd:34.6,StrandBias:10.0,Multiplicity:1.10
0.633	0.117	0.249	0.001
0.925	0.001	0.069	0.005
0.001	0.001	0.997	0.001
0.881	0.001	0.117	0.001
0.994	0.001	0.001	0.004
0.069	0.069	0.861	0.001
0.691	0.001	0.307	0.001
0.966	0.004	0.029	0.001
0.069	0.285	0.645	0.001
0.587	0.139	0.273	0.001
0.535	0.272	0.001	0.192
0.001	0.349	0.599	0.051
>GTCCAGNCCAGA	22-GTCCAGNCCAGA	11.950411	-15.187733	0	T:7.0(1.06%),B:28.9(0.06%),P:1e-6	Tpos:29.0,Tstd:25.4,Bpos:44.9,Bstd:28.6,StrandBias:2.8,Multiplicity:1.00
0.236	0.236	0.527	0.001
0.001	0.001	0.001	0.997
0.001	0.997	0.001	0.001
0.001	0.997	0.001	0.001
0.997	0.001	0.001	0.001
0.001	0.235	0.763	0.001
0.236	0.236	0.236	0.292
0.001	0.997	0.001	0.001
0.001	0.763	0.001	0.235
0.997	0.001	0.001	0.001
0.001	0.001	0.763	0.235
0.997	0.001	0.001	0.001
>TAGATTCCCCCC	23-TAGATTCCCCCC	10.409522	-14.494607	0	T:3.0(0.45%),B:0.9(0.00%),P:1e-6	Tpos:52.0,Tstd:19.8,Bpos:56.6,Bstd:12.2,StrandBias:1.0,Multiplicity:1.00
0.100	0.100	0.100	0.700
0.700	0.100	0.100	0.100
0.100	0.100	0.700	0.100
0.700	0.100	0.100	0.100
0.100	0.100	0.100	0.700
0.100	0.100	0.100	0.700
0.100	0.700	0.100	0.100
0.100	0.700	0.100	0.100
0.100	0.700	0.100	0.100
0.100	0.700	0.100	0.100
0.100	0.700	0.100	0.100
0.100	0.700	0.100	0.100
>CTCTCTCTCCCC	24-CTCTCTCTCCCC	9.341968	-10.647800	0	T:22.0(3.32%),B:542.3(1.19%),P:1e-4	Tpos:67.8,Tstd:20.5,Bpos:46.7,Bstd:34.5,StrandBias:-0.6,Multiplicity:1.19
0.053	0.795	0.098	0.054
0.001	0.052	0.052	0.895
0.001	0.892	0.052	0.055
0.001	0.149	0.105	0.745
0.053	0.756	0.138	0.053
0.001	0.001	0.038	0.960
0.053	0.770	0.054	0.123
0.001	0.040	0.052	0.907
0.001	0.946	0.001	0.052
0.001	0.747	0.052	0.200
0.106	0.715	0.136	0.043
0.056	0.797	0.088	0.059
>CAGCAG	1-CAGCAG	6.177716	-182.504579	0	T:333.0(50.30%),B:8125.3(17.88%),P:1e-79	Tpos:51.3,Tstd:15.7,Bpos:50.0,Bstd:41.0,StrandBias:3.8,Multiplicity:1.31
0.100	0.700	0.100	0.100
0.700	0.100	0.100	0.100
0.100	0.100	0.700	0.100
0.100	0.700	0.100	0.100
0.700	0.100	0.100	0.100
0.100	0.100	0.700	0.100
>AGCAGA	2-AGCAGA	4.668184	-94.435417	0	T:485.0(73.26%),B:21540.8(47.39%),P:1e-41	Tpos:50.0,Tstd:26.0,Bpos:49.8,Bstd:35.8,StrandBias:1.1,Multiplicity:1.47
0.997	0.001	0.001	0.001
0.001	0.001	0.721	0.277
0.406	0.592	0.001	0.001
0.997	0.001	0.001	0.001
0.001	0.001	0.997	0.001
0.498	0.001	0.341	0.160
>CGGCGG	3-CGGCGG	6.295742	-16.151473	0	T:213.0(32.18%),B:10562.2(23.24%),P:1e-7	Tpos:49.8,Tstd:27.6,Bpos:50.1,Bstd:31.4,StrandBias:-0.1,Multiplicity:1.61
0.001	0.826	0.001	0.172
0.001	0.219	0.779	0.001
0.001	0.001	0.997	0.001
0.001	0.997	0.001	0.001
0.001	0.001	0.997	0.001
0.001	0.001	0.997	0.001
>CCACCA	4-CCACCA	5.986478	-16.089737	0	T:200.0(30.21%),B:9774.5(21.50%),P:1e-6	Tpos:53.8,Tstd:27.9,Bpos:49.2,Bstd:31.5,StrandBias:0.6,Multiplicity:1.31
0.001	0.997	0.001	0.001
0.001	0.997	0.001	0.001
0.841	0.157	0.001	0.001
0.241	0.757	0.001	0.001
0.173	0.825	0.001	0.001
0.997	0.001	0.001	0.001
>TATCGA	5-TATCGA	7.819856	-7.194730	0	T:17.0(2.57%),B:473.2(1.04%),P:1e-3	Tpos:42.3,Tstd:36.1,Bpos:51.1,Bstd:27.0,StrandBias:-0.3,Multiplicity:1.06
0.001	0.001	0.381	0.617
0.997	0.001	0.001	0.001
0.001	0.001	0.001	0.997
0.001	0.997	0.001	0.001
0.001	0.001	0.997	0.001
0.997	0.001	0.001	0.001
>CAGCAGGR	1-CAGCAGGR	7.024579	-236.546863	0	T:294.0(44.41%),B:5078.2(11.17%),P:1e-102	Tpos:51.8,Tstd:14.0,Bpos:50.0,Bstd:40.5,StrandBias:4.1,Multiplicity:1.10
0.001	0.971	0.027	0.001
0.997	0.001	0.001	0.001
0.001	0.001	0.997	0.001
0.001	0.997	0.001	0.001
0.997	0.001	0.001	0.001
0.001	0.022	0.976	0.001
0.045	0.117	0.822	0.016
0.472	0.095	0.407	0.026
>CCGCCGCC	2-CCGCCGCC	6.576163	-34.000385	0	T:196.0(29.61%),B:7780.5(17.12%),P:1e-14	Tpos:50.3,Tstd:28.5,Bpos:50.2,Bstd:31.0,StrandBias:0.3,Multiplicity:1.29
0.079	0.834	0.084	0.003
0.001	0.997	0.001	0.001
0.291	0.057	0.651	0.001
0.062	0.893	0.044	0.001
0.014	0.716	0.269	0.001
0.171	0.065	0.763	0.001
0.001	0.629	0.311	0.059
0.087	0.774	0.081	0.058
>AGGAGAAG	3-AGGAGAAG	6.105675	-21.103434	0	T:161.0(24.32%),B:6918.0(15.22%),P:1e-9	Tpos:52.1,Tstd:25.7,Bpos:49.8,Bstd:34.9,StrandBias:0.7,Multiplicity:1.21
0.914	0.084	0.001	0.001
0.125	0.047	0.827	0.001
0.212	0.001	0.782	0.005
0.997	0.001	0.001	0.001
0.106	0.082	0.811	0.001
0.842	0.050	0.075	0.033
0.904	0.001	0.073	0.022
0.001	0.034	0.952	0.013
>TTTGAACT	4-TTTGAACT	6.656932	-17.326198	0	T:44.0(6.65%),B:1185.1(2.61%),P:1e-7	Tpos:44.0,Tstd:26.4,Bpos:50.6,Bstd:31.6,StrandBias:-0.5,Multiplicity:1.05
0.020	0.013	0.001	0.966
0.001	0.032	0.058	0.909
0.035	0.001	0.043	0.921
0.140	0.026	0.769	0.065
0.935	0.001	0.046	0.018
0.926	0.001	0.034	0.039
0.035	0.879	0.001	0.085
0.001	0.219	0.038	0.742
>ATCGATAG	5-ATCGATAG	6.196139	-16.154796	0	T:38.0(5.74%),B:982.4(2.16%),P:1e-7	Tpos:42.2,Tstd:29.9,Bpos:49.3,Bstd:28.8,StrandBias:0.4,Multiplicity:1.06
0.878	0.038	0.043	0.041
0.001	0.038	0.001	0.960
0.021	0.951	0.001	0.027
0.001	0.001	0.967	0.031
0.963	0.001	0.035	0.001
0.030	0.202	0.070	0.698
0.823	0.157	0.019	0.001
0.128	0.038	0.791	0.043
>CCACCATC	6-CCACCATC	8.330366	-15.487374	0	T:35.0(5.29%),B:885.9(1.95%),P:1e-6	Tpos:56.9,Tstd:29.8,Bpos:48.2,Bstd:28.6,StrandBias:-0.6,Multiplicity:1.06
0.116	0.882	0.001	0.001
0.001	0.786	0.001	0.212
0.816	0.182	0.001	0.001
0.001	0.997	0.001	0.001
0.082	0.916	0.001	0.001
0.997	0.001	0.001	0.001
0.322	0.001	0.001	0.676
0.183	0.815	0.001	0.001
>CTAATCTT	7-CTAATCTT	7.532693	-15.129738	0	T:31.0(4.68%),B:738.0(1.62%),P:1e-6	Tpos:41.5,Tstd:26.7,Bpos:51.2,Bstd:32.4,StrandBias:-0.3,Multiplicity:1.00
0.001	0.997	0.001	0.001
0.001	0.001	0.001	0.997
0.713	0.203	0.001	0.083
0.836	0.076	0.001	0.087
0.143	0.001	0.001	0.855
0.001	0.686	0.141	0.172
0.001	0.001	0.001	0.997
0.001	0.001	0.093	0.905
>ACACACAC	8-ACACACAC	8.357666	-8.871400	0	T:20.0(3.02%),B:529.6(1.17%),P:1e-3	Tpos:52.4,Tstd:25.8,Bpos:50.8,Bstd:32.2,StrandBias:1.0,Multiplicity:1.20
0.851	0.001	0.147	0.001
0.001	0.960	0.015	0.024
0.866	0.001	0.104	0.029
0.001	0.850	0.011	0.138
0.823	0.001	0.142	0.034
0.001	0.967	0.031	0.001
0.849	0.001	0.136	0.014
0.012	0.986	0.001	0.001
