>CAGCAGGAGS	1-CAGCAGGAGS	4.413730	-244.344169	0	T:283.0(42.68%),B:4558.3(9.93%),P:1e-106	Tpos:52.2,Tstd:12.6,Bpos:50.3,Bstd:38.7,StrandBias:4.2,Multiplicity:1.07
0.001	0.997	0.001	0.001
0.997	0.001	0.001	0.001
0.001	0.001	0.997	0.001
0.001	0.997	0.001	0.001
0.997	0.001	0.001	0.001
0.001	0.001	0.997	0.001
0.022	0.306	0.671	0.001
0.527	0.205	0.267	0.001
0.199	0.306	0.494	0.001
0.259	0.308	0.431	0.001
>GATCCAGCAG	2-GATCCAGCAG	8.769458	-44.373223	0	T:48.0(7.24%),B:636.1(1.39%),P:1e-19	Tpos:53.4,Tstd:25.2,Bpos:48.3,Bstd:33.6,StrandBias:0.5,Multiplicity:1.00
0.154	0.145	0.700	0.001
0.737	0.086	0.176	0.001
0.044	0.266	0.001	0.689
0.001	0.997	0.001	0.001
0.080	0.682	0.237	0.001
0.921	0.001	0.001	0.077
0.055	0.001	0.943	0.001
0.001	0.822	0.176	0.001
0.863	0.001	0.001	0.135
0.001	0.088	0.910	0.001
>TCAGCAGKGT	3-TCAGCAGKGT	9.070325	-31.942544	0	T:31.0(4.68%),B:368.9(0.80%),P:1e-13	Tpos:49.6,Tstd:18.8,Bpos:53.1,Bstd:31.3,StrandBias:4.3,Multiplicity:1.00
0.091	0.001	0.337	0.571
0.001	0.997	0.001	0.001
0.997	0.001	0.001	0.001
0.001	0.189	0.809	0.001
0.001	0.764	0.234	0.001
0.997	0.001	0.001	0.001
0.065	0.001	0.721	0.213
0.001	0.001	0.444	0.554
0.001	0.001	0.913	0.085
0.179	0.001	0.065	0.755
>ACGAGGAGGA	4-ACGAGGAGGA	6.335819	-24.874504	0	T:136.0(20.51%),B:5266.9(11.47%),P:1e-10	Tpos:51.9,Tstd:25.1,Bpos:49.9,Bstd:30.5,StrandBias:-0.0,Multiplicity:1.15
0.790	0.047	0.082	0.081
0.074	0.741	0.108	0.077
0.036	0.075	0.828	0.061
0.799	0.076	0.045	0.080
0.077	0.140	0.707	0.076
0.029	0.071	0.870	0.030
0.892	0.073	0.024	0.011
0.112	0.080	0.774	0.034
0.115	0.038	0.806	0.041
0.796	0.068	0.072	0.064
>CCTMCCCCGC	5-CCTMCCCCGC	9.140017	-24.009282	0	T:35.0(5.28%),B:634.6(1.38%),P:1e-10	Tpos:55.8,Tstd:24.5,Bpos:49.1,Bstd:29.2,StrandBias:0.5,Multiplicity:1.06
0.209	0.789	0.001	0.001
0.001	0.997	0.001	0.001
0.334	0.001	0.115	0.550
0.442	0.465	0.092	0.001
0.001	0.770	0.228	0.001
0.105	0.763	0.131	0.001
0.069	0.929	0.001	0.001
0.179	0.522	0.188	0.111
0.001	0.001	0.906	0.092
0.001	0.997	0.001	0.001
>GAAAAAGCAG	6-GAAAAAGCAG	9.331121	-23.995861	0	T:22.0(3.32%),B:249.4(0.54%),P:1e-10	Tpos:50.5,Tstd:20.9,Bpos:48.7,Bstd:34.7,StrandBias:1.3,Multiplicity:1.05
0.051	0.001	0.947	0.001
0.826	0.030	0.054	0.090
0.969	0.001	0.029	0.001
0.942	0.001	0.001	0.056
0.712	0.286	0.001	0.001
0.889	0.001	0.048	0.062
0.062	0.111	0.826	0.001
0.034	0.936	0.029	0.001
0.997	0.001	0.001	0.001
0.001	0.001	0.997	0.001
>TWCGCAACAC	7-TWCGCAACAC	10.197901	-22.954393	0	T:7.0(1.06%),B:9.3(0.02%),P:1e-9	Tpos:49.9,Tstd:25.0,Bpos:44.4,Bstd:24.6,StrandBias:0.4,Multiplicity:1.00
0.001	0.001	0.001	0.997
0.481	0.001	0.001	0.517
0.001	0.997	0.001	0.001
0.001	0.001	0.595	0.403
0.001	0.997	0.001	0.001
0.997	0.001	0.001	0.001
0.913	0.085	0.001	0.001
0.001	0.997	0.001	0.001
0.997	0.001	0.001	0.001
0.001	0.997	0.001	0.001
>CRGCAGCGGC	8-CRGCAGCGGC	6.372939	-21.774559	0	T:101.0(15.23%),B:3657.4(7.96%),P:1e-9	Tpos:50.4,Tstd:24.8,Bpos:51.7,Bstd:34.8,StrandBias:1.2,Multiplicity:1.16
0.160	0.601	0.138	0.101
0.426	0.174	0.305	0.096
0.107	0.008	0.711	0.174
0.114	0.738	0.085	0.063
0.441	0.127	0.263	0.169
0.148	0.107	0.557	0.188
0.007	0.720	0.006	0.267
0.190	0.229	0.453	0.128
0.157	0.120	0.585	0.138
0.097	0.552	0.174	0.177
>GTTTTGTTTA	9-GTTTTGTTTA	9.858939	-21.124170	0	T:13.0(1.96%),B:85.6(0.19%),P:1e-9	Tpos:41.4,Tstd:26.4,Bpos:55.6,Bstd:28.8,StrandBias:-0.7,Multiplicity:1.00
0.001	0.001	0.925	0.073
0.001	0.001	0.001	0.997
0.112	0.001	0.001	0.886
0.001	0.001	0.112	0.886
0.135	0.135	0.001	0.729
0.001	0.001	0.997	0.001
0.001	0.001	0.073	0.925
0.001	0.001	0.084	0.914
0.001	0.001	0.066	0.932
0.876	0.001	0.079	0.044
>CACATGTCCC	10-CACATGTCCC	9.129003	-20.848000	0	T:13.0(1.96%),B:87.6(0.19%),P:1e-9	Tpos:46.0,Tstd:26.4,Bpos:49.4,Bstd:29.6,StrandBias:1.3,Multiplicity:1.00
0.001	0.997	0.001	0.001
0.893	0.105	0.001	0.001
0.025	0.973	0.001	0.001
0.878	0.001	0.120	0.001
0.001	0.161	0.001	0.837
0.131	0.083	0.785	0.001
0.001	0.112	0.001	0.886
0.001	0.893	0.105	0.001
0.130	0.868	0.001	0.001
0.001	0.997	0.001	0.001
>GGACAAATAS	11-GGACAAATAS	9.824083	-18.972858	0	T:9.0(1.36%),B:37.6(0.08%),P:1e-8	Tpos:49.4,Tstd:26.5,Bpos:52.5,Bstd:21.7,StrandBias:1.8,Multiplicity:1.00
0.001	0.001	0.997	0.001
0.001	0.001	0.997	0.001
0.798	0.001	0.200	0.001
0.001	0.997	0.001	0.001
0.589	0.001	0.001	0.409
0.798	0.001	0.200	0.001
0.825	0.173	0.001	0.001
0.001	0.001	0.001	0.997
0.612	0.001	0.386	0.001
0.001	0.401	0.449	0.149
>CCAACACCAA	12-CCAACACCAA	4.882476	-18.950341	0	T:182.0(27.45%),B:8427.0(18.35%),P:1e-8	Tpos:54.7,Tstd:27.5,Bpos:50.5,Bstd:29.7,StrandBias:1.1,Multiplicity:1.29
0.098	0.705	0.088	0.109
0.083	0.765	0.070	0.082
0.680	0.114	0.111	0.095
0.630	0.140	0.096	0.134
0.101	0.752	0.076	0.071
0.659	0.131	0.117	0.093
0.105	0.703	0.109	0.083
0.124	0.698	0.099	0.079
0.709	0.093	0.112	0.086
0.699	0.145	0.086	0.070
>CCAACAACGG	13-CCAACAACGG	11.055717	-16.859697	0	T:7.0(1.06%),B:22.7(0.05%),P:1e-7	Tpos:80.1,Tstd:10.6,Bpos:40.7,Bstd:23.4,StrandBias:1.3,Multiplicity:1.00
0.001	0.997	0.001	0.001
0.296	0.702	0.001	0.001
0.598	0.001	0.001	0.400
0.785	0.213	0.001	0.001
0.001	0.992	0.001	0.006
0.792	0.001	0.206	0.001
0.997	0.001	0.001	0.001
0.001	0.762	0.001	0.236
0.001	0.001	0.997	0.001
0.001	0.001	0.997	0.001
>TACTATATAG	14-TACTATATAG	4.999183	-14.757002	0	T:58.0(8.75%),B:1972.0(4.29%),P:1e-6	Tpos:38.1,Tstd:28.1,Bpos:50.3,Bstd:28.9,StrandBias:-0.1,Multiplicity:1.12
0.140	0.056	0.121	0.683
0.604	0.124	0.118	0.154
0.105	0.649	0.086	0.160
0.102	0.088	0.060	0.750
0.723	0.100	0.082	0.095
0.101	0.126	0.078	0.695
0.694	0.096	0.068	0.142
0.103	0.068	0.071	0.758
0.749	0.073	0.076	0.102
0.138	0.061	0.695	0.106
>GAGACTCATT	15-GAGACTCATT	10.296193	-12.452230	0	T:3.0(0.45%),B:2.8(0.01%),P:1e-5	Tpos:44.7,Tstd:16.0,Bpos:46.5,Bstd:15.7,StrandBias:1.0,Multiplicity:1.00
0.100	0.100	0.700	0.100
0.700	0.100	0.100	0.100
0.100	0.100	0.700	0.100
0.700	0.100	0.100	0.100
0.100	0.700	0.100	0.100
0.100	0.100	0.100	0.700
0.100	0.700	0.100	0.100
0.700	0.100	0.100	0.100
0.100	0.100	0.100	0.700
0.100	0.100	0.100	0.700
>CAGCAGCAGGAG	1-CAGCAGCAGGAG	6.010902	-161.128038	0	T:330.0(49.77%),B:8751.4(19.06%),P:1e-69	Tpos:50.9,Tstd:15.6,Bpos:50.5,Bstd:36.9,StrandBias:3.1,Multiplicity:1.17
0.163	0.670	0.057	0.110
0.712	0.042	0.167	0.079
0.174	0.083	0.696	0.047
0.026	0.968	0.005	0.001
0.983	0.001	0.015	0.001
0.029	0.001	0.969	0.001
0.067	0.598	0.334	0.001
0.893	0.039	0.037	0.031
0.038	0.120	0.684	0.158
0.150	0.238	0.533	0.079
0.632	0.121	0.203	0.044
0.210	0.216	0.389	0.185
>GNCAGCAGGANC	2-GNCAGCAGGANC	7.663537	-101.532261	0	T:133.0(20.06%),B:2186.9(4.76%),P:1e-44	Tpos:53.8,Tstd:15.4,Bpos:49.8,Bstd:31.3,StrandBias:2.0,Multiplicity:1.03
0.160	0.162	0.440	0.238
0.281	0.280	0.238	0.201
0.199	0.721	0.040	0.040
0.762	0.079	0.001	0.158
0.001	0.039	0.959	0.001
0.001	0.997	0.001	0.001
0.402	0.159	0.240	0.199
0.001	0.040	0.918	0.041
0.001	0.001	0.958	0.040
0.639	0.200	0.160	0.001
0.240	0.319	0.241	0.200
0.320	0.599	0.040	0.041
>CAGCAGCAGGAC	3-CAGCAGCAGGAC	7.325506	-62.392194	0	T:137.0(20.66%),B:3394.1(7.39%),P:1e-27	Tpos:59.0,Tstd:23.9,Bpos:50.6,Bstd:35.2,StrandBias:0.7,Multiplicity:1.00
0.147	0.772	0.032	0.049
0.667	0.099	0.161	0.073
0.049	0.105	0.771	0.075
0.122	0.620	0.138	0.120
0.738	0.099	0.137	0.026
0.049	0.089	0.813	0.049
0.024	0.821	0.057	0.098
0.664	0.098	0.125	0.113
0.024	0.038	0.889	0.049
0.090	0.115	0.701	0.094
0.670	0.116	0.133	0.081
0.026	0.881	0.069	0.024
>CAGCAGCAGCAG	4-CAGCAGCAGCAG	7.512807	-62.222281	0	T:168.0(25.34%),B:4777.2(10.40%),P:1e-27	Tpos:49.1,Tstd:21.8,Bpos:50.7,Bstd:38.1,StrandBias:1.6,Multiplicity:1.02
0.023	0.787	0.111	0.079
0.800	0.077	0.069	0.054
0.074	0.063	0.792	0.071
0.117	0.674	0.208	0.001
0.586	0.131	0.125	0.158
0.105	0.151	0.669	0.075
0.109	0.788	0.056	0.047
0.683	0.101	0.152	0.064
0.085	0.077	0.828	0.010
0.040	0.910	0.040	0.010
0.710	0.100	0.118	0.072
0.073	0.095	0.775	0.057
>MGMAGCAGARGA	5-MGMAGCAGARGA	9.053509	-28.329761	0	T:42.0(6.33%),B:766.4(1.67%),P:1e-12	Tpos:53.0,Tstd:28.2,Bpos:49.9,Bstd:31.8,StrandBias:1.1,Multiplicity:1.00
0.382	0.436	0.063	0.119
0.063	0.125	0.811	0.001
0.427	0.571	0.001	0.001
0.873	0.001	0.063	0.063
0.001	0.314	0.622	0.063
0.193	0.805	0.001	0.001
0.618	0.001	0.001	0.380
0.001	0.062	0.936	0.001
0.865	0.133	0.001	0.001
0.434	0.127	0.438	0.001
0.114	0.001	0.884	0.001
0.818	0.001	0.129	0.052
>GGMRASAGCSGC	6-GGMRASAGCSGC	9.659019	-26.645276	0	T:38.0(5.73%),B:672.2(1.46%),P:1e-11	Tpos:35.2,Tstd:28.7,Bpos:49.1,Bstd:33.5,StrandBias:-0.5,Multiplicity:1.00
0.001	0.001	0.997	0.001
0.081	0.001	0.917	0.001
0.334	0.418	0.166	0.082
0.495	0.002	0.502	0.001
0.581	0.084	0.334	0.001
0.001	0.413	0.505	0.081
0.997	0.001	0.001	0.001
0.002	0.002	0.914	0.082
0.001	0.836	0.001	0.162
0.245	0.418	0.336	0.001
0.001	0.001	0.997	0.001
0.001	0.745	0.173	0.081
>MCGCAGCAGGGT	7-MCGCAGCAGGGT	10.858163	-26.275393	0	T:15.0(2.26%),B:84.6(0.18%),P:1e-11	Tpos:69.9,Tstd:15.5,Bpos:49.2,Bstd:31.3,StrandBias:1.6,Multiplicity:1.00
0.364	0.364	0.150	0.121
0.001	0.997	0.001	0.001
0.271	0.001	0.727	0.001
0.001	0.878	0.120	0.001
0.636	0.001	0.242	0.121
0.001	0.001	0.997	0.001
0.001	0.997	0.001	0.001
0.757	0.001	0.121	0.121
0.001	0.001	0.756	0.242
0.001	0.001	0.997	0.001
0.001	0.001	0.997	0.001
0.242	0.001	0.121	0.636
>CHACAGCAAGCA	8-CHACAGCAAGCA	6.993443	-26.218692	0	T:99.0(14.93%),B:3277.3(7.14%),P:1e-11	Tpos:55.3,Tstd:21.4,Bpos:49.5,Bstd:34.0,StrandBias:0.7,Multiplicity:1.03
0.247	0.721	0.001	0.031
0.337	0.329	0.001	0.334
0.484	0.213	0.302	0.001
0.001	0.814	0.184	0.001
0.554	0.173	0.094	0.179
0.125	0.212	0.539	0.124
0.001	0.790	0.208	0.001
0.659	0.062	0.093	0.186
0.576	0.001	0.422	0.001
0.001	0.075	0.738	0.186
0.288	0.679	0.001	0.032
0.906	0.001	0.001	0.092
>CTCCCTCCTAGT	9-CTCCCTCCTAGT	14.083041	-25.474718	0	T:6.0(0.90%),B:3.3(0.01%),P:1e-11	Tpos:52.5,Tstd:21.6,Bpos:67.5,Bstd:12.3,StrandBias:1.0,Multiplicity:1.00
0.001	0.997	0.001	0.001
0.166	0.001	0.001	0.832
0.001	0.997	0.001	0.001
0.166	0.832	0.001	0.001
0.001	0.832	0.001	0.166
0.001	0.001	0.001	0.997
0.001	0.997	0.001	0.001
0.001	0.997	0.001	0.001
0.001	0.001	0.001	0.997
0.832	0.166	0.001	0.001
0.001	0.166	0.832	0.001
0.001	0.001	0.001	0.997
>CAGCASRAGAGG	10-CAGCASRAGAGG	11.087937	-24.271238	0	T:17.0(2.56%),B:134.0(0.29%),P:1e-10	Tpos:62.6,Tstd:24.5,Bpos:54.6,Bstd:35.8,StrandBias:1.4,Multiplicity:1.00
0.001	0.580	0.191	0.228
0.770	0.228	0.001	0.001
0.001	0.001	0.997	0.001
0.001	0.885	0.113	0.001
0.997	0.001	0.001	0.001
0.001	0.370	0.401	0.228
0.552	0.001	0.446	0.001
0.712	0.001	0.286	0.001
0.001	0.209	0.789	0.001
0.997	0.001	0.001	0.001
0.001	0.001	0.997	0.001
0.001	0.001	0.997	0.001
>CGSCSCAGCAGG	11-CGSCSCAGCAGG	10.447519	-24.020521	0	T:23.0(3.47%),B:274.8(0.60%),P:1e-10	Tpos:45.9,Tstd:21.0,Bpos:47.9,Bstd:32.5,StrandBias:1.0,Multiplicity:1.00
0.001	0.997	0.001	0.001
0.104	0.001	0.894	0.001
0.105	0.519	0.375	0.001
0.104	0.894	0.001	0.001
0.001	0.419	0.475	0.105
0.001	0.934	0.064	0.001
0.997	0.001	0.001	0.001
0.001	0.397	0.601	0.001
0.104	0.894	0.001	0.001
0.911	0.001	0.001	0.087
0.104	0.001	0.894	0.001
0.001	0.192	0.806	0.001
>CAGKAWAGYRCT	12-CAGKAWAGYRCT	11.396916	-23.760878	0	T:6.0(0.90%),B:4.6(0.01%),P:1e-10	Tpos:64.2,Tstd:37.3,Bpos:52.4,Bstd:28.2,StrandBias:1.0,Multiplicity:1.00
0.001	0.997	0.001	0.001
0.904	0.094	0.001	0.001
0.105	0.001	0.893	0.001
0.001	0.001	0.547	0.451
0.997	0.001	0.001	0.001
0.446	0.001	0.001	0.552
0.903	0.095	0.001	0.001
0.001	0.001	0.997	0.001
0.047	0.452	0.001	0.500
0.447	0.047	0.505	0.001
0.001	0.997	0.001	0.001
0.001	0.001	0.001	0.997
>GAGAWGGACCTC	13-GAGAWGGACCTC	11.318490	-19.115954	0	T:8.0(1.21%),B:26.0(0.06%),P:1e-8	Tpos:61.8,Tstd:28.0,Bpos:52.6,Bstd:25.9,StrandBias:0.0,Multiplicity:1.00
0.001	0.001	0.997	0.001
0.997	0.001	0.001	0.001
0.001	0.236	0.750	0.013
0.750	0.001	0.013	0.236
0.527	0.001	0.001	0.471
0.235	0.001	0.763	0.001
0.001	0.235	0.763	0.001
0.737	0.013	0.001	0.249
0.001	0.986	0.001	0.012
0.001	0.972	0.026	0.001
0.236	0.001	0.013	0.750
0.001	0.944	0.054	0.001
>GGTGGAGGAGGA	14-GGTGGAGGAGGA	9.273753	-19.051926	0	T:40.0(6.03%),B:963.2(2.10%),P:1e-8	Tpos:51.4,Tstd:29.5,Bpos:49.4,Bstd:29.6,StrandBias:-0.9,Multiplicity:1.08
0.020	0.053	0.823	0.104
0.072	0.029	0.838	0.061
0.137	0.167	0.098	0.598
0.001	0.085	0.894	0.020
0.001	0.001	0.997	0.001
0.815	0.045	0.041	0.099
0.045	0.013	0.941	0.001
0.058	0.001	0.883	0.058
0.729	0.145	0.087	0.039
0.076	0.058	0.846	0.020
0.109	0.001	0.832	0.058
0.812	0.057	0.117	0.014
>CAGAAGCAGCAC	15-CAGAAGCAGCAC	10.583972	-18.980890	0	T:15.0(2.26%),B:145.0(0.32%),P:1e-8	Tpos:48.5,Tstd:26.3,Bpos:56.6,Bstd:27.4,StrandBias:1.2,Multiplicity:1.00
0.001	0.997	0.001	0.001
0.744	0.134	0.121	0.001
0.001	0.120	0.878	0.001
0.865	0.001	0.121	0.013
0.878	0.001	0.001	0.120
0.001	0.012	0.986	0.001
0.243	0.634	0.121	0.002
0.729	0.242	0.001	0.028
0.001	0.121	0.865	0.013
0.242	0.636	0.001	0.121
0.730	0.121	0.121	0.028
0.001	0.997	0.001	0.001
>TCGTCGTCGTCG	16-TCGTCGTCGTCG	11.431147	-18.700525	0	T:17.0(2.56%),B:195.4(0.43%),P:1e-8	Tpos:58.5,Tstd:26.0,Bpos:51.5,Bstd:25.8,StrandBias:0.9,Multiplicity:1.06
0.121	0.059	0.271	0.549
0.001	0.738	0.260	0.001
0.166	0.001	0.832	0.001
0.001	0.001	0.001	0.997
0.001	0.997	0.001	0.001
0.001	0.001	0.997	0.001
0.049	0.049	0.216	0.686
0.001	0.928	0.070	0.001
0.001	0.001	0.997	0.001
0.200	0.001	0.041	0.758
0.001	0.997	0.001	0.001
0.171	0.081	0.747	0.001
>GATATATGGGAA	17-GATATATGGGAA	9.910223	-18.004804	0	T:5.0(0.75%),B:5.8(0.01%),P:1e-7	Tpos:29.2,Tstd:28.0,Bpos:51.5,Bstd:33.3,StrandBias:-2.0,Multiplicity:1.00
0.001	0.001	0.807	0.191
0.997	0.001	0.001	0.001
0.001	0.001	0.001	0.997
0.807	0.001	0.048	0.144
0.001	0.001	0.001	0.997
0.997	0.001	0.001	0.001
0.001	0.001	0.047	0.951
0.047	0.001	0.951	0.001
0.001	0.001	0.997	0.001
0.001	0.001	0.997	0.001
0.997	0.001	0.001	0.001
0.997	0.001	0.001	0.001
>ATGCAACCTCGT	18-ATGCAACCTCGT	9.910223	-17.389266	0	T:4.0(0.60%),B:2.4(0.01%),P:1e-7	Tpos:72.6,Tstd:19.5,Bpos:48.4,Bstd:24.8,StrandBias:0.6,Multiplicity:1.25
0.997	0.001	0.001	0.001
0.001	0.001	0.191	0.807
0.001	0.001	0.997	0.001
0.001	0.997	0.001	0.001
0.997	0.001	0.001	0.001
0.997	0.001	0.001	0.001
0.001	0.807	0.048	0.144
0.001	0.951	0.001	0.047
0.001	0.001	0.001	0.997
0.001	0.997	0.001	0.001
0.001	0.001	0.997	0.001
0.001	0.047	0.001	0.951
>CAGCTACAGGGG	19-CAGCTACAGGGG	11.629465	-16.770607	0	T:9.0(1.36%),B:48.5(0.11%),P:1e-7	Tpos:47.9,Tstd:22.8,Bpos:49.9,Bstd:36.1,StrandBias:1.8,Multiplicity:1.00
0.001	0.997	0.001	0.001
0.741	0.001	0.001	0.257
0.001	0.001	0.997	0.001
0.001	0.997	0.001	0.001
0.001	0.001	0.296	0.702
0.741	0.257	0.001	0.001
0.001	0.851	0.147	0.001
0.702	0.001	0.296	0.001
0.001	0.001	0.997	0.001
0.296	0.001	0.702	0.001
0.001	0.296	0.702	0.001
0.001	0.001	0.997	0.001
>GTGGAGCAGGGG	20-GTGGAGCAGGGG	9.833202	-15.004543	0	T:24.0(3.62%),B:484.1(1.05%),P:1e-6	Tpos:54.4,Tstd:24.5,Bpos:49.3,Bstd:35.5,StrandBias:1.1,Multiplicity:1.00
0.001	0.294	0.704	0.001
0.260	0.139	0.001	0.600
0.001	0.001	0.997	0.001
0.001	0.291	0.707	0.001
0.644	0.194	0.001	0.161
0.292	0.001	0.509	0.198
0.204	0.794	0.001	0.001
0.997	0.001	0.001	0.001
0.001	0.001	0.707	0.291
0.001	0.397	0.601	0.001
0.001	0.001	0.789	0.209
0.099	0.237	0.663	0.001
>TCGGCACGGCGS	21-TCGGCACGGCGS	14.152113	-14.520904	0	T:3.0(0.45%),B:1.9(0.00%),P:1e-6	Tpos:79.3,Tstd:6.6,Bpos:58.0,Bstd:0.0,StrandBias:10.0,Multiplicity:1.00
0.010	0.001	0.001	0.988
0.001	0.997	0.001	0.001
0.001	0.001	0.617	0.381
0.001	0.001	0.997	0.001
0.001	0.997	0.001	0.001
0.808	0.001	0.190	0.001
0.001	0.997	0.001	0.001
0.001	0.190	0.808	0.001
0.001	0.001	0.997	0.001
0.001	0.617	0.001	0.381
0.001	0.190	0.808	0.001
0.001	0.427	0.382	0.191
>CCACCAAGAGAA	22-CCACCAAGAGAA	11.297162	-13.320636	0	T:8.0(1.21%),B:54.1(0.12%),P:1e-5	Tpos:55.7,Tstd:20.8,Bpos:36.9,Bstd:24.2,StrandBias:1.3,Multiplicity:1.00
0.001	0.799	0.001	0.199
0.001	0.599	0.399	0.001
0.997	0.001	0.001	0.001
0.001	0.599	0.399	0.001
0.001	0.997	0.001	0.001
0.997	0.001	0.001	0.001
0.599	0.001	0.200	0.200
0.001	0.001	0.997	0.001
0.799	0.001	0.001	0.199
0.001	0.001	0.997	0.001
0.799	0.001	0.199	0.001
0.599	0.001	0.200	0.200
>GTASTASTACST	23-GTASTASTACST	14.230147	-12.452230	0	T:3.0(0.45%),B:2.1(0.00%),P:1e-5	Tpos:70.4,Tstd:17.6,Bpos:48.3,Bstd:20.5,StrandBias:-0.6,Multiplicity:1.33
0.001	0.001	0.997	0.001
0.001	0.001	0.001	0.997
0.997	0.001	0.001	0.001
0.001	0.552	0.446	0.001
0.001	0.001	0.001	0.997
0.997	0.001	0.001	0.001
0.001	0.446	0.552	0.001
0.001	0.001	0.001	0.997
0.997	0.001	0.001	0.001
0.001	0.997	0.001	0.001
0.071	0.447	0.482	0.001
0.001	0.001	0.034	0.964
>GGAGGAGTCGCC	24-GGAGGAGTCGCC	11.665739	-12.378583	0	T:6.0(0.90%),B:28.8(0.06%),P:1e-5	Tpos:68.3,Tstd:19.3,Bpos:60.1,Bstd:22.3,StrandBias:-1.0,Multiplicity:1.00
0.001	0.121	0.756	0.122
0.001	0.391	0.607	0.001
0.997	0.001	0.001	0.001
0.121	0.242	0.636	0.001
0.001	0.251	0.747	0.001
0.731	0.129	0.019	0.121
0.001	0.001	0.756	0.242
0.001	0.001	0.270	0.728
0.001	0.878	0.001	0.120
0.001	0.001	0.997	0.001
0.242	0.756	0.001	0.001
0.120	0.878	0.001	0.001
>NNNNNNNNNNNN	25-NNNNNNNNNNNN	-nan	0.000000	0	T:0.0(0.00%),B:0.0(0.00%),P:1e0	Tpos:0.0,Tstd:0.0,Bpos:0.0,Bstd:0.0,StrandBias:0.0,Multiplicity:1.00
-nan	-nan	-nan	-nan
-nan	-nan	-nan	-nan
-nan	-nan	-nan	-nan
-nan	-nan	-nan	-nan
-nan	-nan	-nan	-nan
-nan	-nan	-nan	-nan
-nan	-nan	-nan	-nan
-nan	-nan	-nan	-nan
-nan	-nan	-nan	-nan
-nan	-nan	-nan	-nan
-nan	-nan	-nan	-nan
-nan	-nan	-nan	-nan
>CAGCAG	1-CAGCAG	6.177716	-225.463365	0	T:356.0(53.70%),B:8026.2(17.48%),P:1e-97	Tpos:50.7,Tstd:14.7,Bpos:50.3,Bstd:40.4,StrandBias:3.6,Multiplicity:1.34
0.100	0.700	0.100	0.100
0.700	0.100	0.100	0.100
0.100	0.100	0.700	0.100
0.100	0.700	0.100	0.100
0.700	0.100	0.100	0.100
0.100	0.100	0.700	0.100
>CCTCCT	2-CCTCCT	6.198688	-12.481879	0	T:207.0(31.22%),B:10810.7(23.54%),P:1e-5	Tpos:54.0,Tstd:25.4,Bpos:49.9,Bstd:33.9,StrandBias:-0.2,Multiplicity:1.44
0.001	0.997	0.001	0.001
0.001	0.790	0.001	0.208
0.001	0.001	0.001	0.997
0.001	0.834	0.001	0.164
0.001	0.814	0.001	0.184
0.001	0.001	0.001	0.997
>TATWAA	3-TATWAA	3.742448	-7.305026	0	T:240.0(36.20%),B:13922.6(30.32%),P:1e-3	Tpos:46.6,Tstd:29.8,Bpos:49.8,Bstd:31.0,StrandBias:0.4,Multiplicity:1.66
0.339	0.085	0.008	0.568
0.814	0.074	0.067	0.045
0.159	0.204	0.189	0.448
0.528	0.091	0.001	0.380
0.976	0.003	0.001	0.020
0.645	0.090	0.052	0.213
>AAGTGA	4-AAGTGA	6.177716	-6.066622	0	T:30.0(4.52%),B:1175.7(2.56%),P:1e-2	Tpos:56.1,Tstd:28.1,Bpos:49.5,Bstd:31.8,StrandBias:1.2,Multiplicity:1.03
0.700	0.100	0.100	0.100
0.700	0.100	0.100	0.100
0.100	0.100	0.700	0.100
0.100	0.100	0.100	0.700
0.100	0.100	0.700	0.100
0.700	0.100	0.100	0.100
>TCGTCG	5-TCGTCG	5.661687	-5.363826	0	T:130.0(19.61%),B:7238.2(15.76%),P:1e-2	Tpos:52.5,Tstd:28.9,Bpos:50.6,Bstd:28.2,StrandBias:0.2,Multiplicity:1.38
0.001	0.001	0.001	0.997
0.139	0.859	0.001	0.001
0.113	0.001	0.885	0.001
0.268	0.001	0.001	0.730
0.001	0.997	0.001	0.001
0.001	0.001	0.997	0.001
>CAGCAGGA	1-CAGCAGGA	7.147863	-241.608274	0	T:319.0(48.11%),B:6000.1(13.07%),P:1e-104	Tpos:51.2,Tstd:13.9,Bpos:50.1,Bstd:39.7,StrandBias:3.9,Multiplicity:1.12
0.001	0.997	0.001	0.001
0.997	0.001	0.001	0.001
0.001	0.001	0.997	0.001
0.001	0.984	0.014	0.001
0.988	0.001	0.010	0.001
0.001	0.001	0.997	0.001
0.108	0.163	0.728	0.001
0.553	0.187	0.230	0.030
>ACTAATAG	2-ACTAATAG	5.130967	-24.519016	0	T:98.0(14.78%),B:3329.3(7.25%),P:1e-10	Tpos:44.8,Tstd:28.7,Bpos:50.5,Bstd:29.4,StrandBias:0.0,Multiplicity:1.11
0.853	0.001	0.145	0.001
0.056	0.699	0.001	0.244
0.288	0.038	0.079	0.595
0.847	0.042	0.001	0.110
0.605	0.104	0.260	0.031
0.001	0.029	0.127	0.843
0.776	0.001	0.016	0.207
0.092	0.102	0.631	0.175
>TTGTTTAG	3-TTGTTTAG	4.466882	-22.731555	0	T:56.0(8.45%),B:1480.2(3.22%),P:1e-9	Tpos:47.7,Tstd:28.8,Bpos:50.3,Bstd:31.7,StrandBias:-0.4,Multiplicity:1.04
0.169	0.099	0.009	0.723
0.239	0.197	0.141	0.423
0.083	0.266	0.507	0.144
0.203	0.104	0.102	0.591
0.128	0.145	0.274	0.453
0.161	0.143	0.239	0.457
0.490	0.135	0.127	0.248
0.231	0.253	0.458	0.057
>GAGGAGGA	4-GAGGAGGA	7.277641	-21.266172	0	T:114.0(17.19%),B:4370.1(9.52%),P:1e-9	Tpos:55.6,Tstd:24.3,Bpos:49.9,Bstd:33.0,StrandBias:-0.0,Multiplicity:1.16
0.001	0.055	0.943	0.001
0.941	0.001	0.057	0.001
0.046	0.040	0.913	0.001
0.071	0.001	0.927	0.001
0.933	0.049	0.017	0.001
0.174	0.045	0.780	0.001
0.089	0.034	0.876	0.001
0.791	0.001	0.207	0.001
>GTTATATA	5-GTTATATA	6.998123	-19.613941	0	T:23.0(3.47%),B:346.1(0.75%),P:1e-8	Tpos:32.4,Tstd:27.0,Bpos:48.9,Bstd:28.0,StrandBias:-0.3,Multiplicity:1.04
0.052	0.001	0.935	0.012
0.023	0.163	0.001	0.813
0.001	0.146	0.001	0.852
0.821	0.169	0.009	0.001
0.050	0.125	0.001	0.824
0.888	0.001	0.110	0.001
0.001	0.001	0.159	0.839
0.920	0.020	0.013	0.047
>GCGGBGSC	6-GCGGBGSC	4.583639	-15.109406	0	T:234.0(35.29%),B:12119.6(26.39%),P:1e-6	Tpos:49.6,Tstd:27.4,Bpos:50.0,Bstd:30.9,StrandBias:-0.1,Multiplicity:1.42
0.174	0.225	0.600	0.001
0.004	0.722	0.001	0.273
0.187	0.205	0.598	0.010
0.113	0.154	0.542	0.191
0.166	0.351	0.244	0.239
0.165	0.263	0.556	0.016
0.223	0.328	0.448	0.001
0.175	0.479	0.266	0.079
