>CAGCAGGAGG	1-CAGCAGGAGG	6.933553	-184.101496	0	T:284.0(42.32%),B:5736.7(12.73%),P:1e-79	Tpos:52.7,Tstd:12.5,Bpos:50.4,Bstd:39.3,StrandBias:3.5,Multiplicity:1.13
0.060	0.818	0.090	0.032
0.848	0.026	0.079	0.047
0.020	0.055	0.891	0.034
0.036	0.889	0.054	0.021
0.919	0.020	0.038	0.023
0.025	0.025	0.930	0.020
0.043	0.274	0.641	0.042
0.713	0.057	0.174	0.056
0.108	0.109	0.688	0.095
0.099	0.173	0.664	0.064
>YCCAGCAGAA	2-YCCAGCAGAA	6.852552	-60.791762	0	T:162.0(24.14%),B:4416.2(9.80%),P:1e-26	Tpos:49.1,Tstd:24.1,Bpos:49.6,Bstd:35.9,StrandBias:1.2,Multiplicity:1.08
0.214	0.444	0.011	0.331
0.175	0.658	0.166	0.001
0.220	0.712	0.067	0.001
0.598	0.001	0.069	0.332
0.001	0.001	0.997	0.001
0.314	0.643	0.001	0.042
0.949	0.049	0.001	0.001
0.205	0.124	0.670	0.001
0.511	0.270	0.001	0.218
0.746	0.014	0.239	0.001
>CAGCAGGCCT	3-CAGCAGGCCT	7.265798	-49.786616	0	T:65.0(9.69%),B:1011.7(2.25%),P:1e-21	Tpos:49.2,Tstd:20.2,Bpos:50.2,Bstd:35.0,StrandBias:1.7,Multiplicity:1.00
0.110	0.788	0.062	0.040
0.754	0.104	0.091	0.051
0.073	0.061	0.827	0.039
0.103	0.825	0.037	0.035
0.783	0.081	0.089	0.047
0.076	0.093	0.791	0.040
0.100	0.042	0.843	0.015
0.036	0.815	0.044	0.105
0.101	0.765	0.054	0.080
0.071	0.053	0.061	0.815
>CTCAGCACGG	4-CTCAGCACGG	7.741224	-32.003780	0	T:46.0(6.86%),B:788.2(1.75%),P:1e-13	Tpos:50.6,Tstd:20.5,Bpos:48.1,Bstd:35.1,StrandBias:1.5,Multiplicity:1.03
0.108	0.697	0.064	0.131
0.043	0.022	0.091	0.844
0.040	0.873	0.086	0.001
0.855	0.001	0.064	0.080
0.079	0.064	0.697	0.160
0.054	0.773	0.172	0.001
0.749	0.196	0.054	0.001
0.040	0.765	0.194	0.001
0.001	0.042	0.956	0.001
0.001	0.001	0.817	0.181
>AGCGGGATAA	5-AGCGGGATAA	7.627500	-30.334689	0	T:43.0(6.41%),B:729.2(1.62%),P:1e-13	Tpos:55.0,Tstd:26.8,Bpos:49.0,Bstd:32.6,StrandBias:0.3,Multiplicity:1.00
0.889	0.001	0.001	0.109
0.170	0.001	0.559	0.270
0.315	0.683	0.001	0.001
0.341	0.001	0.657	0.001
0.078	0.001	0.920	0.001
0.141	0.001	0.857	0.001
0.489	0.001	0.180	0.330
0.170	0.001	0.079	0.750
0.817	0.001	0.181	0.001
0.997	0.001	0.001	0.001
>ACACATCAGT	6-ACACATCAGT	7.797706	-19.680613	0	T:30.0(4.47%),B:553.8(1.23%),P:1e-8	Tpos:57.1,Tstd:27.1,Bpos:48.5,Bstd:31.8,StrandBias:0.1,Multiplicity:1.00
0.627	0.127	0.144	0.102
0.001	0.872	0.126	0.001
0.838	0.001	0.001	0.160
0.140	0.732	0.127	0.001
0.915	0.001	0.083	0.001
0.160	0.001	0.001	0.838
0.001	0.890	0.001	0.108
0.823	0.127	0.001	0.049
0.132	0.004	0.805	0.059
0.001	0.250	0.088	0.661
>CGTCGTCGTC	7-CGTCGTCGTC	6.687925	-19.311594	0	T:103.0(15.35%),B:3816.7(8.47%),P:1e-8	Tpos:54.6,Tstd:28.8,Bpos:49.5,Bstd:28.3,StrandBias:0.1,Multiplicity:1.10
0.078	0.766	0.098	0.058
0.078	0.087	0.756	0.079
0.045	0.054	0.109	0.792
0.022	0.857	0.075	0.046
0.042	0.100	0.811	0.047
0.045	0.036	0.091	0.828
0.109	0.789	0.035	0.067
0.060	0.069	0.814	0.057
0.077	0.066	0.079	0.778
0.075	0.813	0.055	0.057
>GATCAACTAC	8-GATCAACTAC	6.790961	-19.297191	0	T:47.0(7.00%),B:1202.4(2.67%),P:1e-8	Tpos:40.3,Tstd:26.6,Bpos:50.4,Bstd:30.8,StrandBias:1.0,Multiplicity:1.05
0.059	0.056	0.857	0.028
0.806	0.043	0.071	0.080
0.055	0.076	0.075	0.794
0.080	0.769	0.124	0.027
0.811	0.088	0.018	0.083
0.747	0.099	0.084	0.070
0.089	0.844	0.066	0.001
0.105	0.068	0.032	0.795
0.725	0.085	0.129	0.061
0.048	0.859	0.058	0.035
>GACCKACCTT	9-GACCKACCTT	8.563063	-18.753456	0	T:15.0(2.24%),B:142.4(0.32%),P:1e-8	Tpos:50.6,Tstd:29.7,Bpos:48.0,Bstd:25.6,StrandBias:0.6,Multiplicity:1.00
0.011	0.001	0.987	0.001
0.829	0.169	0.001	0.001
0.001	0.676	0.001	0.322
0.105	0.732	0.162	0.001
0.139	0.111	0.435	0.315
0.906	0.092	0.001	0.001
0.087	0.589	0.001	0.323
0.001	0.997	0.001	0.001
0.001	0.046	0.106	0.847
0.104	0.001	0.001	0.894
>CTCCGTGTCA	10-CTCCGTGTCA	12.212882	-17.264872	0	T:4.0(0.60%),B:2.9(0.01%),P:1e-7	Tpos:59.5,Tstd:28.6,Bpos:44.2,Bstd:15.1,StrandBias:1.6,Multiplicity:1.00
0.001	0.997	0.001	0.001
0.001	0.001	0.208	0.790
0.001	0.749	0.001	0.249
0.001	0.997	0.001	0.001
0.001	0.001	0.997	0.001
0.001	0.001	0.001	0.997
0.001	0.001	0.997	0.001
0.001	0.001	0.001	0.997
0.001	0.997	0.001	0.001
0.997	0.001	0.001	0.001
>GTATATATAT	11-GTATATATAT	9.366719	-14.934906	0	T:11.0(1.64%),B:96.4(0.21%),P:1e-6	Tpos:24.3,Tstd:13.7,Bpos:51.2,Bstd:30.1,StrandBias:1.5,Multiplicity:1.00
0.032	0.113	0.774	0.081
0.109	0.102	0.029	0.760
0.798	0.017	0.120	0.065
0.053	0.043	0.034	0.870
0.799	0.034	0.097	0.070
0.072	0.028	0.028	0.872
0.776	0.019	0.114	0.091
0.063	0.094	0.062	0.781
0.740	0.051	0.120	0.089
0.130	0.001	0.034	0.835
>CAGCAGCAGGAV	1-CAGCAGCAGGAV	7.343532	-184.413699	0	T:282.0(42.03%),B:5647.1(12.54%),P:1e-80	Tpos:52.9,Tstd:12.9,Bpos:50.6,Bstd:38.5,StrandBias:3.6,Multiplicity:1.16
0.160	0.611	0.152	0.077
0.546	0.049	0.268	0.137
0.137	0.039	0.706	0.118
0.001	0.997	0.001	0.001
0.997	0.001	0.001	0.001
0.001	0.001	0.997	0.001
0.001	0.595	0.395	0.009
0.762	0.001	0.236	0.001
0.160	0.103	0.649	0.088
0.154	0.170	0.617	0.059
0.507	0.173	0.232	0.088
0.248	0.220	0.355	0.177
>DCAGCAGGGAWV	2-DCAGCAGGGAWV	4.988352	-93.556152	0	T:263.0(39.20%),B:7755.5(17.22%),P:1e-40	Tpos:52.3,Tstd:22.2,Bpos:50.3,Bstd:34.8,StrandBias:1.6,Multiplicity:1.10
0.312	0.166	0.331	0.191
0.101	0.462	0.229	0.208
0.664	0.085	0.064	0.187
0.127	0.166	0.643	0.064
0.206	0.497	0.064	0.232
0.542	0.191	0.103	0.164
0.169	0.103	0.649	0.079
0.124	0.059	0.584	0.233
0.203	0.191	0.542	0.064
0.671	0.191	0.095	0.043
0.356	0.206	0.163	0.275
0.360	0.254	0.230	0.155
>TCAGCASGGTGG	3-TCAGCASGGTGG	12.114993	-32.753662	0	T:12.0(1.79%),B:24.3(0.05%),P:1e-14	Tpos:45.3,Tstd:10.2,Bpos:48.5,Bstd:36.5,StrandBias:3.2,Multiplicity:1.00
0.001	0.190	0.001	0.808
0.001	0.997	0.001	0.001
0.997	0.001	0.001	0.001
0.001	0.001	0.997	0.001
0.001	0.997	0.001	0.001
0.617	0.001	0.381	0.001
0.191	0.416	0.393	0.001
0.001	0.001	0.997	0.001
0.001	0.392	0.606	0.001
0.190	0.001	0.001	0.808
0.001	0.001	0.997	0.001
0.202	0.001	0.595	0.202
>TGTAATACAACA	4-TGTAATACAACA	11.212461	-31.489915	0	T:8.0(1.19%),B:5.1(0.01%),P:1e-13	Tpos:43.3,Tstd:27.7,Bpos:40.3,Bstd:17.2,StrandBias:-0.3,Multiplicity:1.00
0.001	0.001	0.001	0.997
0.275	0.001	0.723	0.001
0.149	0.138	0.138	0.575
0.997	0.001	0.001	0.001
0.723	0.001	0.001	0.275
0.001	0.001	0.001	0.997
0.723	0.138	0.001	0.138
0.137	0.861	0.001	0.001
0.712	0.149	0.001	0.138
0.997	0.001	0.001	0.001
0.138	0.723	0.001	0.138
0.997	0.001	0.001	0.001
>TTTCTGCRGGTC	5-TTTCTGCRGGTC	12.920919	-27.708240	0	T:6.0(0.89%),B:2.5(0.01%),P:1e-12	Tpos:40.5,Tstd:15.8,Bpos:25.5,Bstd:21.3,StrandBias:0.0,Multiplicity:1.00
0.001	0.263	0.001	0.735
0.001	0.001	0.001	0.997
0.001	0.001	0.001	0.997
0.001	0.997	0.001	0.001
0.264	0.236	0.001	0.500
0.001	0.001	0.997	0.001
0.001	0.997	0.001	0.001
0.527	0.001	0.471	0.001
0.001	0.001	0.997	0.001
0.001	0.001	0.997	0.001
0.001	0.001	0.235	0.763
0.001	0.997	0.001	0.001
>TCGCGGCCGAAG	6-TCGCGGCCGAAG	13.987877	-27.708240	0	T:6.0(0.89%),B:2.3(0.01%),P:1e-12	Tpos:32.7,Tstd:20.5,Bpos:57.6,Bstd:17.1,StrandBias:1.0,Multiplicity:1.00
0.001	0.001	0.001	0.997
0.001	0.805	0.193	0.001
0.001	0.001	0.997	0.001
0.001	0.805	0.193	0.001
0.001	0.001	0.997	0.001
0.001	0.001	0.997	0.001
0.001	0.997	0.001	0.001
0.001	0.997	0.001	0.001
0.001	0.001	0.997	0.001
0.997	0.001	0.001	0.001
0.580	0.001	0.418	0.001
0.193	0.001	0.805	0.001
>GGATATCCACCA	7-GGATATCCACCA	14.323862	-25.848209	0	T:5.0(0.75%),B:0.0(0.00%),P:1e-11	Tpos:46.2,Tstd:29.9,Bpos:0.0,Bstd:0.0,StrandBias:-1.0,Multiplicity:1.00
0.001	0.001	0.997	0.001
0.001	0.001	0.799	0.199
0.997	0.001	0.001	0.001
0.001	0.001	0.001	0.997
0.799	0.001	0.199	0.001
0.001	0.001	0.001	0.997
0.001	0.997	0.001	0.001
0.001	0.997	0.001	0.001
0.997	0.001	0.001	0.001
0.001	0.799	0.199	0.001
0.001	0.799	0.001	0.199
0.997	0.001	0.001	0.001
>GCAACCACGGAA	8-GCAACCACGGAA	14.257152	-25.848209	0	T:5.0(0.75%),B:0.0(0.00%),P:1e-11	Tpos:27.4,Tstd:20.3,Bpos:0.0,Bstd:0.0,StrandBias:2.0,Multiplicity:1.00
0.001	0.001	0.997	0.001
0.001	0.997	0.001	0.001
0.997	0.001	0.001	0.001
0.997	0.001	0.001	0.001
0.001	0.997	0.001	0.001
0.001	0.997	0.001	0.001
0.599	0.200	0.001	0.200
0.001	0.997	0.001	0.001
0.001	0.001	0.997	0.001
0.001	0.001	0.997	0.001
0.799	0.199	0.001	0.001
0.799	0.001	0.199	0.001
>TAAACCCCAAGC	9-TAAACCCCAAGC	10.694910	-24.472261	0	T:7.0(1.04%),B:7.2(0.02%),P:1e-10	Tpos:64.9,Tstd:24.0,Bpos:37.4,Bstd:14.4,StrandBias:1.3,Multiplicity:1.00
0.308	0.018	0.001	0.673
0.997	0.001	0.001	0.001
0.690	0.308	0.001	0.001
0.673	0.018	0.308	0.001
0.001	0.997	0.001	0.001
0.001	0.997	0.001	0.001
0.001	0.690	0.001	0.308
0.001	0.690	0.308	0.001
0.997	0.001	0.001	0.001
0.673	0.018	0.308	0.001
0.001	0.001	0.997	0.001
0.001	0.997	0.001	0.001
>KTGTATATATAT	10-KTGTATATATAT	8.508021	-22.946228	0	T:20.0(2.98%),B:207.3(0.46%),P:1e-9	Tpos:33.9,Tstd:24.6,Bpos:49.2,Bstd:30.7,StrandBias:1.0,Multiplicity:1.05
0.001	0.133	0.472	0.393
0.134	0.134	0.199	0.533
0.205	0.134	0.459	0.202
0.001	0.067	0.001	0.931
0.727	0.001	0.267	0.005
0.066	0.131	0.066	0.737
0.798	0.001	0.068	0.133
0.328	0.065	0.001	0.606
0.931	0.001	0.067	0.001
0.065	0.001	0.001	0.933
0.604	0.065	0.330	0.001
0.133	0.001	0.065	0.801
>CAGCARGGAGCA	11-CAGCARGGAGCA	10.236874	-21.081495	0	T:20.0(2.98%),B:231.4(0.51%),P:1e-9	Tpos:56.4,Tstd:27.3,Bpos:43.0,Bstd:34.7,StrandBias:1.8,Multiplicity:1.00
0.001	0.997	0.001	0.001
0.606	0.131	0.262	0.001
0.131	0.001	0.737	0.131
0.001	0.868	0.130	0.001
0.868	0.001	0.001	0.130
0.393	0.001	0.525	0.081
0.130	0.001	0.868	0.001
0.131	0.082	0.656	0.131
0.868	0.001	0.001	0.130
0.001	0.001	0.997	0.001
0.001	0.997	0.001	0.001
0.997	0.001	0.001	0.001
>WGAGRGTGDGTG	12-WGAGRGTGDGTG	8.923899	-20.838770	0	T:21.0(3.13%),B:260.2(0.58%),P:1e-9	Tpos:56.3,Tstd:27.8,Bpos:52.9,Bstd:29.8,StrandBias:-0.6,Multiplicity:1.10
0.429	0.104	0.183	0.283
0.001	0.001	0.997	0.001
0.456	0.183	0.074	0.287
0.022	0.277	0.700	0.001
0.391	0.037	0.332	0.240
0.036	0.073	0.890	0.001
0.208	0.105	0.147	0.540
0.036	0.036	0.927	0.001
0.386	0.001	0.365	0.249
0.073	0.001	0.890	0.036
0.061	0.221	0.251	0.467
0.001	0.001	0.963	0.035
>AGAGKTTCMGGC	13-AGAGKTTCMGGC	9.385683	-18.030477	0	T:14.0(2.09%),B:128.6(0.29%),P:1e-7	Tpos:57.3,Tstd:28.6,Bpos:47.6,Bstd:30.9,StrandBias:0.0,Multiplicity:1.00
0.757	0.001	0.121	0.121
0.121	0.001	0.757	0.121
0.997	0.001	0.001	0.001
0.001	0.001	0.997	0.001
0.001	0.121	0.496	0.382
0.132	0.121	0.001	0.746
0.001	0.120	0.001	0.878
0.127	0.630	0.242	0.001
0.508	0.490	0.001	0.001
0.137	0.001	0.861	0.001
0.001	0.120	0.878	0.001
0.127	0.630	0.242	0.001
>GATGCTTCTGCT	14-GATGCTTCTGCT	14.125425	-17.636952	0	T:7.0(1.04%),B:19.5(0.04%),P:1e-7	Tpos:46.3,Tstd:21.3,Bpos:49.4,Bstd:49.2,StrandBias:-1.3,Multiplicity:1.00
0.001	0.223	0.775	0.001
0.673	0.139	0.187	0.001
0.001	0.001	0.001	0.997
0.001	0.001	0.997	0.001
0.001	0.997	0.001	0.001
0.001	0.001	0.001	0.997
0.001	0.001	0.001	0.997
0.001	0.775	0.223	0.001
0.001	0.001	0.001	0.997
0.001	0.001	0.997	0.001
0.001	0.997	0.001	0.001
0.001	0.001	0.001	0.997
>GGCCGCCGCCGC	15-GGCCGCCGCCGC	9.545029	-14.562458	0	T:48.0(7.15%),B:1460.2(3.24%),P:1e-6	Tpos:54.7,Tstd:24.2,Bpos:49.6,Bstd:31.2,StrandBias:0.1,Multiplicity:1.09
0.060	0.084	0.739	0.117
0.054	0.141	0.744	0.061
0.087	0.819	0.063	0.031
0.067	0.811	0.028	0.094
0.042	0.001	0.880	0.077
0.058	0.852	0.049	0.041
0.039	0.891	0.034	0.036
0.050	0.063	0.816	0.071
0.058	0.883	0.041	0.018
0.078	0.787	0.074	0.061
0.019	0.007	0.959	0.015
0.028	0.826	0.076	0.070
>CCATCGATCDAT	16-CCATCGATCDAT	10.056841	-14.415037	0	T:6.0(0.89%),B:19.9(0.04%),P:1e-6	Tpos:53.8,Tstd:25.3,Bpos:37.7,Bstd:32.7,StrandBias:0.3,Multiplicity:1.00
0.017	0.965	0.017	0.001
0.001	0.679	0.319	0.001
0.690	0.308	0.001	0.001
0.001	0.001	0.001	0.997
0.017	0.674	0.001	0.308
0.001	0.001	0.997	0.001
0.997	0.001	0.001	0.001
0.001	0.001	0.001	0.997
0.001	0.997	0.001	0.001
0.308	0.001	0.382	0.308
0.997	0.001	0.001	0.001
0.308	0.001	0.001	0.690
>CGMCGHCGDCGT	17-CGMCGHCGDCGT	9.421266	-6.985259	0	T:20.0(2.98%),B:602.8(1.34%),P:1e-3	Tpos:59.8,Tstd:28.7,Bpos:50.2,Bstd:27.2,StrandBias:-0.3,Multiplicity:1.05
0.001	0.997	0.001	0.001
0.001	0.074	0.924	0.001
0.390	0.500	0.022	0.088
0.204	0.794	0.001	0.001
0.001	0.001	0.960	0.038
0.322	0.257	0.019	0.402
0.113	0.553	0.259	0.075
0.193	0.069	0.700	0.038
0.396	0.001	0.333	0.270
0.001	0.790	0.208	0.001
0.038	0.120	0.705	0.137
0.252	0.117	0.159	0.473
>CAGCAG	1-CAGCAG	6.177716	-221.154749	0	T:364.0(54.25%),B:8234.8(18.28%),P:1e-96	Tpos:51.0,Tstd:14.3,Bpos:50.6,Bstd:41.5,StrandBias:3.4,Multiplicity:1.33
0.100	0.700	0.100	0.100
0.700	0.100	0.100	0.100
0.100	0.100	0.700	0.100
0.100	0.700	0.100	0.100
0.700	0.100	0.100	0.100
0.100	0.100	0.700	0.100
>CCTGCT	2-CCTGCT	5.742252	-107.192995	0	T:395.0(58.87%),B:14302.1(31.75%),P:1e-46	Tpos:52.2,Tstd:26.0,Bpos:50.1,Bstd:35.4,StrandBias:-1.1,Multiplicity:1.34
0.001	0.997	0.001	0.001
0.001	0.871	0.127	0.001
0.001	0.001	0.001	0.997
0.001	0.182	0.663	0.154
0.001	0.865	0.133	0.001
0.001	0.001	0.001	0.997
>AATACA	3-AATACA	2.225159	-10.015497	0	T:138.0(20.57%),B:6701.5(14.88%),P:1e-4	Tpos:38.7,Tstd:27.1,Bpos:50.3,Bstd:30.8,StrandBias:0.3,Multiplicity:1.39
0.658	0.001	0.001	0.340
0.767	0.001	0.001	0.231
0.001	0.001	0.001	0.997
0.997	0.001	0.001	0.001
0.092	0.892	0.001	0.015
0.997	0.001	0.001	0.001
>CGCCGC	4-CGCCGC	6.060636	-9.680517	0	T:220.0(32.79%),B:11740.1(26.06%),P:1e-4	Tpos:52.3,Tstd:27.4,Bpos:49.9,Bstd:32.2,StrandBias:0.2,Multiplicity:1.63
0.001	0.872	0.126	0.001
0.001	0.001	0.997	0.001
0.001	0.828	0.170	0.001
0.001	0.822	0.176	0.001
0.001	0.001	0.997	0.001
0.001	0.864	0.134	0.001
>GTCGTA	5-GTCGTA	5.191817	-9.348087	0	T:62.0(9.24%),B:2510.5(5.57%),P:1e-4	Tpos:50.8,Tstd:27.2,Bpos:49.1,Bstd:28.8,StrandBias:-0.6,Multiplicity:1.14
0.001	0.001	0.997	0.001
0.001	0.001	0.001	0.997
0.194	0.804	0.001	0.001
0.001	0.001	0.769	0.229
0.001	0.001	0.001	0.997
0.997	0.001	0.001	0.001
>CAGCAGGA	1-CAGCAGGA	8.389932	-256.475182	0	T:216.0(32.19%),B:2202.6(4.89%),P:1e-111	Tpos:51.2,Tstd:8.9,Bpos:50.1,Bstd:39.6,StrandBias:4.3,Multiplicity:1.07
0.001	0.997	0.001	0.001
0.997	0.001	0.001	0.001
0.001	0.001	0.997	0.001
0.009	0.989	0.001	0.001
0.992	0.001	0.006	0.001
0.001	0.001	0.997	0.001
0.032	0.134	0.825	0.009
0.495	0.151	0.271	0.084
>CAGCAGAA	2-CAGCAGAA	5.381036	-78.304429	0	T:277.0(41.28%),B:9194.9(20.41%),P:1e-34	Tpos:51.9,Tstd:20.1,Bpos:50.5,Bstd:39.8,StrandBias:2.0,Multiplicity:1.12
0.001	0.979	0.019	0.001
0.931	0.013	0.019	0.037
0.001	0.001	0.997	0.001
0.034	0.953	0.001	0.012
0.982	0.001	0.016	0.001
0.001	0.031	0.967	0.001
0.602	0.396	0.001	0.001
0.729	0.050	0.220	0.001
>CAGCAGTG	3-CAGCAGTG	6.027709	-70.481430	0	T:205.0(30.55%),B:5973.0(13.26%),P:1e-30	Tpos:51.6,Tstd:24.9,Bpos:49.2,Bstd:35.3,StrandBias:1.6,Multiplicity:1.09
0.061	0.793	0.037	0.109
0.754	0.035	0.153	0.058
0.037	0.057	0.823	0.083
0.060	0.713	0.130	0.097
0.830	0.041	0.092	0.037
0.104	0.098	0.742	0.056
0.014	0.087	0.264	0.635
0.072	0.042	0.840	0.046
>CTTCTTGT	4-CTTCTTGT	6.619391	-24.449314	0	T:71.0(10.58%),B:1994.5(4.43%),P:1e-10	Tpos:52.8,Tstd:25.8,Bpos:50.4,Bstd:31.6,StrandBias:-1.4,Multiplicity:1.01
0.001	0.755	0.049	0.195
0.050	0.026	0.070	0.854
0.001	0.036	0.055	0.908
0.001	0.938	0.060	0.001
0.001	0.001	0.060	0.938
0.062	0.016	0.030	0.892
0.001	0.001	0.997	0.001
0.134	0.022	0.024	0.820
>CCGCCCCC	5-CCGCCCCC	7.966880	-16.354215	0	T:84.0(12.52%),B:3072.1(6.82%),P:1e-7	Tpos:56.3,Tstd:25.3,Bpos:50.7,Bstd:30.5,StrandBias:-0.0,Multiplicity:1.16
0.025	0.973	0.001	0.001
0.001	0.968	0.030	0.001
0.036	0.001	0.855	0.108
0.102	0.786	0.111	0.001
0.001	0.997	0.001	0.001
0.040	0.684	0.174	0.102
0.057	0.883	0.059	0.001
0.052	0.914	0.018	0.016
>TATRTATA	6-TATRTATA	5.611414	-11.687666	0	T:55.0(8.20%),B:1965.4(4.36%),P:1e-5	Tpos:34.7,Tstd:24.9,Bpos:50.0,Bstd:29.6,StrandBias:0.6,Multiplicity:1.20
0.001	0.001	0.002	0.996
0.748	0.001	0.250	0.001
0.141	0.001	0.088	0.770
0.462	0.049	0.348	0.140
0.246	0.001	0.083	0.670
0.898	0.001	0.100	0.001
0.113	0.001	0.001	0.885
0.584	0.001	0.201	0.214
