>CAGCAGCAGG	1-CAGCAGCAGG	6.880676	-173.688111	0	T:289.0(43.07%),B:6228.8(13.80%),P:1e-75	Tpos:49.6,Tstd:14.5,Bpos:50.2,Bstd:39.2,StrandBias:3.3,Multiplicity:1.13
0.101	0.621	0.164	0.114
0.565	0.115	0.183	0.137
0.118	0.093	0.709	0.080
0.010	0.980	0.006	0.004
0.955	0.005	0.012	0.028
0.001	0.017	0.978	0.004
0.025	0.722	0.252	0.001
0.858	0.051	0.059	0.032
0.071	0.047	0.810	0.072
0.072	0.082	0.803	0.043
>CAGCAGGGDC	2-CAGCAGGGDC	7.734684	-169.261366	0	T:170.0(25.34%),B:2093.1(4.64%),P:1e-73	Tpos:52.0,Tstd:14.9,Bpos:51.2,Bstd:37.2,StrandBias:2.2,Multiplicity:1.02
0.001	0.997	0.001	0.001
0.842	0.156	0.001	0.001
0.001	0.039	0.841	0.119
0.077	0.921	0.001	0.001
0.980	0.001	0.018	0.001
0.117	0.037	0.789	0.057
0.044	0.001	0.858	0.097
0.145	0.165	0.641	0.049
0.327	0.095	0.277	0.301
0.111	0.520	0.039	0.330
>ATATAYAACA	3-ATATAYAACA	8.451841	-23.821701	0	T:18.0(2.68%),B:154.0(0.34%),P:1e-10	Tpos:49.7,Tstd:27.3,Bpos:47.3,Bstd:29.8,StrandBias:0.5,Multiplicity:1.00
0.675	0.001	0.162	0.162
0.077	0.001	0.001	0.921
0.906	0.092	0.001	0.001
0.001	0.077	0.001	0.921
0.921	0.001	0.001	0.077
0.187	0.319	0.069	0.425
0.812	0.001	0.001	0.186
0.997	0.001	0.001	0.001
0.175	0.610	0.001	0.214
0.997	0.001	0.001	0.001
>GGGTGTACGG	4-GGGTGTACGG	10.806407	-22.026817	0	T:7.0(1.04%),B:10.8(0.02%),P:1e-9	Tpos:34.2,Tstd:25.8,Bpos:49.4,Bstd:19.6,StrandBias:-1.0,Multiplicity:1.00
0.001	0.001	0.997	0.001
0.001	0.255	0.743	0.001
0.001	0.001	0.997	0.001
0.001	0.001	0.189	0.809
0.001	0.001	0.997	0.001
0.001	0.001	0.001	0.997
0.997	0.001	0.001	0.001
0.001	0.997	0.001	0.001
0.001	0.001	0.997	0.001
0.001	0.001	0.997	0.001
>ACGCGCACAC	5-ACGCGCACAC	9.748240	-21.516492	0	T:14.0(2.09%),B:97.2(0.22%),P:1e-9	Tpos:48.4,Tstd:24.1,Bpos:52.9,Bstd:30.2,StrandBias:0.4,Multiplicity:1.14
0.997	0.001	0.001	0.001
0.001	0.988	0.010	0.001
0.009	0.008	0.849	0.134
0.352	0.646	0.001	0.001
0.133	0.001	0.865	0.001
0.110	0.772	0.117	0.001
0.904	0.001	0.001	0.094
0.001	0.803	0.096	0.100
0.483	0.306	0.210	0.001
0.180	0.818	0.001	0.001
>ATAATAATTA	6-ATAATAATTA	7.776959	-21.027723	0	T:18.0(2.68%),B:184.1(0.41%),P:1e-9	Tpos:48.8,Tstd:28.9,Bpos:48.5,Bstd:28.8,StrandBias:0.1,Multiplicity:1.06
0.750	0.050	0.090	0.110
0.001	0.001	0.001	0.997
0.828	0.001	0.170	0.001
0.722	0.098	0.041	0.139
0.166	0.001	0.001	0.832
0.690	0.079	0.036	0.195
0.570	0.147	0.172	0.111
0.001	0.001	0.001	0.997
0.082	0.156	0.001	0.761
0.856	0.074	0.001	0.069
>GACGGCGACG	7-GACGGCGACG	6.970649	-16.722630	0	T:103.0(15.35%),B:4026.8(8.92%),P:1e-7	Tpos:54.7,Tstd:27.7,Bpos:49.7,Bstd:28.3,StrandBias:-0.2,Multiplicity:1.20
0.047	0.063	0.809	0.081
0.739	0.090	0.102	0.069
0.090	0.769	0.077	0.064
0.060	0.091	0.808	0.041
0.064	0.043	0.821	0.072
0.038	0.820	0.076	0.066
0.044	0.042	0.887	0.027
0.765	0.071	0.098	0.066
0.056	0.801	0.096	0.047
0.051	0.089	0.787	0.073
>GAGAGAGAGA	8-GAGAGAGAGA	8.198242	-16.048221	0	T:28.0(4.17%),B:582.9(1.29%),P:1e-6	Tpos:56.7,Tstd:25.0,Bpos:52.1,Bstd:31.9,StrandBias:0.2,Multiplicity:1.04
0.052	0.139	0.622	0.187
0.428	0.250	0.139	0.182
0.063	0.001	0.935	0.001
0.737	0.142	0.001	0.120
0.001	0.001	0.968	0.030
0.526	0.145	0.188	0.141
0.001	0.155	0.843	0.001
0.571	0.174	0.185	0.070
0.097	0.266	0.636	0.001
0.681	0.090	0.010	0.219
>CTAGCTAGCT	9-CTAGCTAGCT	9.255896	-13.246145	0	T:16.0(2.38%),B:250.3(0.55%),P:1e-5	Tpos:54.7,Tstd:30.9,Bpos:49.7,Bstd:36.2,StrandBias:0.3,Multiplicity:1.12
0.001	0.759	0.001	0.239
0.045	0.052	0.001	0.902
0.882	0.001	0.034	0.083
0.001	0.001	0.703	0.295
0.160	0.838	0.001	0.001
0.050	0.001	0.001	0.948
0.997	0.001	0.001	0.001
0.001	0.001	0.772	0.226
0.154	0.718	0.069	0.059
0.176	0.214	0.029	0.581
>ACAGMTGTCG	10-ACAGMTGTCG	11.560260	-12.364581	0	T:3.0(0.45%),B:2.4(0.01%),P:1e-5	Tpos:38.3,Tstd:32.3,Bpos:57.9,Bstd:30.5,StrandBias:1.0,Multiplicity:1.00
0.951	0.001	0.001	0.047
0.001	0.892	0.106	0.001
0.802	0.001	0.196	0.001
0.001	0.089	0.909	0.001
0.455	0.543	0.001	0.001
0.001	0.001	0.001	0.997
0.107	0.107	0.785	0.001
0.106	0.001	0.001	0.892
0.001	0.605	0.264	0.130
0.107	0.001	0.705	0.187
>CATCCATCCA	11-CATCCATCCA	10.867454	-10.040980	0	T:8.0(1.19%),B:83.4(0.18%),P:1e-4	Tpos:59.5,Tstd:13.0,Bpos:46.0,Bstd:29.5,StrandBias:2.2,Multiplicity:1.00
0.001	0.997	0.001	0.001
0.997	0.001	0.001	0.001
0.001	0.001	0.001	0.997
0.001	0.997	0.001	0.001
0.001	0.901	0.097	0.001
0.878	0.001	0.120	0.001
0.001	0.001	0.001	0.997
0.001	0.916	0.082	0.001
0.137	0.861	0.001	0.001
0.909	0.001	0.001	0.089
>GCAGCAGCAGGR	1-GCAGCAGCAGGR	6.158632	-147.745004	0	T:376.0(56.04%),B:11337.6(25.12%),P:1e-64	Tpos:50.3,Tstd:15.6,Bpos:50.4,Bstd:37.4,StrandBias:2.8,Multiplicity:1.26
0.214	0.213	0.444	0.129
0.148	0.630	0.065	0.157
0.594	0.092	0.203	0.111
0.111	0.148	0.695	0.046
0.001	0.981	0.017	0.001
0.972	0.009	0.001	0.018
0.001	0.001	0.997	0.001
0.138	0.527	0.334	0.001
0.629	0.028	0.325	0.018
0.214	0.092	0.546	0.148
0.194	0.240	0.529	0.037
0.397	0.177	0.287	0.139
>AGCAGCAGCAGG	2-AGCAGCAGCAGG	7.023326	-73.638398	0	T:205.0(30.55%),B:5846.8(12.96%),P:1e-31	Tpos:52.9,Tstd:25.9,Bpos:50.0,Bstd:36.7,StrandBias:1.1,Multiplicity:1.00
0.792	0.080	0.054	0.074
0.019	0.098	0.839	0.044
0.075	0.662	0.183	0.080
0.671	0.134	0.092	0.103
0.083	0.067	0.788	0.062
0.111	0.717	0.077	0.095
0.686	0.150	0.038	0.126
0.022	0.114	0.788	0.076
0.047	0.819	0.075	0.059
0.697	0.087	0.093	0.123
0.055	0.093	0.808	0.044
0.029	0.129	0.735	0.107
>GGCAGCAGCAGC	3-GGCAGCAGCAGC	6.912946	-40.952571	0	T:186.0(27.72%),B:6601.1(14.63%),P:1e-17	Tpos:51.1,Tstd:24.6,Bpos:50.2,Bstd:35.1,StrandBias:0.7,Multiplicity:1.06
0.011	0.076	0.901	0.012
0.069	0.151	0.769	0.011
0.146	0.778	0.055	0.021
0.607	0.187	0.136	0.070
0.098	0.093	0.751	0.058
0.059	0.758	0.104	0.079
0.577	0.179	0.141	0.103
0.120	0.076	0.735	0.069
0.087	0.779	0.083	0.051
0.711	0.074	0.106	0.109
0.092	0.057	0.782	0.069
0.044	0.852	0.036	0.068
>YTCAGCAGGSAS	4-YTCAGCAGGSAS	8.715991	-37.150991	0	T:39.0(5.81%),B:488.1(1.08%),P:1e-16	Tpos:55.8,Tstd:10.0,Bpos:52.1,Bstd:31.5,StrandBias:1.9,Multiplicity:1.00
0.001	0.455	0.001	0.543
0.001	0.088	0.001	0.910
0.001	0.997	0.001	0.001
0.997	0.001	0.001	0.001
0.001	0.001	0.997	0.001
0.001	0.997	0.001	0.001
0.997	0.001	0.001	0.001
0.001	0.001	0.910	0.088
0.266	0.001	0.732	0.001
0.183	0.278	0.356	0.183
0.456	0.178	0.094	0.272
0.178	0.372	0.267	0.183
>ACAAGGAGCAAG	5-ACAAGGAGCAAG	14.323862	-31.865496	0	T:6.0(0.89%),B:0.0(0.00%),P:1e-13	Tpos:41.2,Tstd:25.5,Bpos:0.0,Bstd:0.0,StrandBias:1.0,Multiplicity:1.00
0.997	0.001	0.001	0.001
0.001	0.997	0.001	0.001
0.997	0.001	0.001	0.001
0.799	0.001	0.001	0.199
0.001	0.001	0.997	0.001
0.001	0.001	0.799	0.199
0.997	0.001	0.001	0.001
0.199	0.001	0.799	0.001
0.001	0.997	0.001	0.001
0.799	0.001	0.199	0.001
0.997	0.001	0.001	0.001
0.001	0.001	0.997	0.001
>AWTAATTAWCAT	6-AWTAATTAWCAT	11.953655	-31.504521	0	T:8.0(1.19%),B:5.1(0.01%),P:1e-13	Tpos:47.2,Tstd:28.1,Bpos:57.9,Bstd:19.6,StrandBias:0.0,Multiplicity:1.00
0.997	0.001	0.001	0.001
0.427	0.001	0.191	0.382
0.001	0.001	0.001	0.997
0.997	0.001	0.001	0.001
0.997	0.001	0.001	0.001
0.191	0.191	0.001	0.617
0.382	0.037	0.001	0.580
0.997	0.001	0.001	0.001
0.388	0.001	0.191	0.420
0.001	0.997	0.001	0.001
0.997	0.001	0.001	0.001
0.001	0.190	0.001	0.808
>GTTTATATAATA	7-GTTTATATAATA	8.881543	-30.364618	0	T:7.0(1.04%),B:3.9(0.01%),P:1e-13	Tpos:43.4,Tstd:25.6,Bpos:45.0,Bstd:15.0,StrandBias:0.7,Multiplicity:1.00
0.001	0.001	0.690	0.308
0.001	0.001	0.001	0.997
0.382	0.001	0.001	0.616
0.308	0.001	0.001	0.690
0.997	0.001	0.001	0.001
0.001	0.001	0.001	0.997
0.997	0.001	0.001	0.001
0.001	0.308	0.001	0.690
0.997	0.001	0.001	0.001
0.936	0.004	0.001	0.059
0.001	0.004	0.059	0.936
0.997	0.001	0.001	0.001
>AGAAGCAGCAGG	8-AGAAGCAGCAGG	7.346148	-28.013159	0	T:89.0(13.26%),B:2625.5(5.82%),P:1e-12	Tpos:53.9,Tstd:25.3,Bpos:49.0,Bstd:34.2,StrandBias:0.3,Multiplicity:1.04
0.651	0.108	0.148	0.093
0.140	0.184	0.655	0.021
0.908	0.001	0.036	0.055
0.758	0.104	0.075	0.063
0.099	0.021	0.838	0.042
0.183	0.648	0.106	0.063
0.802	0.042	0.063	0.093
0.125	0.083	0.729	0.063
0.166	0.628	0.129	0.077
0.775	0.116	0.042	0.067
0.104	0.001	0.870	0.025
0.107	0.038	0.758	0.097
>AGCAGCAGCAGC	9-AGCAGCAGCAGC	7.654597	-23.291743	0	T:108.0(16.10%),B:3796.7(8.41%),P:1e-10	Tpos:44.4,Tstd:24.7,Bpos:51.2,Bstd:38.6,StrandBias:1.3,Multiplicity:1.05
0.920	0.026	0.001	0.053
0.053	0.164	0.730	0.053
0.096	0.637	0.200	0.067
0.834	0.031	0.095	0.040
0.080	0.056	0.789	0.075
0.066	0.703	0.182	0.049
0.734	0.160	0.053	0.053
0.124	0.155	0.694	0.027
0.141	0.637	0.071	0.151
0.716	0.080	0.124	0.080
0.053	0.135	0.759	0.053
0.026	0.902	0.001	0.071
>GCGGNWGCAGVA	10-GCGGNWGCAGVA	8.034242	-22.419234	0	T:55.0(8.20%),B:1408.0(3.12%),P:1e-9	Tpos:51.9,Tstd:26.5,Bpos:50.7,Bstd:34.2,StrandBias:1.4,Multiplicity:1.00
0.088	0.079	0.832	0.001
0.001	0.677	0.159	0.163
0.001	0.001	0.997	0.001
0.078	0.001	0.920	0.001
0.164	0.309	0.284	0.243
0.456	0.001	0.001	0.542
0.163	0.242	0.594	0.001
0.079	0.879	0.041	0.001
0.853	0.001	0.145	0.001
0.001	0.079	0.911	0.009
0.238	0.327	0.350	0.084
0.920	0.001	0.078	0.001
>CTTASCAWGRGA	11-CTTASCAWGRGA	9.791660	-22.403947	0	T:5.0(0.75%),B:2.2(0.00%),P:1e-9	Tpos:34.2,Tstd:18.0,Bpos:73.0,Bstd:11.6,StrandBias:0.6,Multiplicity:1.00
0.001	0.963	0.001	0.035
0.001	0.001	0.001	0.997
0.035	0.001	0.001	0.963
0.997	0.001	0.001	0.001
0.001	0.552	0.446	0.001
0.001	0.997	0.001	0.001
0.997	0.001	0.001	0.001
0.552	0.001	0.001	0.446
0.001	0.001	0.997	0.001
0.446	0.001	0.446	0.106
0.001	0.001	0.997	0.001
0.997	0.001	0.001	0.001
>CAGCAGCAGCTC	12-CAGCAGCAGCTC	7.818594	-21.951684	0	T:90.0(13.41%),B:3001.5(6.65%),P:1e-9	Tpos:53.5,Tstd:26.5,Bpos:50.1,Bstd:33.9,StrandBias:-0.1,Multiplicity:1.04
0.101	0.873	0.025	0.001
0.722	0.131	0.093	0.054
0.025	0.101	0.773	0.101
0.030	0.902	0.043	0.025
0.636	0.177	0.118	0.069
0.173	0.254	0.440	0.133
0.037	0.818	0.095	0.050
0.770	0.108	0.050	0.072
0.025	0.142	0.715	0.118
0.044	0.830	0.101	0.025
0.091	0.097	0.094	0.718
0.001	0.811	0.071	0.117
>GAAGGCGAGRGC	13-GAAGGCGAGRGC	11.780691	-20.635267	0	T:13.0(1.94%),B:86.5(0.19%),P:1e-8	Tpos:55.5,Tstd:25.7,Bpos:45.0,Bstd:25.7,StrandBias:-0.7,Multiplicity:1.00
0.001	0.001	0.997	0.001
0.760	0.238	0.001	0.001
0.607	0.208	0.184	0.001
0.001	0.001	0.997	0.001
0.001	0.001	0.997	0.001
0.219	0.779	0.001	0.001
0.106	0.001	0.892	0.001
0.879	0.001	0.001	0.119
0.001	0.238	0.760	0.001
0.568	0.001	0.430	0.001
0.001	0.001	0.997	0.001
0.001	0.791	0.207	0.001
>AATGTTTCTTTG	14-AATGTTTCTTTG	11.018925	-20.388909	0	T:5.0(0.75%),B:3.6(0.01%),P:1e-8	Tpos:58.8,Tstd:28.1,Bpos:43.3,Bstd:21.8,StrandBias:0.6,Multiplicity:1.00
0.997	0.001	0.001	0.001
0.997	0.001	0.001	0.001
0.001	0.001	0.001	0.997
0.001	0.308	0.690	0.001
0.001	0.001	0.001	0.997
0.345	0.037	0.001	0.617
0.001	0.001	0.001	0.997
0.001	0.997	0.001	0.001
0.001	0.001	0.001	0.997
0.001	0.001	0.001	0.997
0.382	0.001	0.001	0.616
0.001	0.382	0.616	0.001
>TCTAKCTAGCTV	15-TCTAKCTAGCTV	11.452327	-18.407131	0	T:13.0(1.94%),B:104.2(0.23%),P:1e-7	Tpos:55.7,Tstd:28.9,Bpos:49.8,Bstd:35.5,StrandBias:-0.1,Multiplicity:1.15
0.144	0.001	0.146	0.709
0.138	0.723	0.138	0.001
0.001	0.001	0.001	0.997
0.855	0.001	0.143	0.001
0.001	0.001	0.441	0.557
0.001	0.997	0.001	0.001
0.001	0.001	0.001	0.997
0.997	0.001	0.001	0.001
0.001	0.001	0.849	0.149
0.001	0.997	0.001	0.001
0.001	0.138	0.138	0.723
0.428	0.284	0.287	0.001
>GGCCGCCGACCR	16-GGCCGCCGACCR	11.551284	-17.970343	0	T:13.0(1.94%),B:108.4(0.24%),P:1e-7	Tpos:41.3,Tstd:33.6,Bpos:49.0,Bstd:27.1,StrandBias:-1.6,Multiplicity:1.09
0.096	0.195	0.708	0.001
0.001	0.001	0.997	0.001
0.001	0.997	0.001	0.001
0.001	0.902	0.096	0.001
0.001	0.001	0.997	0.001
0.001	0.837	0.161	0.001
0.001	0.997	0.001	0.001
0.097	0.265	0.541	0.097
0.745	0.001	0.253	0.001
0.001	0.997	0.001	0.001
0.096	0.807	0.001	0.096
0.431	0.097	0.304	0.168
>CCCATATCGTTT	17-CCCATATCGTTT	9.169256	-17.859343	0	T:5.0(0.75%),B:5.1(0.01%),P:1e-7	Tpos:68.2,Tstd:21.1,Bpos:65.5,Bstd:13.0,StrandBias:10.0,Multiplicity:1.00
0.192	0.806	0.001	0.001
0.001	0.997	0.001	0.001
0.001	0.997	0.001	0.001
0.997	0.001	0.001	0.001
0.001	0.001	0.192	0.806
0.997	0.001	0.001	0.001
0.001	0.001	0.001	0.997
0.001	0.997	0.001	0.001
0.001	0.096	0.902	0.001
0.001	0.001	0.001	0.997
0.001	0.001	0.001	0.997
0.001	0.001	0.001	0.997
>WTACCACTSMCK	18-WTACCACTSMCK	10.850566	-17.859343	0	T:5.0(0.75%),B:5.2(0.01%),P:1e-7	Tpos:44.8,Tstd:30.7,Bpos:54.1,Bstd:19.9,StrandBias:0.6,Multiplicity:1.00
0.446	0.001	0.001	0.552
0.001	0.035	0.001	0.963
0.997	0.001	0.001	0.001
0.001	0.997	0.001	0.001
0.001	0.997	0.001	0.001
0.963	0.035	0.001	0.001
0.001	0.997	0.001	0.001
0.001	0.001	0.001	0.997
0.001	0.552	0.446	0.001
0.552	0.446	0.001	0.001
0.001	0.997	0.001	0.001
0.001	0.001	0.552	0.446
>AGTATTAGCAAG	19-AGTATTAGCAAG	11.595397	-17.272192	0	T:4.0(0.60%),B:3.0(0.01%),P:1e-7	Tpos:25.2,Tstd:14.3,Bpos:75.3,Bstd:8.5,StrandBias:-1.6,Multiplicity:1.00
0.616	0.382	0.001	0.001
0.001	0.001	0.997	0.001
0.001	0.001	0.001	0.997
0.997	0.001	0.001	0.001
0.001	0.001	0.308	0.690
0.001	0.001	0.001	0.997
0.690	0.001	0.001	0.308
0.001	0.001	0.997	0.001
0.001	0.997	0.001	0.001
0.616	0.001	0.382	0.001
0.690	0.308	0.001	0.001
0.001	0.308	0.690	0.001
>GGCGGSGGCGGC	20-GGCGGSGGCGGC	10.080333	-17.147278	0	T:37.0(5.51%),B:885.6(1.96%),P:1e-7	Tpos:51.9,Tstd:27.7,Bpos:50.1,Bstd:29.3,StrandBias:-0.4,Multiplicity:1.00
0.001	0.094	0.844	0.061
0.029	0.035	0.935	0.001
0.001	0.775	0.112	0.112
0.001	0.001	0.997	0.001
0.001	0.001	0.997	0.001
0.126	0.441	0.432	0.001
0.337	0.001	0.661	0.001
0.001	0.001	0.997	0.001
0.055	0.832	0.112	0.001
0.319	0.001	0.679	0.001
0.032	0.147	0.694	0.127
0.141	0.819	0.039	0.001
>AAGTAYAAGRMA	21-AAGTAYAAGRMA	9.791660	-16.960011	0	T:5.0(0.75%),B:6.3(0.01%),P:1e-7	Tpos:67.2,Tstd:25.1,Bpos:48.4,Bstd:23.4,StrandBias:0.6,Multiplicity:1.00
0.997	0.001	0.001	0.001
0.997	0.001	0.001	0.001
0.001	0.001	0.997	0.001
0.001	0.001	0.001	0.997
0.997	0.001	0.001	0.001
0.001	0.446	0.001	0.552
0.997	0.001	0.001	0.001
0.997	0.001	0.001	0.001
0.001	0.035	0.963	0.001
0.446	0.001	0.446	0.106
0.446	0.552	0.001	0.001
0.963	0.001	0.001	0.035
>VGCAGGKGACCA	22-VGCAGGKGACCA	10.275685	-15.582905	0	T:11.0(1.64%),B:90.5(0.20%),P:1e-6	Tpos:43.6,Tstd:26.9,Bpos:44.4,Bstd:28.4,StrandBias:0.7,Multiplicity:1.00
0.414	0.276	0.309	0.001
0.001	0.137	0.861	0.001
0.001	0.997	0.001	0.001
0.997	0.001	0.001	0.001
0.001	0.001	0.997	0.001
0.001	0.275	0.723	0.001
0.138	0.001	0.414	0.447
0.001	0.001	0.690	0.308
0.861	0.001	0.137	0.001
0.001	0.997	0.001	0.001
0.001	0.997	0.001	0.001
0.585	0.276	0.138	0.001
>GCTCTAATRAGC	23-GCTCTAATRAGC	8.864083	-15.390246	0	T:9.0(1.34%),B:55.2(0.12%),P:1e-6	Tpos:46.1,Tstd:31.1,Bpos:45.7,Bstd:28.7,StrandBias:-1.0,Multiplicity:1.00
0.123	0.001	0.815	0.061
0.123	0.815	0.061	0.001
0.061	0.001	0.061	0.877
0.062	0.810	0.066	0.062
0.061	0.001	0.061	0.877
0.626	0.062	0.246	0.066
0.754	0.184	0.061	0.001
0.062	0.123	0.062	0.753
0.507	0.062	0.369	0.062
0.753	0.062	0.062	0.123
0.123	0.185	0.630	0.062
0.061	0.815	0.123	0.001
>CGGGSAGCAGGM	24-CGGGSAGCAGGM	9.619619	-14.482388	0	T:26.0(3.87%),B:556.1(1.23%),P:1e-6	Tpos:54.2,Tstd:27.5,Bpos:50.4,Bstd:33.0,StrandBias:2.2,Multiplicity:1.00
0.001	0.997	0.001	0.001
0.001	0.001	0.997	0.001
0.061	0.210	0.607	0.122
0.045	0.127	0.705	0.123
0.001	0.467	0.531	0.001
0.997	0.001	0.001	0.001
0.001	0.001	0.997	0.001
0.121	0.691	0.187	0.001
0.749	0.129	0.121	0.001
0.167	0.061	0.478	0.294
0.001	0.001	0.997	0.001
0.378	0.342	0.219	0.061
>TCAGCAGCAGCA	25-TCAGCAGCAGCA	8.080442	-10.650422	0	T:45.0(6.71%),B:1552.8(3.44%),P:1e-4	Tpos:47.6,Tstd:26.2,Bpos:50.2,Bstd:36.6,StrandBias:0.7,Multiplicity:1.00
0.001	0.023	0.001	0.975
0.001	0.970	0.001	0.028
0.740	0.058	0.029	0.173
0.139	0.087	0.659	0.115
0.058	0.855	0.058	0.029
0.774	0.115	0.029	0.082
0.255	0.058	0.543	0.144
0.115	0.769	0.058	0.058
0.601	0.087	0.115	0.197
0.115	0.058	0.630	0.197
0.029	0.740	0.144	0.087
0.798	0.058	0.115	0.029
>CAGCAG	1-CAGCAG	6.177716	-177.874098	0	T:341.0(50.82%),B:8452.8(18.73%),P:1e-77	Tpos:50.4,Tstd:14.9,Bpos:50.6,Bstd:40.9,StrandBias:3.4,Multiplicity:1.36
0.100	0.700	0.100	0.100
0.700	0.100	0.100	0.100
0.100	0.100	0.700	0.100
0.100	0.700	0.100	0.100
0.700	0.100	0.100	0.100
0.100	0.100	0.700	0.100
>WTATAA	2-WTATAA	4.166880	-16.554096	0	T:145.0(21.61%),B:6326.3(14.02%),P:1e-7	Tpos:44.4,Tstd:28.8,Bpos:50.2,Bstd:31.8,StrandBias:0.1,Multiplicity:1.37
0.397	0.141	0.006	0.456
0.287	0.001	0.001	0.711
0.952	0.001	0.003	0.044
0.053	0.122	0.052	0.773
0.489	0.076	0.123	0.313
0.650	0.135	0.001	0.214
>CGCCRC	3-CGCCRC	5.128158	-16.459101	0	T:279.0(41.58%),B:14367.2(31.83%),P:1e-7	Tpos:52.0,Tstd:27.9,Bpos:50.3,Bstd:31.6,StrandBias:0.2,Multiplicity:1.66
0.001	0.578	0.282	0.139
0.070	0.230	0.493	0.207
0.001	0.851	0.001	0.147
0.001	0.897	0.059	0.043
0.336	0.132	0.454	0.078
0.062	0.894	0.001	0.043
>CCTTCT	4-CCTTCT	5.578575	-12.215776	0	T:234.0(34.87%),B:12199.5(27.03%),P:1e-5	Tpos:51.7,Tstd:26.9,Bpos:50.3,Bstd:34.5,StrandBias:-0.8,Multiplicity:1.35
0.001	0.997	0.001	0.001
0.001	0.997	0.001	0.001
0.001	0.001	0.001	0.997
0.001	0.332	0.001	0.666
0.001	0.801	0.001	0.197
0.001	0.001	0.001	0.997
>CTTGCT	5-CTTGCT	5.799453	-12.007834	0	T:201.0(29.96%),B:10196.4(22.59%),P:1e-5	Tpos:48.4,Tstd:27.6,Bpos:50.3,Bstd:35.6,StrandBias:-1.0,Multiplicity:1.18
0.001	0.675	0.001	0.323
0.001	0.001	0.367	0.631
0.078	0.001	0.001	0.920
0.001	0.001	0.997	0.001
0.001	0.779	0.219	0.001
0.056	0.001	0.001	0.942
>CAGCAGGR	1-CAGCAGGR	4.161567	-234.492490	0	T:213.0(31.74%),B:2393.0(5.30%),P:1e-101	Tpos:51.4,Tstd:10.1,Bpos:50.2,Bstd:39.9,StrandBias:5.2,Multiplicity:1.06
0.001	0.997	0.001	0.001
0.997	0.001	0.001	0.001
0.001	0.001	0.997	0.001
0.001	0.997	0.001	0.001
0.997	0.001	0.001	0.001
0.001	0.001	0.997	0.001
0.001	0.001	0.997	0.001
0.454	0.148	0.397	0.001
>AGCAGCAG	2-AGCAGCAG	7.135424	-112.048108	0	T:230.0(34.28%),B:5537.9(12.27%),P:1e-48	Tpos:50.0,Tstd:19.3,Bpos:51.4,Bstd:41.1,StrandBias:2.2,Multiplicity:1.10
0.705	0.035	0.168	0.092
0.030	0.049	0.889	0.032
0.001	0.953	0.001	0.045
0.972	0.012	0.001	0.015
0.001	0.021	0.977	0.001
0.001	0.969	0.019	0.011
0.912	0.042	0.018	0.028
0.021	0.001	0.830	0.148
>TTATATAC	3-TTATATAC	6.647092	-22.389618	0	T:33.0(4.92%),B:588.6(1.30%),P:1e-9	Tpos:40.3,Tstd:27.2,Bpos:48.9,Bstd:30.9,StrandBias:0.2,Multiplicity:1.00
0.145	0.001	0.036	0.818
0.034	0.027	0.001	0.938
0.946	0.001	0.001	0.052
0.001	0.001	0.001	0.997
0.951	0.028	0.001	0.020
0.026	0.159	0.031	0.784
0.865	0.065	0.001	0.069
0.163	0.695	0.016	0.126
>ACGCGCAT	4-ACGCGCAT	7.161758	-18.671598	0	T:37.0(5.51%),B:833.1(1.85%),P:1e-8	Tpos:49.8,Tstd:27.0,Bpos:48.9,Bstd:29.4,StrandBias:0.3,Multiplicity:1.08
0.997	0.001	0.001	0.001
0.001	0.977	0.001	0.021
0.001	0.001	0.997	0.001
0.100	0.898	0.001	0.001
0.024	0.001	0.974	0.001
0.147	0.818	0.034	0.001
0.997	0.001	0.001	0.001
0.001	0.255	0.001	0.743
>GWGACGCS	5-GWGACGCS	6.551924	-15.649133	0	T:85.0(12.67%),B:3181.1(7.05%),P:1e-6	Tpos:50.6,Tstd:30.1,Bpos:49.6,Bstd:30.1,StrandBias:-0.3,Multiplicity:1.10
0.200	0.118	0.672	0.010
0.282	0.243	0.064	0.411
0.001	0.196	0.802	0.001
0.913	0.085	0.001	0.001
0.001	0.706	0.292	0.001
0.052	0.001	0.946	0.001
0.257	0.579	0.163	0.001
0.001	0.439	0.559	0.001
>KGYGGCGG	6-KGYGGCGG	6.040115	-14.094914	0	T:170.0(25.34%),B:8046.9(17.83%),P:1e-6	Tpos:55.9,Tstd:26.1,Bpos:50.0,Bstd:32.8,StrandBias:-0.5,Multiplicity:1.21
0.172	0.001	0.400	0.427
0.001	0.328	0.523	0.148
0.001	0.476	0.001	0.522
0.167	0.001	0.510	0.322
0.001	0.001	0.876	0.122
0.149	0.547	0.003	0.301
0.001	0.001	0.997	0.001
0.099	0.001	0.667	0.233
>TAGCTAGC	7-TAGCTAGC	7.423719	-7.100103	0	T:22.0(3.28%),B:687.4(1.52%),P:1e-3	Tpos:43.7,Tstd:31.6,Bpos:48.7,Bstd:34.6,StrandBias:-0.3,Multiplicity:1.36
0.001	0.001	0.001	0.997
0.997	0.001	0.001	0.001
0.001	0.001	0.854	0.144
0.021	0.977	0.001	0.001
0.045	0.001	0.001	0.953
0.962	0.001	0.036	0.001
0.001	0.001	0.978	0.020
0.064	0.728	0.090	0.118
