>CAGCAGGADN	1-CAGCAGGADN	7.187414	-1912.963778	0	T:2672.0(44.39%),B:4984.6(12.28%),P:1e-830	Tpos:52.3,Tstd:12.9,Bpos:48.8,Bstd:38.8,StrandBias:3.8,Multiplicity:1.11
0.005	0.927	0.028	0.040
0.954	0.025	0.020	0.001
0.015	0.038	0.879	0.068
0.001	0.963	0.035	0.001
0.966	0.001	0.032	0.001
0.031	0.001	0.967	0.001
0.234	0.254	0.495	0.016
0.488	0.087	0.292	0.133
0.312	0.150	0.338	0.201
0.252	0.228	0.284	0.236
>TGGTGTTGGT	2-TGGTGTTGGT	4.756381	-397.041729	0	T:2904.0(48.25%),B:12547.9(30.91%),P:1e-172	Tpos:50.3,Tstd:26.1,Bpos:50.2,Bstd:31.8,StrandBias:-1.3,Multiplicity:1.26
0.071	0.067	0.137	0.725
0.033	0.216	0.663	0.088
0.082	0.239	0.556	0.123
0.051	0.003	0.189	0.757
0.034	0.061	0.775	0.130
0.072	0.215	0.267	0.445
0.016	0.129	0.144	0.711
0.003	0.101	0.799	0.097
0.111	0.206	0.474	0.208
0.150	0.046	0.229	0.575
>GCAGCAGGSC	3-GCAGCAGGSC	6.021282	-254.203193	0	T:564.0(9.37%),B:1286.3(3.17%),P:1e-110	Tpos:51.0,Tstd:23.4,Bpos:50.3,Bstd:38.7,StrandBias:0.9,Multiplicity:1.05
0.211	0.033	0.736	0.020
0.236	0.471	0.035	0.258
0.425	0.182	0.206	0.187
0.225	0.016	0.498	0.261
0.090	0.412	0.261	0.237
0.502	0.219	0.265	0.014
0.215	0.126	0.643	0.016
0.024	0.183	0.623	0.170
0.196	0.403	0.292	0.108
0.026	0.627	0.033	0.314
>CABSASRCMC	4-CABSASRCMC	6.126078	-235.676840	0	T:465.0(7.73%),B:974.2(2.40%),P:1e-102	Tpos:53.3,Tstd:22.6,Bpos:49.3,Bstd:31.3,StrandBias:1.5,Multiplicity:1.02
0.001	0.745	0.005	0.249
0.514	0.130	0.241	0.115
0.002	0.317	0.331	0.350
0.044	0.437	0.364	0.155
0.987	0.009	0.001	0.003
0.097	0.419	0.482	0.001
0.296	0.124	0.400	0.180
0.193	0.424	0.256	0.128
0.401	0.440	0.152	0.008
0.148	0.464	0.264	0.124
>CCWGCTGGCC	5-CCWGCTGGCC	8.601313	-197.672629	0	T:305.0(5.07%),B:524.2(1.29%),P:1e-85	Tpos:52.1,Tstd:23.7,Bpos:52.9,Bstd:32.2,StrandBias:-0.3,Multiplicity:1.01
0.001	0.997	0.001	0.001
0.001	0.997	0.001	0.001
0.514	0.081	0.036	0.369
0.256	0.045	0.616	0.083
0.001	0.738	0.001	0.260
0.134	0.003	0.055	0.808
0.001	0.001	0.997	0.001
0.059	0.001	0.794	0.146
0.001	0.868	0.001	0.130
0.165	0.754	0.080	0.001
>AGGAGGAGGA	6-AGGAGGAGGA	7.053342	-188.326935	0	T:799.0(13.27%),B:2598.6(6.40%),P:1e-81	Tpos:52.7,Tstd:25.2,Bpos:50.2,Bstd:31.7,StrandBias:0.7,Multiplicity:1.09
0.809	0.059	0.069	0.063
0.078	0.051	0.782	0.089
0.075	0.094	0.778	0.053
0.830	0.031	0.076	0.063
0.055	0.069	0.821	0.055
0.072	0.091	0.813	0.024
0.804	0.047	0.056	0.093
0.067	0.079	0.808	0.046
0.121	0.046	0.777	0.056
0.782	0.054	0.070	0.094
>CGGCGGCGGC	7-CGGCGGCGGC	5.558031	-78.239581	0	T:1795.0(29.82%),B:9327.8(22.98%),P:1e-33	Tpos:51.9,Tstd:26.9,Bpos:49.1,Bstd:30.3,StrandBias:0.0,Multiplicity:1.42
0.064	0.718	0.123	0.095
0.106	0.086	0.728	0.080
0.137	0.178	0.585	0.100
0.015	0.839	0.085	0.061
0.083	0.097	0.717	0.103
0.129	0.137	0.612	0.122
0.063	0.755	0.092	0.090
0.124	0.090	0.698	0.088
0.143	0.147	0.593	0.117
0.084	0.743	0.082	0.091
>CAGCAGGCCA	8-CAGCAGGCCA	10.187997	-70.300131	0	T:73.0(1.21%),B:86.1(0.21%),P:1e-30	Tpos:49.0,Tstd:15.8,Bpos:48.9,Bstd:34.8,StrandBias:3.5,Multiplicity:1.00
0.001	0.923	0.001	0.075
0.683	0.001	0.315	0.001
0.001	0.001	0.873	0.125
0.001	0.960	0.001	0.038
0.855	0.001	0.143	0.001
0.001	0.001	0.997	0.001
0.299	0.001	0.699	0.001
0.001	0.997	0.001	0.001
0.001	0.997	0.001	0.001
0.997	0.001	0.001	0.001
>CAGCAGTGRR	9-CAGCAGTGRR	7.854473	-64.570229	0	T:127.0(2.11%),B:266.9(0.66%),P:1e-28	Tpos:51.1,Tstd:18.1,Bpos:51.8,Bstd:34.3,StrandBias:2.5,Multiplicity:1.02
0.228	0.549	0.018	0.205
0.659	0.054	0.268	0.019
0.119	0.052	0.785	0.044
0.042	0.586	0.041	0.331
0.855	0.058	0.020	0.067
0.130	0.013	0.646	0.211
0.012	0.036	0.071	0.881
0.229	0.121	0.615	0.035
0.304	0.125	0.425	0.146
0.382	0.032	0.497	0.089
>TATATATAVN	10-TATATATAVN	5.689852	-62.655875	0	T:326.0(5.42%),B:1138.4(2.80%),P:1e-27	Tpos:34.3,Tstd:23.6,Bpos:51.1,Bstd:29.5,StrandBias:0.0,Multiplicity:1.51
0.005	0.038	0.074	0.883
0.861	0.058	0.015	0.066
0.001	0.025	0.050	0.924
0.920	0.008	0.022	0.050
0.076	0.126	0.046	0.752
0.832	0.039	0.091	0.038
0.150	0.268	0.126	0.455
0.469	0.150	0.215	0.166
0.286	0.340	0.193	0.182
0.247	0.227	0.314	0.213
>YGGGATCGGR	11-YGGGATCGGR	7.639869	-53.378313	0	T:154.0(2.56%),B:411.9(1.01%),P:1e-23	Tpos:43.4,Tstd:29.6,Bpos:49.1,Bstd:26.4,StrandBias:-0.7,Multiplicity:1.07
0.111	0.266	0.235	0.388
0.051	0.036	0.639	0.274
0.066	0.079	0.777	0.078
0.080	0.048	0.804	0.068
0.830	0.059	0.046	0.065
0.047	0.189	0.307	0.458
0.017	0.484	0.178	0.321
0.033	0.195	0.726	0.046
0.039	0.035	0.868	0.058
0.302	0.044	0.438	0.216
>CCAATTCCCC	12-CCAATTCCCC	6.782511	-50.259233	0	T:149.0(2.48%),B:404.6(1.00%),P:1e-21	Tpos:55.9,Tstd:26.1,Bpos:49.6,Bstd:29.1,StrandBias:1.2,Multiplicity:1.02
0.232	0.554	0.007	0.207
0.217	0.574	0.152	0.057
0.740	0.015	0.197	0.048
0.494	0.012	0.270	0.223
0.126	0.169	0.233	0.471
0.080	0.003	0.247	0.670
0.309	0.526	0.005	0.160
0.197	0.790	0.009	0.004
0.077	0.747	0.074	0.102
0.272	0.475	0.207	0.045
>CGTTTCTTTN	13-CGTTTCTTTN	7.422374	-41.771639	0	T:226.0(3.75%),B:803.8(1.98%),P:1e-18	Tpos:48.3,Tstd:28.2,Bpos:50.2,Bstd:32.2,StrandBias:-0.6,Multiplicity:1.02
0.001	0.819	0.001	0.179
0.001	0.024	0.783	0.192
0.001	0.297	0.121	0.581
0.238	0.268	0.001	0.493
0.112	0.001	0.233	0.654
0.155	0.843	0.001	0.001
0.001	0.001	0.198	0.800
0.001	0.176	0.001	0.822
0.001	0.001	0.001	0.997
0.271	0.264	0.203	0.262
>AGAGAGAGAG	14-AGAGAGAGAG	6.782422	-40.960184	0	T:511.0(8.49%),B:2316.2(5.71%),P:1e-17	Tpos:56.1,Tstd:24.9,Bpos:49.8,Bstd:33.1,StrandBias:0.8,Multiplicity:1.07
0.826	0.057	0.073	0.044
0.082	0.049	0.780	0.089
0.779	0.109	0.062	0.050
0.043	0.039	0.849	0.069
0.828	0.054	0.066	0.052
0.076	0.050	0.784	0.090
0.765	0.098	0.080	0.057
0.078	0.073	0.791	0.058
0.828	0.067	0.060	0.045
0.098	0.068	0.775	0.059
>TACTACTACA	15-TACTACTACA	6.570753	-37.739777	0	T:267.0(4.44%),B:1040.9(2.56%),P:1e-16	Tpos:50.3,Tstd:29.3,Bpos:50.1,Bstd:30.3,StrandBias:0.3,Multiplicity:1.07
0.071	0.082	0.043	0.804
0.836	0.032	0.062	0.070
0.043	0.807	0.084	0.066
0.079	0.060	0.070	0.791
0.782	0.075	0.060	0.083
0.045	0.811	0.061	0.083
0.067	0.056	0.066	0.811
0.795	0.057	0.060	0.088
0.023	0.824	0.062	0.091
0.743	0.073	0.083	0.101
>GACGAGACGG	16-GACGAGACGG	9.189279	-31.492283	0	T:65.0(1.08%),B:144.6(0.36%),P:1e-13	Tpos:51.1,Tstd:27.8,Bpos:47.1,Bstd:24.0,StrandBias:-0.2,Multiplicity:1.07
0.001	0.001	0.962	0.036
0.930	0.037	0.008	0.025
0.001	0.997	0.001	0.001
0.001	0.032	0.930	0.037
0.775	0.072	0.134	0.019
0.086	0.008	0.905	0.001
0.871	0.113	0.015	0.001
0.001	0.857	0.023	0.119
0.001	0.039	0.923	0.037
0.041	0.090	0.868	0.001
>CCATTCCATT	17-CCATTCCATT	9.602391	-27.561171	0	T:23.0(0.38%),B:22.9(0.06%),P:1e-11	Tpos:51.0,Tstd:30.8,Bpos:47.7,Bstd:23.5,StrandBias:-0.3,Multiplicity:1.14
0.232	0.766	0.001	0.001
0.001	0.997	0.001	0.001
0.997	0.001	0.001	0.001
0.001	0.001	0.001	0.997
0.001	0.001	0.078	0.920
0.060	0.898	0.001	0.041
0.001	0.997	0.001	0.001
0.939	0.059	0.001	0.001
0.001	0.001	0.001	0.997
0.059	0.001	0.001	0.939
>TACATATATA	18-TACATATATA	6.551621	-27.543378	0	T:213.0(3.54%),B:856.0(2.11%),P:1e-11	Tpos:41.0,Tstd:28.8,Bpos:49.1,Bstd:27.6,StrandBias:0.1,Multiplicity:1.02
0.040	0.060	0.080	0.820
0.760	0.083	0.076	0.081
0.033	0.888	0.072	0.007
0.941	0.010	0.021	0.028
0.138	0.100	0.072	0.690
0.769	0.053	0.090	0.088
0.073	0.067	0.103	0.757
0.777	0.060	0.049	0.114
0.051	0.063	0.035	0.851
0.785	0.066	0.069	0.080
>GCAGAAGCGA	19-GCAGAAGCGA	11.322596	-23.799806	0	T:11.0(0.18%),B:5.0(0.01%),P:1e-10	Tpos:61.7,Tstd:12.0,Bpos:49.4,Bstd:28.0,StrandBias:3.2,Multiplicity:1.00
0.001	0.001	0.917	0.081
0.001	0.997	0.001	0.001
0.997	0.001	0.001	0.001
0.001	0.001	0.997	0.001
0.997	0.001	0.001	0.001
0.997	0.001	0.001	0.001
0.001	0.001	0.997	0.001
0.001	0.997	0.001	0.001
0.001	0.001	0.997	0.001
0.997	0.001	0.001	0.001
>ATTATTATTA	20-ATTATTATTA	8.157957	-23.179995	0	T:56.0(0.93%),B:139.7(0.34%),P:1e-10	Tpos:51.3,Tstd:29.8,Bpos:46.0,Bstd:30.8,StrandBias:-0.4,Multiplicity:1.07
0.924	0.001	0.074	0.001
0.168	0.077	0.074	0.681
0.001	0.001	0.076	0.922
0.997	0.001	0.001	0.001
0.246	0.074	0.004	0.676
0.001	0.073	0.001	0.925
0.544	0.184	0.271	0.001
0.390	0.001	0.001	0.608
0.001	0.001	0.001	0.997
0.670	0.074	0.001	0.255
>CTAGCTAGTT	21-CTAGCTAGTT	8.723182	-23.168476	0	T:68.0(1.13%),B:188.6(0.46%),P:1e-10	Tpos:43.2,Tstd:28.8,Bpos:45.9,Bstd:34.3,StrandBias:0.3,Multiplicity:1.05
0.068	0.844	0.037	0.051
0.022	0.029	0.041	0.908
0.841	0.029	0.101	0.029
0.029	0.029	0.799	0.143
0.115	0.807	0.029	0.049
0.015	0.012	0.015	0.958
0.687	0.001	0.230	0.082
0.044	0.067	0.774	0.115
0.193	0.263	0.089	0.455
0.258	0.002	0.152	0.588
>GATGAAGAAC	22-GATGAAGAAC	10.394815	-20.938523	0	T:23.0(0.38%),B:31.3(0.08%),P:1e-9	Tpos:53.8,Tstd:28.7,Bpos:46.4,Bstd:30.3,StrandBias:1.1,Multiplicity:1.00
0.043	0.001	0.955	0.001
0.997	0.001	0.001	0.001
0.001	0.001	0.001	0.997
0.001	0.001	0.997	0.001
0.997	0.001	0.001	0.001
0.997	0.001	0.001	0.001
0.001	0.001	0.997	0.001
0.854	0.001	0.001	0.144
0.997	0.001	0.001	0.001
0.131	0.867	0.001	0.001
>CGTTCTCCGT	23-CGTTCTCCGT	8.737855	-20.596676	0	T:8.0(0.13%),B:2.7(0.01%),P:1e-8	Tpos:42.6,Tstd:30.7,Bpos:63.0,Bstd:0.0,StrandBias:-0.4,Multiplicity:1.00
0.144	0.603	0.122	0.131
0.138	0.117	0.607	0.138
0.134	0.093	0.121	0.652
0.152	0.107	0.106	0.635
0.151	0.563	0.132	0.154
0.142	0.120	0.126	0.612
0.154	0.566	0.156	0.124
0.160	0.547	0.139	0.154
0.158	0.102	0.600	0.140
0.138	0.124	0.125	0.613
>TTCAGGATCC	24-TTCAGGATCC	11.543267	-20.497734	0	T:9.0(0.15%),B:4.0(0.01%),P:1e-8	Tpos:37.2,Tstd:26.8,Bpos:69.4,Bstd:8.7,StrandBias:1.0,Multiplicity:1.00
0.001	0.001	0.001	0.997
0.001	0.001	0.001	0.997
0.001	0.997	0.001	0.001
0.897	0.101	0.001	0.001
0.001	0.001	0.997	0.001
0.001	0.001	0.997	0.001
0.997	0.001	0.001	0.001
0.001	0.001	0.001	0.997
0.001	0.997	0.001	0.001
0.001	0.997	0.001	0.001
>CGAGCCAGCG	25-CGAGCCAGCG	11.205760	-13.313122	0	T:14.0(0.23%),B:19.4(0.05%),P:1e-5	Tpos:37.5,Tstd:20.8,Bpos:47.2,Bstd:23.8,StrandBias:0.2,Multiplicity:1.00
0.001	0.997	0.001	0.001
0.001	0.001	0.997	0.001
0.997	0.001	0.001	0.001
0.092	0.001	0.906	0.001
0.217	0.781	0.001	0.001
0.001	0.997	0.001	0.001
0.997	0.001	0.001	0.001
0.001	0.001	0.997	0.001
0.001	0.997	0.001	0.001
0.001	0.001	0.997	0.001
>CAGCAGCAGSAG	1-CAGCAGCAGSAG	6.207327	-1345.305271	0	T:3312.0(55.03%),B:9692.0(23.87%),P:1e-584	Tpos:51.6,Tstd:15.4,Bpos:49.3,Bstd:36.9,StrandBias:3.0,Multiplicity:1.25
0.165	0.484	0.258	0.093
0.483	0.147	0.197	0.172
0.142	0.152	0.595	0.111
0.021	0.873	0.102	0.004
0.983	0.001	0.015	0.001
0.014	0.046	0.938	0.002
0.031	0.693	0.270	0.006
0.870	0.001	0.124	0.005
0.101	0.076	0.799	0.024
0.168	0.332	0.459	0.041
0.472	0.183	0.261	0.084
0.238	0.227	0.435	0.100
>CTCCTCCTGCTG	2-CTCCTCCTGCTG	5.654352	-730.594789	0	T:2308.0(38.35%),B:7119.9(17.54%),P:1e-317	Tpos:50.7,Tstd:25.4,Bpos:50.3,Bstd:33.2,StrandBias:-0.5,Multiplicity:1.08
0.138	0.469	0.201	0.192
0.125	0.161	0.175	0.539
0.072	0.611	0.162	0.155
0.109	0.596	0.141	0.154
0.131	0.168	0.166	0.535
0.082	0.612	0.167	0.139
0.084	0.656	0.122	0.138
0.143	0.153	0.144	0.560
0.075	0.227	0.566	0.132
0.080	0.675	0.135	0.110
0.149	0.167	0.137	0.547
0.127	0.268	0.452	0.154
>GGCAGYWGCAGG	3-GGCAGYWGCAGG	11.265168	-154.076581	0	T:172.0(2.86%),B:216.7(0.53%),P:1e-66	Tpos:56.7,Tstd:24.0,Bpos:51.6,Bstd:39.4,StrandBias:-0.4,Multiplicity:1.03
0.072	0.108	0.675	0.145
0.001	0.001	0.997	0.001
0.143	0.784	0.001	0.072
0.783	0.001	0.001	0.215
0.001	0.150	0.777	0.072
0.001	0.486	0.001	0.512
0.434	0.119	0.083	0.364
0.001	0.001	0.997	0.001
0.001	0.927	0.001	0.071
0.927	0.071	0.001	0.001
0.001	0.001	0.997	0.001
0.001	0.001	0.997	0.001
>WBACAGCAGWGA	4-WBACAGCAGWGA	9.172168	-120.087549	0	T:160.0(2.66%),B:241.2(0.59%),P:1e-52	Tpos:50.4,Tstd:17.5,Bpos:49.5,Bstd:36.3,StrandBias:3.1,Multiplicity:1.00
0.408	0.033	0.242	0.317
0.051	0.407	0.283	0.259
0.555	0.328	0.017	0.100
0.001	0.997	0.001	0.001
0.966	0.001	0.001	0.032
0.043	0.001	0.955	0.001
0.129	0.869	0.001	0.001
0.966	0.001	0.032	0.001
0.001	0.001	0.997	0.001
0.534	0.016	0.038	0.412
0.146	0.130	0.708	0.016
0.608	0.163	0.082	0.147
>SRGCVGNGGMGG	5-SRGCVGNGGMGG	8.954003	-71.920533	0	T:540.0(8.97%),B:2141.6(5.28%),P:1e-31	Tpos:52.7,Tstd:25.9,Bpos:49.5,Bstd:30.3,StrandBias:0.4,Multiplicity:1.07
0.220	0.359	0.380	0.041
0.328	0.219	0.376	0.077
0.001	0.001	0.997	0.001
0.130	0.527	0.342	0.001
0.364	0.248	0.266	0.122
0.252	0.001	0.746	0.001
0.260	0.299	0.287	0.154
0.001	0.001	0.997	0.001
0.001	0.288	0.710	0.001
0.557	0.441	0.001	0.001
0.001	0.001	0.997	0.001
0.001	0.001	0.997	0.001
>TCTCAGCAGGKY	6-TCTCAGCAGGKY	11.338896	-59.682807	0	T:31.0(0.52%),B:13.9(0.03%),P:1e-25	Tpos:51.7,Tstd:4.9,Bpos:60.8,Bstd:26.7,StrandBias:4.5,Multiplicity:1.00
0.147	0.001	0.259	0.593
0.001	0.561	0.049	0.389
0.197	0.147	0.001	0.655
0.001	0.997	0.001	0.001
0.997	0.001	0.001	0.001
0.001	0.097	0.901	0.001
0.001	0.997	0.001	0.001
0.899	0.001	0.001	0.099
0.001	0.001	0.855	0.143
0.247	0.098	0.654	0.001
0.194	0.052	0.451	0.304
0.001	0.552	0.001	0.446
>TCGTCGTCGTCG	7-TCGTCGTCGTCG	6.907198	-59.398854	0	T:762.0(12.66%),B:3485.4(8.59%),P:1e-25	Tpos:51.5,Tstd:27.8,Bpos:49.1,Bstd:27.0,StrandBias:-0.1,Multiplicity:1.14
0.096	0.136	0.184	0.584
0.040	0.760	0.116	0.084
0.063	0.103	0.761	0.073
0.057	0.178	0.149	0.616
0.026	0.836	0.071	0.067
0.082	0.110	0.747	0.061
0.072	0.193	0.173	0.562
0.037	0.838	0.072	0.053
0.067	0.109	0.755	0.069
0.089	0.187	0.191	0.533
0.057	0.821	0.068	0.054
0.077	0.093	0.771	0.059
>TGTDTATATATA	8-TGTDTATATATA	6.274178	-59.023656	0	T:287.0(4.77%),B:976.1(2.40%),P:1e-25	Tpos:33.0,Tstd:23.4,Bpos:52.2,Bstd:29.3,StrandBias:-0.2,Multiplicity:1.04
0.174	0.236	0.194	0.396
0.102	0.227	0.433	0.237
0.122	0.223	0.130	0.525
0.370	0.157	0.251	0.222
0.020	0.117	0.001	0.862
0.583	0.055	0.188	0.174
0.005	0.028	0.001	0.966
0.702	0.006	0.116	0.176
0.029	0.008	0.001	0.962
0.830	0.011	0.158	0.001
0.159	0.032	0.140	0.669
0.604	0.064	0.182	0.150
>AARTCCCAACCC	9-AARTCCCAACCC	8.345053	-57.984489	0	T:145.0(2.41%),B:356.3(0.88%),P:1e-25	Tpos:51.1,Tstd:26.5,Bpos:49.7,Bstd:28.3,StrandBias:1.5,Multiplicity:1.02
0.675	0.312	0.001	0.012
0.775	0.074	0.150	0.001
0.300	0.075	0.425	0.200
0.050	0.250	0.175	0.525
0.001	0.875	0.001	0.123
0.124	0.874	0.001	0.001
0.212	0.775	0.001	0.012
0.662	0.336	0.001	0.001
0.800	0.187	0.012	0.001
0.162	0.600	0.138	0.100
0.001	0.825	0.025	0.149
0.001	0.962	0.001	0.036
>CAACAAGAAGAA	10-CAACAAGAAGAA	8.413599	-50.699029	0	T:220.0(3.66%),B:715.5(1.76%),P:1e-22	Tpos:47.4,Tstd:27.4,Bpos:49.8,Bstd:32.1,StrandBias:1.0,Multiplicity:1.03
0.045	0.550	0.375	0.030
0.877	0.001	0.062	0.060
0.848	0.030	0.046	0.076
0.015	0.659	0.325	0.001
0.847	0.137	0.015	0.001
0.923	0.075	0.001	0.001
0.121	0.060	0.818	0.001
0.725	0.273	0.001	0.001
0.697	0.045	0.046	0.212
0.122	0.091	0.772	0.015
0.802	0.152	0.016	0.030
0.637	0.202	0.055	0.106
>CCAGCACCASCA	11-CCAGCACCASCA	13.556595	-42.244715	0	T:31.0(0.52%),B:24.6(0.06%),P:1e-18	Tpos:59.9,Tstd:22.5,Bpos:37.0,Bstd:30.7,StrandBias:2.0,Multiplicity:1.00
0.001	0.997	0.001	0.001
0.001	0.997	0.001	0.001
0.833	0.165	0.001	0.001
0.001	0.001	0.997	0.001
0.001	0.997	0.001	0.001
0.997	0.001	0.001	0.001
0.001	0.886	0.001	0.112
0.001	0.997	0.001	0.001
0.833	0.001	0.001	0.165
0.001	0.387	0.446	0.166
0.001	0.997	0.001	0.001
0.997	0.001	0.001	0.001
>RCCACCACCASS	12-RCCACCACCASS	9.775493	-41.943447	0	T:115.0(1.91%),B:300.9(0.74%),P:1e-18	Tpos:53.3,Tstd:26.2,Bpos:51.7,Bstd:29.0,StrandBias:1.3,Multiplicity:1.00
0.480	0.001	0.518	0.001
0.270	0.728	0.001	0.001
0.096	0.808	0.001	0.095
0.782	0.001	0.197	0.020
0.001	0.938	0.001	0.060
0.001	0.897	0.101	0.001
0.997	0.001	0.001	0.001
0.001	0.958	0.040	0.001
0.122	0.776	0.001	0.101
0.578	0.420	0.001	0.001
0.220	0.347	0.432	0.001
0.001	0.493	0.505	0.001
>TGTTGTGSTGTG	13-TGTTGTGSTGTG	10.410620	-41.462019	0	T:48.0(0.80%),B:65.2(0.16%),P:1e-18	Tpos:48.0,Tstd:23.6,Bpos:45.6,Bstd:25.8,StrandBias:-1.7,Multiplicity:1.00
0.001	0.001	0.153	0.845
0.038	0.038	0.886	0.038
0.038	0.078	0.353	0.531
0.037	0.037	0.001	0.925
0.001	0.075	0.808	0.116
0.077	0.001	0.193	0.729
0.001	0.001	0.958	0.040
0.154	0.391	0.267	0.189
0.001	0.037	0.114	0.848
0.038	0.154	0.770	0.038
0.001	0.001	0.001	0.997
0.001	0.001	0.997	0.001
>CAGCAGAAAAAA	14-CAGCAGAAAAAA	11.997842	-40.624285	0	T:21.0(0.35%),B:9.2(0.02%),P:1e-17	Tpos:53.2,Tstd:12.1,Bpos:43.9,Bstd:24.4,StrandBias:10.0,Multiplicity:1.00
0.085	0.913	0.001	0.001
0.913	0.085	0.001	0.001
0.085	0.001	0.913	0.001
0.001	0.997	0.001	0.001
0.799	0.001	0.199	0.001
0.001	0.085	0.913	0.001
0.997	0.001	0.001	0.001
0.997	0.001	0.001	0.001
0.913	0.001	0.001	0.085
0.913	0.085	0.001	0.001
0.997	0.001	0.001	0.001
0.913	0.085	0.001	0.001
>GTTAGGGTTYTG	15-GTTAGGGTTYTG	11.851323	-35.148567	0	T:19.0(0.32%),B:9.4(0.02%),P:1e-15	Tpos:43.4,Tstd:23.6,Bpos:48.6,Bstd:24.8,StrandBias:1.1,Multiplicity:1.06
0.001	0.001	0.997	0.001
0.181	0.001	0.181	0.637
0.001	0.001	0.001	0.997
0.818	0.001	0.001	0.180
0.001	0.001	0.997	0.001
0.001	0.001	0.997	0.001
0.001	0.001	0.997	0.001
0.001	0.180	0.001	0.818
0.180	0.001	0.001	0.818
0.001	0.436	0.001	0.562
0.001	0.218	0.056	0.725
0.001	0.001	0.997	0.001
>CSCGYTTCTTTA	16-CSCGYTTCTTTA	7.990270	-34.333623	0	T:10.0(0.17%),B:1.8(0.00%),P:1e-14	Tpos:32.8,Tstd:18.9,Bpos:43.0,Bstd:14.9,StrandBias:2.0,Multiplicity:1.00
0.001	0.997	0.001	0.001
0.001	0.499	0.499	0.001
0.001	0.997	0.001	0.001
0.001	0.001	0.997	0.001
0.001	0.499	0.001	0.499
0.001	0.001	0.001	0.997
0.397	0.001	0.001	0.601
0.001	0.997	0.001	0.001
0.001	0.001	0.001	0.997
0.001	0.001	0.001	0.997
0.001	0.001	0.001	0.997
0.601	0.397	0.001	0.001
>CGTACACGTACA	17-CGTACACGTACA	9.173402	-32.311881	0	T:48.0(0.80%),B:83.6(0.21%),P:1e-14	Tpos:38.2,Tstd:26.5,Bpos:52.6,Bstd:30.9,StrandBias:0.1,Multiplicity:1.07
0.086	0.742	0.086	0.086
0.065	0.043	0.870	0.022
0.109	0.129	0.022	0.740
0.806	0.065	0.086	0.043
0.022	0.933	0.023	0.022
0.806	0.107	0.001	0.086
0.066	0.783	0.086	0.065
0.022	0.001	0.976	0.001
0.065	0.086	0.066	0.783
0.892	0.043	0.043	0.022
0.064	0.871	0.001	0.064
0.806	0.043	0.108	0.043
>TAATAATAATAA	18-TAATAATAATAA	9.466946	-29.328170	0	T:31.0(0.52%),B:39.6(0.10%),P:1e-12	Tpos:44.3,Tstd:28.7,Bpos:45.7,Bstd:19.2,StrandBias:0.2,Multiplicity:1.03
0.150	0.066	0.001	0.783
0.934	0.021	0.044	0.001
0.849	0.022	0.043	0.086
0.086	0.086	0.044	0.784
0.891	0.065	0.022	0.022
0.933	0.043	0.001	0.023
0.065	0.108	0.043	0.784
0.892	0.086	0.001	0.021
0.827	0.065	0.065	0.043
0.129	0.065	0.043	0.763
0.762	0.086	0.108	0.044
0.805	0.043	0.109	0.043
>GGTCTTCGTCAT	19-GGTCTTCGTCAT	8.616248	-29.071613	0	T:16.0(0.27%),B:8.2(0.02%),P:1e-12	Tpos:52.1,Tstd:25.7,Bpos:47.7,Bstd:10.1,StrandBias:0.5,Multiplicity:1.00
0.030	0.217	0.740	0.013
0.252	0.014	0.513	0.221
0.017	0.308	0.020	0.655
0.005	0.822	0.165	0.008
0.226	0.216	0.124	0.435
0.006	0.212	0.230	0.552
0.006	0.633	0.230	0.131
0.192	0.193	0.472	0.143
0.112	0.248	0.146	0.494
0.011	0.718	0.172	0.099
0.479	0.141	0.227	0.153
0.017	0.266	0.197	0.520
>CGGGACGGGACG	20-CGGGACGGGACG	13.138190	-27.141552	0	T:13.0(0.22%),B:5.4(0.01%),P:1e-11	Tpos:50.2,Tstd:27.9,Bpos:39.6,Bstd:13.4,StrandBias:0.7,Multiplicity:1.00
0.076	0.922	0.001	0.001
0.001	0.001	0.922	0.076
0.001	0.076	0.922	0.001
0.001	0.077	0.845	0.077
0.922	0.001	0.001	0.076
0.001	0.997	0.001	0.001
0.001	0.001	0.997	0.001
0.001	0.076	0.922	0.001
0.001	0.001	0.997	0.001
0.845	0.077	0.001	0.077
0.001	0.922	0.076	0.001
0.001	0.077	0.845	0.077
>AGGATGTCCTTG	21-AGGATGTCCTTG	11.314079	-21.441719	0	T:13.0(0.22%),B:8.9(0.02%),P:1e-9	Tpos:56.2,Tstd:26.1,Bpos:59.4,Bstd:10.1,StrandBias:-1.0,Multiplicity:1.00
0.702	0.294	0.001	0.003
0.027	0.001	0.732	0.240
0.054	0.001	0.944	0.001
0.572	0.400	0.001	0.027
0.110	0.294	0.028	0.568
0.001	0.268	0.597	0.134
0.162	0.216	0.001	0.621
0.001	0.945	0.026	0.028
0.293	0.652	0.027	0.028
0.001	0.001	0.213	0.785
0.001	0.001	0.266	0.732
0.001	0.294	0.679	0.026
>GCAGCGGCACCA	22-GCAGCGGCACCA	11.887570	-16.300968	0	T:26.0(0.43%),B:50.3(0.12%),P:1e-7	Tpos:51.1,Tstd:20.9,Bpos:55.5,Bstd:28.6,StrandBias:0.4,Multiplicity:1.00
0.001	0.001	0.915	0.083
0.001	0.915	0.001	0.083
0.872	0.011	0.033	0.084
0.083	0.001	0.915	0.001
0.084	0.653	0.262	0.001
0.001	0.094	0.904	0.001
0.001	0.001	0.747	0.251
0.001	0.997	0.001	0.001
0.915	0.001	0.001	0.083
0.001	0.915	0.083	0.001
0.083	0.915	0.001	0.001
0.997	0.001	0.001	0.001
>GCTGCCCCAGCA	23-GCTGCCCCAGCA	12.192960	-8.636930	0	T:28.0(0.47%),B:87.2(0.21%),P:1e-3	Tpos:47.1,Tstd:27.4,Bpos:43.2,Bstd:27.9,StrandBias:0.9,Multiplicity:1.00
0.001	0.001	0.997	0.001
0.001	0.997	0.001	0.001
0.001	0.118	0.001	0.880
0.001	0.001	0.997	0.001
0.001	0.997	0.001	0.001
0.275	0.723	0.001	0.001
0.160	0.608	0.113	0.119
0.237	0.761	0.001	0.001
0.528	0.119	0.001	0.352
0.001	0.001	0.997	0.001
0.001	0.997	0.001	0.001
0.770	0.119	0.006	0.105
>MAGCBGGGGAAG	24-MAGCBGGGGAAG	12.758062	-7.562441	0	T:8.0(0.13%),B:12.7(0.03%),P:1e-3	Tpos:54.4,Tstd:26.1,Bpos:43.1,Bstd:22.0,StrandBias:0.0,Multiplicity:1.00
0.428	0.570	0.001	0.001
0.856	0.142	0.001	0.001
0.001	0.001	0.997	0.001
0.142	0.856	0.001	0.001
0.001	0.285	0.428	0.285
0.001	0.001	0.997	0.001
0.001	0.001	0.997	0.001
0.001	0.001	0.997	0.001
0.001	0.001	0.997	0.001
0.997	0.001	0.001	0.001
0.713	0.001	0.001	0.285
0.001	0.001	0.997	0.001
>NNNNNNNNNNNN	25-NNNNNNNNNNNN	-nan	0.000000	0	T:0.0(0.00%),B:0.0(0.00%),P:1e0	Tpos:0.0,Tstd:0.0,Bpos:0.0,Bstd:0.0,StrandBias:0.0,Multiplicity:1.00
-nan	-nan	-nan	-nan
-nan	-nan	-nan	-nan
-nan	-nan	-nan	-nan
-nan	-nan	-nan	-nan
-nan	-nan	-nan	-nan
-nan	-nan	-nan	-nan
-nan	-nan	-nan	-nan
-nan	-nan	-nan	-nan
-nan	-nan	-nan	-nan
-nan	-nan	-nan	-nan
-nan	-nan	-nan	-nan
-nan	-nan	-nan	-nan
>CAGCAG	1-CAGCAG	6.177716	-1781.913798	0	T:3121.0(51.85%),B:7253.3(17.87%),P:1e-773	Tpos:50.8,Tstd:14.7,Bpos:49.2,Bstd:40.3,StrandBias:3.5,Multiplicity:1.34
0.100	0.700	0.100	0.100
0.700	0.100	0.100	0.100
0.100	0.100	0.700	0.100
0.100	0.700	0.100	0.100
0.700	0.100	0.100	0.100
0.100	0.100	0.700	0.100
>MCATCA	2-MCATCA	4.931413	-276.399942	0	T:3276.0(54.43%),B:16039.6(39.51%),P:1e-120	Tpos:50.6,Tstd:27.2,Bpos:50.1,Bstd:32.8,StrandBias:0.9,Multiplicity:1.33
0.432	0.390	0.001	0.177
0.152	0.599	0.248	0.001
0.997	0.001	0.001	0.001
0.253	0.078	0.255	0.414
0.001	0.850	0.001	0.148
0.997	0.001	0.001	0.001
>TCTTCT	3-TCTTCT	2.554377	-79.908229	0	T:2643.0(43.91%),B:14673.3(36.15%),P:1e-34	Tpos:51.7,Tstd:26.7,Bpos:49.8,Bstd:33.2,StrandBias:-0.7,Multiplicity:1.52
0.001	0.058	0.001	0.940
0.001	0.997	0.001	0.001
0.001	0.001	0.001	0.997
0.001	0.058	0.001	0.940
0.001	0.942	0.050	0.007
0.001	0.001	0.001	0.997
>CCGCCG	4-CCGCCG	5.949234	-59.035720	0	T:1729.0(28.73%),B:9275.4(22.85%),P:1e-25	Tpos:51.3,Tstd:27.4,Bpos:49.4,Bstd:32.1,StrandBias:-0.2,Multiplicity:1.51
0.001	0.997	0.001	0.001
0.001	0.758	0.240	0.001
0.001	0.001	0.997	0.001
0.001	0.997	0.001	0.001
0.001	0.777	0.097	0.125
0.001	0.001	0.997	0.001
>TATACA	5-TATACA	3.959937	-47.489250	0	T:460.0(7.64%),B:1959.5(4.83%),P:1e-20	Tpos:36.0,Tstd:25.4,Bpos:50.9,Bstd:30.7,StrandBias:0.3,Multiplicity:1.22
0.001	0.001	0.001	0.997
0.997	0.001	0.001	0.001
0.001	0.001	0.001	0.997
0.997	0.001	0.001	0.001
0.013	0.928	0.001	0.058
0.997	0.001	0.001	0.001
>TARTAW	6-TARTAW	5.483149	-37.235013	0	T:599.0(9.95%),B:2866.8(7.06%),P:1e-16	Tpos:46.6,Tstd:28.5,Bpos:49.3,Bstd:30.7,StrandBias:-0.1,Multiplicity:1.18
0.077	0.001	0.001	0.921
0.946	0.001	0.001	0.052
0.320	0.088	0.418	0.175
0.001	0.001	0.001	0.997
0.914	0.084	0.001	0.001
0.281	0.152	0.177	0.389
>GAGAGA	7-GAGAGA	5.861161	-36.073997	0	T:1007.0(16.73%),B:5303.5(13.06%),P:1e-15	Tpos:53.5,Tstd:27.4,Bpos:49.9,Bstd:31.1,StrandBias:0.4,Multiplicity:1.10
0.001	0.001	0.997	0.001
0.611	0.387	0.001	0.001
0.001	0.001	0.997	0.001
0.856	0.001	0.001	0.142
0.001	0.001	0.997	0.001
0.997	0.001	0.001	0.001
>GGGGGG	8-GGGGGG	4.579228	-28.232401	0	T:2395.0(39.79%),B:14354.3(35.36%),P:1e-12	Tpos:51.4,Tstd:27.9,Bpos:50.1,Bstd:30.4,StrandBias:-0.3,Multiplicity:1.38
0.001	0.001	0.997	0.001
0.001	0.166	0.832	0.001
0.091	0.250	0.560	0.099
0.001	0.127	0.821	0.051
0.067	0.001	0.931	0.001
0.067	0.001	0.899	0.033
>CACCAC	9-CACCAC	6.177716	-25.619186	0	T:614.0(10.20%),B:3153.0(7.77%),P:1e-11	Tpos:52.9,Tstd:27.4,Bpos:49.4,Bstd:31.3,StrandBias:1.0,Multiplicity:1.24
0.100	0.700	0.100	0.100
0.700	0.100	0.100	0.100
0.100	0.700	0.100	0.100
0.100	0.700	0.100	0.100
0.700	0.100	0.100	0.100
0.100	0.700	0.100	0.100
>TCGTCG	10-TCGTCG	6.732525	-25.446071	0	T:888.0(14.75%),B:4812.2(11.85%),P:1e-11	Tpos:51.7,Tstd:29.0,Bpos:49.7,Bstd:29.4,StrandBias:-0.3,Multiplicity:1.24
0.001	0.001	0.001	0.997
0.001	0.997	0.001	0.001
0.001	0.001	0.997	0.001
0.001	0.001	0.001	0.997
0.001	0.997	0.001	0.001
0.001	0.001	0.790	0.208
>CAGCAGGA	1-CAGCAGGA	8.765416	-1971.950432	0	T:1689.0(28.06%),B:1705.6(4.20%),P:1e-856	Tpos:51.9,Tstd:9.6,Bpos:48.6,Bstd:39.5,StrandBias:4.8,Multiplicity:1.04
0.001	0.997	0.001	0.001
0.997	0.001	0.001	0.001
0.001	0.001	0.997	0.001
0.001	0.986	0.012	0.001
0.997	0.001	0.001	0.001
0.001	0.001	0.994	0.004
0.033	0.145	0.821	0.001
0.527	0.123	0.305	0.045
>AGCAGCAG	2-AGCAGCAG	5.565553	-1301.629785	0	T:3021.0(50.19%),B:8344.1(20.55%),P:1e-565	Tpos:50.9,Tstd:18.9,Bpos:49.6,Bstd:38.9,StrandBias:2.6,Multiplicity:1.15
0.770	0.038	0.095	0.097
0.075	0.056	0.845	0.024
0.001	0.997	0.001	0.001
0.997	0.001	0.001	0.001
0.001	0.022	0.976	0.001
0.022	0.922	0.026	0.030
0.981	0.001	0.017	0.001
0.033	0.050	0.854	0.063
>CCAGCAGA	3-CCAGCAGA	4.098432	-1148.492025	0	T:1507.0(25.04%),B:2411.2(5.94%),P:1e-498	Tpos:52.2,Tstd:17.0,Bpos:50.3,Bstd:37.2,StrandBias:2.9,Multiplicity:1.01
0.049	0.933	0.001	0.017
0.001	0.997	0.001	0.001
0.997	0.001	0.001	0.001
0.001	0.001	0.997	0.001
0.001	0.997	0.001	0.001
0.997	0.001	0.001	0.001
0.001	0.001	0.997	0.001
0.936	0.001	0.062	0.001
>GTGGTGTT	4-GTGGTGTT	4.958661	-95.819717	0	T:1525.0(25.34%),B:7414.7(18.27%),P:1e-41	Tpos:51.3,Tstd:27.0,Bpos:49.3,Bstd:30.3,StrandBias:-1.0,Multiplicity:1.17
0.031	0.070	0.768	0.131
0.054	0.062	0.054	0.830
0.080	0.055	0.709	0.156
0.044	0.104	0.733	0.119
0.042	0.123	0.081	0.754
0.077	0.014	0.870	0.039
0.132	0.015	0.168	0.685
0.051	0.092	0.204	0.653
>GGAAGCGG	5-GGAAGCGG	6.585824	-69.824145	0	T:930.0(15.45%),B:4302.6(10.60%),P:1e-30	Tpos:52.9,Tstd:27.1,Bpos:49.9,Bstd:33.1,StrandBias:0.0,Multiplicity:1.09
0.041	0.077	0.843	0.039
0.029	0.026	0.928	0.017
0.725	0.135	0.139	0.001
0.792	0.039	0.168	0.001
0.001	0.050	0.933	0.016
0.037	0.942	0.001	0.020
0.048	0.025	0.926	0.001
0.001	0.001	0.968	0.030
>TCGTCGTC	6-TCGTCGTC	6.402366	-69.776253	0	T:865.0(14.37%),B:3934.7(9.69%),P:1e-30	Tpos:51.4,Tstd:28.2,Bpos:50.0,Bstd:30.4,StrandBias:-0.3,Multiplicity:1.12
0.001	0.091	0.001	0.907
0.202	0.753	0.044	0.001
0.032	0.275	0.618	0.075
0.001	0.001	0.185	0.813
0.090	0.908	0.001	0.001
0.034	0.255	0.476	0.235
0.001	0.174	0.034	0.791
0.125	0.546	0.163	0.166
>SGCSGCSG	7-SGCSGCSG	6.491899	-68.665555	0	T:914.0(15.19%),B:4226.7(10.41%),P:1e-29	Tpos:51.5,Tstd:27.2,Bpos:49.5,Bstd:29.4,StrandBias:-0.0,Multiplicity:1.17
0.052	0.498	0.433	0.018
0.052	0.225	0.722	0.001
0.088	0.778	0.133	0.001
0.001	0.485	0.458	0.056
0.103	0.048	0.822	0.027
0.098	0.819	0.082	0.001
0.019	0.514	0.466	0.001
0.192	0.001	0.759	0.048
>TATATATA	8-TATATATA	5.982107	-55.851865	0	T:228.0(3.79%),B:721.9(1.78%),P:1e-24	Tpos:33.5,Tstd:23.5,Bpos:52.6,Bstd:31.6,StrandBias:0.0,Multiplicity:1.04
0.117	0.172	0.106	0.605
0.638	0.148	0.118	0.096
0.041	0.095	0.052	0.812
0.829	0.070	0.038	0.063
0.056	0.167	0.030	0.747
0.903	0.037	0.022	0.038
0.090	0.157	0.046	0.707
0.762	0.109	0.063	0.066
>ACRAGAAG	9-ACRAGAAG	7.707236	-43.327073	0	T:456.0(7.58%),B:1984.5(4.89%),P:1e-18	Tpos:53.4,Tstd:26.7,Bpos:49.6,Bstd:33.3,StrandBias:0.8,Multiplicity:1.05
0.451	0.012	0.274	0.263
0.001	0.578	0.420	0.001
0.373	0.063	0.466	0.097
0.987	0.001	0.011	0.001
0.001	0.001	0.995	0.003
0.828	0.170	0.001	0.001
0.888	0.001	0.110	0.001
0.074	0.096	0.829	0.001
>GAGAGAGA	10-GAGAGAGA	7.178350	-41.332259	0	T:346.0(5.75%),B:1416.7(3.49%),P:1e-17	Tpos:56.0,Tstd:25.5,Bpos:50.3,Bstd:32.8,StrandBias:0.8,Multiplicity:1.03
0.198	0.018	0.762	0.022
0.888	0.071	0.022	0.019
0.001	0.001	0.986	0.012
0.882	0.070	0.001	0.047
0.001	0.016	0.936	0.047
0.985	0.001	0.001	0.013
0.029	0.022	0.874	0.075
0.840	0.025	0.094	0.041
>TAATTATW	11-TAATTATW	4.545574	-39.968701	0	T:719.0(11.95%),B:3517.6(8.67%),P:1e-17	Tpos:45.3,Tstd:29.9,Bpos:49.3,Bstd:28.9,StrandBias:-0.1,Multiplicity:1.18
0.176	0.094	0.088	0.642
0.656	0.001	0.008	0.335
0.676	0.016	0.241	0.067
0.025	0.159	0.053	0.763
0.292	0.119	0.001	0.588
0.832	0.001	0.001	0.166
0.110	0.152	0.167	0.571
0.447	0.134	0.013	0.406
>ACGAGACG	12-ACGAGACG	6.244951	-35.785260	0	T:412.0(6.84%),B:1833.6(4.52%),P:1e-15	Tpos:49.9,Tstd:29.5,Bpos:49.8,Bstd:28.4,StrandBias:0.2,Multiplicity:1.06
0.972	0.001	0.001	0.026
0.001	0.940	0.058	0.001
0.034	0.046	0.919	0.001
0.860	0.050	0.065	0.025
0.152	0.029	0.631	0.188
0.818	0.035	0.124	0.023
0.001	0.962	0.001	0.036
0.001	0.024	0.974	0.001
>ACTACTAC	13-ACTACTAC	7.803370	-32.305567	0	T:144.0(2.39%),B:477.3(1.18%),P:1e-14	Tpos:52.0,Tstd:26.9,Bpos:51.7,Bstd:30.3,StrandBias:0.7,Multiplicity:1.01
0.720	0.066	0.123	0.091
0.032	0.904	0.063	0.001
0.001	0.001	0.051	0.947
0.997	0.001	0.001	0.001
0.001	0.997	0.001	0.001
0.001	0.001	0.071	0.927
0.912	0.001	0.086	0.001
0.001	0.765	0.150	0.084
>TCATCTTG	14-TCATCTTG	6.666089	-28.179496	0	T:134.0(2.23%),B:457.1(1.13%),P:1e-12	Tpos:50.4,Tstd:27.5,Bpos:50.8,Bstd:30.9,StrandBias:-0.9,Multiplicity:1.00
0.001	0.001	0.001	0.997
0.001	0.997	0.001	0.001
0.997	0.001	0.001	0.001
0.001	0.001	0.001	0.997
0.001	0.949	0.049	0.001
0.001	0.249	0.001	0.749
0.001	0.001	0.001	0.997
0.001	0.001	0.997	0.001
>AATTCCCC	15-AATTCCCC	8.736640	-19.068697	0	T:54.0(0.90%),B:148.4(0.37%),P:1e-8	Tpos:49.1,Tstd:27.2,Bpos:49.7,Bstd:29.1,StrandBias:0.9,Multiplicity:1.00
0.997	0.001	0.001	0.001
0.834	0.001	0.164	0.001
0.001	0.001	0.001	0.997
0.001	0.001	0.001	0.997
0.116	0.882	0.001	0.001
0.001	0.997	0.001	0.001
0.001	0.997	0.001	0.001
0.001	0.997	0.001	0.001
>TTTCTAGT	16-TTTCTAGT	9.354524	-17.903373	0	T:33.0(0.55%),B:71.0(0.17%),P:1e-7	Tpos:50.1,Tstd:27.1,Bpos:50.7,Bstd:31.1,StrandBias:-0.5,Multiplicity:1.00
0.001	0.001	0.001	0.997
0.001	0.001	0.001	0.997
0.180	0.001	0.001	0.818
0.001	0.997	0.001	0.001
0.001	0.001	0.001	0.997
0.997	0.001	0.001	0.001
0.001	0.001	0.997	0.001
0.001	0.001	0.001	0.997
>CTATAAAT	17-CTATAAAT	8.982633	-15.805162	0	T:60.0(1.00%),B:191.0(0.47%),P:1e-6	Tpos:35.4,Tstd:26.0,Bpos:50.0,Bstd:28.7,StrandBias:1.6,Multiplicity:1.03
0.001	0.707	0.001	0.291
0.001	0.001	0.001	0.997
0.997	0.001	0.001	0.001
0.001	0.001	0.001	0.997
0.997	0.001	0.001	0.001
0.997	0.001	0.001	0.001
0.772	0.052	0.175	0.001
0.001	0.001	0.001	0.997
>CCAGCGGG	18-CCAGCGGG	8.236954	-15.509801	0	T:50.0(0.83%),B:148.7(0.37%),P:1e-6	Tpos:53.0,Tstd:21.7,Bpos:50.7,Bstd:28.3,StrandBias:1.0,Multiplicity:1.00
0.100	0.700	0.100	0.100
0.100	0.700	0.100	0.100
0.700	0.100	0.100	0.100
0.100	0.100	0.700	0.100
0.100	0.700	0.100	0.100
0.100	0.100	0.700	0.100
0.100	0.100	0.700	0.100
0.100	0.100	0.700	0.100
>TAGCTAGC	19-TAGCTAGC	8.681238	-9.817307	0	T:99.0(1.64%),B:440.6(1.09%),P:1e-4	Tpos:47.1,Tstd:28.9,Bpos:47.4,Bstd:34.3,StrandBias:0.0,Multiplicity:1.17
0.001	0.001	0.001	0.997
0.997	0.001	0.001	0.001
0.001	0.001	0.863	0.135
0.001	0.997	0.001	0.001
0.001	0.001	0.001	0.997
0.997	0.001	0.001	0.001
0.001	0.001	0.997	0.001
0.085	0.678	0.122	0.115
