>RGCAGCAGGR	1-RGCAGCAGGR	4.750526	-2015.126009	0	T:1759.0(29.26%),B:1839.6(4.52%),P:1e-875	Tpos:51.2,Tstd:9.7,Bpos:51.0,Bstd:37.6,StrandBias:4.8,Multiplicity:1.04
0.399	0.098	0.275	0.228
0.226	0.222	0.494	0.057
0.001	0.997	0.001	0.001
0.997	0.001	0.001	0.001
0.001	0.001	0.997	0.001
0.001	0.997	0.001	0.001
0.997	0.001	0.001	0.001
0.001	0.001	0.997	0.001
0.001	0.001	0.997	0.001
0.489	0.053	0.457	0.001
>VCAGCAGMAR	2-VCAGCAGMAR	7.675694	-549.653219	0	T:1370.0(22.79%),B:3526.0(8.66%),P:1e-238	Tpos:50.8,Tstd:16.4,Bpos:51.3,Bstd:38.6,StrandBias:3.1,Multiplicity:1.06
0.313	0.321	0.306	0.060
0.030	0.906	0.063	0.001
0.839	0.028	0.056	0.077
0.108	0.085	0.745	0.062
0.001	0.997	0.001	0.001
0.997	0.001	0.001	0.001
0.001	0.001	0.997	0.001
0.452	0.463	0.001	0.084
0.623	0.001	0.375	0.001
0.424	0.072	0.431	0.072
>AGGAGGAGGA	3-AGGAGGAGGA	5.794306	-325.794995	0	T:2260.0(37.59%),B:9364.7(23.00%),P:1e-141	Tpos:53.7,Tstd:25.3,Bpos:50.0,Bstd:33.2,StrandBias:0.7,Multiplicity:1.22
0.857	0.001	0.088	0.054
0.261	0.132	0.606	0.001
0.143	0.219	0.604	0.034
0.933	0.016	0.033	0.018
0.254	0.216	0.529	0.001
0.242	0.178	0.579	0.001
0.654	0.003	0.279	0.064
0.303	0.158	0.538	0.001
0.223	0.060	0.716	0.001
0.665	0.059	0.131	0.145
>TGGTGKTGGT	4-TGGTGKTGGT	5.517806	-126.900946	0	T:1038.0(17.27%),B:4292.5(10.54%),P:1e-55	Tpos:50.5,Tstd:27.1,Bpos:49.9,Bstd:29.6,StrandBias:-1.4,Multiplicity:1.10
0.098	0.037	0.282	0.583
0.111	0.129	0.619	0.141
0.070	0.193	0.563	0.174
0.045	0.012	0.349	0.594
0.080	0.016	0.704	0.200
0.104	0.150	0.326	0.420
0.011	0.115	0.284	0.590
0.014	0.128	0.723	0.135
0.123	0.088	0.505	0.284
0.162	0.019	0.283	0.536
>CAGCAGGTGA	5-CAGCAGGTGA	8.406421	-103.323097	0	T:205.0(3.41%),B:431.8(1.06%),P:1e-44	Tpos:51.3,Tstd:18.2,Bpos:51.7,Bstd:37.5,StrandBias:2.0,Multiplicity:1.01
0.001	0.970	0.028	0.001
0.970	0.001	0.001	0.028
0.001	0.019	0.979	0.001
0.001	0.997	0.001	0.001
0.890	0.001	0.075	0.034
0.001	0.013	0.954	0.032
0.001	0.066	0.863	0.070
0.001	0.001	0.001	0.997
0.001	0.216	0.782	0.001
0.771	0.067	0.146	0.016
>CSGCGGCGGC	6-CSGCGGCGGC	6.387439	-82.401362	0	T:1359.0(22.60%),B:6650.0(16.33%),P:1e-35	Tpos:51.8,Tstd:26.8,Bpos:49.7,Bstd:29.7,StrandBias:0.1,Multiplicity:1.30
0.071	0.765	0.094	0.070
0.012	0.415	0.536	0.037
0.034	0.263	0.596	0.107
0.001	0.982	0.016	0.001
0.031	0.373	0.591	0.005
0.015	0.246	0.705	0.034
0.007	0.867	0.120	0.006
0.124	0.278	0.576	0.022
0.036	0.219	0.673	0.072
0.018	0.805	0.164	0.013
>MASMAGGTMY	7-MASMAGGTMY	6.181731	-66.772767	0	T:82.0(1.36%),B:116.5(0.29%),P:1e-28	Tpos:54.8,Tstd:21.0,Bpos:51.7,Bstd:31.0,StrandBias:0.8,Multiplicity:1.00
0.284	0.428	0.085	0.204
0.690	0.004	0.003	0.303
0.227	0.271	0.385	0.118
0.309	0.446	0.094	0.151
0.457	0.060	0.196	0.287
0.108	0.007	0.548	0.337
0.057	0.094	0.532	0.317
0.186	0.003	0.138	0.673
0.430	0.293	0.101	0.176
0.006	0.347	0.236	0.411
>GTCGTCGTCG	8-GTCGTCGTCG	7.595891	-51.308258	0	T:170.0(2.83%),B:490.2(1.20%),P:1e-22	Tpos:52.8,Tstd:30.1,Bpos:49.7,Bstd:29.0,StrandBias:-0.5,Multiplicity:1.06
0.321	0.022	0.643	0.014
0.197	0.013	0.242	0.548
0.263	0.677	0.016	0.044
0.182	0.088	0.656	0.074
0.040	0.018	0.203	0.739
0.080	0.621	0.243	0.056
0.085	0.155	0.621	0.139
0.207	0.120	0.086	0.587
0.015	0.641	0.211	0.133
0.018	0.227	0.513	0.242
>KKGTSTGYTG	9-KKGTSTGYTG	6.758503	-48.220822	0	T:160.0(2.66%),B:462.5(1.14%),P:1e-20	Tpos:52.6,Tstd:19.7,Bpos:47.3,Bstd:35.7,StrandBias:-2.9,Multiplicity:1.03
0.034	0.149	0.337	0.481
0.014	0.015	0.536	0.435
0.046	0.253	0.459	0.241
0.019	0.142	0.275	0.564
0.010	0.517	0.448	0.025
0.217	0.132	0.023	0.628
0.175	0.174	0.449	0.202
0.122	0.363	0.142	0.374
0.180	0.173	0.019	0.628
0.016	0.167	0.799	0.018
>TWGHAGTAGT	10-TWGHAGTAGT	7.152387	-44.488231	0	T:258.0(4.29%),B:943.2(2.32%),P:1e-19	Tpos:49.1,Tstd:26.1,Bpos:53.5,Bstd:31.1,StrandBias:0.4,Multiplicity:1.01
0.153	0.056	0.312	0.479
0.444	0.084	0.001	0.471
0.001	0.292	0.706	0.001
0.245	0.379	0.059	0.318
0.613	0.277	0.001	0.109
0.001	0.016	0.854	0.129
0.001	0.240	0.215	0.544
0.997	0.001	0.001	0.001
0.076	0.001	0.803	0.120
0.001	0.041	0.001	0.957
>WATAATATAM	11-WATAATATAM	5.648739	-40.439942	0	T:395.0(6.57%),B:1693.9(4.16%),P:1e-17	Tpos:44.4,Tstd:29.3,Bpos:48.8,Bstd:28.7,StrandBias:0.1,Multiplicity:1.14
0.429	0.001	0.001	0.569
0.664	0.234	0.001	0.101
0.060	0.161	0.001	0.778
0.623	0.001	0.001	0.375
0.604	0.057	0.186	0.153
0.187	0.001	0.001	0.811
0.735	0.001	0.001	0.263
0.201	0.254	0.009	0.536
0.635	0.085	0.001	0.279
0.390	0.264	0.159	0.187
>TATATATATA	12-TATATATATA	7.761155	-40.035938	0	T:76.0(1.26%),B:158.6(0.39%),P:1e-17	Tpos:34.1,Tstd:23.7,Bpos:49.9,Bstd:28.3,StrandBias:0.0,Multiplicity:1.01
0.073	0.070	0.057	0.800
0.675	0.049	0.177	0.099
0.067	0.061	0.062	0.810
0.809	0.032	0.112	0.047
0.024	0.084	0.067	0.825
0.859	0.034	0.046	0.061
0.063	0.064	0.094	0.779
0.896	0.034	0.035	0.035
0.048	0.085	0.064	0.803
0.748	0.100	0.119	0.033
>TCTCTCGCTG	13-TCTCTCGCTG	8.254796	-37.932281	0	T:85.0(1.41%),B:198.0(0.49%),P:1e-16	Tpos:53.0,Tstd:28.1,Bpos:50.0,Bstd:29.4,StrandBias:-0.6,Multiplicity:1.01
0.144	0.225	0.001	0.630
0.235	0.523	0.117	0.125
0.007	0.001	0.181	0.811
0.019	0.787	0.167	0.027
0.098	0.268	0.001	0.633
0.218	0.772	0.009	0.001
0.005	0.008	0.838	0.149
0.001	0.733	0.028	0.238
0.121	0.244	0.108	0.527
0.066	0.227	0.538	0.169
>TTGGGGAATT	14-TTGGGGAATT	9.713919	-36.993408	0	T:34.0(0.57%),B:36.2(0.09%),P:1e-16	Tpos:50.0,Tstd:28.2,Bpos:42.4,Bstd:29.3,StrandBias:-2.1,Multiplicity:1.00
0.193	0.042	0.021	0.744
0.162	0.001	0.042	0.795
0.001	0.042	0.929	0.028
0.001	0.041	0.957	0.001
0.001	0.001	0.997	0.001
0.021	0.001	0.936	0.042
0.997	0.001	0.001	0.001
0.874	0.029	0.029	0.068
0.001	0.098	0.013	0.888
0.001	0.001	0.028	0.970
>AGACGAGACG	15-AGACGAGACG	9.463504	-30.911929	0	T:52.0(0.86%),B:100.8(0.25%),P:1e-13	Tpos:47.1,Tstd:27.5,Bpos:45.9,Bstd:24.3,StrandBias:-0.8,Multiplicity:1.06
0.963	0.001	0.035	0.001
0.027	0.001	0.971	0.001
0.890	0.001	0.068	0.041
0.028	0.837	0.134	0.001
0.041	0.026	0.892	0.041
0.870	0.088	0.041	0.001
0.040	0.001	0.958	0.001
0.910	0.001	0.088	0.001
0.001	0.897	0.101	0.001
0.001	0.001	0.997	0.001
>ACACACACAC	16-ACACACACAC	7.042830	-30.316968	0	T:183.0(3.04%),B:682.5(1.68%),P:1e-13	Tpos:51.9,Tstd:26.8,Bpos:48.3,Bstd:30.3,StrandBias:1.2,Multiplicity:1.03
0.793	0.031	0.099	0.077
0.035	0.828	0.069	0.068
0.766	0.063	0.119	0.052
0.055	0.835	0.050	0.060
0.783	0.033	0.103	0.081
0.073	0.780	0.065	0.082
0.781	0.063	0.106	0.050
0.097	0.781	0.083	0.039
0.816	0.046	0.057	0.081
0.048	0.839	0.063	0.050
>CTACTACTAC	17-CTACTACTAC	6.780838	-30.019987	0	T:254.0(4.22%),B:1050.7(2.58%),P:1e-13	Tpos:50.7,Tstd:27.8,Bpos:49.3,Bstd:28.8,StrandBias:0.5,Multiplicity:1.04
0.068	0.791	0.086	0.055
0.058	0.102	0.074	0.766
0.802	0.052	0.077	0.069
0.029	0.816	0.095	0.060
0.077	0.065	0.060	0.798
0.797	0.078	0.038	0.087
0.020	0.855	0.058	0.067
0.065	0.082	0.051	0.802
0.792	0.092	0.068	0.048
0.032	0.785	0.081	0.102
>GATCGATCGA	18-GATCGATCGA	6.014511	-28.839432	0	T:279.0(4.64%),B:1196.2(2.94%),P:1e-12	Tpos:51.3,Tstd:27.9,Bpos:51.1,Bstd:26.4,StrandBias:-0.1,Multiplicity:1.02
0.142	0.094	0.540	0.224
0.546	0.154	0.268	0.032
0.021	0.160	0.090	0.729
0.088	0.661	0.183	0.068
0.084	0.016	0.787	0.113
0.867	0.028	0.064	0.041
0.008	0.055	0.118	0.819
0.105	0.751	0.078	0.066
0.270	0.082	0.565	0.083
0.640	0.098	0.101	0.161
>TGATCATGTT	19-TGATCATGTT	10.742134	-27.723653	0	T:14.0(0.23%),B:6.7(0.02%),P:1e-12	Tpos:37.9,Tstd:27.7,Bpos:45.7,Bstd:26.0,StrandBias:0.8,Multiplicity:1.00
0.001	0.001	0.001	0.997
0.001	0.001	0.997	0.001
0.997	0.001	0.001	0.001
0.001	0.001	0.001	0.997
0.001	0.997	0.001	0.001
0.997	0.001	0.001	0.001
0.001	0.065	0.001	0.933
0.001	0.001	0.933	0.065
0.001	0.001	0.001	0.997
0.001	0.255	0.001	0.743
>GTTTCTTTAC	20-GTTTCTTTAC	11.168513	-27.575595	0	T:10.0(0.17%),B:2.9(0.01%),P:1e-11	Tpos:37.1,Tstd:26.1,Bpos:68.4,Bstd:6.8,StrandBias:2.0,Multiplicity:1.00
0.001	0.001	0.997	0.001
0.001	0.001	0.001	0.997
0.075	0.001	0.001	0.923
0.001	0.001	0.001	0.997
0.001	0.923	0.075	0.001
0.001	0.001	0.001	0.997
0.001	0.001	0.001	0.997
0.001	0.001	0.001	0.997
0.997	0.001	0.001	0.001
0.001	0.997	0.001	0.001
>ATTGGRAGAY	21-ATTGGRAGAY	11.188956	-27.521442	0	T:19.0(0.32%),B:14.3(0.04%),P:1e-11	Tpos:50.4,Tstd:31.1,Bpos:51.6,Bstd:31.6,StrandBias:-0.2,Multiplicity:1.00
0.886	0.001	0.112	0.001
0.001	0.001	0.383	0.615
0.001	0.001	0.234	0.764
0.001	0.041	0.957	0.001
0.001	0.001	0.997	0.001
0.538	0.001	0.460	0.001
0.997	0.001	0.001	0.001
0.001	0.001	0.997	0.001
0.997	0.001	0.001	0.001
0.001	0.523	0.001	0.475
>AATGGATGGT	22-AATGGATGGT	10.538184	-23.446318	0	T:15.0(0.25%),B:10.5(0.03%),P:1e-10	Tpos:48.6,Tstd:31.6,Bpos:45.3,Bstd:26.8,StrandBias:0.0,Multiplicity:1.00
0.813	0.185	0.001	0.001
0.997	0.001	0.001	0.001
0.001	0.001	0.001	0.997
0.081	0.081	0.837	0.001
0.001	0.001	0.997	0.001
0.997	0.001	0.001	0.001
0.001	0.001	0.001	0.997
0.001	0.001	0.997	0.001
0.001	0.054	0.944	0.001
0.001	0.001	0.001	0.997
>AACGAAAATA	23-AACGAAAATA	10.646463	-18.947857	0	T:15.0(0.25%),B:14.8(0.04%),P:1e-8	Tpos:46.1,Tstd:30.9,Bpos:52.1,Bstd:28.5,StrandBias:0.2,Multiplicity:1.00
0.997	0.001	0.001	0.001
0.997	0.001	0.001	0.001
0.001	0.997	0.001	0.001
0.001	0.067	0.931	0.001
0.997	0.001	0.001	0.001
0.997	0.001	0.001	0.001
0.931	0.001	0.001	0.067
0.931	0.067	0.001	0.001
0.001	0.262	0.034	0.703
0.997	0.001	0.001	0.001
>AGCGGAAAAA	24-AGCGGAAAAA	10.296193	-17.323411	0	T:7.0(0.12%),B:2.1(0.01%),P:1e-7	Tpos:44.0,Tstd:11.6,Bpos:39.2,Bstd:10.9,StrandBias:2.6,Multiplicity:1.00
0.700	0.100	0.100	0.100
0.100	0.100	0.700	0.100
0.100	0.700	0.100	0.100
0.100	0.100	0.700	0.100
0.100	0.100	0.700	0.100
0.700	0.100	0.100	0.100
0.700	0.100	0.100	0.100
0.700	0.100	0.100	0.100
0.700	0.100	0.100	0.100
0.700	0.100	0.100	0.100
>TGCGGTTGGC	25-TGCGGTTGGC	10.296193	-16.198826	0	T:9.0(0.15%),B:5.5(0.01%),P:1e-7	Tpos:60.6,Tstd:19.8,Bpos:60.0,Bstd:18.2,StrandBias:-1.0,Multiplicity:1.00
0.100	0.100	0.100	0.700
0.100	0.100	0.700	0.100
0.100	0.700	0.100	0.100
0.100	0.100	0.700	0.100
0.100	0.100	0.700	0.100
0.100	0.100	0.100	0.700
0.100	0.100	0.100	0.700
0.100	0.100	0.700	0.100
0.100	0.100	0.700	0.100
0.100	0.700	0.100	0.100
>GCAGCAGCAGGR	1-GCAGCAGCAGGR	6.488073	-1270.217651	0	T:3105.0(51.65%),B:8932.7(21.94%),P:1e-551	Tpos:51.0,Tstd:15.1,Bpos:50.9,Bstd:37.0,StrandBias:3.0,Multiplicity:1.23
0.213	0.239	0.400	0.148
0.175	0.538	0.189	0.098
0.536	0.122	0.194	0.148
0.151	0.146	0.657	0.046
0.001	0.912	0.086	0.001
0.997	0.001	0.001	0.001
0.001	0.001	0.997	0.001
0.001	0.651	0.347	0.001
0.808	0.002	0.185	0.005
0.169	0.075	0.687	0.069
0.176	0.269	0.514	0.041
0.403	0.185	0.344	0.069
>CTCCTCCTGCTS	2-CTCCTCCTGCTS	5.840049	-626.542327	0	T:2889.0(48.05%),B:10869.3(26.70%),P:1e-272	Tpos:52.2,Tstd:25.3,Bpos:50.0,Bstd:33.1,StrandBias:-0.6,Multiplicity:1.19
0.054	0.527	0.168	0.251
0.073	0.171	0.176	0.580
0.011	0.671	0.123	0.195
0.023	0.699	0.090	0.188
0.106	0.098	0.155	0.641
0.016	0.737	0.074	0.173
0.020	0.838	0.027	0.115
0.120	0.096	0.107	0.677
0.011	0.331	0.488	0.170
0.021	0.936	0.018	0.025
0.086	0.110	0.072	0.732
0.076	0.354	0.428	0.141
>NNCWCAGCAGGV	3-NNCWCAGCAGGV	8.235071	-497.884936	0	T:499.0(8.30%),B:562.8(1.38%),P:1e-216	Tpos:51.7,Tstd:15.7,Bpos:50.0,Bstd:34.7,StrandBias:3.2,Multiplicity:1.00
0.300	0.157	0.298	0.245
0.197	0.205	0.267	0.331
0.009	0.471	0.273	0.247
0.318	0.259	0.001	0.422
0.009	0.955	0.017	0.019
0.767	0.005	0.191	0.037
0.023	0.233	0.730	0.014
0.179	0.797	0.019	0.005
0.939	0.014	0.014	0.033
0.019	0.014	0.785	0.182
0.295	0.152	0.530	0.023
0.284	0.264	0.323	0.129
>ACCAGCAGCARA	4-ACCAGCAGCARA	8.126556	-299.793026	0	T:798.0(13.27%),B:2067.6(5.08%),P:1e-130	Tpos:51.0,Tstd:23.6,Bpos:49.9,Bstd:38.7,StrandBias:1.9,Multiplicity:1.02
0.425	0.274	0.086	0.215
0.251	0.423	0.185	0.141
0.017	0.879	0.001	0.103
0.964	0.001	0.001	0.034
0.034	0.001	0.934	0.031
0.099	0.842	0.001	0.058
0.990	0.001	0.001	0.008
0.106	0.078	0.717	0.099
0.092	0.751	0.009	0.148
0.931	0.008	0.001	0.060
0.417	0.177	0.397	0.010
0.426	0.110	0.224	0.241
>TCAGCAGGTCCG	5-TCAGCAGGTCCG	9.890835	-133.874565	0	T:90.0(1.50%),B:58.0(0.14%),P:1e-58	Tpos:54.9,Tstd:12.0,Bpos:36.5,Bstd:28.4,StrandBias:3.9,Multiplicity:1.02
0.011	0.173	0.057	0.759
0.046	0.930	0.023	0.001
0.744	0.061	0.080	0.115
0.011	0.057	0.931	0.001
0.001	0.976	0.012	0.011
0.733	0.084	0.057	0.126
0.034	0.001	0.931	0.034
0.023	0.058	0.907	0.012
0.092	0.235	0.199	0.473
0.057	0.718	0.058	0.167
0.195	0.563	0.081	0.161
0.213	0.115	0.498	0.173
>GCAGCTGCAGCA	6-GCAGCTGCAGCA	10.344146	-89.382067	0	T:223.0(3.71%),B:546.6(1.34%),P:1e-38	Tpos:52.3,Tstd:22.7,Bpos:49.6,Bstd:35.8,StrandBias:0.9,Multiplicity:1.00
0.001	0.001	0.997	0.001
0.001	0.758	0.001	0.240
0.915	0.042	0.001	0.042
0.001	0.172	0.826	0.001
0.001	0.956	0.001	0.042
0.270	0.153	0.128	0.449
0.001	0.001	0.869	0.129
0.089	0.682	0.001	0.228
0.636	0.231	0.001	0.132
0.029	0.130	0.798	0.043
0.001	0.956	0.001	0.042
0.970	0.001	0.028	0.001
>CCAYCACCACCA	7-CCAYCACCACCA	9.392636	-88.486483	0	T:196.0(3.26%),B:445.3(1.09%),P:1e-38	Tpos:54.5,Tstd:26.9,Bpos:50.7,Bstd:31.2,StrandBias:1.4,Multiplicity:1.04
0.073	0.661	0.120	0.146
0.047	0.901	0.051	0.001
0.691	0.154	0.022	0.133
0.065	0.370	0.118	0.447
0.001	0.986	0.012	0.001
0.600	0.091	0.176	0.133
0.064	0.820	0.039	0.077
0.001	0.986	0.012	0.001
0.910	0.077	0.012	0.001
0.001	0.915	0.071	0.013
0.001	0.913	0.085	0.001
0.729	0.099	0.035	0.137
>TSCAGCAGTGRG	8-TSCAGCAGTGRG	10.462603	-75.258025	0	T:68.0(1.13%),B:68.3(0.17%),P:1e-32	Tpos:51.3,Tstd:10.3,Bpos:44.6,Bstd:41.2,StrandBias:2.7,Multiplicity:1.00
0.048	0.089	0.137	0.726
0.185	0.273	0.404	0.138
0.001	0.866	0.132	0.001
0.955	0.043	0.001	0.001
0.001	0.001	0.997	0.001
0.043	0.955	0.001	0.001
0.777	0.089	0.133	0.001
0.001	0.001	0.997	0.001
0.043	0.001	0.001	0.955
0.001	0.001	0.910	0.088
0.503	0.091	0.405	0.001
0.182	0.048	0.721	0.049
>BCGBCGBCGBCG	9-BCGBCGBCGBCG	6.944964	-74.307650	0	T:1086.0(18.06%),B:5159.9(12.67%),P:1e-32	Tpos:51.6,Tstd:27.6,Bpos:49.6,Bstd:27.3,StrandBias:0.0,Multiplicity:1.21
0.094	0.347	0.327	0.232
0.001	0.752	0.151	0.096
0.082	0.280	0.599	0.039
0.140	0.244	0.358	0.257
0.001	0.964	0.034	0.001
0.065	0.186	0.738	0.011
0.117	0.300	0.361	0.221
0.001	0.941	0.016	0.042
0.017	0.195	0.772	0.016
0.142	0.308	0.331	0.219
0.001	0.788	0.174	0.037
0.132	0.250	0.577	0.041
>AAGTCCCAACCC	10-AAGTCCCAACCC	7.465370	-48.599593	0	T:220.0(3.66%),B:731.9(1.80%),P:1e-21	Tpos:48.6,Tstd:26.4,Bpos:50.4,Bstd:27.6,StrandBias:1.4,Multiplicity:1.03
0.734	0.214	0.051	0.001
0.765	0.092	0.123	0.020
0.283	0.174	0.472	0.072
0.068	0.205	0.112	0.615
0.001	0.958	0.001	0.040
0.030	0.968	0.001	0.001
0.204	0.785	0.010	0.001
0.754	0.153	0.092	0.001
0.676	0.082	0.089	0.153
0.143	0.683	0.072	0.102
0.051	0.887	0.031	0.031
0.010	0.959	0.001	0.030
>GTATATATATAT	11-GTATATATATAT	7.294072	-47.737070	0	T:138.0(2.30%),B:371.3(0.91%),P:1e-20	Tpos:35.1,Tstd:25.4,Bpos:49.3,Bstd:26.2,StrandBias:-0.1,Multiplicity:1.01
0.154	0.156	0.446	0.243
0.138	0.166	0.175	0.521
0.465	0.138	0.212	0.185
0.074	0.041	0.041	0.844
0.636	0.097	0.189	0.078
0.001	0.046	0.018	0.935
0.580	0.051	0.143	0.226
0.096	0.014	0.001	0.889
0.776	0.001	0.182	0.041
0.055	0.189	0.037	0.719
0.708	0.051	0.111	0.130
0.133	0.005	0.111	0.751
>TCTTTACCCTAA	12-TCTTTACCCTAA	11.186748	-46.486711	0	T:15.0(0.25%),B:2.6(0.01%),P:1e-20	Tpos:38.1,Tstd:27.5,Bpos:42.3,Bstd:24.1,StrandBias:1.5,Multiplicity:1.00
0.117	0.001	0.001	0.881
0.001	0.765	0.117	0.117
0.235	0.117	0.001	0.647
0.001	0.001	0.001	0.997
0.001	0.001	0.117	0.881
0.881	0.001	0.117	0.001
0.001	0.997	0.001	0.001
0.235	0.724	0.040	0.001
0.235	0.647	0.001	0.117
0.001	0.001	0.234	0.764
0.881	0.117	0.001	0.001
0.997	0.001	0.001	0.001
>GCGGCAGCAGCA	13-GCGGCAGCAGCA	10.154835	-45.354769	0	T:156.0(2.59%),B:459.1(1.13%),P:1e-19	Tpos:52.0,Tstd:25.8,Bpos:52.9,Bstd:36.1,StrandBias:0.6,Multiplicity:1.00
0.001	0.001	0.997	0.001
0.084	0.874	0.001	0.041
0.001	0.001	0.916	0.082
0.001	0.001	0.875	0.123
0.041	0.876	0.082	0.001
0.637	0.111	0.169	0.083
0.062	0.041	0.773	0.124
0.129	0.801	0.001	0.069
0.675	0.173	0.069	0.083
0.089	0.066	0.844	0.001
0.041	0.917	0.001	0.041
0.726	0.021	0.084	0.169
>TATACAATTCAT	14-TATACAATTCAT	10.830550	-42.555534	0	T:14.0(0.23%),B:2.8(0.01%),P:1e-18	Tpos:43.4,Tstd:28.9,Bpos:54.2,Bstd:11.0,StrandBias:1.2,Multiplicity:1.00
0.078	0.039	0.078	0.805
0.843	0.001	0.078	0.078
0.001	0.001	0.156	0.842
0.687	0.157	0.078	0.078
0.120	0.759	0.001	0.120
0.958	0.001	0.039	0.002
0.958	0.039	0.001	0.002
0.001	0.039	0.039	0.921
0.039	0.118	0.235	0.608
0.039	0.844	0.039	0.078
0.996	0.001	0.001	0.002
0.159	0.041	0.001	0.799
>TCCAGCMVCAGG	15-TCCAGCMVCAGG	9.930090	-39.186730	0	T:105.0(1.75%),B:272.2(0.67%),P:1e-17	Tpos:44.8,Tstd:26.5,Bpos:53.0,Bstd:30.7,StrandBias:1.2,Multiplicity:1.00
0.001	0.021	0.286	0.692
0.001	0.852	0.001	0.146
0.001	0.882	0.116	0.001
0.642	0.168	0.189	0.001
0.109	0.001	0.889	0.001
0.207	0.568	0.224	0.001
0.438	0.325	0.236	0.001
0.264	0.331	0.384	0.021
0.147	0.851	0.001	0.001
0.692	0.001	0.031	0.276
0.059	0.001	0.939	0.001
0.001	0.001	0.997	0.001
>AAGAGAGAAGAG	16-AAGAGAGAAGAG	11.939721	-32.773862	0	T:26.0(0.43%),B:23.8(0.06%),P:1e-14	Tpos:51.8,Tstd:22.5,Bpos:49.6,Bstd:39.2,StrandBias:1.0,Multiplicity:1.04
0.972	0.001	0.026	0.001
0.912	0.086	0.001	0.001
0.001	0.001	0.997	0.001
0.827	0.086	0.086	0.001
0.001	0.058	0.940	0.001
0.912	0.001	0.001	0.086
0.001	0.001	0.997	0.001
0.797	0.001	0.201	0.001
0.912	0.086	0.001	0.001
0.001	0.001	0.997	0.001
0.827	0.086	0.086	0.001
0.001	0.001	0.912	0.086
>CTCCTGCKGATG	17-CTCCTGCKGATG	11.800345	-31.946300	0	T:34.0(0.57%),B:43.7(0.11%),P:1e-13	Tpos:55.7,Tstd:15.6,Bpos:46.0,Bstd:26.6,StrandBias:-0.8,Multiplicity:1.00
0.001	0.671	0.223	0.105
0.001	0.104	0.001	0.894
0.131	0.867	0.001	0.001
0.104	0.894	0.001	0.001
0.104	0.001	0.001	0.894
0.001	0.001	0.997	0.001
0.209	0.789	0.001	0.001
0.001	0.001	0.552	0.446
0.105	0.105	0.789	0.001
0.997	0.001	0.001	0.001
0.104	0.001	0.001	0.894
0.118	0.001	0.880	0.001
>ACACACACACGC	18-ACACACACACGC	7.826007	-30.213109	0	T:122.0(2.03%),B:390.1(0.96%),P:1e-13	Tpos:53.7,Tstd:27.3,Bpos:49.3,Bstd:28.4,StrandBias:1.3,Multiplicity:1.01
0.672	0.110	0.144	0.074
0.082	0.799	0.079	0.040
0.722	0.097	0.143	0.038
0.078	0.820	0.066	0.036
0.697	0.095	0.151	0.057
0.064	0.811	0.081	0.044
0.740	0.082	0.116	0.062
0.079	0.824	0.070	0.027
0.752	0.070	0.106	0.072
0.076	0.799	0.071	0.054
0.208	0.101	0.629	0.062
0.101	0.737	0.090	0.072
>TGGATTAAATAA	19-TGGATTAAATAA	13.657678	-30.175382	0	T:12.0(0.20%),B:4.0(0.01%),P:1e-13	Tpos:24.0,Tstd:26.4,Bpos:49.9,Bstd:10.6,StrandBias:2.3,Multiplicity:1.00
0.001	0.001	0.001	0.997
0.001	0.001	0.997	0.001
0.001	0.001	0.997	0.001
0.898	0.001	0.001	0.100
0.100	0.001	0.001	0.898
0.001	0.001	0.100	0.898
0.797	0.101	0.001	0.101
0.997	0.001	0.001	0.001
0.898	0.001	0.001	0.100
0.001	0.001	0.001	0.997
0.997	0.001	0.001	0.001
0.898	0.001	0.100	0.001
>GCTGCAGAAGAA	20-GCTGCAGAAGAA	12.136964	-29.799068	0	T:20.0(0.33%),B:14.9(0.04%),P:1e-12	Tpos:51.1,Tstd:26.4,Bpos:47.0,Bstd:37.6,StrandBias:1.0,Multiplicity:1.00
0.001	0.001	0.710	0.288
0.001	0.733	0.265	0.001
0.001	0.280	0.001	0.718
0.001	0.140	0.586	0.273
0.001	0.997	0.001	0.001
0.997	0.001	0.001	0.001
0.001	0.001	0.997	0.001
0.997	0.001	0.001	0.001
0.997	0.001	0.001	0.001
0.155	0.001	0.843	0.001
0.460	0.133	0.133	0.274
0.859	0.007	0.133	0.001
>ATCGATCGATCG	21-ATCGATCGATCG	10.284816	-25.937070	0	T:30.0(0.50%),B:42.4(0.10%),P:1e-11	Tpos:49.3,Tstd:29.3,Bpos:57.1,Bstd:19.0,StrandBias:-0.3,Multiplicity:1.00
0.547	0.209	0.243	0.001
0.001	0.173	0.206	0.620
0.001	0.790	0.036	0.173
0.001	0.092	0.906	0.001
0.964	0.001	0.034	0.001
0.001	0.068	0.001	0.930
0.001	0.997	0.001	0.001
0.140	0.092	0.733	0.035
0.723	0.001	0.275	0.001
0.001	0.068	0.001	0.930
0.001	0.721	0.209	0.069
0.105	0.070	0.618	0.207
>AGGATGTCCTTG	22-AGGATGTCCTTG	11.458610	-22.052816	0	T:16.0(0.27%),B:13.7(0.03%),P:1e-9	Tpos:62.4,Tstd:22.2,Bpos:48.5,Bstd:15.1,StrandBias:-1.1,Multiplicity:1.00
0.806	0.054	0.093	0.047
0.001	0.046	0.952	0.001
0.046	0.001	0.952	0.001
0.621	0.332	0.046	0.001
0.232	0.153	0.139	0.475
0.001	0.386	0.612	0.001
0.154	0.187	0.001	0.658
0.001	0.907	0.046	0.046
0.047	0.813	0.047	0.093
0.001	0.046	0.006	0.947
0.001	0.046	0.379	0.574
0.001	0.200	0.798	0.001
>TTCGTCCTCATC	23-TTCGTCCTCATC	11.779487	-17.218670	0	T:15.0(0.25%),B:16.1(0.04%),P:1e-7	Tpos:56.0,Tstd:30.9,Bpos:53.7,Bstd:15.4,StrandBias:-0.2,Multiplicity:1.13
0.117	0.001	0.133	0.749
0.001	0.001	0.001	0.997
0.001	0.647	0.117	0.235
0.131	0.001	0.751	0.117
0.119	0.117	0.001	0.763
0.001	0.997	0.001	0.001
0.119	0.723	0.001	0.157
0.001	0.117	0.001	0.881
0.001	0.997	0.001	0.001
0.709	0.001	0.119	0.171
0.001	0.117	0.001	0.881
0.001	0.605	0.001	0.393
>GGCAGTGGCAGG	24-GGCAGTGGCAGG	10.717131	-16.292695	0	T:74.0(1.23%),B:255.0(0.63%),P:1e-7	Tpos:55.4,Tstd:26.2,Bpos:46.7,Bstd:34.2,StrandBias:0.1,Multiplicity:1.04
0.061	0.054	0.770	0.115
0.001	0.062	0.907	0.030
0.001	0.947	0.051	0.001
0.734	0.001	0.133	0.132
0.001	0.391	0.607	0.001
0.061	0.325	0.001	0.613
0.003	0.135	0.552	0.310
0.001	0.001	0.997	0.001
0.030	0.907	0.062	0.001
0.938	0.001	0.001	0.060
0.001	0.001	0.968	0.030
0.031	0.147	0.771	0.051
>KAGCTGATCGTG	25-KAGCTGATCGTG	9.613647	-9.068618	0	T:30.0(0.50%),B:94.4(0.23%),P:1e-3	Tpos:57.2,Tstd:25.7,Bpos:53.2,Bstd:34.2,StrandBias:-1.1,Multiplicity:1.00
0.046	0.001	0.430	0.523
0.765	0.188	0.001	0.046
0.192	0.096	0.616	0.096
0.001	0.906	0.092	0.001
0.001	0.049	0.235	0.715
0.001	0.046	0.907	0.046
0.474	0.238	0.001	0.288
0.001	0.001	0.001	0.997
0.046	0.622	0.001	0.331
0.284	0.001	0.714	0.001
0.001	0.001	0.001	0.997
0.001	0.001	0.860	0.138
>CAGCAG	1-CAGCAG	6.177716	-1783.729528	0	T:3119.0(51.88%),B:7270.9(17.86%),P:1e-774	Tpos:50.7,Tstd:14.7,Bpos:51.3,Bstd:40.2,StrandBias:3.6,Multiplicity:1.34
0.100	0.700	0.100	0.100
0.700	0.100	0.100	0.100
0.100	0.100	0.700	0.100
0.100	0.700	0.100	0.100
0.700	0.100	0.100	0.100
0.100	0.100	0.700	0.100
>CCTCCT	2-CCTCCT	6.425425	-822.106348	0	T:3204.0(53.29%),B:11557.0(28.39%),P:1e-357	Tpos:51.5,Tstd:25.6,Bpos:49.8,Bstd:34.8,StrandBias:-0.7,Multiplicity:1.31
0.001	0.997	0.001	0.001
0.001	0.997	0.001	0.001
0.001	0.001	0.001	0.997
0.001	0.588	0.153	0.258
0.001	0.997	0.001	0.001
0.001	0.001	0.001	0.997
>CACCAA	3-CACCAA	4.338211	-54.804625	0	T:2000.0(33.27%),B:11116.5(27.31%),P:1e-23	Tpos:51.8,Tstd:27.4,Bpos:49.9,Bstd:31.3,StrandBias:1.0,Multiplicity:1.35
0.001	0.997	0.001	0.001
0.997	0.001	0.001	0.001
0.138	0.860	0.001	0.001
0.001	0.997	0.001	0.001
0.997	0.001	0.001	0.001
0.836	0.141	0.022	0.001
>TATATA	4-TATATA	6.693305	-48.927909	0	T:362.0(6.02%),B:1433.5(3.52%),P:1e-21	Tpos:35.3,Tstd:24.9,Bpos:49.8,Bstd:29.1,StrandBias:0.4,Multiplicity:1.13
0.001	0.001	0.001	0.997
0.997	0.001	0.001	0.001
0.001	0.001	0.001	0.997
0.997	0.001	0.001	0.001
0.200	0.001	0.001	0.798
0.997	0.001	0.001	0.001
>GCGGCG	5-GCGGCG	7.881514	-43.960919	0	T:1152.0(19.16%),B:6049.4(14.86%),P:1e-19	Tpos:52.0,Tstd:27.1,Bpos:49.5,Bstd:31.3,StrandBias:0.0,Multiplicity:1.43
0.001	0.001	0.997	0.001
0.001	0.867	0.001	0.131
0.001	0.144	0.854	0.001
0.001	0.001	0.997	0.001
0.001	0.881	0.117	0.001
0.001	0.001	0.997	0.001
>GACGAC	6-GACGAC	5.109934	-36.052152	0	T:1509.0(25.10%),B:8444.0(20.74%),P:1e-15	Tpos:51.3,Tstd:29.1,Bpos:49.7,Bstd:29.8,StrandBias:0.2,Multiplicity:1.29
0.001	0.001	0.997	0.001
0.997	0.001	0.001	0.001
0.001	0.997	0.001	0.001
0.001	0.001	0.932	0.066
0.860	0.138	0.001	0.001
0.001	0.719	0.279	0.001
>AGAAGA	7-AGAAGA	6.489340	-35.122525	0	T:945.0(15.72%),B:4967.0(12.20%),P:1e-15	Tpos:51.3,Tstd:27.2,Bpos:50.6,Bstd:33.1,StrandBias:0.7,Multiplicity:1.17
0.809	0.001	0.189	0.001
0.001	0.201	0.797	0.001
0.997	0.001	0.001	0.001
0.997	0.001	0.001	0.001
0.001	0.001	0.997	0.001
0.997	0.001	0.001	0.001
>GAGAGA	8-GAGAGA	7.029526	-32.012116	0	T:828.0(13.77%),B:4322.3(10.62%),P:1e-13	Tpos:54.4,Tstd:26.8,Bpos:49.7,Bstd:32.8,StrandBias:0.5,Multiplicity:1.07
0.001	0.001	0.997	0.001
0.683	0.315	0.001	0.001
0.001	0.001	0.886	0.112
0.997	0.001	0.001	0.001
0.001	0.001	0.997	0.001
0.997	0.001	0.001	0.001
>TAGTAT	9-TAGTAT	1.169836	-29.804614	0	T:633.0(10.53%),B:3199.2(7.86%),P:1e-12	Tpos:48.8,Tstd:28.7,Bpos:50.0,Bstd:29.7,StrandBias:-0.0,Multiplicity:1.22
0.001	0.001	0.001	0.997
0.997	0.001	0.001	0.001
0.001	0.195	0.803	0.001
0.001	0.001	0.001	0.997
0.997	0.001	0.001	0.001
0.001	0.153	0.050	0.796
>GGGTGG	10-GGGTGG	5.180825	-23.850106	0	T:1668.0(27.74%),B:9812.0(24.10%),P:1e-10	Tpos:51.0,Tstd:28.3,Bpos:49.6,Bstd:30.3,StrandBias:-0.6,Multiplicity:1.24
0.001	0.001	0.892	0.106
0.001	0.034	0.964	0.001
0.327	0.005	0.667	0.001
0.001	0.251	0.279	0.469
0.136	0.001	0.594	0.269
0.254	0.001	0.600	0.145
>CGGCCG	11-CGGCCG	6.177716	-23.352895	0	T:426.0(7.09%),B:2098.3(5.15%),P:1e-10	Tpos:50.5,Tstd:30.3,Bpos:49.9,Bstd:30.7,StrandBias:0.0,Multiplicity:1.09
0.100	0.700	0.100	0.100
0.100	0.100	0.700	0.100
0.100	0.100	0.700	0.100
0.100	0.700	0.100	0.100
0.100	0.700	0.100	0.100
0.100	0.100	0.700	0.100
>TCGATC	12-TCGATC	6.280786	-23.033964	0	T:618.0(10.28%),B:3241.7(7.96%),P:1e-10	Tpos:49.6,Tstd:29.0,Bpos:49.9,Bstd:29.4,StrandBias:0.0,Multiplicity:1.16
0.001	0.235	0.001	0.763
0.001	0.997	0.001	0.001
0.001	0.001	0.997	0.001
0.997	0.001	0.001	0.001
0.001	0.001	0.001	0.997
0.001	0.825	0.001	0.173
>CAGCAGGR	1-CAGCAGGR	4.161567	-2041.550642	0	T:1862.0(30.97%),B:2077.7(5.10%),P:1e-886	Tpos:52.0,Tstd:9.9,Bpos:51.5,Bstd:38.4,StrandBias:4.8,Multiplicity:1.05
0.001	0.997	0.001	0.001
0.997	0.001	0.001	0.001
0.001	0.001	0.997	0.001
0.001	0.997	0.001	0.001
0.997	0.001	0.001	0.001
0.001	0.001	0.997	0.001
0.001	0.001	0.997	0.001
0.409	0.178	0.412	0.001
>AGCAGCAG	2-AGCAGCAG	5.909437	-1190.359339	0	T:2669.0(44.39%),B:7051.5(17.32%),P:1e-516	Tpos:50.6,Tstd:19.4,Bpos:50.8,Bstd:39.7,StrandBias:2.7,Multiplicity:1.12
0.757	0.020	0.092	0.131
0.081	0.039	0.849	0.031
0.001	0.997	0.001	0.001
0.997	0.001	0.001	0.001
0.001	0.030	0.968	0.001
0.001	0.927	0.034	0.038
0.969	0.001	0.029	0.001
0.047	0.044	0.873	0.036
>CCGCARTA	3-CCGCARTA	6.083094	-770.292492	0	T:2396.0(39.85%),B:7409.7(18.20%),P:1e-334	Tpos:49.9,Tstd:24.1,Bpos:49.5,Bstd:35.7,StrandBias:1.2,Multiplicity:1.06
0.009	0.972	0.001	0.018
0.361	0.512	0.001	0.126
0.001	0.104	0.891	0.004
0.001	0.946	0.001	0.052
0.997	0.001	0.001	0.001
0.459	0.001	0.539	0.001
0.176	0.297	0.075	0.452
0.856	0.001	0.142	0.001
>CAASAVGR	4-CAASAVGR	5.160743	-668.761065	0	T:2606.0(43.35%),B:9031.3(22.18%),P:1e-290	Tpos:51.8,Tstd:25.5,Bpos:49.8,Bstd:33.0,StrandBias:0.9,Multiplicity:1.16
0.123	0.546	0.223	0.108
0.668	0.171	0.131	0.030
0.616	0.001	0.293	0.090
0.120	0.439	0.440	0.001
0.955	0.033	0.011	0.001
0.356	0.278	0.276	0.089
0.059	0.197	0.640	0.104
0.515	0.001	0.483	0.001
>CAGCAGAA	5-CAGCAGAA	8.410062	-188.042348	0	T:469.0(7.80%),B:1152.4(2.83%),P:1e-81	Tpos:52.4,Tstd:17.8,Bpos:49.6,Bstd:38.0,StrandBias:3.0,Multiplicity:1.01
0.001	0.997	0.001	0.001
0.997	0.001	0.001	0.001
0.001	0.001	0.997	0.001
0.001	0.997	0.001	0.001
0.997	0.001	0.001	0.001
0.001	0.001	0.997	0.001
0.997	0.001	0.001	0.001
0.601	0.070	0.328	0.001
>GGVGGCGG	6-GGVGGCGG	5.014308	-98.586665	0	T:2117.0(35.21%),B:11027.9(27.09%),P:1e-42	Tpos:52.3,Tstd:27.6,Bpos:49.7,Bstd:30.3,StrandBias:-0.1,Multiplicity:1.44
0.075	0.132	0.691	0.102
0.166	0.123	0.640	0.071
0.219	0.359	0.214	0.207
0.147	0.106	0.667	0.080
0.178	0.142	0.564	0.116
0.114	0.535	0.195	0.156
0.001	0.179	0.789	0.031
0.119	0.087	0.701	0.093
>KKGKKKGT	7-KKGKKKGT	6.018364	-63.433094	0	T:1050.0(17.47%),B:5105.8(12.54%),P:1e-27	Tpos:50.6,Tstd:27.9,Bpos:49.7,Bstd:28.8,StrandBias:-1.1,Multiplicity:1.15
0.001	0.001	0.561	0.437
0.001	0.013	0.528	0.458
0.001	0.011	0.672	0.316
0.001	0.001	0.438	0.560
0.001	0.001	0.440	0.558
0.001	0.001	0.434	0.564
0.001	0.001	0.807	0.191
0.001	0.034	0.365	0.600
>TGTATATA	8-TGTATATA	5.659286	-52.091480	0	T:383.0(6.37%),B:1513.2(3.72%),P:1e-22	Tpos:34.8,Tstd:24.4,Bpos:50.2,Bstd:28.5,StrandBias:-0.3,Multiplicity:1.04
0.183	0.269	0.114	0.434
0.251	0.135	0.533	0.081
0.001	0.001	0.001	0.997
0.552	0.053	0.031	0.364
0.001	0.001	0.001	0.997
0.997	0.001	0.001	0.001
0.001	0.001	0.001	0.997
0.997	0.001	0.001	0.001
>TCGTCGTC	9-TCGTCGTC	6.355648	-39.684384	0	T:331.0(5.51%),B:1359.3(3.34%),P:1e-17	Tpos:51.0,Tstd:29.0,Bpos:49.5,Bstd:29.6,StrandBias:-0.1,Multiplicity:1.05
0.001	0.049	0.018	0.932
0.108	0.703	0.151	0.038
0.126	0.126	0.520	0.228
0.151	0.051	0.064	0.734
0.270	0.690	0.039	0.001
0.199	0.145	0.424	0.232
0.190	0.070	0.075	0.665
0.134	0.528	0.179	0.159
>TATAATTA	10-TATAATTA	5.029927	-39.056690	0	T:448.0(7.45%),B:1999.4(4.91%),P:1e-16	Tpos:44.4,Tstd:30.9,Bpos:48.4,Bstd:29.6,StrandBias:0.2,Multiplicity:1.12
0.179	0.058	0.064	0.699
0.695	0.111	0.094	0.100
0.098	0.065	0.055	0.782
0.804	0.030	0.074	0.092
0.746	0.044	0.120	0.090
0.048	0.122	0.059	0.771
0.147	0.031	0.035	0.787
0.721	0.054	0.088	0.137
>TCTCTCTC	11-TCTCTCTC	7.447977	-34.287774	0	T:393.0(6.54%),B:1754.6(4.31%),P:1e-14	Tpos:55.1,Tstd:25.8,Bpos:50.8,Bstd:32.3,StrandBias:-0.8,Multiplicity:1.06
0.052	0.096	0.025	0.827
0.041	0.929	0.029	0.001
0.001	0.001	0.099	0.899
0.089	0.909	0.001	0.001
0.016	0.001	0.061	0.922
0.025	0.973	0.001	0.001
0.001	0.064	0.066	0.869
0.038	0.851	0.020	0.091
>ACTACTAC	12-ACTACTAC	7.200334	-31.425495	0	T:165.0(2.74%),B:585.5(1.44%),P:1e-13	Tpos:50.0,Tstd:27.9,Bpos:48.4,Bstd:28.7,StrandBias:0.7,Multiplicity:1.01
0.622	0.103	0.158	0.117
0.001	0.962	0.036	0.001
0.001	0.060	0.035	0.904
0.997	0.001	0.001	0.001
0.001	0.997	0.001	0.001
0.001	0.050	0.050	0.899
0.959	0.039	0.001	0.001
0.001	0.793	0.164	0.042
>AACMCCAC	13-AACMCCAC	7.321557	-29.098573	0	T:249.0(4.14%),B:1033.9(2.54%),P:1e-12	Tpos:48.9,Tstd:28.6,Bpos:49.3,Bstd:29.5,StrandBias:0.9,Multiplicity:1.01
0.808	0.180	0.011	0.001
0.997	0.001	0.001	0.001
0.001	0.997	0.001	0.001
0.375	0.465	0.151	0.009
0.136	0.862	0.001	0.001
0.001	0.997	0.001	0.001
0.997	0.001	0.001	0.001
0.001	0.997	0.001	0.001
>ATCGATCG	14-ATCGATCG	8.260926	-25.617514	0	T:68.0(1.13%),B:178.7(0.44%),P:1e-11	Tpos:41.5,Tstd:30.4,Bpos:53.3,Bstd:25.3,StrandBias:0.0,Multiplicity:1.02
0.997	0.001	0.001	0.001
0.001	0.001	0.001	0.997
0.001	0.937	0.001	0.061
0.001	0.001	0.997	0.001
0.899	0.001	0.099	0.001
0.001	0.001	0.001	0.997
0.045	0.953	0.001	0.001
0.322	0.001	0.676	0.001
>TTACTAGT	15-TTACTAGT	7.032443	-24.114847	0	T:99.0(1.65%),B:321.8(0.79%),P:1e-10	Tpos:48.1,Tstd:29.0,Bpos:49.1,Bstd:27.8,StrandBias:-0.5,Multiplicity:1.02
0.294	0.001	0.037	0.668
0.069	0.001	0.001	0.929
0.944	0.001	0.001	0.054
0.001	0.798	0.001	0.200
0.106	0.001	0.001	0.892
0.997	0.001	0.001	0.001
0.269	0.001	0.729	0.001
0.001	0.001	0.001	0.997
>AAGTTCCA	16-AAGTTCCA	9.303283	-23.316210	0	T:87.0(1.45%),B:271.1(0.67%),P:1e-10	Tpos:52.2,Tstd:25.9,Bpos:47.5,Bstd:32.1,StrandBias:0.4,Multiplicity:1.01
0.768	0.230	0.001	0.001
0.997	0.001	0.001	0.001
0.001	0.001	0.997	0.001
0.001	0.001	0.001	0.997
0.001	0.222	0.001	0.776
0.001	0.997	0.001	0.001
0.001	0.997	0.001	0.001
0.997	0.001	0.001	0.001
>CCGGCCGG	17-CCGGCCGG	9.109209	-21.482064	0	T:160.0(2.66%),B:642.4(1.58%),P:1e-9	Tpos:51.9,Tstd:30.2,Bpos:49.5,Bstd:33.0,StrandBias:0.3,Multiplicity:1.06
0.001	0.997	0.001	0.001
0.170	0.828	0.001	0.001
0.001	0.001	0.997	0.001
0.001	0.001	0.997	0.001
0.001	0.997	0.001	0.001
0.001	0.826	0.172	0.001
0.001	0.001	0.997	0.001
0.001	0.001	0.997	0.001
>TGTCAAAA	18-TGTCAAAA	8.236954	-14.063561	0	T:25.0(0.42%),B:53.2(0.13%),P:1e-6	Tpos:50.9,Tstd:30.6,Bpos:53.6,Bstd:26.6,StrandBias:2.6,Multiplicity:1.00
0.100	0.100	0.100	0.700
0.100	0.100	0.700	0.100
0.100	0.100	0.100	0.700
0.100	0.700	0.100	0.100
0.700	0.100	0.100	0.100
0.700	0.100	0.100	0.100
0.700	0.100	0.100	0.100
0.700	0.100	0.100	0.100
>GTCCCGTC	19-GTCCCGTC	8.236954	-10.116863	0	T:21.0(0.35%),B:51.5(0.13%),P:1e-4	Tpos:41.4,Tstd:30.1,Bpos:52.8,Bstd:23.4,StrandBias:-0.5,Multiplicity:1.12
0.100	0.100	0.700	0.100
0.100	0.100	0.100	0.700
0.100	0.700	0.100	0.100
0.100	0.700	0.100	0.100
0.100	0.700	0.100	0.100
0.100	0.100	0.700	0.100
0.100	0.100	0.100	0.700
0.100	0.700	0.100	0.100
