>NNCAGCAGGG	1-NNCAGCAGGG	8.185939	-2084.433339	0	T:1844.0(30.64%),B:1969.0(4.85%),P:1e-905	Tpos:51.2,Tstd:9.8,Bpos:49.6,Bstd:38.4,StrandBias:4.8,Multiplicity:1.05
0.268	0.186	0.238	0.308
0.260	0.311	0.233	0.195
0.001	0.997	0.001	0.001
0.997	0.001	0.001	0.001
0.001	0.004	0.994	0.001
0.020	0.906	0.073	0.001
0.997	0.001	0.001	0.001
0.001	0.020	0.968	0.011
0.073	0.100	0.766	0.061
0.205	0.163	0.533	0.099
>GCAGCAGCAG	2-GCAGCAGCAG	7.160296	-741.623994	0	T:1859.0(30.89%),B:4929.3(12.14%),P:1e-322	Tpos:51.0,Tstd:17.8,Bpos:49.8,Bstd:38.7,StrandBias:2.5,Multiplicity:1.10
0.230	0.262	0.486	0.021
0.135	0.772	0.048	0.045
0.739	0.033	0.077	0.151
0.038	0.068	0.833	0.061
0.001	0.997	0.001	0.001
0.982	0.016	0.001	0.001
0.001	0.001	0.997	0.001
0.242	0.655	0.006	0.097
0.785	0.001	0.213	0.001
0.258	0.060	0.650	0.032
>AGSAGGARGA	3-AGSAGGARGA	4.900253	-450.939421	0	T:3155.0(52.43%),B:13655.4(33.64%),P:1e-195	Tpos:53.3,Tstd:25.3,Bpos:49.9,Bstd:33.2,StrandBias:0.8,Multiplicity:1.28
0.873	0.026	0.070	0.031
0.116	0.071	0.757	0.056
0.221	0.304	0.451	0.024
0.842	0.033	0.112	0.013
0.163	0.086	0.748	0.003
0.181	0.254	0.560	0.005
0.906	0.015	0.062	0.017
0.395	0.082	0.424	0.099
0.180	0.036	0.779	0.005
0.824	0.010	0.130	0.036
>WCCAGCAGYG	4-WCCAGCAGYG	6.855617	-238.652720	0	T:798.0(13.26%),B:2326.2(5.73%),P:1e-103	Tpos:50.3,Tstd:23.5,Bpos:50.5,Bstd:35.3,StrandBias:0.9,Multiplicity:1.02
0.382	0.125	0.102	0.391
0.310	0.688	0.001	0.001
0.133	0.865	0.001	0.001
0.567	0.236	0.196	0.001
0.001	0.001	0.861	0.137
0.119	0.777	0.057	0.047
0.828	0.001	0.001	0.170
0.197	0.001	0.798	0.004
0.084	0.355	0.128	0.433
0.001	0.001	0.842	0.156
>TGGTGTTGGT	5-TGGTGTTGGT	4.691479	-125.451534	0	T:1665.0(27.67%),B:7849.1(19.34%),P:1e-54	Tpos:49.5,Tstd:27.5,Bpos:50.2,Bstd:29.9,StrandBias:-1.2,Multiplicity:1.20
0.093	0.085	0.105	0.717
0.106	0.091	0.709	0.094
0.109	0.110	0.685	0.096
0.090	0.100	0.131	0.679
0.087	0.086	0.737	0.090
0.112	0.093	0.123	0.672
0.084	0.114	0.113	0.689
0.080	0.085	0.731	0.104
0.094	0.101	0.696	0.109
0.112	0.082	0.119	0.687
>CGBCGKCGGC	6-CGBCGKCGGC	7.440877	-74.754632	0	T:1048.0(17.41%),B:4913.4(12.10%),P:1e-32	Tpos:52.6,Tstd:27.2,Bpos:49.7,Bstd:28.5,StrandBias:-0.1,Multiplicity:1.25
0.047	0.820	0.063	0.070
0.018	0.307	0.674	0.001
0.001	0.281	0.416	0.302
0.001	0.997	0.001	0.001
0.001	0.300	0.698	0.001
0.033	0.249	0.423	0.295
0.001	0.956	0.042	0.001
0.001	0.328	0.670	0.001
0.104	0.243	0.410	0.242
0.001	0.810	0.188	0.001
>GTATATATAT	7-GTATATATAT	4.682862	-45.658629	0	T:613.0(10.19%),B:2826.3(6.96%),P:1e-19	Tpos:38.2,Tstd:26.1,Bpos:51.2,Bstd:30.2,StrandBias:-0.2,Multiplicity:1.11
0.058	0.116	0.711	0.115
0.129	0.117	0.116	0.638
0.652	0.096	0.130	0.122
0.107	0.096	0.095	0.702
0.707	0.090	0.094	0.109
0.078	0.103	0.094	0.725
0.698	0.098	0.091	0.113
0.103	0.074	0.099	0.724
0.696	0.108	0.098	0.098
0.122	0.040	0.093	0.745
>AGAGAGAGAG	8-AGAGAGAGAG	6.313232	-45.009080	0	T:251.0(4.17%),B:901.7(2.22%),P:1e-19	Tpos:57.7,Tstd:24.3,Bpos:50.7,Bstd:32.5,StrandBias:1.2,Multiplicity:1.02
0.594	0.176	0.140	0.090
0.169	0.104	0.533	0.194
0.547	0.207	0.096	0.150
0.077	0.096	0.641	0.186
0.588	0.124	0.152	0.136
0.148	0.116	0.626	0.110
0.650	0.237	0.047	0.066
0.112	0.145	0.624	0.119
0.609	0.162	0.133	0.096
0.191	0.109	0.533	0.167
>CTCAGCAGGT	9-CTCAGCAGGT	10.913390	-42.501314	0	T:14.0(0.23%),B:2.2(0.01%),P:1e-18	Tpos:52.0,Tstd:6.9,Bpos:73.7,Bstd:25.5,StrandBias:2.3,Multiplicity:1.00
0.001	0.997	0.001	0.001
0.001	0.001	0.001	0.997
0.001	0.997	0.001	0.001
0.997	0.001	0.001	0.001
0.001	0.001	0.997	0.001
0.057	0.941	0.001	0.001
0.941	0.001	0.057	0.001
0.001	0.001	0.997	0.001
0.001	0.001	0.997	0.001
0.001	0.001	0.001	0.997
>TACATGGATT	10-TACATGGATT	12.393818	-38.643064	0	T:13.0(0.22%),B:2.4(0.01%),P:1e-16	Tpos:23.7,Tstd:31.8,Bpos:55.0,Bstd:10.9,StrandBias:1.6,Multiplicity:1.00
0.001	0.001	0.001	0.997
0.997	0.001	0.001	0.001
0.001	0.997	0.001	0.001
0.997	0.001	0.001	0.001
0.397	0.001	0.001	0.601
0.001	0.013	0.985	0.001
0.001	0.001	0.997	0.001
0.997	0.001	0.001	0.001
0.001	0.001	0.001	0.997
0.001	0.397	0.001	0.601
>TTGGGGAATT	11-TTGGGGAATT	9.330094	-34.606420	0	T:36.0(0.60%),B:44.7(0.11%),P:1e-15	Tpos:49.7,Tstd:26.1,Bpos:53.4,Bstd:24.7,StrandBias:-1.3,Multiplicity:1.00
0.217	0.026	0.001	0.756
0.148	0.001	0.038	0.813
0.001	0.038	0.949	0.012
0.001	0.026	0.935	0.038
0.025	0.001	0.973	0.001
0.038	0.001	0.872	0.089
0.997	0.001	0.001	0.001
0.971	0.001	0.001	0.027
0.038	0.090	0.026	0.846
0.038	0.038	0.001	0.923
>CAGCAGTGAG	12-CAGCAGTGAG	11.810949	-33.070294	0	T:44.0(0.73%),B:69.1(0.17%),P:1e-14	Tpos:48.4,Tstd:14.8,Bpos:51.2,Bstd:26.4,StrandBias:10.0,Multiplicity:1.00
0.001	0.997	0.001	0.001
0.997	0.001	0.001	0.001
0.001	0.001	0.997	0.001
0.001	0.997	0.001	0.001
0.997	0.001	0.001	0.001
0.001	0.001	0.997	0.001
0.001	0.132	0.001	0.866
0.001	0.001	0.997	0.001
0.997	0.001	0.001	0.001
0.001	0.001	0.997	0.001
>AATTATTATT	13-AATTATTATT	6.509540	-33.022717	0	T:211.0(3.51%),B:797.5(1.96%),P:1e-14	Tpos:46.3,Tstd:29.7,Bpos:49.1,Bstd:27.8,StrandBias:-0.3,Multiplicity:1.05
0.804	0.076	0.047	0.073
0.748	0.061	0.096	0.095
0.073	0.046	0.050	0.831
0.023	0.059	0.106	0.812
0.843	0.008	0.055	0.094
0.055	0.051	0.105	0.789
0.024	0.054	0.050	0.872
0.725	0.073	0.107	0.095
0.066	0.076	0.070	0.788
0.073	0.074	0.064	0.789
>GACGAGACGG	14-GACGAGACGG	7.889386	-28.757787	0	T:80.0(1.33%),B:213.3(0.53%),P:1e-12	Tpos:49.7,Tstd:28.3,Bpos:51.8,Bstd:27.5,StrandBias:-0.3,Multiplicity:1.07
0.014	0.015	0.816	0.155
0.779	0.023	0.011	0.187
0.012	0.810	0.042	0.136
0.028	0.171	0.611	0.190
0.714	0.061	0.109	0.116
0.113	0.044	0.819	0.024
0.610	0.160	0.183	0.047
0.151	0.596	0.111	0.142
0.014	0.109	0.776	0.101
0.154	0.088	0.574	0.184
>TGSAGCAGTA	15-TGSAGCAGTA	8.653760	-26.036295	0	T:98.0(1.63%),B:305.0(0.75%),P:1e-11	Tpos:52.6,Tstd:23.3,Bpos:47.1,Bstd:34.3,StrandBias:0.5,Multiplicity:1.00
0.001	0.283	0.001	0.715
0.001	0.001	0.953	0.045
0.198	0.471	0.330	0.001
0.642	0.171	0.001	0.186
0.004	0.134	0.650	0.212
0.096	0.712	0.001	0.191
0.799	0.001	0.001	0.199
0.001	0.001	0.975	0.023
0.001	0.001	0.001	0.997
0.816	0.001	0.182	0.001
>GTTTCTTTAC	16-GTTTCTTTAC	10.296193	-24.014721	0	T:9.0(0.15%),B:2.1(0.01%),P:1e-10	Tpos:27.3,Tstd:15.3,Bpos:18.0,Bstd:0.0,StrandBias:3.0,Multiplicity:1.00
0.100	0.100	0.700	0.100
0.100	0.100	0.100	0.700
0.100	0.100	0.100	0.700
0.100	0.100	0.100	0.700
0.100	0.700	0.100	0.100
0.100	0.100	0.100	0.700
0.100	0.100	0.100	0.700
0.100	0.100	0.100	0.700
0.700	0.100	0.100	0.100
0.100	0.700	0.100	0.100
>CTAGCTGGTT	17-CTAGCTGGTT	13.549552	-22.019635	0	T:7.0(0.12%),B:1.2(0.00%),P:1e-9	Tpos:61.0,Tstd:28.9,Bpos:79.0,Bstd:8.4,StrandBias:0.4,Multiplicity:1.00
0.001	0.997	0.001	0.001
0.001	0.001	0.001	0.997
0.997	0.001	0.001	0.001
0.001	0.001	0.997	0.001
0.001	0.997	0.001	0.001
0.001	0.001	0.001	0.997
0.001	0.001	0.997	0.001
0.001	0.001	0.997	0.001
0.001	0.247	0.001	0.751
0.001	0.001	0.001	0.997
>AGCTAGMTAS	18-AGCTAGMTAS	8.829171	-21.349535	0	T:69.0(1.15%),B:201.7(0.50%),P:1e-9	Tpos:48.2,Tstd:29.3,Bpos:48.4,Bstd:33.7,StrandBias:0.0,Multiplicity:1.02
0.960	0.001	0.001	0.038
0.001	0.001	0.889	0.109
0.001	0.769	0.229	0.001
0.001	0.001	0.030	0.968
0.997	0.001	0.001	0.001
0.001	0.071	0.927	0.001
0.483	0.515	0.001	0.001
0.004	0.051	0.001	0.944
0.926	0.068	0.005	0.001
0.079	0.289	0.430	0.201
>TASTASTAST	19-TASTASTAST	7.187987	-19.864362	0	T:86.0(1.43%),B:286.6(0.71%),P:1e-8	Tpos:51.2,Tstd:28.2,Bpos:48.0,Bstd:26.1,StrandBias:-0.1,Multiplicity:1.00
0.018	0.084	0.264	0.634
0.675	0.001	0.176	0.148
0.079	0.388	0.532	0.001
0.001	0.122	0.081	0.796
0.777	0.097	0.106	0.020
0.001	0.527	0.471	0.001
0.130	0.026	0.016	0.828
0.770	0.039	0.110	0.081
0.115	0.331	0.418	0.136
0.042	0.178	0.208	0.572
>ATGGAGGACG	20-ATGGAGGACG	10.890020	-19.455394	0	T:21.0(0.35%),B:28.5(0.07%),P:1e-8	Tpos:60.1,Tstd:22.5,Bpos:35.7,Bstd:23.1,StrandBias:-0.2,Multiplicity:1.00
0.997	0.001	0.001	0.001
0.001	0.001	0.001	0.997
0.001	0.001	0.997	0.001
0.001	0.001	0.927	0.071
0.997	0.001	0.001	0.001
0.001	0.260	0.738	0.001
0.001	0.001	0.997	0.001
0.997	0.001	0.001	0.001
0.001	0.997	0.001	0.001
0.001	0.001	0.997	0.001
>CCATTCCATT	21-CCATTCCATT	10.882974	-18.858203	0	T:21.0(0.35%),B:29.7(0.07%),P:1e-8	Tpos:54.3,Tstd:30.5,Bpos:47.0,Bstd:22.3,StrandBias:-0.6,Multiplicity:1.15
0.076	0.922	0.001	0.001
0.001	0.997	0.001	0.001
0.997	0.001	0.001	0.001
0.001	0.001	0.001	0.997
0.001	0.001	0.099	0.899
0.001	0.842	0.081	0.076
0.001	0.997	0.001	0.001
0.997	0.001	0.001	0.001
0.099	0.001	0.001	0.899
0.001	0.001	0.001	0.997
>TCTGTGTGTG	22-TCTGTGTGTG	10.296193	-18.041772	0	T:9.0(0.15%),B:4.1(0.01%),P:1e-7	Tpos:42.7,Tstd:23.5,Bpos:36.5,Bstd:24.4,StrandBias:-0.3,Multiplicity:1.00
0.100	0.100	0.100	0.700
0.100	0.700	0.100	0.100
0.100	0.100	0.100	0.700
0.100	0.100	0.700	0.100
0.100	0.100	0.100	0.700
0.100	0.100	0.700	0.100
0.100	0.100	0.100	0.700
0.100	0.100	0.700	0.100
0.100	0.100	0.100	0.700
0.100	0.100	0.700	0.100
>CACGAAACGA	23-CACGAAACGA	10.636140	-16.263108	0	T:22.0(0.37%),B:37.1(0.09%),P:1e-7	Tpos:55.0,Tstd:29.4,Bpos:48.7,Bstd:26.8,StrandBias:0.1,Multiplicity:1.15
0.133	0.733	0.133	0.001
0.997	0.001	0.001	0.001
0.001	0.997	0.001	0.001
0.001	0.001	0.866	0.132
0.947	0.001	0.051	0.001
0.845	0.153	0.001	0.001
0.866	0.001	0.001	0.132
0.001	0.733	0.265	0.001
0.001	0.001	0.938	0.060
0.866	0.132	0.001	0.001
>CCGGACCGGA	24-CCGGACCGGA	11.314177	-15.313919	0	T:8.0(0.13%),B:4.7(0.01%),P:1e-6	Tpos:38.4,Tstd:27.7,Bpos:71.4,Bstd:13.7,StrandBias:0.3,Multiplicity:1.12
0.001	0.997	0.001	0.001
0.001	0.997	0.001	0.001
0.088	0.001	0.910	0.001
0.001	0.001	0.997	0.001
0.997	0.001	0.001	0.001
0.001	0.997	0.001	0.001
0.001	0.997	0.001	0.001
0.001	0.001	0.997	0.001
0.001	0.001	0.910	0.088
0.997	0.001	0.001	0.001
>TGATCATGTT	25-TGATCATGTT	11.543267	-13.401849	0	T:9.0(0.15%),B:7.7(0.02%),P:1e-5	Tpos:52.6,Tstd:33.4,Bpos:54.6,Bstd:25.8,StrandBias:0.3,Multiplicity:1.00
0.001	0.001	0.001	0.997
0.001	0.001	0.997	0.001
0.997	0.001	0.001	0.001
0.001	0.001	0.001	0.997
0.001	0.997	0.001	0.001
0.997	0.001	0.001	0.001
0.001	0.001	0.001	0.997
0.001	0.101	0.897	0.001
0.001	0.001	0.001	0.997
0.001	0.001	0.001	0.997
>NSAGCAGCAGGR	1-NSAGCAGCAGGR	7.657740	-1743.675644	0	T:2573.0(42.76%),B:4985.3(12.28%),P:1e-757	Tpos:50.5,Tstd:12.7,Bpos:49.3,Bstd:37.8,StrandBias:3.8,Multiplicity:1.12
0.265	0.252	0.301	0.182
0.211	0.370	0.258	0.161
0.390	0.231	0.196	0.183
0.226	0.197	0.407	0.170
0.001	0.980	0.018	0.001
0.997	0.001	0.001	0.001
0.001	0.001	0.997	0.001
0.001	0.748	0.250	0.001
0.997	0.001	0.001	0.001
0.188	0.022	0.789	0.001
0.167	0.256	0.576	0.001
0.408	0.232	0.320	0.040
>YTCCTCCTGCTS	2-YTCCTCCTGCTS	5.369884	-751.882526	0	T:3528.0(58.62%),B:13872.2(34.18%),P:1e-326	Tpos:51.9,Tstd:24.2,Bpos:49.8,Bstd:33.9,StrandBias:-0.9,Multiplicity:1.28
0.111	0.388	0.237	0.264
0.106	0.137	0.142	0.615
0.040	0.686	0.139	0.135
0.047	0.712	0.107	0.134
0.107	0.124	0.094	0.675
0.036	0.681	0.153	0.130
0.029	0.798	0.075	0.098
0.098	0.123	0.082	0.697
0.027	0.182	0.654	0.137
0.033	0.807	0.097	0.063
0.101	0.129	0.093	0.677
0.059	0.357	0.403	0.180
>DNCAGCAGCANM	3-DNCAGCAGCANM	7.650220	-294.374136	0	T:1019.0(16.93%),B:3052.7(7.52%),P:1e-127	Tpos:51.0,Tstd:23.0,Bpos:50.6,Bstd:38.5,StrandBias:2.0,Multiplicity:1.03
0.272	0.153	0.345	0.230
0.177	0.322	0.305	0.197
0.039	0.848	0.038	0.075
0.908	0.035	0.030	0.027
0.041	0.039	0.821	0.099
0.047	0.866	0.014	0.073
0.894	0.009	0.042	0.055
0.070	0.045	0.784	0.101
0.063	0.850	0.001	0.086
0.862	0.026	0.014	0.098
0.314	0.210	0.281	0.195
0.269	0.414	0.222	0.095
>CAGCAGTGAAAA	4-CAGCAGTGAAAA	8.700259	-160.096927	0	T:202.0(3.36%),B:289.0(0.71%),P:1e-69	Tpos:53.8,Tstd:17.6,Bpos:52.3,Bstd:33.4,StrandBias:2.0,Multiplicity:1.01
0.046	0.859	0.049	0.046
0.939	0.001	0.030	0.030
0.001	0.075	0.923	0.001
0.015	0.894	0.061	0.030
0.924	0.046	0.015	0.015
0.046	0.015	0.893	0.046
0.167	0.015	0.046	0.772
0.047	0.045	0.907	0.001
0.726	0.081	0.147	0.046
0.722	0.142	0.106	0.030
0.666	0.135	0.153	0.046
0.783	0.097	0.059	0.061
>CGGCAGDGGAKG	5-CGGCAGDGGAKG	10.112733	-127.723834	0	T:195.0(3.24%),B:332.4(0.82%),P:1e-55	Tpos:56.1,Tstd:23.9,Bpos:52.0,Bstd:33.1,StrandBias:0.8,Multiplicity:1.00
0.078	0.920	0.001	0.001
0.387	0.001	0.560	0.052
0.001	0.001	0.997	0.001
0.236	0.587	0.176	0.001
0.868	0.001	0.001	0.130
0.155	0.001	0.843	0.001
0.274	0.041	0.371	0.314
0.001	0.001	0.997	0.001
0.001	0.227	0.771	0.001
0.747	0.251	0.001	0.001
0.228	0.044	0.425	0.303
0.001	0.001	0.997	0.001
>CCAYCACCACCA	6-CCAYCACCACCA	8.946980	-71.963753	0	T:250.0(4.15%),B:732.5(1.80%),P:1e-31	Tpos:55.6,Tstd:26.1,Bpos:48.4,Bstd:30.6,StrandBias:1.6,Multiplicity:1.05
0.097	0.717	0.091	0.095
0.073	0.856	0.070	0.001
0.772	0.080	0.031	0.117
0.106	0.403	0.094	0.396
0.001	0.997	0.001	0.001
0.709	0.101	0.097	0.093
0.124	0.681	0.080	0.115
0.001	0.990	0.008	0.001
0.883	0.115	0.001	0.001
0.015	0.808	0.115	0.062
0.082	0.846	0.071	0.001
0.783	0.089	0.060	0.068
>BCGSCGSCGSCG	7-BCGSCGSCGSCG	7.364527	-64.361503	0	T:716.0(11.90%),B:3167.7(7.80%),P:1e-27	Tpos:52.0,Tstd:27.3,Bpos:49.8,Bstd:27.4,StrandBias:-0.0,Multiplicity:1.13
0.155	0.328	0.304	0.213
0.027	0.689	0.217	0.067
0.066	0.221	0.687	0.026
0.168	0.302	0.381	0.148
0.001	0.852	0.100	0.047
0.032	0.090	0.877	0.001
0.174	0.305	0.396	0.125
0.003	0.841	0.091	0.065
0.001	0.121	0.877	0.001
0.177	0.331	0.351	0.142
0.026	0.688	0.232	0.054
0.107	0.158	0.734	0.001
>GACGACGACGAC	8-GACGACGACGAC	8.964714	-56.362147	0	T:214.0(3.56%),B:655.7(1.62%),P:1e-24	Tpos:49.1,Tstd:29.4,Bpos:49.3,Bstd:26.3,StrandBias:0.1,Multiplicity:1.03
0.011	0.066	0.922	0.001
0.714	0.117	0.084	0.085
0.065	0.808	0.060	0.067
0.044	0.044	0.868	0.044
0.830	0.088	0.081	0.001
0.030	0.833	0.093	0.044
0.011	0.078	0.877	0.034
0.988	0.001	0.010	0.001
0.065	0.828	0.051	0.056
0.085	0.100	0.759	0.056
0.809	0.061	0.119	0.011
0.074	0.766	0.104	0.056
>GTATATATATAT	9-GTATATATATAT	4.895362	-55.386018	0	T:485.0(8.06%),B:2010.4(4.95%),P:1e-24	Tpos:37.5,Tstd:26.3,Bpos:50.3,Bstd:29.5,StrandBias:-0.1,Multiplicity:1.07
0.119	0.133	0.568	0.180
0.122	0.180	0.161	0.537
0.502	0.143	0.254	0.101
0.079	0.102	0.083	0.736
0.566	0.090	0.246	0.098
0.035	0.078	0.001	0.886
0.750	0.042	0.163	0.045
0.108	0.047	0.019	0.826
0.754	0.024	0.170	0.052
0.080	0.097	0.027	0.796
0.676	0.073	0.138	0.113
0.121	0.033	0.144	0.702
>AGAGAGAGAGAA	10-AGAGAGAGAGAA	9.021536	-47.959391	0	T:175.0(2.91%),B:527.1(1.30%),P:1e-20	Tpos:62.9,Tstd:22.7,Bpos:50.1,Bstd:31.6,StrandBias:1.1,Multiplicity:1.04
0.589	0.061	0.264	0.086
0.058	0.001	0.880	0.061
0.834	0.110	0.055	0.001
0.066	0.033	0.900	0.001
0.911	0.012	0.053	0.024
0.072	0.037	0.866	0.025
0.975	0.001	0.001	0.023
0.219	0.074	0.694	0.013
0.865	0.049	0.085	0.001
0.194	0.012	0.793	0.001
0.689	0.061	0.201	0.049
0.536	0.111	0.283	0.070
>TTTCGTGTVGTG	11-TTTCGTGTVGTG	11.778410	-46.385568	0	T:18.0(0.30%),B:4.7(0.01%),P:1e-20	Tpos:46.1,Tstd:26.9,Bpos:43.9,Bstd:13.7,StrandBias:-1.5,Multiplicity:1.00
0.087	0.001	0.095	0.817
0.174	0.008	0.097	0.721
0.087	0.095	0.016	0.802
0.173	0.825	0.001	0.001
0.001	0.086	0.912	0.001
0.001	0.001	0.001	0.997
0.001	0.001	0.825	0.173
0.001	0.095	0.174	0.730
0.261	0.384	0.261	0.095
0.001	0.001	0.997	0.001
0.001	0.001	0.001	0.997
0.001	0.001	0.896	0.102
>TWCAGCAGGTAC	12-TWCAGCAGGTAC	11.503400	-45.168136	0	T:27.0(0.45%),B:15.1(0.04%),P:1e-19	Tpos:48.0,Tstd:11.6,Bpos:49.1,Bstd:32.3,StrandBias:3.5,Multiplicity:1.00
0.021	0.001	0.215	0.763
0.453	0.231	0.001	0.315
0.001	0.894	0.104	0.001
0.997	0.001	0.001	0.001
0.001	0.104	0.894	0.001
0.001	0.997	0.001	0.001
0.997	0.001	0.001	0.001
0.105	0.001	0.684	0.210
0.209	0.001	0.789	0.001
0.001	0.210	0.105	0.684
0.997	0.001	0.001	0.001
0.001	0.894	0.001	0.104
>TACATGGATTAA	13-TACATGGATTAA	11.047845	-43.040213	0	T:12.0(0.20%),B:1.3(0.00%),P:1e-18	Tpos:30.2,Tstd:32.1,Bpos:53.3,Bstd:7.4,StrandBias:2.3,Multiplicity:1.00
0.074	0.001	0.074	0.851
0.777	0.074	0.148	0.001
0.074	0.851	0.074	0.001
0.848	0.003	0.148	0.001
0.147	0.001	0.001	0.851
0.074	0.148	0.777	0.001
0.074	0.148	0.777	0.001
0.996	0.001	0.001	0.002
0.001	0.222	0.074	0.703
0.001	0.001	0.147	0.851
0.774	0.001	0.074	0.151
0.996	0.001	0.002	0.001
>TGGAATGGAATG	14-TGGAATGGAATG	11.499236	-42.664427	0	T:26.0(0.43%),B:15.3(0.04%),P:1e-18	Tpos:52.6,Tstd:25.1,Bpos:50.5,Bstd:23.1,StrandBias:-0.2,Multiplicity:1.00
0.069	0.001	0.353	0.577
0.001	0.206	0.724	0.069
0.001	0.210	0.788	0.001
0.997	0.001	0.001	0.001
0.930	0.001	0.068	0.001
0.001	0.068	0.001	0.930
0.068	0.001	0.930	0.001
0.001	0.001	0.997	0.001
0.852	0.001	0.146	0.001
0.783	0.001	0.001	0.215
0.001	0.137	0.206	0.656
0.001	0.001	0.997	0.001
>GCMTCCYCSYCC	15-GCMTCCYCSYCC	11.059656	-41.625789	0	T:72.0(1.20%),B:139.9(0.34%),P:1e-18	Tpos:54.0,Tstd:27.7,Bpos:46.4,Bstd:22.2,StrandBias:0.7,Multiplicity:1.00
0.001	0.001	0.997	0.001
0.001	0.997	0.001	0.001
0.449	0.549	0.001	0.001
0.224	0.001	0.148	0.627
0.001	0.619	0.001	0.379
0.001	0.771	0.001	0.227
0.001	0.454	0.010	0.535
0.001	0.997	0.001	0.001
0.001	0.384	0.461	0.154
0.078	0.387	0.074	0.461
0.001	0.997	0.001	0.001
0.001	0.997	0.001	0.001
>AAGTCCCAACCC	16-AAGTCCCAACCC	12.373030	-39.607917	0	T:16.0(0.27%),B:4.8(0.01%),P:1e-17	Tpos:62.4,Tstd:21.0,Bpos:60.3,Bstd:23.7,StrandBias:3.9,Multiplicity:1.00
0.997	0.001	0.001	0.001
0.997	0.001	0.001	0.001
0.317	0.001	0.681	0.001
0.001	0.001	0.001	0.997
0.001	0.997	0.001	0.001
0.246	0.752	0.001	0.001
0.211	0.787	0.001	0.001
0.787	0.211	0.001	0.001
0.858	0.140	0.001	0.001
0.211	0.553	0.235	0.001
0.001	0.834	0.001	0.164
0.001	0.997	0.001	0.001
>GAGACGAAACGD	17-GAGACGAAACGD	11.407564	-33.465724	0	T:21.0(0.35%),B:13.2(0.03%),P:1e-14	Tpos:50.8,Tstd:33.4,Bpos:49.9,Bstd:24.8,StrandBias:0.0,Multiplicity:1.00
0.056	0.001	0.942	0.001
0.766	0.064	0.169	0.001
0.113	0.056	0.830	0.001
0.821	0.001	0.001	0.177
0.001	0.716	0.282	0.001
0.001	0.001	0.997	0.001
0.997	0.001	0.001	0.001
0.706	0.057	0.236	0.001
0.576	0.001	0.177	0.246
0.064	0.934	0.001	0.001
0.001	0.009	0.933	0.057
0.349	0.121	0.227	0.303
>CATCGATCRATC	18-CATCGATCRATC	13.369619	-30.129590	0	T:12.0(0.20%),B:3.2(0.01%),P:1e-13	Tpos:45.9,Tstd:21.7,Bpos:52.3,Bstd:18.6,StrandBias:1.0,Multiplicity:1.00
0.001	0.886	0.112	0.001
0.886	0.001	0.001	0.112
0.001	0.112	0.001	0.886
0.001	0.997	0.001	0.001
0.001	0.001	0.997	0.001
0.997	0.001	0.001	0.001
0.001	0.001	0.001	0.997
0.001	0.997	0.001	0.001
0.563	0.001	0.435	0.001
0.886	0.001	0.112	0.001
0.112	0.001	0.001	0.886
0.001	0.997	0.001	0.001
>AGCAATCTCGCA	19-AGCAATCTCGCA	13.861999	-30.120080	0	T:9.0(0.15%),B:0.7(0.00%),P:1e-13	Tpos:48.9,Tstd:30.8,Bpos:50.0,Bstd:0.0,StrandBias:1.0,Multiplicity:1.00
0.997	0.001	0.001	0.001
0.001	0.001	0.997	0.001
0.001	0.997	0.001	0.001
0.997	0.001	0.001	0.001
0.997	0.001	0.001	0.001
0.001	0.166	0.166	0.667
0.166	0.832	0.001	0.001
0.001	0.001	0.166	0.832
0.001	0.832	0.001	0.166
0.001	0.001	0.997	0.001
0.166	0.832	0.001	0.001
0.997	0.001	0.001	0.001
>CCACCACCGCCR	20-CCACCACCGCCR	9.785272	-26.552222	0	T:141.0(2.34%),B:502.6(1.24%),P:1e-11	Tpos:50.3,Tstd:25.8,Bpos:50.2,Bstd:28.3,StrandBias:0.7,Multiplicity:1.01
0.001	0.831	0.167	0.001
0.032	0.952	0.001	0.015
0.606	0.001	0.392	0.001
0.001	0.679	0.319	0.001
0.125	0.757	0.053	0.065
0.997	0.001	0.001	0.001
0.078	0.913	0.008	0.001
0.016	0.732	0.124	0.128
0.219	0.084	0.529	0.168
0.061	0.740	0.001	0.198
0.001	0.611	0.224	0.164
0.500	0.001	0.498	0.001
>CCTCCTCCCTCC	21-CCTCCTCCCTCC	9.914656	-25.468577	0	T:120.0(1.99%),B:409.2(1.01%),P:1e-11	Tpos:55.4,Tstd:28.0,Bpos:52.2,Bstd:29.9,StrandBias:0.8,Multiplicity:1.00
0.001	0.972	0.001	0.026
0.018	0.909	0.001	0.072
0.236	0.061	0.148	0.555
0.027	0.854	0.001	0.118
0.054	0.715	0.055	0.176
0.082	0.232	0.027	0.659
0.001	0.997	0.001	0.001
0.027	0.728	0.180	0.065
0.270	0.433	0.165	0.131
0.001	0.001	0.001	0.997
0.001	0.918	0.001	0.080
0.001	0.997	0.001	0.001
>CCTTCTGGTGTT	22-CCTTCTGGTGTT	10.543724	-24.183026	0	T:17.0(0.28%),B:13.2(0.03%),P:1e-10	Tpos:43.5,Tstd:27.5,Bpos:53.8,Bstd:14.8,StrandBias:-2.0,Multiplicity:1.00
0.113	0.736	0.038	0.113
0.075	0.809	0.038	0.078
0.074	0.001	0.001	0.924
0.037	0.075	0.001	0.887
0.038	0.736	0.151	0.075
0.001	0.001	0.001	0.997
0.075	0.151	0.736	0.038
0.001	0.001	0.886	0.112
0.038	0.078	0.151	0.733
0.113	0.038	0.804	0.045
0.038	0.038	0.075	0.849
0.037	0.001	0.040	0.922
>TCTTTACCCTAA	23-TCTTTACCCTAA	10.409522	-24.014721	0	T:9.0(0.15%),B:2.5(0.01%),P:1e-10	Tpos:41.0,Tstd:26.6,Bpos:45.2,Bstd:17.7,StrandBias:3.0,Multiplicity:1.00
0.100	0.100	0.100	0.700
0.100	0.700	0.100	0.100
0.100	0.100	0.100	0.700
0.100	0.100	0.100	0.700
0.100	0.100	0.100	0.700
0.700	0.100	0.100	0.100
0.100	0.700	0.100	0.100
0.100	0.700	0.100	0.100
0.100	0.700	0.100	0.100
0.100	0.100	0.100	0.700
0.700	0.100	0.100	0.100
0.700	0.100	0.100	0.100
>GGCACTGGYAGG	24-GGCACTGGYAGG	11.313422	-23.251121	0	T:24.0(0.40%),B:30.3(0.07%),P:1e-10	Tpos:58.2,Tstd:29.4,Bpos:48.0,Bstd:31.2,StrandBias:0.2,Multiplicity:1.00
0.001	0.001	0.997	0.001
0.064	0.064	0.871	0.001
0.001	0.997	0.001	0.001
0.672	0.064	0.135	0.129
0.001	0.717	0.218	0.064
0.065	0.001	0.001	0.933
0.067	0.141	0.599	0.193
0.001	0.001	0.997	0.001
0.006	0.537	0.006	0.451
0.865	0.001	0.064	0.070
0.001	0.001	0.997	0.001
0.001	0.129	0.735	0.135
>GAGCAGGGSAGG	25-GAGCAGGGSAGG	14.559686	-3.797518	0	T:3.0(0.05%),B:4.6(0.01%),P:1e-1	Tpos:50.7,Tstd:6.9,Bpos:66.6,Bstd:22.4,StrandBias:10.0,Multiplicity:1.00
0.188	0.251	0.438	0.123
0.737	0.074	0.001	0.188
0.001	0.047	0.951	0.001
0.001	0.997	0.001	0.001
0.797	0.128	0.074	0.001
0.001	0.001	0.997	0.001
0.001	0.074	0.924	0.001
0.001	0.001	0.997	0.001
0.001	0.565	0.433	0.001
0.997	0.001	0.001	0.001
0.001	0.001	0.997	0.001
0.001	0.001	0.997	0.001
>CAGCAG	1-CAGCAG	6.177716	-1789.905020	0	T:3098.0(51.48%),B:7124.4(17.55%),P:1e-777	Tpos:50.9,Tstd:14.8,Bpos:50.5,Bstd:40.2,StrandBias:3.6,Multiplicity:1.33
0.100	0.700	0.100	0.100
0.700	0.100	0.100	0.100
0.100	0.100	0.700	0.100
0.100	0.700	0.100	0.100
0.700	0.100	0.100	0.100
0.100	0.100	0.700	0.100
>AGGAGG	2-AGGAGG	5.339651	-758.599218	0	T:3369.0(55.98%),B:12854.3(31.67%),P:1e-329	Tpos:51.8,Tstd:26.2,Bpos:50.0,Bstd:34.0,StrandBias:0.7,Multiplicity:1.35
0.997	0.001	0.001	0.001
0.001	0.087	0.911	0.001
0.245	0.162	0.592	0.001
0.997	0.001	0.001	0.001
0.001	0.001	0.997	0.001
0.001	0.001	0.997	0.001
>TATATA	3-TATATA	5.653233	-50.477639	0	T:484.0(8.04%),B:2056.1(5.07%),P:1e-21	Tpos:36.3,Tstd:25.3,Bpos:49.6,Bstd:32.0,StrandBias:-0.3,Multiplicity:1.12
0.001	0.001	0.038	0.960
0.854	0.001	0.001	0.144
0.052	0.001	0.030	0.917
0.956	0.001	0.042	0.001
0.001	0.084	0.001	0.914
0.892	0.001	0.106	0.001
>GCGGCG	4-GCGGCG	6.380639	-49.098387	0	T:1468.0(24.39%),B:7858.0(19.36%),P:1e-21	Tpos:52.0,Tstd:27.1,Bpos:50.0,Bstd:31.1,StrandBias:-0.1,Multiplicity:1.50
0.001	0.001	0.997	0.001
0.001	0.997	0.001	0.001
0.001	0.001	0.997	0.001
0.001	0.001	0.997	0.001
0.001	0.828	0.170	0.001
0.001	0.140	0.858	0.001
>BACTAC	5-BACTAC	5.227780	-40.222959	0	T:1044.0(17.35%),B:5444.1(13.41%),P:1e-17	Tpos:51.8,Tstd:27.8,Bpos:49.7,Bstd:30.6,StrandBias:0.9,Multiplicity:1.24
0.171	0.341	0.278	0.210
0.997	0.001	0.001	0.001
0.152	0.745	0.001	0.102
0.081	0.268	0.227	0.424
0.926	0.072	0.001	0.001
0.152	0.743	0.003	0.102
>GACGAC	6-GACGAC	6.973232	-31.955207	0	T:1012.0(16.82%),B:5422.8(13.36%),P:1e-13	Tpos:50.1,Tstd:28.9,Bpos:48.9,Bstd:29.7,StrandBias:0.2,Multiplicity:1.24
0.001	0.001	0.997	0.001
0.827	0.001	0.171	0.001
0.001	0.997	0.001	0.001
0.001	0.001	0.997	0.001
0.997	0.001	0.001	0.001
0.001	0.679	0.319	0.001
>KATTAA	7-KATTAA	5.040653	-27.381070	0	T:886.0(14.72%),B:4755.3(11.72%),P:1e-11	Tpos:43.5,Tstd:30.2,Bpos:49.8,Bstd:30.8,StrandBias:0.2,Multiplicity:1.24
0.276	0.001	0.295	0.428
0.997	0.001	0.001	0.001
0.232	0.001	0.193	0.574
0.001	0.001	0.001	0.997
0.769	0.001	0.001	0.229
0.771	0.001	0.001	0.227
>AARARA	8-AARARA	4.543374	-27.079593	0	T:1451.0(24.11%),B:8286.3(20.41%),P:1e-11	Tpos:52.9,Tstd:27.1,Bpos:50.0,Bstd:33.3,StrandBias:0.8,Multiplicity:1.24
0.913	0.001	0.085	0.001
0.963	0.035	0.001	0.001
0.467	0.001	0.531	0.001
0.956	0.001	0.042	0.001
0.444	0.001	0.554	0.001
0.997	0.001	0.001	0.001
>CGGCCG	9-CGGCCG	6.177716	-16.113446	0	T:413.0(6.86%),B:2148.9(5.29%),P:1e-6	Tpos:50.0,Tstd:29.9,Bpos:50.7,Bstd:30.6,StrandBias:0.0,Multiplicity:1.09
0.100	0.700	0.100	0.100
0.100	0.100	0.700	0.100
0.100	0.100	0.700	0.100
0.100	0.700	0.100	0.100
0.100	0.700	0.100	0.100
0.100	0.100	0.700	0.100
>CAGCAGGR	1-CAGCAGGR	4.161567	-2080.555805	0	T:1859.0(30.89%),B:2012.5(4.96%),P:1e-903	Tpos:52.1,Tstd:9.9,Bpos:50.2,Bstd:39.5,StrandBias:4.8,Multiplicity:1.05
0.001	0.997	0.001	0.001
0.997	0.001	0.001	0.001
0.001	0.001	0.997	0.001
0.001	0.997	0.001	0.001
0.997	0.001	0.001	0.001
0.001	0.001	0.997	0.001
0.001	0.001	0.997	0.001
0.437	0.147	0.415	0.001
>CAGCAGWG	2-CAGCAGWG	6.524564	-1709.288826	0	T:2386.0(39.65%),B:4337.7(10.69%),P:1e-742	Tpos:52.4,Tstd:19.3,Bpos:49.9,Bstd:37.9,StrandBias:2.6,Multiplicity:1.02
0.025	0.901	0.014	0.060
0.789	0.061	0.071	0.079
0.012	0.030	0.870	0.088
0.061	0.821	0.047	0.071
0.848	0.022	0.059	0.071
0.046	0.056	0.877	0.021
0.283	0.153	0.196	0.368
0.202	0.036	0.740	0.022
>CAGCAGGA	3-CAGCAGGA	5.193530	-1533.393057	0	T:3486.0(57.93%),B:9908.0(24.41%),P:1e-665	Tpos:51.1,Tstd:22.5,Bpos:49.4,Bstd:34.0,StrandBias:1.5,Multiplicity:1.09
0.134	0.755	0.032	0.079
0.754	0.146	0.019	0.081
0.095	0.054	0.782	0.069
0.116	0.594	0.180	0.110
0.655	0.072	0.162	0.111
0.056	0.010	0.826	0.108
0.266	0.065	0.590	0.079
0.634	0.107	0.172	0.087
>AGCAGCAG	4-AGCAGCAG	7.042852	-1107.071224	0	T:2152.0(35.76%),B:4963.3(12.23%),P:1e-480	Tpos:50.5,Tstd:19.0,Bpos:50.1,Bstd:39.8,StrandBias:2.7,Multiplicity:1.09
0.791	0.001	0.104	0.104
0.058	0.088	0.824	0.030
0.015	0.983	0.001	0.001
0.997	0.001	0.001	0.001
0.001	0.023	0.975	0.001
0.031	0.900	0.044	0.025
0.977	0.001	0.021	0.001
0.031	0.058	0.876	0.035
>CAMCACCA	5-CAMCACCA	5.959775	-97.361007	0	T:1304.0(21.67%),B:6095.9(15.02%),P:1e-42	Tpos:50.7,Tstd:26.9,Bpos:49.6,Bstd:31.1,StrandBias:1.2,Multiplicity:1.14
0.048	0.940	0.001	0.011
0.744	0.254	0.001	0.001
0.390	0.484	0.050	0.075
0.001	0.981	0.017	0.001
0.875	0.001	0.095	0.029
0.174	0.646	0.179	0.001
0.109	0.822	0.001	0.068
0.643	0.353	0.001	0.003
>GGMCGCSG	6-GGMCGCSG	7.543543	-73.450493	0	T:1064.0(17.68%),B:5023.7(12.38%),P:1e-31	Tpos:52.6,Tstd:27.4,Bpos:50.4,Bstd:30.1,StrandBias:0.1,Multiplicity:1.22
0.037	0.360	0.602	0.001
0.001	0.001	0.997	0.001
0.485	0.513	0.001	0.001
0.028	0.584	0.387	0.001
0.043	0.001	0.955	0.001
0.343	0.579	0.077	0.001
0.001	0.534	0.464	0.001
0.001	0.001	0.997	0.001
>GACGACGA	7-GACGACGA	6.369551	-62.593524	0	T:816.0(13.56%),B:3749.7(9.24%),P:1e-27	Tpos:51.5,Tstd:28.3,Bpos:50.1,Bstd:29.4,StrandBias:0.2,Multiplicity:1.09
0.029	0.001	0.950	0.020
0.861	0.073	0.065	0.001
0.076	0.773	0.120	0.031
0.001	0.001	0.979	0.019
0.966	0.032	0.001	0.001
0.062	0.787	0.106	0.045
0.001	0.029	0.956	0.014
0.947	0.001	0.019	0.033
>GGCGGCGG	8-GGCGGCGG	6.234483	-60.160920	0	T:1482.0(24.63%),B:7728.3(19.04%),P:1e-26	Tpos:52.6,Tstd:28.2,Bpos:49.5,Bstd:30.6,StrandBias:-0.2,Multiplicity:1.19
0.099	0.144	0.756	0.001
0.093	0.188	0.718	0.001
0.001	0.997	0.001	0.001
0.001	0.001	0.997	0.001
0.144	0.057	0.798	0.001
0.001	0.729	0.269	0.001
0.001	0.001	0.997	0.001
0.121	0.192	0.627	0.060
>TATATATA	9-TATATATA	5.097091	-51.993800	0	T:508.0(8.44%),B:2169.4(5.34%),P:1e-22	Tpos:37.0,Tstd:25.9,Bpos:50.5,Bstd:30.9,StrandBias:-0.1,Multiplicity:1.11
0.119	0.223	0.233	0.425
0.694	0.111	0.138	0.057
0.001	0.099	0.090	0.810
0.800	0.029	0.001	0.170
0.012	0.163	0.001	0.824
0.853	0.001	0.031	0.115
0.108	0.134	0.030	0.728
0.865	0.001	0.084	0.050
>ACAAGAAG	10-ACAAGAAG	6.810349	-46.193100	0	T:471.0(7.83%),B:2033.6(5.01%),P:1e-20	Tpos:52.2,Tstd:26.4,Bpos:49.7,Bstd:35.0,StrandBias:1.1,Multiplicity:1.06
0.758	0.096	0.088	0.058
0.001	0.786	0.212	0.001
0.863	0.075	0.031	0.031
0.997	0.001	0.001	0.001
0.001	0.001	0.997	0.001
0.875	0.102	0.001	0.022
0.938	0.060	0.001	0.001
0.107	0.033	0.859	0.001
>TATWATTA	11-TATWATTA	4.522327	-45.165250	0	T:727.0(12.08%),B:3483.3(8.58%),P:1e-19	Tpos:45.0,Tstd:30.1,Bpos:49.5,Bstd:29.1,StrandBias:0.1,Multiplicity:1.20
0.324	0.028	0.116	0.532
0.586	0.157	0.142	0.115
0.161	0.159	0.149	0.531
0.532	0.014	0.066	0.388
0.834	0.070	0.086	0.010
0.017	0.197	0.005	0.781
0.350	0.001	0.014	0.635
0.700	0.032	0.060	0.208
>GAGAGAGA	12-GAGAGAGA	7.631127	-39.995662	0	T:305.0(5.07%),B:1215.9(3.00%),P:1e-17	Tpos:57.7,Tstd:24.6,Bpos:49.5,Bstd:31.9,StrandBias:1.0,Multiplicity:1.06
0.149	0.019	0.794	0.038
0.926	0.044	0.029	0.001
0.001	0.023	0.975	0.001
0.920	0.065	0.001	0.014
0.001	0.018	0.901	0.080
0.977	0.021	0.001	0.001
0.001	0.018	0.914	0.067
0.839	0.020	0.115	0.026
>CCCGATCC	13-CCCGATCC	6.634399	-38.164664	0	T:324.0(5.38%),B:1332.6(3.28%),P:1e-16	Tpos:50.7,Tstd:28.3,Bpos:50.7,Bstd:28.9,StrandBias:1.0,Multiplicity:1.05
0.001	0.812	0.001	0.186
0.001	0.997	0.001	0.001
0.001	0.997	0.001	0.001
0.001	0.398	0.600	0.001
0.960	0.038	0.001	0.001
0.001	0.032	0.001	0.966
0.001	0.902	0.001	0.096
0.274	0.724	0.001	0.001
>ACGAGACG	14-ACGAGACG	6.770250	-36.399514	0	T:306.0(5.08%),B:1255.3(3.09%),P:1e-15	Tpos:50.8,Tstd:29.0,Bpos:51.6,Bstd:30.4,StrandBias:0.4,Multiplicity:1.05
0.939	0.001	0.001	0.059
0.001	0.939	0.059	0.001
0.001	0.060	0.904	0.035
0.933	0.001	0.042	0.024
0.062	0.212	0.621	0.105
0.867	0.001	0.131	0.001
0.026	0.950	0.023	0.001
0.001	0.095	0.903	0.001
>ACTACTAC	15-ACTACTAC	7.497243	-35.320053	0	T:172.0(2.86%),B:589.8(1.45%),P:1e-15	Tpos:52.2,Tstd:28.3,Bpos:50.0,Bstd:29.5,StrandBias:0.4,Multiplicity:1.02
0.736	0.041	0.085	0.138
0.020	0.916	0.063	0.001
0.067	0.001	0.045	0.887
0.969	0.029	0.001	0.001
0.001	0.997	0.001	0.001
0.001	0.001	0.080	0.918
0.873	0.037	0.089	0.001
0.001	0.864	0.115	0.020
>ACACACAM	16-ACACACAM	6.147424	-32.059941	0	T:458.0(7.61%),B:2139.6(5.27%),P:1e-13	Tpos:50.7,Tstd:28.2,Bpos:50.8,Bstd:31.0,StrandBias:0.8,Multiplicity:1.07
0.737	0.001	0.103	0.159
0.001	0.700	0.001	0.298
0.720	0.001	0.094	0.185
0.169	0.547	0.008	0.276
0.991	0.001	0.007	0.001
0.001	0.874	0.124	0.001
0.862	0.001	0.136	0.001
0.480	0.432	0.087	0.001
>TTTCTAGT	17-TTTCTAGT	8.236954	-19.239042	0	T:26.0(0.43%),B:43.5(0.11%),P:1e-8	Tpos:50.2,Tstd:27.9,Bpos:50.7,Bstd:26.8,StrandBias:-0.5,Multiplicity:1.00
0.100	0.100	0.100	0.700
0.100	0.100	0.100	0.700
0.100	0.100	0.100	0.700
0.100	0.700	0.100	0.100
0.100	0.100	0.100	0.700
0.700	0.100	0.100	0.100
0.100	0.100	0.700	0.100
0.100	0.100	0.100	0.700
>ATCGATCG	18-ATCGATCG	8.079995	-17.345779	0	T:86.0(1.43%),B:303.6(0.75%),P:1e-7	Tpos:43.6,Tstd:30.0,Bpos:49.8,Bstd:28.0,StrandBias:-0.0,Multiplicity:1.02
0.997	0.001	0.001	0.001
0.001	0.001	0.091	0.907
0.001	0.888	0.001	0.110
0.001	0.001	0.997	0.001
0.915	0.001	0.083	0.001
0.001	0.001	0.001	0.997
0.001	0.997	0.001	0.001
0.252	0.001	0.746	0.001
