>NVCAGCAGGS	1-NVCAGCAGGS	8.234430	-2025.507712	0	T:1770.0(29.44%),B:1847.3(4.56%),P:1e-879	Tpos:51.0,Tstd:9.7,Bpos:49.8,Bstd:39.2,StrandBias:4.8,Multiplicity:1.04
0.256	0.280	0.198	0.266
0.304	0.252	0.301	0.143
0.001	0.997	0.001	0.001
0.997	0.001	0.001	0.001
0.001	0.012	0.986	0.001
0.001	0.908	0.090	0.001
0.997	0.001	0.001	0.001
0.001	0.021	0.955	0.023
0.139	0.121	0.700	0.040
0.230	0.328	0.396	0.045
>GCAGCAGCAG	2-GCAGCAGCAG	6.571411	-898.771523	0	T:2396.0(39.85%),B:6818.2(16.82%),P:1e-390	Tpos:50.7,Tstd:18.7,Bpos:50.0,Bstd:39.3,StrandBias:2.4,Multiplicity:1.11
0.183	0.278	0.459	0.080
0.215	0.597	0.113	0.075
0.664	0.056	0.120	0.160
0.061	0.123	0.699	0.117
0.084	0.866	0.027	0.023
0.908	0.025	0.028	0.039
0.029	0.031	0.911	0.029
0.223	0.599	0.085	0.093
0.781	0.048	0.135	0.036
0.244	0.091	0.621	0.044
>CAGCAGAAAA	3-CAGCAGAAAA	7.817498	-250.146018	0	T:418.0(6.95%),B:770.7(1.90%),P:1e-108	Tpos:51.4,Tstd:18.3,Bpos:50.9,Bstd:36.7,StrandBias:2.1,Multiplicity:1.01
0.029	0.870	0.026	0.075
0.851	0.035	0.075	0.039
0.094	0.044	0.797	0.065
0.073	0.853	0.023	0.051
0.793	0.095	0.052	0.060
0.076	0.036	0.833	0.055
0.867	0.054	0.073	0.006
0.696	0.070	0.186	0.048
0.712	0.183	0.046	0.059
0.732	0.111	0.077	0.080
>BCAGMAGGTW	4-BCAGMAGGTW	7.137262	-238.011361	0	T:433.0(7.20%),B:853.9(2.11%),P:1e-103	Tpos:48.5,Tstd:24.5,Bpos:52.0,Bstd:34.6,StrandBias:0.3,Multiplicity:1.01
0.137	0.259	0.360	0.244
0.032	0.600	0.333	0.035
0.751	0.063	0.051	0.135
0.046	0.022	0.878	0.054
0.396	0.490	0.053	0.062
0.449	0.072	0.265	0.214
0.072	0.187	0.711	0.030
0.036	0.053	0.868	0.043
0.054	0.056	0.261	0.629
0.375	0.202	0.145	0.279
>TGGTGTTGGT	5-TGGTGTTGGT	4.720334	-224.906523	0	T:2483.0(41.29%),B:11594.8(28.60%),P:1e-97	Tpos:50.6,Tstd:27.0,Bpos:49.8,Bstd:30.4,StrandBias:-1.2,Multiplicity:1.24
0.074	0.042	0.155	0.729
0.061	0.121	0.753	0.065
0.045	0.187	0.679	0.089
0.016	0.078	0.257	0.649
0.071	0.024	0.819	0.086
0.076	0.167	0.260	0.497
0.011	0.184	0.153	0.652
0.012	0.039	0.846	0.103
0.032	0.137	0.625	0.206
0.145	0.060	0.173	0.622
>AAGAAGRAGA	6-AAGAAGRAGA	6.084529	-96.768624	0	T:1198.0(19.92%),B:5490.6(13.54%),P:1e-42	Tpos:52.7,Tstd:25.3,Bpos:49.9,Bstd:33.2,StrandBias:0.8,Multiplicity:1.14
0.632	0.195	0.151	0.022
0.816	0.001	0.182	0.001
0.001	0.229	0.769	0.001
0.730	0.012	0.257	0.001
0.786	0.004	0.024	0.186
0.137	0.165	0.697	0.001
0.403	0.114	0.482	0.001
0.513	0.155	0.201	0.131
0.222	0.150	0.626	0.002
0.513	0.163	0.157	0.167
>GVSGMGGVGG	7-GVSGMGGVGG	5.093089	-70.718770	0	T:1597.0(26.56%),B:8240.3(20.32%),P:1e-30	Tpos:52.1,Tstd:27.3,Bpos:50.0,Bstd:28.6,StrandBias:-0.1,Multiplicity:1.32
0.001	0.001	0.997	0.001
0.318	0.273	0.257	0.152
0.001	0.491	0.507	0.001
0.001	0.001	0.997	0.001
0.299	0.441	0.259	0.001
0.001	0.406	0.592	0.001
0.001	0.001	0.997	0.001
0.387	0.360	0.252	0.001
0.001	0.389	0.609	0.001
0.031	0.001	0.967	0.001
>TCAGCAGGTC	8-TCAGCAGGTC	10.119864	-66.630641	0	T:74.0(1.23%),B:94.6(0.23%),P:1e-28	Tpos:51.7,Tstd:15.9,Bpos:41.3,Bstd:37.4,StrandBias:1.6,Multiplicity:1.00
0.001	0.001	0.080	0.918
0.001	0.974	0.024	0.001
0.881	0.064	0.001	0.054
0.001	0.001	0.988	0.010
0.027	0.971	0.001	0.001
0.962	0.023	0.014	0.001
0.001	0.001	0.997	0.001
0.001	0.058	0.940	0.001
0.001	0.001	0.027	0.971
0.261	0.584	0.144	0.011
>TATATAHWNN	9-TATATAHWNN	5.398103	-53.305321	0	T:233.0(3.87%),B:759.8(1.87%),P:1e-23	Tpos:34.2,Tstd:23.6,Bpos:50.1,Bstd:28.2,StrandBias:0.0,Multiplicity:1.36
0.098	0.011	0.185	0.706
0.480	0.137	0.162	0.222
0.014	0.006	0.066	0.914
0.824	0.088	0.009	0.079
0.189	0.226	0.128	0.457
0.594	0.183	0.212	0.011
0.264	0.309	0.152	0.275
0.399	0.128	0.215	0.258
0.308	0.255	0.187	0.249
0.229	0.260	0.285	0.226
>CAGCAGGTGG	10-CAGCAGGTGG	10.753556	-49.171355	0	T:53.0(0.88%),B:66.6(0.16%),P:1e-21	Tpos:54.5,Tstd:7.4,Bpos:55.2,Bstd:31.4,StrandBias:10.0,Multiplicity:1.00
0.001	0.997	0.001	0.001
0.997	0.001	0.001	0.001
0.001	0.001	0.997	0.001
0.001	0.997	0.001	0.001
0.997	0.001	0.001	0.001
0.001	0.001	0.997	0.001
0.001	0.001	0.997	0.001
0.001	0.001	0.001	0.997
0.001	0.196	0.802	0.001
0.001	0.001	0.941	0.057
>MGAGAGGMGA	11-MGAGAGGMGA	9.021352	-44.662924	0	T:112.0(1.86%),B:277.4(0.68%),P:1e-19	Tpos:53.0,Tstd:25.5,Bpos:55.5,Bstd:36.1,StrandBias:0.1,Multiplicity:1.01
0.526	0.389	0.001	0.084
0.022	0.001	0.911	0.066
0.978	0.001	0.001	0.020
0.077	0.001	0.836	0.086
0.997	0.001	0.001	0.001
0.333	0.049	0.586	0.032
0.216	0.067	0.529	0.188
0.479	0.519	0.001	0.001
0.024	0.214	0.676	0.086
0.997	0.001	0.001	0.001
>CAGCAGTGAG	12-CAGCAGTGAG	10.239379	-44.180441	0	T:74.0(1.23%),B:139.6(0.34%),P:1e-19	Tpos:49.4,Tstd:18.6,Bpos:57.9,Bstd:25.1,StrandBias:4.4,Multiplicity:1.00
0.001	0.997	0.001	0.001
0.997	0.001	0.001	0.001
0.001	0.001	0.997	0.001
0.001	0.997	0.001	0.001
0.997	0.001	0.001	0.001
0.001	0.001	0.997	0.001
0.001	0.171	0.001	0.827
0.001	0.001	0.954	0.044
0.749	0.001	0.249	0.001
0.001	0.001	0.997	0.001
>CTATAAATGC	13-CTATAAATGC	9.686120	-42.237960	0	T:39.0(0.65%),B:41.2(0.10%),P:1e-18	Tpos:34.4,Tstd:24.4,Bpos:45.9,Bstd:27.8,StrandBias:2.0,Multiplicity:1.00
0.001	0.908	0.001	0.090
0.039	0.001	0.001	0.959
0.959	0.001	0.001	0.039
0.001	0.016	0.020	0.963
0.919	0.001	0.040	0.040
0.979	0.019	0.001	0.001
0.959	0.001	0.039	0.001
0.040	0.001	0.040	0.919
0.099	0.222	0.644	0.035
0.040	0.919	0.001	0.040
>ACRCACACAC	14-ACRCACACAC	6.027784	-41.971434	0	T:174.0(2.89%),B:556.8(1.37%),P:1e-18	Tpos:54.9,Tstd:25.4,Bpos:51.6,Bstd:28.4,StrandBias:1.5,Multiplicity:1.01
0.503	0.086	0.219	0.192
0.120	0.411	0.248	0.220
0.538	0.017	0.418	0.027
0.182	0.532	0.102	0.184
0.580	0.107	0.234	0.079
0.117	0.512	0.183	0.188
0.701	0.021	0.262	0.016
0.269	0.461	0.196	0.073
0.611	0.017	0.155	0.217
0.319	0.636	0.020	0.025
>GAGAGAGAGA	15-GAGAGAGAGA	7.110783	-37.583860	0	T:357.0(5.94%),B:1513.3(3.73%),P:1e-16	Tpos:57.1,Tstd:23.9,Bpos:50.6,Bstd:32.9,StrandBias:0.9,Multiplicity:1.05
0.103	0.055	0.788	0.054
0.833	0.075	0.067	0.025
0.054	0.047	0.817	0.082
0.780	0.070	0.097	0.053
0.085	0.057	0.755	0.103
0.816	0.110	0.041	0.033
0.083	0.048	0.812	0.057
0.768	0.064	0.099	0.069
0.064	0.078	0.809	0.049
0.825	0.044	0.069	0.062
>TACTTGGATT	16-TACTTGGATT	10.903277	-33.068798	0	T:14.0(0.23%),B:4.0(0.01%),P:1e-14	Tpos:41.6,Tstd:38.7,Bpos:64.8,Bstd:14.2,StrandBias:0.7,Multiplicity:1.00
0.001	0.001	0.001	0.997
0.997	0.001	0.001	0.001
0.001	0.997	0.001	0.001
0.145	0.001	0.001	0.853
0.001	0.001	0.001	0.997
0.001	0.001	0.714	0.284
0.284	0.001	0.714	0.001
0.997	0.001	0.001	0.001
0.001	0.001	0.001	0.997
0.001	0.284	0.001	0.714
>TGCGGAATTA	17-TGCGGAATTA	8.858638	-31.606906	0	T:25.0(0.42%),B:22.1(0.05%),P:1e-13	Tpos:47.2,Tstd:28.5,Bpos:42.9,Bstd:21.6,StrandBias:-1.3,Multiplicity:1.00
0.001	0.001	0.001	0.997
0.001	0.001	0.997	0.001
0.001	0.660	0.338	0.001
0.001	0.001	0.997	0.001
0.299	0.001	0.699	0.001
0.997	0.001	0.001	0.001
0.997	0.001	0.001	0.001
0.001	0.001	0.001	0.997
0.001	0.001	0.001	0.997
0.660	0.001	0.310	0.029
>TTCGTTACCC	18-TTCGTTACCC	11.130771	-26.826615	0	T:11.0(0.18%),B:4.0(0.01%),P:1e-11	Tpos:41.1,Tstd:23.1,Bpos:54.9,Bstd:15.4,StrandBias:2.0,Multiplicity:1.00
0.001	0.001	0.001	0.997
0.001	0.001	0.001	0.997
0.001	0.997	0.001	0.001
0.001	0.001	0.814	0.184
0.001	0.001	0.001	0.997
0.397	0.001	0.001	0.601
0.997	0.001	0.001	0.001
0.001	0.997	0.001	0.001
0.001	0.601	0.397	0.001
0.001	0.997	0.001	0.001
>ATTAWYAATA	19-ATTAWYAATA	8.789650	-25.502138	0	T:42.0(0.70%),B:80.2(0.20%),P:1e-11	Tpos:41.8,Tstd:30.1,Bpos:47.6,Bstd:27.4,StrandBias:-0.8,Multiplicity:1.02
0.946	0.001	0.052	0.001
0.134	0.142	0.001	0.723
0.181	0.002	0.060	0.757
0.890	0.001	0.108	0.001
0.524	0.001	0.001	0.474
0.001	0.430	0.001	0.568
0.888	0.110	0.001	0.001
0.707	0.001	0.001	0.291
0.001	0.001	0.001	0.997
0.794	0.089	0.001	0.116
>CCTGTCGATC	20-CCTGTCGATC	12.034092	-18.787360	0	T:14.0(0.23%),B:12.2(0.03%),P:1e-8	Tpos:52.6,Tstd:21.9,Bpos:47.3,Bstd:12.8,StrandBias:-0.8,Multiplicity:1.00
0.001	0.997	0.001	0.001
0.001	0.997	0.001	0.001
0.001	0.001	0.001	0.997
0.001	0.001	0.997	0.001
0.168	0.001	0.165	0.666
0.001	0.997	0.001	0.001
0.001	0.001	0.997	0.001
0.997	0.001	0.001	0.001
0.001	0.001	0.001	0.997
0.001	0.997	0.001	0.001
>CTAGCTAGTT	21-CTAGCTAGTT	9.351481	-18.143816	0	T:53.0(0.88%),B:148.5(0.37%),P:1e-7	Tpos:45.8,Tstd:28.7,Bpos:50.4,Bstd:32.4,StrandBias:0.2,Multiplicity:1.02
0.001	0.946	0.001	0.052
0.053	0.001	0.036	0.910
0.946	0.001	0.052	0.001
0.001	0.001	0.997	0.001
0.053	0.893	0.001	0.053
0.001	0.001	0.001	0.997
0.823	0.027	0.086	0.064
0.053	0.001	0.890	0.056
0.013	0.292	0.001	0.694
0.064	0.001	0.024	0.911
>GTGCTTTGGA	22-GTGCTTTGGA	10.296193	-17.294740	0	T:7.0(0.12%),B:2.5(0.01%),P:1e-7	Tpos:42.6,Tstd:29.7,Bpos:45.1,Bstd:22.4,StrandBias:0.4,Multiplicity:1.00
0.100	0.100	0.700	0.100
0.100	0.100	0.100	0.700
0.100	0.100	0.700	0.100
0.100	0.700	0.100	0.100
0.100	0.100	0.100	0.700
0.100	0.100	0.100	0.700
0.100	0.100	0.100	0.700
0.100	0.100	0.700	0.100
0.100	0.100	0.700	0.100
0.700	0.100	0.100	0.100
>GTTCCAGGTC	23-GTTCCAGGTC	12.231452	-17.084012	0	T:10.0(0.17%),B:6.1(0.01%),P:1e-7	Tpos:67.5,Tstd:19.0,Bpos:55.5,Bstd:18.8,StrandBias:1.2,Multiplicity:1.00
0.001	0.001	0.997	0.001
0.001	0.001	0.001	0.997
0.001	0.001	0.001	0.997
0.001	0.997	0.001	0.001
0.001	0.997	0.001	0.001
0.997	0.001	0.001	0.001
0.001	0.001	0.997	0.001
0.001	0.001	0.997	0.001
0.201	0.001	0.001	0.797
0.001	0.997	0.001	0.001
>CCATTCCATT	24-CCATTCCATT	11.875091	-16.392174	0	T:15.0(0.25%),B:17.1(0.04%),P:1e-7	Tpos:59.6,Tstd:27.4,Bpos:51.0,Bstd:27.0,StrandBias:-1.0,Multiplicity:1.20
0.227	0.771	0.001	0.001
0.001	0.997	0.001	0.001
0.997	0.001	0.001	0.001
0.001	0.001	0.001	0.997
0.001	0.001	0.001	0.997
0.001	0.816	0.182	0.001
0.001	0.997	0.001	0.001
0.997	0.001	0.001	0.001
0.001	0.001	0.001	0.997
0.001	0.001	0.001	0.997
>GAAGGAAACC	25-GAAGGAAACC	11.707270	-9.116875	0	T:10.0(0.17%),B:15.6(0.04%),P:1e-3	Tpos:49.7,Tstd:32.4,Bpos:57.1,Bstd:17.7,StrandBias:0.6,Multiplicity:1.00
0.001	0.001	0.997	0.001
0.997	0.001	0.001	0.001
0.997	0.001	0.001	0.001
0.001	0.119	0.879	0.001
0.001	0.001	0.997	0.001
0.997	0.001	0.001	0.001
0.997	0.001	0.001	0.001
0.997	0.001	0.001	0.001
0.001	0.997	0.001	0.001
0.001	0.997	0.001	0.001
>CAGCAGCAGGAG	1-CAGCAGCAGGAG	6.854796	-1610.419471	0	T:2957.0(49.18%),B:7000.6(17.27%),P:1e-699	Tpos:51.1,Tstd:14.4,Bpos:50.1,Bstd:37.9,StrandBias:3.4,Multiplicity:1.17
0.241	0.393	0.230	0.135
0.432	0.153	0.207	0.208
0.177	0.196	0.511	0.116
0.045	0.870	0.084	0.001
0.997	0.001	0.001	0.001
0.001	0.041	0.957	0.001
0.001	0.826	0.172	0.001
0.997	0.001	0.001	0.001
0.048	0.001	0.950	0.001
0.132	0.301	0.516	0.051
0.494	0.184	0.257	0.064
0.246	0.206	0.441	0.106
>RGCAGGAGGAGV	2-RGCAGGAGGAGV	6.341566	-423.864984	0	T:1570.0(26.11%),B:4990.6(12.31%),P:1e-184	Tpos:50.1,Tstd:25.1,Bpos:50.3,Bstd:34.7,StrandBias:0.6,Multiplicity:1.04
0.372	0.177	0.246	0.205
0.079	0.109	0.751	0.061
0.152	0.511	0.283	0.054
0.540	0.111	0.159	0.190
0.102	0.098	0.744	0.056
0.169	0.274	0.510	0.047
0.526	0.144	0.168	0.162
0.124	0.112	0.692	0.072
0.186	0.260	0.507	0.047
0.530	0.155	0.164	0.151
0.136	0.119	0.674	0.071
0.260	0.302	0.314	0.124
>SAAGCAGCAGSA	3-SAAGCAGCAGSA	9.200780	-330.695625	0	T:595.0(9.90%),B:1171.2(2.89%),P:1e-143	Tpos:52.2,Tstd:24.3,Bpos:43.7,Bstd:37.5,StrandBias:1.5,Multiplicity:1.03
0.203	0.418	0.377	0.001
0.598	0.165	0.037	0.200
0.997	0.001	0.001	0.001
0.001	0.001	0.997	0.001
0.172	0.624	0.001	0.203
0.908	0.018	0.001	0.073
0.001	0.001	0.981	0.017
0.112	0.706	0.001	0.181
0.997	0.001	0.001	0.001
0.073	0.001	0.742	0.184
0.098	0.403	0.390	0.110
0.504	0.162	0.333	0.001
>GCAGCAGGGAGA	4-GCAGCAGGGAGA	9.562447	-159.023768	0	T:201.0(3.34%),B:287.3(0.71%),P:1e-69	Tpos:48.4,Tstd:21.6,Bpos:53.4,Bstd:39.3,StrandBias:1.8,Multiplicity:1.00
0.058	0.019	0.827	0.096
0.128	0.776	0.038	0.058
0.845	0.116	0.001	0.038
0.001	0.107	0.873	0.019
0.038	0.923	0.038	0.001
0.842	0.039	0.100	0.019
0.123	0.116	0.648	0.113
0.001	0.096	0.767	0.136
0.038	0.052	0.891	0.019
0.847	0.038	0.019	0.096
0.001	0.070	0.928	0.001
0.832	0.019	0.072	0.077
>CAGCAGAAAAAA	5-CAGCAGAAAAAA	8.725859	-152.559441	0	T:200.0(3.33%),B:296.9(0.73%),P:1e-66	Tpos:50.7,Tstd:21.1,Bpos:46.9,Bstd:32.6,StrandBias:2.3,Multiplicity:1.01
0.113	0.751	0.092	0.044
0.776	0.089	0.089	0.046
0.112	0.001	0.865	0.022
0.066	0.846	0.022	0.066
0.799	0.089	0.023	0.089
0.066	0.062	0.850	0.022
0.865	0.112	0.022	0.001
0.844	0.067	0.088	0.001
0.731	0.069	0.134	0.066
0.932	0.023	0.044	0.001
0.912	0.044	0.022	0.022
0.830	0.022	0.111	0.037
>CCATCACCACCA	6-CCATCACCACCA	9.037776	-96.611942	0	T:216.0(3.59%),B:491.1(1.21%),P:1e-41	Tpos:54.8,Tstd:26.2,Bpos:48.3,Bstd:30.1,StrandBias:1.4,Multiplicity:1.02
0.048	0.796	0.060	0.096
0.047	0.881	0.071	0.001
0.802	0.084	0.027	0.087
0.084	0.091	0.116	0.709
0.001	0.956	0.020	0.023
0.705	0.135	0.092	0.068
0.064	0.811	0.048	0.077
0.001	0.975	0.012	0.012
0.822	0.067	0.036	0.075
0.036	0.826	0.078	0.060
0.012	0.905	0.071	0.012
0.797	0.071	0.072	0.060
>RRGGAGRAGRRG	7-RRGGAGRAGRRG	7.746503	-73.037888	0	T:835.0(13.89%),B:3725.3(9.19%),P:1e-31	Tpos:55.5,Tstd:24.9,Bpos:49.7,Bstd:34.2,StrandBias:0.4,Multiplicity:1.09
0.437	0.001	0.561	0.001
0.474	0.001	0.524	0.001
0.344	0.001	0.654	0.001
0.397	0.001	0.601	0.001
0.810	0.001	0.188	0.001
0.245	0.001	0.753	0.001
0.506	0.001	0.492	0.001
0.598	0.001	0.400	0.001
0.384	0.001	0.614	0.001
0.492	0.001	0.506	0.001
0.568	0.001	0.430	0.001
0.346	0.001	0.652	0.001
>BCGBCGBCGBCG	8-BCGBCGBCGBCG	5.984773	-61.510156	0	T:1598.0(26.58%),B:8413.7(20.75%),P:1e-26	Tpos:51.7,Tstd:27.5,Bpos:50.0,Bstd:27.7,StrandBias:-0.1,Multiplicity:1.36
0.089	0.311	0.281	0.319
0.005	0.827	0.122	0.046
0.036	0.265	0.637	0.062
0.093	0.320	0.257	0.329
0.001	0.904	0.072	0.023
0.041	0.195	0.709	0.055
0.084	0.318	0.274	0.323
0.001	0.904	0.074	0.021
0.033	0.183	0.736	0.048
0.103	0.346	0.271	0.281
0.004	0.821	0.132	0.043
0.043	0.233	0.669	0.055
>KTDTRTATATAT	9-KTDTRTATATAT	7.350182	-53.035727	0	T:158.0(2.63%),B:429.4(1.06%),P:1e-23	Tpos:33.7,Tstd:23.1,Bpos:51.7,Bstd:27.5,StrandBias:-0.2,Multiplicity:1.06
0.141	0.103	0.438	0.317
0.179	0.169	0.196	0.456
0.267	0.130	0.364	0.239
0.109	0.015	0.087	0.789
0.419	0.038	0.324	0.219
0.001	0.021	0.001	0.977
0.767	0.001	0.135	0.097
0.021	0.001	0.001	0.977
0.837	0.001	0.119	0.043
0.021	0.043	0.001	0.935
0.835	0.001	0.097	0.067
0.130	0.109	0.195	0.566
>TTCAGCAGGTCA	10-TTCAGCAGGTCA	9.407506	-51.925074	0	T:22.0(0.37%),B:6.5(0.02%),P:1e-22	Tpos:48.8,Tstd:12.9,Bpos:52.7,Bstd:23.5,StrandBias:1.9,Multiplicity:1.00
0.085	0.261	0.182	0.471
0.128	0.301	0.014	0.557
0.009	0.862	0.009	0.120
0.568	0.143	0.049	0.240
0.003	0.011	0.826	0.160
0.074	0.837	0.003	0.086
0.543	0.106	0.148	0.203
0.158	0.066	0.682	0.094
0.009	0.217	0.637	0.137
0.020	0.099	0.322	0.559
0.221	0.574	0.188	0.017
0.443	0.272	0.177	0.108
>CACCAACCCCAA	11-CACCAACCCCAA	7.824202	-50.453240	0	T:93.0(1.55%),B:187.2(0.46%),P:1e-21	Tpos:47.7,Tstd:27.2,Bpos:52.2,Bstd:27.0,StrandBias:2.3,Multiplicity:1.01
0.147	0.744	0.072	0.037
0.558	0.170	0.144	0.128
0.191	0.488	0.199	0.122
0.059	0.725	0.180	0.036
0.648	0.206	0.095	0.051
0.561	0.185	0.167	0.087
0.189	0.532	0.218	0.061
0.163	0.519	0.159	0.159
0.175	0.551	0.194	0.080
0.209	0.701	0.058	0.032
0.727	0.139	0.053	0.081
0.504	0.176	0.175	0.145
>GAAAGACGAGAC	12-GAAAGACGAGAC	11.270286	-49.051594	0	T:20.0(0.33%),B:5.7(0.01%),P:1e-21	Tpos:51.9,Tstd:28.2,Bpos:26.5,Bstd:2.0,StrandBias:-0.2,Multiplicity:1.00
0.221	0.001	0.777	0.001
0.773	0.078	0.148	0.001
0.777	0.001	0.074	0.148
0.910	0.001	0.088	0.001
0.001	0.001	0.997	0.001
0.925	0.073	0.001	0.001
0.015	0.910	0.074	0.001
0.001	0.073	0.925	0.001
0.851	0.147	0.001	0.001
0.001	0.295	0.703	0.001
0.629	0.001	0.296	0.074
0.001	0.997	0.001	0.001
>ACATGAAAGACG	13-ACATGAAAGACG	10.013667	-41.018150	0	T:47.0(0.78%),B:63.7(0.16%),P:1e-17	Tpos:50.5,Tstd:29.0,Bpos:47.4,Bstd:32.3,StrandBias:0.8,Multiplicity:1.00
0.937	0.031	0.031	0.001
0.063	0.600	0.336	0.001
0.997	0.001	0.001	0.001
0.243	0.189	0.093	0.475
0.001	0.030	0.968	0.001
0.668	0.031	0.300	0.001
0.997	0.001	0.001	0.001
0.685	0.188	0.062	0.065
0.092	0.001	0.906	0.001
0.937	0.001	0.061	0.001
0.219	0.495	0.066	0.220
0.096	0.155	0.748	0.001
>AAGTATTTCAGC	14-AAGTATTTCAGC	8.876730	-39.017384	0	T:29.0(0.48%),B:23.9(0.06%),P:1e-16	Tpos:45.0,Tstd:27.0,Bpos:49.5,Bstd:26.3,StrandBias:0.4,Multiplicity:1.00
0.498	0.209	0.126	0.167
0.572	0.093	0.149	0.186
0.195	0.001	0.618	0.186
0.259	0.001	0.001	0.739
0.693	0.005	0.172	0.130
0.116	0.154	0.153	0.577
0.116	0.251	0.001	0.632
0.181	0.084	0.102	0.633
0.001	0.887	0.111	0.001
0.800	0.001	0.060	0.139
0.107	0.001	0.771	0.121
0.172	0.596	0.107	0.125
>MAGMAGAAGAAG	15-MAGMAGAAGAAG	9.774775	-37.684344	0	T:164.0(2.73%),B:536.9(1.32%),P:1e-16	Tpos:49.9,Tstd:26.5,Bpos:50.9,Bstd:35.9,StrandBias:0.9,Multiplicity:1.03
0.449	0.365	0.184	0.001
0.474	0.060	0.228	0.238
0.001	0.221	0.777	0.001
0.391	0.505	0.001	0.103
0.528	0.081	0.137	0.254
0.001	0.001	0.997	0.001
0.997	0.001	0.001	0.001
0.525	0.096	0.163	0.216
0.001	0.309	0.689	0.001
0.997	0.001	0.001	0.001
0.922	0.001	0.076	0.001
0.001	0.039	0.959	0.001
>CACGGCTCTTCT	16-CACGGCTCTTCT	11.240256	-36.958547	0	T:14.0(0.23%),B:3.9(0.01%),P:1e-16	Tpos:46.3,Tstd:23.5,Bpos:61.0,Bstd:12.4,StrandBias:-1.2,Multiplicity:1.00
0.080	0.839	0.001	0.080
0.836	0.080	0.001	0.083
0.001	0.832	0.080	0.087
0.007	0.001	0.976	0.016
0.001	0.256	0.742	0.001
0.016	0.580	0.001	0.403
0.247	0.001	0.080	0.672
0.080	0.839	0.001	0.080
0.243	0.001	0.080	0.676
0.080	0.160	0.001	0.759
0.001	0.919	0.079	0.001
0.079	0.001	0.001	0.919
>TCTTTACGCTAA	17-TCTTTACGCTAA	11.783547	-34.855323	0	T:12.0(0.20%),B:2.3(0.01%),P:1e-15	Tpos:53.3,Tstd:27.2,Bpos:51.1,Bstd:12.6,StrandBias:1.6,Multiplicity:1.00
0.221	0.001	0.001	0.777
0.001	0.997	0.001	0.001
0.221	0.001	0.001	0.777
0.001	0.001	0.001	0.997
0.221	0.001	0.221	0.557
0.997	0.001	0.001	0.001
0.001	0.997	0.001	0.001
0.245	0.288	0.466	0.001
0.001	0.766	0.001	0.232
0.001	0.001	0.001	0.997
0.754	0.012	0.001	0.233
0.997	0.001	0.001	0.001
>GTTAGGGTTCGG	18-GTTAGGGTTCGG	13.525867	-33.068798	0	T:14.0(0.23%),B:4.2(0.01%),P:1e-14	Tpos:47.7,Tstd:26.4,Bpos:37.0,Bstd:14.7,StrandBias:3.8,Multiplicity:1.07
0.001	0.001	0.997	0.001
0.001	0.001	0.001	0.997
0.001	0.001	0.001	0.997
0.587	0.411	0.001	0.001
0.001	0.001	0.997	0.001
0.001	0.001	0.997	0.001
0.001	0.001	0.997	0.001
0.001	0.001	0.001	0.997
0.001	0.001	0.001	0.997
0.001	0.808	0.001	0.190
0.001	0.411	0.587	0.001
0.001	0.001	0.997	0.001
>TTCCRTTCCATT	19-TTCCRTTCCATT	13.060206	-31.151356	0	T:11.0(0.18%),B:2.2(0.01%),P:1e-13	Tpos:44.7,Tstd:22.5,Bpos:30.3,Bstd:13.7,StrandBias:0.4,Multiplicity:1.00
0.001	0.079	0.001	0.919
0.001	0.001	0.001	0.997
0.001	0.997	0.001	0.001
0.001	0.919	0.001	0.079
0.441	0.001	0.557	0.001
0.001	0.001	0.001	0.997
0.001	0.001	0.001	0.997
0.001	0.997	0.001	0.001
0.001	0.997	0.001	0.001
0.841	0.079	0.079	0.001
0.079	0.001	0.079	0.841
0.001	0.001	0.001	0.997
>ACACACACACRC	20-ACACACACACRC	8.719957	-30.725068	0	T:103.0(1.71%),B:301.9(0.74%),P:1e-13	Tpos:53.7,Tstd:24.7,Bpos:48.9,Bstd:28.5,StrandBias:1.5,Multiplicity:1.00
0.600	0.092	0.258	0.050
0.071	0.772	0.156	0.001
0.653	0.104	0.242	0.001
0.021	0.943	0.035	0.001
0.562	0.099	0.325	0.014
0.021	0.844	0.134	0.001
0.825	0.049	0.125	0.001
0.069	0.874	0.050	0.007
0.684	0.043	0.223	0.050
0.057	0.915	0.021	0.007
0.360	0.085	0.498	0.057
0.171	0.670	0.100	0.059
>CTCGCCGCCGCC	21-CTCGCCGCCGCC	9.637331	-30.557689	0	T:193.0(3.21%),B:727.1(1.79%),P:1e-13	Tpos:54.1,Tstd:23.9,Bpos:47.0,Bstd:34.8,StrandBias:-0.3,Multiplicity:1.00
0.060	0.906	0.023	0.011
0.072	0.078	0.045	0.805
0.057	0.702	0.121	0.120
0.023	0.057	0.844	0.076
0.011	0.921	0.067	0.001
0.094	0.790	0.034	0.082
0.034	0.060	0.811	0.095
0.023	0.921	0.045	0.011
0.105	0.763	0.055	0.077
0.093	0.024	0.751	0.132
0.001	0.954	0.011	0.034
0.053	0.852	0.027	0.068
>TGCAGCTGCAGS	22-TGCAGCTGCAGS	11.263882	-27.780196	0	T:106.0(1.76%),B:330.4(0.81%),P:1e-12	Tpos:50.6,Tstd:21.0,Bpos:42.7,Bstd:43.2,StrandBias:-0.2,Multiplicity:1.04
0.105	0.240	0.033	0.622
0.001	0.001	0.997	0.001
0.001	0.955	0.043	0.001
0.636	0.001	0.098	0.265
0.001	0.001	0.997	0.001
0.001	0.873	0.001	0.125
0.001	0.201	0.312	0.486
0.001	0.125	0.873	0.001
0.001	0.997	0.001	0.001
0.997	0.001	0.001	0.001
0.001	0.064	0.934	0.001
0.087	0.465	0.415	0.033
>TAATAATAATAA	23-TAATAATAATAA	7.344259	-27.665903	0	T:119.0(1.98%),B:390.8(0.96%),P:1e-12	Tpos:51.3,Tstd:29.7,Bpos:50.8,Bstd:29.1,StrandBias:0.4,Multiplicity:1.03
0.243	0.117	0.090	0.550
0.873	0.072	0.054	0.001
0.739	0.018	0.045	0.198
0.099	0.207	0.171	0.523
0.856	0.018	0.117	0.009
0.883	0.009	0.018	0.090
0.127	0.171	0.090	0.612
0.856	0.036	0.054	0.054
0.784	0.063	0.018	0.135
0.216	0.027	0.018	0.739
0.694	0.117	0.063	0.126
0.730	0.045	0.099	0.126
>GGTTGGGGAATT	24-GGTTGGGGAATT	11.861699	-26.810138	0	T:12.0(0.20%),B:4.5(0.01%),P:1e-11	Tpos:54.5,Tstd:25.7,Bpos:48.4,Bstd:8.3,StrandBias:-1.6,Multiplicity:1.00
0.001	0.001	0.997	0.001
0.001	0.001	0.888	0.110
0.111	0.111	0.111	0.667
0.001	0.001	0.110	0.888
0.001	0.001	0.997	0.001
0.001	0.001	0.997	0.001
0.001	0.001	0.997	0.001
0.001	0.001	0.997	0.001
0.997	0.001	0.001	0.001
0.777	0.111	0.001	0.111
0.001	0.110	0.001	0.888
0.001	0.001	0.001	0.997
>TCTTCAGCAGTG	25-TCTTCAGCAGTG	11.493333	-18.787360	0	T:14.0(0.23%),B:12.3(0.03%),P:1e-8	Tpos:50.7,Tstd:20.6,Bpos:41.1,Bstd:36.1,StrandBias:1.7,Multiplicity:1.00
0.103	0.133	0.132	0.632
0.001	0.901	0.097	0.001
0.001	0.231	0.001	0.767
0.099	0.099	0.165	0.637
0.001	0.997	0.001	0.001
0.668	0.032	0.001	0.299
0.001	0.098	0.836	0.065
0.001	0.933	0.065	0.001
0.671	0.001	0.131	0.197
0.133	0.001	0.832	0.034
0.033	0.199	0.231	0.537
0.001	0.001	0.868	0.130
>CAGCAG	1-CAGCAG	6.177716	-1741.525470	0	T:3112.0(51.75%),B:7330.9(18.08%),P:1e-756	Tpos:50.8,Tstd:15.0,Bpos:49.8,Bstd:41.0,StrandBias:3.5,Multiplicity:1.34
0.100	0.700	0.100	0.100
0.700	0.100	0.100	0.100
0.100	0.100	0.700	0.100
0.100	0.700	0.100	0.100
0.700	0.100	0.100	0.100
0.100	0.100	0.700	0.100
>CCTCCT	2-CCTCCT	6.482584	-829.706621	0	T:3193.0(53.10%),B:11402.7(28.12%),P:1e-360	Tpos:51.5,Tstd:25.6,Bpos:49.4,Bstd:35.0,StrandBias:-0.8,Multiplicity:1.32
0.001	0.997	0.001	0.001
0.001	0.997	0.001	0.001
0.001	0.001	0.001	0.997
0.001	0.573	0.162	0.264
0.001	0.997	0.001	0.001
0.001	0.001	0.001	0.997
>TATATA	3-TATATA	7.061414	-58.459267	0	T:366.0(6.09%),B:1366.7(3.37%),P:1e-25	Tpos:34.4,Tstd:24.3,Bpos:50.0,Bstd:29.8,StrandBias:0.4,Multiplicity:1.14
0.001	0.001	0.001	0.997
0.997	0.001	0.001	0.001
0.001	0.001	0.001	0.997
0.997	0.001	0.001	0.001
0.289	0.001	0.001	0.709
0.997	0.001	0.001	0.001
>CCGCCG	4-CCGCCG	5.775245	-49.038229	0	T:1768.0(29.40%),B:9730.7(24.00%),P:1e-21	Tpos:51.1,Tstd:27.6,Bpos:50.3,Bstd:31.8,StrandBias:0.1,Multiplicity:1.61
0.001	0.997	0.001	0.001
0.001	0.773	0.225	0.001
0.001	0.001	0.997	0.001
0.001	0.997	0.001	0.001
0.113	0.783	0.103	0.001
0.001	0.001	0.997	0.001
>CACCAC	5-CACCAC	6.788615	-39.337859	0	T:1169.0(19.44%),B:6221.8(15.35%),P:1e-17	Tpos:52.9,Tstd:26.6,Bpos:49.8,Bstd:32.5,StrandBias:1.1,Multiplicity:1.28
0.001	0.997	0.001	0.001
0.997	0.001	0.001	0.001
0.001	0.997	0.001	0.001
0.001	0.997	0.001	0.001
0.997	0.001	0.001	0.001
0.001	0.778	0.220	0.001
>ACAACA	6-ACAACA	5.858068	-32.326901	0	T:1275.0(21.20%),B:7036.9(17.36%),P:1e-14	Tpos:49.8,Tstd:27.9,Bpos:49.9,Bstd:31.9,StrandBias:0.9,Multiplicity:1.20
0.582	0.416	0.001	0.001
0.001	0.969	0.029	0.001
0.997	0.001	0.001	0.001
0.607	0.331	0.001	0.061
0.001	0.605	0.393	0.001
0.759	0.239	0.001	0.001
>GAGAGA	7-GAGAGA	6.641674	-32.301275	0	T:843.0(14.02%),B:4388.8(10.82%),P:1e-14	Tpos:54.7,Tstd:26.0,Bpos:50.2,Bstd:32.6,StrandBias:0.6,Multiplicity:1.09
0.145	0.001	0.853	0.001
0.776	0.222	0.001	0.001
0.001	0.001	0.997	0.001
0.997	0.001	0.001	0.001
0.001	0.001	0.997	0.001
0.997	0.001	0.001	0.001
>CCCCCC	8-CCCCCC	4.623285	-31.562211	0	T:2365.0(39.33%),B:14045.0(34.64%),P:1e-13	Tpos:51.2,Tstd:28.3,Bpos:50.0,Bstd:31.4,StrandBias:0.3,Multiplicity:1.34
0.001	0.864	0.001	0.134
0.055	0.827	0.001	0.117
0.001	0.886	0.112	0.001
0.001	0.766	0.151	0.082
0.001	0.872	0.126	0.001
0.069	0.884	0.046	0.001
>TATTAA	9-TATTAA	4.435147	-29.771345	0	T:878.0(14.60%),B:4653.0(11.48%),P:1e-12	Tpos:43.5,Tstd:30.1,Bpos:49.3,Bstd:30.1,StrandBias:0.2,Multiplicity:1.26
0.279	0.001	0.178	0.542
0.679	0.056	0.001	0.264
0.278	0.008	0.198	0.516
0.129	0.001	0.001	0.869
0.739	0.001	0.001	0.259
0.609	0.007	0.083	0.301
>AGAAGA	10-AGAAGA	4.424933	-25.578633	0	T:1906.0(31.70%),B:11249.1(27.74%),P:1e-11	Tpos:52.1,Tstd:27.9,Bpos:49.2,Bstd:32.9,StrandBias:0.5,Multiplicity:1.32
0.849	0.001	0.149	0.001
0.197	0.001	0.801	0.001
0.997	0.001	0.001	0.001
0.875	0.123	0.001	0.001
0.001	0.001	0.997	0.001
0.997	0.001	0.001	0.001
>CGTCGT	11-CGTCGT	6.652483	-19.804387	0	T:621.0(10.33%),B:3316.0(8.18%),P:1e-8	Tpos:51.4,Tstd:29.0,Bpos:49.4,Bstd:29.2,StrandBias:-0.3,Multiplicity:1.24
0.001	0.997	0.001	0.001
0.001	0.001	0.997	0.001
0.001	0.001	0.001	0.997
0.192	0.806	0.001	0.001
0.001	0.001	0.997	0.001
0.001	0.001	0.001	0.997
>CACACA	12-CACACA	7.147560	-19.207319	0	T:455.0(7.57%),B:2334.9(5.76%),P:1e-8	Tpos:50.7,Tstd:27.3,Bpos:51.3,Bstd:31.5,StrandBias:0.9,Multiplicity:1.06
0.001	0.683	0.001	0.315
0.997	0.001	0.001	0.001
0.001	0.997	0.001	0.001
0.997	0.001	0.001	0.001
0.001	0.997	0.001	0.001
0.997	0.001	0.001	0.001
>CAGCAGGR	1-CAGCAGGR	4.161567	-2022.784215	0	T:1837.0(30.55%),B:2025.9(5.00%),P:1e-878	Tpos:52.0,Tstd:9.9,Bpos:50.0,Bstd:39.8,StrandBias:4.7,Multiplicity:1.05
0.001	0.997	0.001	0.001
0.997	0.001	0.001	0.001
0.001	0.001	0.997	0.001
0.001	0.997	0.001	0.001
0.997	0.001	0.001	0.001
0.001	0.001	0.997	0.001
0.001	0.001	0.997	0.001
0.427	0.190	0.382	0.001
>CAGCAGTG	2-CAGCAGTG	5.925287	-1369.979695	0	T:2820.0(46.90%),B:7120.3(17.56%),P:1e-594	Tpos:52.2,Tstd:22.6,Bpos:50.2,Bstd:36.2,StrandBias:1.2,Multiplicity:1.04
0.046	0.878	0.028	0.048
0.773	0.071	0.073	0.083
0.030	0.043	0.836	0.091
0.066	0.799	0.074	0.061
0.851	0.038	0.046	0.065
0.076	0.039	0.857	0.028
0.202	0.099	0.268	0.430
0.175	0.040	0.735	0.050
>AGCAGCAG	3-AGCAGCAG	5.344166	-1288.560209	0	T:3087.0(51.34%),B:8730.3(21.53%),P:1e-559	Tpos:50.9,Tstd:19.6,Bpos:49.9,Bstd:39.4,StrandBias:2.6,Multiplicity:1.15
0.817	0.026	0.083	0.074
0.063	0.064	0.819	0.054
0.020	0.968	0.001	0.011
0.997	0.001	0.001	0.001
0.001	0.036	0.962	0.001
0.020	0.917	0.037	0.026
0.977	0.001	0.021	0.001
0.043	0.040	0.857	0.060
>CAGCAGVA	4-CAGCAGVA	6.840334	-771.028306	0	T:1981.0(32.95%),B:5369.5(13.24%),P:1e-334	Tpos:52.0,Tstd:22.7,Bpos:50.1,Bstd:37.6,StrandBias:1.1,Multiplicity:1.04
0.001	0.779	0.086	0.134
0.692	0.171	0.001	0.136
0.057	0.002	0.940	0.001
0.053	0.828	0.075	0.044
0.855	0.001	0.143	0.001
0.002	0.102	0.862	0.034
0.277	0.286	0.391	0.046
0.997	0.001	0.001	0.001
>CACCACCA	5-CACCACCA	7.944861	-94.036295	0	T:494.0(8.22%),B:1733.1(4.27%),P:1e-40	Tpos:54.3,Tstd:26.4,Bpos:50.8,Bstd:32.0,StrandBias:1.1,Multiplicity:1.07
0.001	0.997	0.001	0.001
0.907	0.001	0.091	0.001
0.001	0.997	0.001	0.001
0.001	0.997	0.001	0.001
0.997	0.001	0.001	0.001
0.057	0.824	0.118	0.001
0.001	0.912	0.001	0.086
0.924	0.001	0.001	0.074
>CCCCCTCC	6-CCCCCTCC	5.532548	-86.326317	0	T:1943.0(32.31%),B:10102.2(24.92%),P:1e-37	Tpos:51.1,Tstd:27.4,Bpos:50.2,Bstd:32.2,StrandBias:0.2,Multiplicity:1.24
0.001	0.633	0.001	0.365
0.001	0.877	0.014	0.108
0.001	0.677	0.101	0.221
0.020	0.777	0.082	0.121
0.131	0.755	0.113	0.001
0.077	0.288	0.061	0.574
0.010	0.548	0.069	0.373
0.001	0.910	0.026	0.063
>SGCGGCSG	7-SGCGGCSG	6.475217	-73.255120	0	T:1246.0(20.72%),B:6088.4(15.02%),P:1e-31	Tpos:51.0,Tstd:27.7,Bpos:50.7,Bstd:30.0,StrandBias:-0.0,Multiplicity:1.28
0.058	0.454	0.450	0.039
0.088	0.325	0.586	0.001
0.091	0.684	0.198	0.027
0.001	0.343	0.578	0.078
0.001	0.238	0.731	0.030
0.035	0.909	0.027	0.029
0.028	0.500	0.471	0.001
0.001	0.066	0.932	0.001
>TCGTCGTC	8-TCGTCGTC	5.492844	-57.135705	0	T:929.0(15.45%),B:4472.9(11.03%),P:1e-24	Tpos:51.4,Tstd:28.5,Bpos:49.8,Bstd:29.5,StrandBias:-0.1,Multiplicity:1.13
0.022	0.047	0.001	0.930
0.001	0.997	0.001	0.001
0.036	0.119	0.826	0.019
0.001	0.001	0.034	0.964
0.040	0.958	0.001	0.001
0.038	0.100	0.828	0.034
0.001	0.052	0.027	0.920
0.016	0.945	0.001	0.038
>TATATACA	9-TATATACA	5.281156	-53.418908	0	T:436.0(7.25%),B:1770.0(4.37%),P:1e-23	Tpos:36.5,Tstd:25.9,Bpos:50.4,Bstd:29.6,StrandBias:0.1,Multiplicity:1.17
0.050	0.085	0.014	0.851
0.964	0.001	0.012	0.023
0.058	0.140	0.056	0.746
0.866	0.032	0.065	0.037
0.066	0.157	0.041	0.736
0.876	0.044	0.064	0.016
0.170	0.559	0.136	0.135
0.410	0.211	0.202	0.177
>AACAATAA	10-AACAATAA	4.620240	-49.717428	0	T:1215.0(20.21%),B:6295.2(15.53%),P:1e-21	Tpos:50.0,Tstd:28.8,Bpos:50.2,Bstd:31.0,StrandBias:0.7,Multiplicity:1.20
0.789	0.054	0.074	0.083
0.728	0.136	0.038	0.098
0.087	0.687	0.102	0.124
0.740	0.053	0.105	0.102
0.753	0.095	0.030	0.122
0.106	0.108	0.136	0.650
0.868	0.064	0.042	0.026
0.790	0.088	0.063	0.059
>GAGAGAGA	11-GAGAGAGA	6.672178	-40.759043	0	T:412.0(6.85%),B:1774.1(4.38%),P:1e-17	Tpos:56.2,Tstd:25.9,Bpos:50.9,Bstd:33.1,StrandBias:0.7,Multiplicity:1.06
0.117	0.001	0.832	0.050
0.913	0.085	0.001	0.001
0.001	0.001	0.997	0.001
0.865	0.111	0.001	0.023
0.001	0.001	0.933	0.065
0.956	0.042	0.001	0.001
0.001	0.036	0.914	0.049
0.849	0.001	0.081	0.069
>ACACACAC	12-ACACACAC	7.170068	-30.655128	0	T:228.0(3.79%),B:904.6(2.23%),P:1e-13	Tpos:54.1,Tstd:25.0,Bpos:49.0,Bstd:29.1,StrandBias:1.2,Multiplicity:1.04
0.709	0.001	0.211	0.079
0.001	0.980	0.018	0.001
0.838	0.045	0.059	0.058
0.060	0.938	0.001	0.001
0.891	0.065	0.043	0.001
0.015	0.895	0.089	0.001
0.969	0.001	0.029	0.001
0.047	0.866	0.063	0.024
>ACCAACAC	13-ACCAACAC	7.632005	-28.694281	0	T:263.0(4.37%),B:1107.9(2.73%),P:1e-12	Tpos:50.2,Tstd:28.3,Bpos:49.5,Bstd:29.8,StrandBias:1.2,Multiplicity:1.08
0.725	0.222	0.030	0.023
0.001	0.997	0.001	0.001
0.001	0.997	0.001	0.001
0.951	0.001	0.001	0.047
0.997	0.001	0.001	0.001
0.211	0.625	0.163	0.001
0.657	0.341	0.001	0.001
0.292	0.706	0.001	0.001
>GTTATAAA	14-GTTATAAA	7.556560	-25.642683	0	T:75.0(1.25%),B:206.0(0.51%),P:1e-11	Tpos:32.0,Tstd:21.5,Bpos:52.8,Bstd:29.1,StrandBias:2.0,Multiplicity:1.00
0.001	0.145	0.853	0.001
0.001	0.205	0.017	0.777
0.001	0.001	0.001	0.997
0.997	0.001	0.001	0.001
0.001	0.001	0.001	0.997
0.997	0.001	0.001	0.001
0.997	0.001	0.001	0.001
0.997	0.001	0.001	0.001
>ACTACTAC	15-ACTACTAC	7.463479	-25.227271	0	T:161.0(2.68%),B:611.5(1.51%),P:1e-10	Tpos:50.7,Tstd:28.9,Bpos:50.8,Bstd:29.6,StrandBias:0.7,Multiplicity:1.01
0.735	0.056	0.129	0.080
0.019	0.831	0.149	0.001
0.001	0.001	0.036	0.962
0.978	0.020	0.001	0.001
0.014	0.947	0.038	0.001
0.001	0.016	0.011	0.972
0.844	0.111	0.044	0.001
0.001	0.782	0.134	0.083
>ATCGATCG	16-ATCGATCG	7.555324	-24.372440	0	T:127.0(2.11%),B:450.8(1.11%),P:1e-10	Tpos:47.8,Tstd:29.6,Bpos:52.6,Bstd:28.5,StrandBias:-0.3,Multiplicity:1.02
0.853	0.145	0.001	0.001
0.001	0.001	0.001	0.997
0.023	0.862	0.064	0.051
0.001	0.001	0.997	0.001
0.941	0.001	0.057	0.001
0.001	0.106	0.001	0.892
0.001	0.997	0.001	0.001
0.211	0.001	0.787	0.001
>CCAAGTTC	17-CCAAGTTC	8.207212	-20.839263	0	T:91.0(1.51%),B:303.5(0.75%),P:1e-9	Tpos:53.1,Tstd:30.1,Bpos:52.5,Bstd:28.3,StrandBias:0.7,Multiplicity:1.01
0.213	0.785	0.001	0.001
0.001	0.950	0.001	0.048
0.997	0.001	0.001	0.001
0.997	0.001	0.001	0.001
0.001	0.001	0.997	0.001
0.001	0.001	0.001	0.997
0.135	0.001	0.001	0.863
0.088	0.910	0.001	0.001
>CAAACCCT	18-CAAACCCT	9.855299	-16.885744	0	T:74.0(1.23%),B:249.6(0.62%),P:1e-7	Tpos:50.6,Tstd:26.8,Bpos:45.6,Bstd:24.5,StrandBias:0.5,Multiplicity:1.03
0.297	0.701	0.001	0.001
0.997	0.001	0.001	0.001
0.997	0.001	0.001	0.001
0.997	0.001	0.001	0.001
0.001	0.997	0.001	0.001
0.001	0.997	0.001	0.001
0.001	0.997	0.001	0.001
0.001	0.001	0.001	0.997
