>CAGCAGGVNV	1-CAGCAGGVNV	8.123056	-2197.770285	0	T:2090.0(34.76%),B:2498.6(6.15%),P:1e-954	Tpos:52.7,Tstd:10.2,Bpos:51.0,Bstd:39.4,StrandBias:4.6,Multiplicity:1.05
0.001	0.997	0.001	0.001
0.997	0.001	0.001	0.001
0.001	0.001	0.997	0.001
0.001	0.997	0.001	0.001
0.997	0.001	0.001	0.001
0.001	0.001	0.997	0.001
0.164	0.041	0.765	0.030
0.292	0.247	0.393	0.068
0.252	0.302	0.217	0.229
0.290	0.298	0.305	0.107
>AGCAGCAGCA	2-AGCAGCAGCA	6.973922	-462.732891	0	T:1560.0(25.95%),B:4753.5(11.71%),P:1e-200	Tpos:51.5,Tstd:19.7,Bpos:50.1,Bstd:38.5,StrandBias:2.6,Multiplicity:1.09
0.464	0.147	0.154	0.235
0.255	0.240	0.436	0.069
0.117	0.742	0.078	0.063
0.997	0.001	0.001	0.001
0.082	0.209	0.708	0.001
0.062	0.936	0.001	0.001
0.912	0.073	0.001	0.014
0.069	0.291	0.639	0.001
0.148	0.580	0.001	0.271
0.714	0.084	0.196	0.006
>AGGAGGAGRA	3-AGGAGGAGRA	6.523712	-305.819885	0	T:1656.0(27.54%),B:6153.7(15.15%),P:1e-132	Tpos:53.9,Tstd:25.1,Bpos:50.0,Bstd:34.0,StrandBias:0.8,Multiplicity:1.16
0.949	0.001	0.001	0.049
0.298	0.001	0.691	0.010
0.210	0.301	0.488	0.001
0.930	0.001	0.068	0.001
0.217	0.196	0.586	0.001
0.332	0.139	0.528	0.001
0.653	0.119	0.198	0.030
0.229	0.126	0.644	0.001
0.457	0.001	0.534	0.008
0.648	0.001	0.144	0.207
>CAGCAGTGAA	4-CAGCAGTGAA	8.845543	-92.498208	0	T:122.0(2.03%),B:183.5(0.45%),P:1e-40	Tpos:52.9,Tstd:17.9,Bpos:45.3,Bstd:33.7,StrandBias:2.7,Multiplicity:1.00
0.036	0.962	0.001	0.001
0.989	0.001	0.001	0.009
0.025	0.001	0.890	0.084
0.001	0.927	0.036	0.036
0.987	0.001	0.001	0.011
0.001	0.025	0.938	0.036
0.001	0.001	0.001	0.997
0.001	0.018	0.945	0.036
0.831	0.023	0.127	0.019
0.611	0.080	0.270	0.039
>GCSGCSGCSG	5-GCSGCSGCSG	5.393267	-75.121898	0	T:1538.0(25.58%),B:7820.9(19.26%),P:1e-32	Tpos:51.8,Tstd:26.6,Bpos:49.6,Bstd:30.3,StrandBias:-0.0,Multiplicity:1.32
0.075	0.120	0.632	0.173
0.180	0.512	0.152	0.156
0.133	0.322	0.463	0.082
0.056	0.094	0.703	0.147
0.131	0.632	0.106	0.131
0.104	0.402	0.441	0.053
0.085	0.067	0.784	0.064
0.100	0.481	0.249	0.170
0.061	0.404	0.468	0.067
0.068	0.147	0.589	0.196
>YCCCATTCCM	6-YCCCATTCCM	7.161442	-74.095393	0	T:556.0(9.25%),B:2208.8(5.44%),P:1e-32	Tpos:52.8,Tstd:27.8,Bpos:50.4,Bstd:29.5,StrandBias:1.0,Multiplicity:1.13
0.017	0.520	0.001	0.462
0.001	0.936	0.001	0.062
0.011	0.904	0.001	0.084
0.280	0.574	0.145	0.001
0.484	0.223	0.197	0.096
0.182	0.172	0.164	0.481
0.001	0.388	0.001	0.610
0.001	0.766	0.001	0.232
0.001	0.997	0.001	0.001
0.429	0.569	0.001	0.001
>GTCGTCGTCG	7-GTCGTCGTCG	8.676352	-59.137063	0	T:191.0(3.18%),B:541.8(1.33%),P:1e-25	Tpos:53.5,Tstd:27.6,Bpos:49.7,Bstd:24.5,StrandBias:-0.5,Multiplicity:1.07
0.019	0.163	0.817	0.001
0.074	0.001	0.175	0.750
0.288	0.710	0.001	0.001
0.120	0.001	0.878	0.001
0.001	0.001	0.025	0.973
0.242	0.715	0.042	0.001
0.001	0.004	0.994	0.001
0.122	0.001	0.001	0.876
0.141	0.605	0.089	0.165
0.118	0.130	0.683	0.069
>TATATATACA	8-TATATATACA	6.453550	-45.694459	0	T:253.0(4.21%),B:907.1(2.23%),P:1e-19	Tpos:32.1,Tstd:21.7,Bpos:50.9,Bstd:29.8,StrandBias:0.1,Multiplicity:1.11
0.045	0.086	0.091	0.778
0.843	0.072	0.041	0.044
0.060	0.093	0.039	0.808
0.857	0.061	0.068	0.014
0.086	0.089	0.067	0.758
0.830	0.047	0.074	0.049
0.062	0.084	0.064	0.790
0.810	0.066	0.079	0.045
0.079	0.777	0.062	0.082
0.755	0.082	0.065	0.098
>AGAGAGAGAG	9-AGAGAGAGAG	9.411566	-38.520039	0	T:118.0(1.96%),B:329.0(0.81%),P:1e-16	Tpos:59.5,Tstd:22.4,Bpos:51.6,Bstd:31.5,StrandBias:1.2,Multiplicity:1.01
0.875	0.072	0.001	0.052
0.004	0.001	0.994	0.001
0.733	0.244	0.022	0.001
0.047	0.047	0.864	0.042
0.962	0.036	0.001	0.001
0.001	0.001	0.986	0.012
0.651	0.341	0.001	0.007
0.001	0.079	0.902	0.018
0.879	0.044	0.076	0.001
0.134	0.041	0.795	0.030
>GASARGAGAG	10-GASARGAGAG	9.164296	-37.613834	0	T:130.0(2.16%),B:384.3(0.95%),P:1e-16	Tpos:47.0,Tstd:24.9,Bpos:51.5,Bstd:32.8,StrandBias:0.7,Multiplicity:1.05
0.001	0.001	0.997	0.001
0.775	0.001	0.001	0.223
0.034	0.443	0.522	0.001
0.997	0.001	0.001	0.001
0.394	0.191	0.414	0.001
0.275	0.001	0.723	0.001
0.745	0.187	0.067	0.001
0.001	0.414	0.584	0.001
0.997	0.001	0.001	0.001
0.186	0.176	0.637	0.001
>ACACACACAC	11-ACACACACAC	4.810926	-35.657968	0	T:554.0(9.21%),B:2636.5(6.49%),P:1e-15	Tpos:51.0,Tstd:26.8,Bpos:49.4,Bstd:29.6,StrandBias:1.3,Multiplicity:1.05
0.692	0.115	0.088	0.105
0.107	0.704	0.100	0.089
0.669	0.125	0.095	0.111
0.109	0.703	0.103	0.085
0.707	0.110	0.097	0.086
0.104	0.712	0.092	0.092
0.699	0.109	0.090	0.102
0.093	0.736	0.089	0.082
0.675	0.112	0.104	0.109
0.101	0.706	0.084	0.109
>TCTTTACCCT	12-TCTTTACCCT	10.148524	-35.415267	0	T:23.0(0.38%),B:15.2(0.04%),P:1e-15	Tpos:44.6,Tstd:22.7,Bpos:54.0,Bstd:26.1,StrandBias:0.5,Multiplicity:1.00
0.001	0.044	0.001	0.954
0.001	0.954	0.001	0.044
0.001	0.045	0.045	0.909
0.001	0.001	0.001	0.997
0.044	0.001	0.001	0.954
0.997	0.001	0.001	0.001
0.001	0.997	0.001	0.001
0.175	0.779	0.001	0.045
0.001	0.954	0.044	0.001
0.045	0.001	0.045	0.909
>TAGTACTACT	13-TAGTACTACT	6.942633	-34.782129	0	T:166.0(2.76%),B:565.2(1.39%),P:1e-15	Tpos:50.2,Tstd:28.9,Bpos:47.8,Bstd:28.7,StrandBias:0.0,Multiplicity:1.06
0.158	0.001	0.215	0.626
0.833	0.012	0.012	0.143
0.001	0.377	0.621	0.001
0.012	0.077	0.012	0.899
0.812	0.074	0.113	0.001
0.001	0.799	0.175	0.025
0.243	0.012	0.001	0.744
0.792	0.051	0.156	0.001
0.068	0.524	0.358	0.050
0.056	0.150	0.125	0.669
>GCAGGAGTTT	14-GCAGGAGTTT	10.915509	-33.313241	0	T:19.0(0.32%),B:11.0(0.03%),P:1e-14	Tpos:44.9,Tstd:22.6,Bpos:28.6,Bstd:20.1,StrandBias:-0.2,Multiplicity:1.00
0.001	0.001	0.997	0.001
0.001	0.997	0.001	0.001
0.997	0.001	0.001	0.001
0.001	0.001	0.920	0.078
0.001	0.001	0.997	0.001
0.815	0.183	0.001	0.001
0.001	0.001	0.997	0.001
0.001	0.001	0.001	0.997
0.078	0.078	0.001	0.843
0.001	0.001	0.001	0.997
>CGTTCAAGTA	15-CGTTCAAGTA	6.534887	-30.450606	0	T:231.0(3.84%),B:923.0(2.27%),P:1e-13	Tpos:48.6,Tstd:28.8,Bpos:49.8,Bstd:29.2,StrandBias:0.5,Multiplicity:1.02
0.094	0.708	0.088	0.110
0.062	0.076	0.793	0.069
0.061	0.071	0.069	0.799
0.073	0.061	0.056	0.810
0.036	0.850	0.078	0.036
0.842	0.078	0.054	0.026
0.796	0.083	0.078	0.043
0.061	0.099	0.789	0.051
0.062	0.086	0.073	0.779
0.839	0.073	0.038	0.050
>CACTTGGCCT	16-CACTTGGCCT	7.475177	-30.132862	0	T:9.0(0.15%),B:0.4(0.00%),P:1e-13	Tpos:54.1,Tstd:33.6,Bpos:0.0,Bstd:0.0,StrandBias:-1.3,Multiplicity:1.00
0.138	0.598	0.125	0.139
0.644	0.114	0.109	0.133
0.161	0.573	0.131	0.135
0.144	0.098	0.114	0.644
0.139	0.140	0.117	0.604
0.151	0.129	0.594	0.126
0.145	0.133	0.580	0.142
0.155	0.579	0.117	0.149
0.139	0.563	0.145	0.153
0.137	0.123	0.119	0.621
>CGTTCTCCGT	17-CGTTCTCCGT	9.490137	-27.551180	0	T:10.0(0.17%),B:2.9(0.01%),P:1e-11	Tpos:46.8,Tstd:28.5,Bpos:57.0,Bstd:18.3,StrandBias:0.7,Multiplicity:1.00
0.231	0.472	0.237	0.059
0.293	0.027	0.606	0.074
0.066	0.055	0.136	0.743
0.113	0.090	0.001	0.796
0.122	0.688	0.090	0.100
0.126	0.086	0.014	0.774
0.069	0.714	0.098	0.119
0.100	0.764	0.122	0.014
0.174	0.116	0.619	0.091
0.017	0.112	0.045	0.826
>ATAATAATAA	18-ATAATAATAA	4.781949	-26.256285	0	T:353.0(5.87%),B:1632.5(4.02%),P:1e-11	Tpos:49.3,Tstd:29.4,Bpos:49.7,Bstd:27.4,StrandBias:0.7,Multiplicity:1.12
0.739	0.088	0.088	0.085
0.119	0.116	0.097	0.668
0.693	0.091	0.112	0.104
0.729	0.088	0.103	0.080
0.100	0.116	0.094	0.690
0.691	0.106	0.095	0.108
0.708	0.096	0.092	0.104
0.099	0.105	0.099	0.697
0.673	0.110	0.097	0.120
0.714	0.095	0.095	0.096
>NRTCGATCRN	19-NRTCGATCRN	5.214032	-26.199948	0	T:131.0(2.18%),B:457.8(1.13%),P:1e-11	Tpos:48.7,Tstd:29.0,Bpos:47.9,Bstd:28.4,StrandBias:0.1,Multiplicity:1.02
0.243	0.166	0.289	0.302
0.339	0.182	0.322	0.157
0.019	0.308	0.158	0.515
0.142	0.511	0.017	0.330
0.095	0.012	0.873	0.020
0.681	0.011	0.288	0.020
0.195	0.182	0.182	0.441
0.212	0.504	0.022	0.262
0.289	0.218	0.406	0.087
0.310	0.199	0.213	0.279
>TACATGGATT	20-TACATGGATT	10.897514	-24.854835	0	T:15.0(0.25%),B:10.0(0.02%),P:1e-10	Tpos:29.6,Tstd:33.4,Bpos:48.7,Bstd:25.3,StrandBias:1.9,Multiplicity:1.00
0.001	0.001	0.001	0.997
0.997	0.001	0.001	0.001
0.001	0.926	0.072	0.001
0.997	0.001	0.001	0.001
0.072	0.001	0.072	0.855
0.001	0.001	0.997	0.001
0.001	0.001	0.997	0.001
0.997	0.001	0.001	0.001
0.001	0.001	0.001	0.997
0.072	0.072	0.001	0.855
>GGAACCAAAG	21-GGAACCAAAG	11.591586	-19.625086	0	T:11.0(0.18%),B:6.3(0.02%),P:1e-8	Tpos:56.3,Tstd:22.2,Bpos:54.5,Bstd:16.0,StrandBias:0.6,Multiplicity:1.00
0.001	0.001	0.997	0.001
0.001	0.001	0.997	0.001
0.997	0.001	0.001	0.001
0.997	0.001	0.001	0.001
0.001	0.997	0.001	0.001
0.001	0.787	0.106	0.106
0.997	0.001	0.001	0.001
0.997	0.001	0.001	0.001
0.997	0.001	0.001	0.001
0.001	0.001	0.997	0.001
>GACTWGCTGC	22-GACTWGCTGC	10.874305	-18.053982	0	T:9.0(0.15%),B:4.6(0.01%),P:1e-7	Tpos:58.0,Tstd:22.0,Bpos:38.9,Bstd:1.7,StrandBias:0.4,Multiplicity:1.00
0.086	0.001	0.912	0.001
0.997	0.001	0.001	0.001
0.087	0.733	0.001	0.179
0.001	0.001	0.001	0.997
0.392	0.001	0.087	0.520
0.087	0.165	0.747	0.001
0.001	0.912	0.001	0.086
0.001	0.001	0.001	0.997
0.001	0.116	0.535	0.348
0.087	0.532	0.380	0.001
>CGATCCAACA	23-CGATCCAACA	11.480301	-15.639532	0	T:12.0(0.20%),B:11.6(0.03%),P:1e-6	Tpos:35.7,Tstd:25.1,Bpos:50.4,Bstd:21.9,StrandBias:0.3,Multiplicity:1.00
0.001	0.997	0.001	0.001
0.001	0.001	0.997	0.001
0.997	0.001	0.001	0.001
0.001	0.001	0.001	0.997
0.001	0.997	0.001	0.001
0.001	0.892	0.106	0.001
0.997	0.001	0.001	0.001
0.892	0.001	0.106	0.001
0.001	0.997	0.001	0.001
0.997	0.001	0.001	0.001
>ACTTGAGCTG	24-ACTTGAGCTG	10.296193	-14.596953	0	T:7.0(0.12%),B:3.2(0.01%),P:1e-6	Tpos:48.6,Tstd:27.9,Bpos:59.6,Bstd:23.8,StrandBias:0.4,Multiplicity:1.00
0.700	0.100	0.100	0.100
0.100	0.700	0.100	0.100
0.100	0.100	0.100	0.700
0.100	0.100	0.100	0.700
0.100	0.100	0.700	0.100
0.700	0.100	0.100	0.100
0.100	0.100	0.700	0.100
0.100	0.700	0.100	0.100
0.100	0.100	0.100	0.700
0.100	0.100	0.700	0.100
>ATGCATCTCT	25-ATGCATCTCT	10.296193	-14.137122	0	T:6.0(0.10%),B:2.7(0.01%),P:1e-6	Tpos:66.3,Tstd:30.4,Bpos:47.7,Bstd:9.7,StrandBias:1.0,Multiplicity:1.00
0.700	0.100	0.100	0.100
0.100	0.100	0.100	0.700
0.100	0.100	0.700	0.100
0.100	0.700	0.100	0.100
0.700	0.100	0.100	0.100
0.100	0.100	0.100	0.700
0.100	0.700	0.100	0.100
0.100	0.100	0.100	0.700
0.100	0.700	0.100	0.100
0.100	0.100	0.100	0.700
>CAGCAGCAGGRV	1-CAGCAGCAGGRV	6.566315	-1368.865039	0	T:3231.0(53.74%),B:9188.7(22.63%),P:1e-594	Tpos:51.6,Tstd:14.7,Bpos:49.7,Bstd:37.1,StrandBias:3.1,Multiplicity:1.24
0.175	0.493	0.220	0.112
0.471	0.170	0.183	0.176
0.183	0.211	0.515	0.091
0.001	0.997	0.001	0.001
0.997	0.001	0.001	0.001
0.001	0.001	0.997	0.001
0.001	0.636	0.362	0.001
0.764	0.001	0.234	0.001
0.215	0.092	0.692	0.001
0.184	0.250	0.526	0.040
0.409	0.204	0.306	0.082
0.250	0.261	0.361	0.129
>CAGCAGGGTCGT	2-CAGCAGGGTCGT	9.303594	-194.859515	0	T:189.0(3.14%),B:202.2(0.50%),P:1e-84	Tpos:50.0,Tstd:20.0,Bpos:45.9,Bstd:35.2,StrandBias:2.1,Multiplicity:1.00
0.015	0.903	0.039	0.043
0.784	0.072	0.115	0.029
0.015	0.044	0.883	0.058
0.029	0.899	0.029	0.043
0.841	0.072	0.029	0.058
0.001	0.043	0.913	0.043
0.043	0.096	0.789	0.072
0.001	0.115	0.831	0.053
0.043	0.101	0.082	0.774
0.014	0.842	0.072	0.072
0.073	0.072	0.783	0.072
0.053	0.154	0.029	0.764
>CTCAGCAGGYHS	3-CTCAGCAGGYHS	9.303554	-193.637415	0	T:243.0(4.04%),B:345.0(0.85%),P:1e-84	Tpos:51.7,Tstd:17.3,Bpos:47.2,Bstd:35.3,StrandBias:1.8,Multiplicity:1.00
0.001	0.548	0.206	0.245
0.045	0.342	0.001	0.612
0.001	0.816	0.182	0.001
0.786	0.076	0.137	0.001
0.001	0.001	0.969	0.029
0.001	0.997	0.001	0.001
0.997	0.001	0.001	0.001
0.001	0.001	0.997	0.001
0.198	0.091	0.710	0.001
0.061	0.315	0.175	0.450
0.383	0.275	0.097	0.245
0.137	0.489	0.373	0.001
>AGCAGBHGCAGC	4-AGCAGBHGCAGC	9.843259	-164.013336	0	T:540.0(8.98%),B:1548.5(3.81%),P:1e-71	Tpos:52.7,Tstd:22.8,Bpos:51.2,Bstd:38.5,StrandBias:0.9,Multiplicity:1.02
0.436	0.114	0.175	0.275
0.001	0.001	0.997	0.001
0.185	0.562	0.252	0.001
0.737	0.001	0.001	0.261
0.001	0.001	0.997	0.001
0.042	0.392	0.323	0.243
0.298	0.299	0.001	0.402
0.001	0.001	0.997	0.001
0.001	0.997	0.001	0.001
0.937	0.001	0.001	0.061
0.001	0.001	0.997	0.001
0.117	0.538	0.279	0.066
>ACAGCAGAAAAA	5-ACAGCAGAAAAA	8.839756	-137.499630	0	T:215.0(3.58%),B:374.4(0.92%),P:1e-59	Tpos:52.7,Tstd:17.7,Bpos:51.8,Bstd:35.6,StrandBias:2.1,Multiplicity:1.01
0.605	0.194	0.066	0.135
0.106	0.811	0.050	0.033
0.866	0.083	0.001	0.050
0.100	0.050	0.833	0.017
0.083	0.882	0.034	0.001
0.899	0.001	0.050	0.050
0.001	0.066	0.932	0.001
0.982	0.001	0.001	0.016
0.626	0.067	0.274	0.033
0.800	0.083	0.084	0.033
0.726	0.101	0.089	0.084
0.796	0.050	0.153	0.001
>CAGCAGGGSAAG	6-CAGCAGGGSAAG	9.692867	-124.426226	0	T:220.0(3.66%),B:423.6(1.04%),P:1e-54	Tpos:52.4,Tstd:23.0,Bpos:54.3,Bstd:34.6,StrandBias:1.1,Multiplicity:1.01
0.227	0.691	0.081	0.001
0.681	0.001	0.317	0.001
0.001	0.001	0.984	0.014
0.165	0.742	0.092	0.001
0.735	0.125	0.139	0.001
0.092	0.015	0.892	0.001
0.208	0.001	0.480	0.310
0.001	0.046	0.923	0.030
0.001	0.437	0.561	0.001
0.770	0.045	0.184	0.001
0.546	0.001	0.381	0.072
0.001	0.001	0.997	0.001
>GGCAGCAGCAGG	7-GGCAGCAGCAGG	10.097770	-111.484084	0	T:202.0(3.36%),B:396.3(0.98%),P:1e-48	Tpos:52.9,Tstd:25.5,Bpos:53.2,Bstd:40.3,StrandBias:0.9,Multiplicity:1.00
0.001	0.001	0.966	0.032
0.001	0.120	0.814	0.065
0.001	0.901	0.097	0.001
0.742	0.068	0.157	0.033
0.001	0.068	0.899	0.032
0.003	0.873	0.022	0.102
0.639	0.186	0.142	0.033
0.001	0.087	0.694	0.218
0.001	0.898	0.001	0.100
0.639	0.196	0.001	0.164
0.001	0.001	0.934	0.064
0.064	0.001	0.934	0.001
>CTCCTCCTCCTC	8-CTCCTCCTCCTC	7.306916	-111.213599	0	T:1072.0(17.83%),B:4624.0(11.39%),P:1e-48	Tpos:53.1,Tstd:26.8,Bpos:49.4,Bstd:32.2,StrandBias:-0.1,Multiplicity:1.14
0.022	0.595	0.142	0.241
0.101	0.161	0.172	0.566
0.001	0.757	0.099	0.143
0.014	0.863	0.026	0.097
0.134	0.032	0.082	0.752
0.001	0.715	0.010	0.274
0.006	0.823	0.019	0.152
0.124	0.164	0.099	0.613
0.009	0.561	0.164	0.266
0.001	0.995	0.003	0.001
0.102	0.214	0.129	0.555
0.050	0.521	0.193	0.236
>VSCAGSCAGCAG	9-VSCAGSCAGCAG	9.923479	-82.783865	0	T:123.0(2.05%),B:206.9(0.51%),P:1e-35	Tpos:53.9,Tstd:20.5,Bpos:53.6,Bstd:30.1,StrandBias:3.5,Multiplicity:1.00
0.380	0.321	0.254	0.045
0.041	0.433	0.363	0.163
0.045	0.856	0.063	0.036
0.793	0.027	0.108	0.072
0.018	0.045	0.638	0.299
0.126	0.362	0.304	0.208
0.027	0.784	0.036	0.153
0.702	0.045	0.036	0.217
0.208	0.027	0.756	0.009
0.046	0.909	0.018	0.027
0.625	0.027	0.294	0.054
0.045	0.045	0.901	0.009
>CAGCAGGGGAGN	10-CAGCAGGGGAGN	12.199487	-82.045418	0	T:58.0(0.96%),B:41.7(0.10%),P:1e-35	Tpos:50.3,Tstd:11.6,Bpos:42.2,Bstd:32.7,StrandBias:2.5,Multiplicity:1.00
0.138	0.712	0.069	0.081
0.643	0.001	0.069	0.287
0.001	0.001	0.997	0.001
0.001	0.930	0.068	0.001
0.997	0.001	0.001	0.001
0.068	0.001	0.930	0.001
0.001	0.001	0.792	0.206
0.001	0.001	0.712	0.286
0.001	0.001	0.997	0.001
0.997	0.001	0.001	0.001
0.001	0.001	0.997	0.001
0.207	0.287	0.299	0.207
>CCATCACCACCA	11-CCATCACCACCA	9.208756	-79.866297	0	T:200.0(3.33%),B:490.3(1.21%),P:1e-34	Tpos:56.5,Tstd:25.3,Bpos:51.4,Bstd:30.2,StrandBias:1.5,Multiplicity:1.01
0.043	0.770	0.086	0.101
0.072	0.855	0.072	0.001
0.829	0.087	0.012	0.072
0.087	0.093	0.111	0.709
0.001	0.965	0.020	0.014
0.699	0.129	0.100	0.072
0.072	0.828	0.057	0.043
0.001	0.997	0.001	0.001
0.832	0.096	0.029	0.043
0.043	0.808	0.106	0.043
0.015	0.885	0.086	0.014
0.756	0.072	0.072	0.100
>TATATATATACH	12-TATATATATACH	5.846066	-58.901409	0	T:315.0(5.24%),B:1113.6(2.74%),P:1e-25	Tpos:34.0,Tstd:23.4,Bpos:50.2,Bstd:29.0,StrandBias:0.2,Multiplicity:1.12
0.097	0.151	0.001	0.751
0.654	0.108	0.107	0.131
0.053	0.148	0.002	0.797
0.882	0.020	0.021	0.077
0.075	0.124	0.030	0.771
0.962	0.001	0.022	0.015
0.170	0.145	0.038	0.647
0.650	0.188	0.111	0.051
0.207	0.269	0.086	0.438
0.427	0.186	0.190	0.197
0.212	0.465	0.184	0.139
0.255	0.330	0.178	0.237
>YCGTCGTCGBCG	13-YCGTCGTCGBCG	7.810259	-55.952667	0	T:532.0(8.85%),B:2259.9(5.56%),P:1e-24	Tpos:51.0,Tstd:27.4,Bpos:49.9,Bstd:26.9,StrandBias:-0.0,Multiplicity:1.10
0.093	0.262	0.238	0.406
0.012	0.814	0.127	0.047
0.047	0.218	0.659	0.076
0.102	0.259	0.210	0.428
0.006	0.875	0.083	0.036
0.059	0.151	0.721	0.069
0.101	0.252	0.241	0.406
0.006	0.887	0.083	0.024
0.046	0.162	0.725	0.067
0.108	0.295	0.254	0.343
0.014	0.825	0.108	0.053
0.077	0.193	0.666	0.064
>AAGTCCCAACCC	14-AAGTCCCAACCC	9.395888	-45.616420	0	T:47.0(0.78%),B:56.6(0.14%),P:1e-19	Tpos:51.8,Tstd:24.8,Bpos:51.4,Bstd:25.1,StrandBias:1.0,Multiplicity:1.00
0.847	0.068	0.068	0.017
0.865	0.034	0.084	0.017
0.118	0.034	0.780	0.068
0.012	0.051	0.068	0.869
0.001	0.898	0.001	0.100
0.118	0.797	0.034	0.051
0.068	0.881	0.017	0.034
0.797	0.135	0.034	0.034
0.830	0.068	0.068	0.034
0.062	0.767	0.118	0.053
0.017	0.810	0.084	0.089
0.017	0.864	0.051	0.068
>CCAACACCAACC	15-CCAACACCAACC	8.856276	-43.553023	0	T:119.0(1.98%),B:310.5(0.76%),P:1e-18	Tpos:47.8,Tstd:29.8,Bpos:53.2,Bstd:27.3,StrandBias:1.0,Multiplicity:1.02
0.035	0.862	0.069	0.034
0.088	0.832	0.057	0.023
0.840	0.057	0.046	0.057
0.816	0.046	0.081	0.057
0.057	0.863	0.057	0.023
0.769	0.104	0.058	0.069
0.124	0.806	0.035	0.035
0.034	0.909	0.034	0.023
0.863	0.080	0.034	0.023
0.747	0.092	0.092	0.069
0.080	0.817	0.069	0.034
0.034	0.886	0.046	0.034
>GTTYGGGTTYCG	16-GTTYGGGTTYCG	8.840211	-36.198562	0	T:16.0(0.27%),B:5.4(0.01%),P:1e-15	Tpos:48.3,Tstd:25.8,Bpos:45.0,Bstd:19.4,StrandBias:2.2,Multiplicity:1.06
0.001	0.001	0.997	0.001
0.001	0.001	0.001	0.997
0.001	0.001	0.001	0.997
0.069	0.532	0.001	0.398
0.001	0.001	0.997	0.001
0.001	0.001	0.997	0.001
0.001	0.001	0.997	0.001
0.001	0.001	0.001	0.997
0.001	0.001	0.001	0.997
0.001	0.537	0.001	0.461
0.001	0.795	0.203	0.001
0.001	0.001	0.997	0.001
>GCCTATAAATGC	17-GCCTATAAATGC	13.861999	-34.348513	0	T:10.0(0.17%),B:1.5(0.00%),P:1e-14	Tpos:27.9,Tstd:16.9,Bpos:32.0,Bstd:0.0,StrandBias:1.0,Multiplicity:1.00
0.001	0.166	0.832	0.001
0.166	0.832	0.001	0.001
0.001	0.997	0.001	0.001
0.001	0.001	0.001	0.997
0.997	0.001	0.001	0.001
0.001	0.166	0.001	0.832
0.997	0.001	0.001	0.001
0.997	0.001	0.001	0.001
0.997	0.001	0.001	0.001
0.166	0.001	0.001	0.832
0.166	0.166	0.667	0.001
0.001	0.997	0.001	0.001
>AAGAGAGAAGAG	18-AAGAGAGAAGAG	10.648986	-31.487140	0	T:36.0(0.60%),B:49.1(0.12%),P:1e-13	Tpos:56.8,Tstd:22.9,Bpos:41.9,Bstd:29.8,StrandBias:0.9,Multiplicity:1.03
0.603	0.063	0.187	0.147
0.768	0.133	0.068	0.031
0.042	0.152	0.748	0.058
0.636	0.126	0.217	0.021
0.238	0.121	0.610	0.031
0.827	0.021	0.047	0.105
0.137	0.026	0.816	0.021
0.722	0.068	0.200	0.010
0.775	0.136	0.042	0.047
0.175	0.021	0.783	0.021
0.830	0.117	0.052	0.001
0.217	0.052	0.600	0.131
>AAATTCCCCATT	19-AAATTCCCCATT	13.515731	-31.170065	0	T:11.0(0.18%),B:2.5(0.01%),P:1e-13	Tpos:62.0,Tstd:24.4,Bpos:43.0,Bstd:15.4,StrandBias:3.3,Multiplicity:1.00
0.749	0.249	0.001	0.001
0.892	0.001	0.001	0.106
0.997	0.001	0.001	0.001
0.001	0.001	0.001	0.997
0.001	0.001	0.001	0.997
0.001	0.997	0.001	0.001
0.106	0.892	0.001	0.001
0.106	0.892	0.001	0.001
0.106	0.892	0.001	0.001
0.997	0.001	0.001	0.001
0.001	0.001	0.106	0.892
0.001	0.106	0.001	0.892
>ACACACACACGC	20-ACACACACACGC	8.314498	-30.857064	0	T:141.0(2.35%),B:473.8(1.17%),P:1e-13	Tpos:52.8,Tstd:26.9,Bpos:51.2,Bstd:28.9,StrandBias:1.1,Multiplicity:1.01
0.579	0.130	0.221	0.070
0.047	0.815	0.122	0.016
0.691	0.102	0.199	0.008
0.005	0.979	0.008	0.008
0.618	0.118	0.248	0.016
0.012	0.909	0.071	0.008
0.804	0.085	0.110	0.001
0.039	0.913	0.047	0.001
0.740	0.047	0.197	0.016
0.047	0.909	0.028	0.016
0.326	0.078	0.573	0.023
0.154	0.721	0.070	0.055
>TCTTTACCCTAA	21-TCTTTACCCTAA	10.409522	-30.132862	0	T:9.0(0.15%),B:1.4(0.00%),P:1e-13	Tpos:41.0,Tstd:26.6,Bpos:69.6,Bstd:16.2,StrandBias:3.0,Multiplicity:1.00
0.100	0.100	0.100	0.700
0.100	0.700	0.100	0.100
0.100	0.100	0.100	0.700
0.100	0.100	0.100	0.700
0.100	0.100	0.100	0.700
0.700	0.100	0.100	0.100
0.100	0.700	0.100	0.100
0.100	0.700	0.100	0.100
0.100	0.700	0.100	0.100
0.100	0.100	0.100	0.700
0.700	0.100	0.100	0.100
0.700	0.100	0.100	0.100
>CGCCGCGSCTYC	22-CGCCGCGSCTYC	11.076647	-25.276756	0	T:50.0(0.83%),B:110.0(0.27%),P:1e-10	Tpos:53.2,Tstd:27.8,Bpos:55.1,Bstd:31.7,StrandBias:0.5,Multiplicity:1.07
0.055	0.860	0.084	0.001
0.055	0.028	0.860	0.057
0.055	0.917	0.001	0.027
0.028	0.844	0.127	0.001
0.027	0.082	0.882	0.009
0.001	0.917	0.027	0.055
0.047	0.301	0.495	0.157
0.165	0.489	0.345	0.002
0.028	0.943	0.028	0.001
0.046	0.036	0.091	0.827
0.027	0.524	0.001	0.448
0.019	0.927	0.027	0.027
>TTCCATCCCATT	23-TTCCATCCCATT	11.412061	-24.854835	0	T:15.0(0.25%),B:9.4(0.02%),P:1e-10	Tpos:55.7,Tstd:25.3,Bpos:47.5,Bstd:20.4,StrandBias:0.0,Multiplicity:1.07
0.007	0.001	0.001	0.991
0.001	0.153	0.153	0.693
0.001	0.693	0.153	0.153
0.007	0.985	0.001	0.007
0.667	0.001	0.331	0.001
0.153	0.001	0.001	0.845
0.001	0.651	0.001	0.347
0.001	0.844	0.154	0.001
0.001	0.991	0.001	0.007
0.685	0.001	0.307	0.007
0.193	0.008	0.324	0.476
0.008	0.015	0.008	0.969
>CGATCGATCGAB	24-CGATCGATCGAB	9.218405	-23.749520	0	T:50.0(0.83%),B:114.1(0.28%),P:1e-10	Tpos:46.4,Tstd:30.4,Bpos:46.7,Bstd:30.1,StrandBias:0.1,Multiplicity:1.00
0.078	0.790	0.078	0.054
0.001	0.131	0.842	0.026
0.762	0.026	0.211	0.001
0.001	0.077	0.001	0.921
0.001	0.895	0.052	0.052
0.001	0.001	0.997	0.001
0.947	0.001	0.051	0.001
0.001	0.157	0.052	0.790
0.001	0.842	0.156	0.001
0.081	0.081	0.760	0.078
0.448	0.261	0.290	0.001
0.026	0.369	0.369	0.236
>AGCAAGAACAGC	25-AGCAAGAACAGC	13.054271	-23.059174	0	T:13.0(0.22%),B:7.1(0.02%),P:1e-10	Tpos:45.2,Tstd:26.2,Bpos:69.9,Bstd:19.6,StrandBias:2.2,Multiplicity:1.10
0.845	0.153	0.001	0.001
0.154	0.154	0.538	0.154
0.153	0.845	0.001	0.001
0.997	0.001	0.001	0.001
0.997	0.001	0.001	0.001
0.001	0.001	0.997	0.001
0.997	0.001	0.001	0.001
0.692	0.001	0.001	0.306
0.001	0.997	0.001	0.001
0.845	0.153	0.001	0.001
0.001	0.001	0.997	0.001
0.001	0.997	0.001	0.001
>CAGCAG	1-CAGCAG	6.177716	-1783.769747	0	T:3124.0(51.96%),B:7275.1(17.91%),P:1e-774	Tpos:50.9,Tstd:14.8,Bpos:50.2,Bstd:41.1,StrandBias:3.6,Multiplicity:1.33
0.100	0.700	0.100	0.100
0.700	0.100	0.100	0.100
0.100	0.100	0.700	0.100
0.100	0.700	0.100	0.100
0.700	0.100	0.100	0.100
0.100	0.100	0.700	0.100
>CCTCCT	2-CCTCCT	6.263555	-811.541731	0	T:3195.0(53.14%),B:11534.9(28.40%),P:1e-352	Tpos:51.7,Tstd:25.8,Bpos:49.8,Bstd:34.6,StrandBias:-0.7,Multiplicity:1.31
0.001	0.997	0.001	0.001
0.001	0.997	0.001	0.001
0.001	0.001	0.001	0.997
0.001	0.580	0.144	0.275
0.001	0.901	0.001	0.097
0.001	0.001	0.001	0.997
>CCGCCG	3-CCGCCG	5.878958	-53.526192	0	T:1650.0(27.45%),B:8909.7(21.94%),P:1e-23	Tpos:51.1,Tstd:27.3,Bpos:49.5,Bstd:31.8,StrandBias:0.2,Multiplicity:1.55
0.001	0.997	0.001	0.001
0.001	0.768	0.230	0.001
0.001	0.001	0.997	0.001
0.001	0.997	0.001	0.001
0.115	0.804	0.080	0.001
0.001	0.001	0.997	0.001
>TATATA	4-TATATA	6.875626	-51.767927	0	T:361.0(6.00%),B:1400.0(3.45%),P:1e-22	Tpos:34.9,Tstd:24.1,Bpos:50.2,Bstd:30.3,StrandBias:0.4,Multiplicity:1.12
0.001	0.001	0.001	0.997
0.997	0.001	0.001	0.001
0.001	0.001	0.001	0.997
0.997	0.001	0.001	0.001
0.240	0.001	0.001	0.758
0.997	0.001	0.001	0.001
>GAKMGA	5-GAKMGA	5.684889	-29.860678	0	T:888.0(14.77%),B:4719.1(11.62%),P:1e-12	Tpos:52.6,Tstd:27.2,Bpos:50.2,Bstd:31.8,StrandBias:0.5,Multiplicity:1.14
0.281	0.001	0.717	0.001
0.995	0.003	0.001	0.001
0.002	0.001	0.468	0.529
0.549	0.449	0.001	0.001
0.300	0.001	0.621	0.078
0.683	0.001	0.315	0.001
>AGAAGA	6-AGAAGA	4.853014	-28.093946	0	T:1357.0(22.57%),B:7674.5(18.90%),P:1e-12	Tpos:50.9,Tstd:27.6,Bpos:49.9,Bstd:31.7,StrandBias:0.7,Multiplicity:1.21
0.997	0.001	0.001	0.001
0.001	0.173	0.825	0.001
0.997	0.001	0.001	0.001
0.815	0.183	0.001	0.001
0.001	0.001	0.997	0.001
0.997	0.001	0.001	0.001
>AAATAA	7-AAATAA	4.517551	-26.692486	0	T:1302.0(21.66%),B:7366.9(18.14%),P:1e-11	Tpos:46.7,Tstd:29.6,Bpos:49.7,Bstd:31.5,StrandBias:0.6,Multiplicity:1.38
0.702	0.028	0.048	0.222
0.948	0.001	0.001	0.050
0.856	0.001	0.057	0.086
0.122	0.110	0.114	0.654
0.949	0.001	0.001	0.049
0.950	0.001	0.048	0.001
>CACCAC	8-CACCAC	6.177716	-24.194907	0	T:617.0(10.26%),B:3203.3(7.89%),P:1e-10	Tpos:53.8,Tstd:27.3,Bpos:50.1,Bstd:31.4,StrandBias:1.1,Multiplicity:1.25
0.100	0.700	0.100	0.100
0.700	0.100	0.100	0.100
0.100	0.700	0.100	0.100
0.100	0.700	0.100	0.100
0.700	0.100	0.100	0.100
0.100	0.700	0.100	0.100
>CGTCGT	9-CGTCGT	7.075160	-17.136321	0	T:621.0(10.33%),B:3386.3(8.34%),P:1e-7	Tpos:51.6,Tstd:28.8,Bpos:50.0,Bstd:28.4,StrandBias:-0.4,Multiplicity:1.25
0.001	0.997	0.001	0.001
0.001	0.001	0.997	0.001
0.001	0.001	0.001	0.997
0.293	0.705	0.001	0.001
0.001	0.001	0.997	0.001
0.001	0.001	0.001	0.997
>CAGCAGGR	1-CAGCAGGR	4.161567	-2050.505976	0	T:1843.0(30.66%),B:2010.7(4.95%),P:1e-890	Tpos:52.0,Tstd:10.1,Bpos:51.1,Bstd:40.2,StrandBias:4.7,Multiplicity:1.04
0.001	0.997	0.001	0.001
0.997	0.001	0.001	0.001
0.001	0.001	0.997	0.001
0.001	0.997	0.001	0.001
0.997	0.001	0.001	0.001
0.001	0.001	0.997	0.001
0.001	0.001	0.997	0.001
0.406	0.171	0.421	0.001
>CCAGCAGG	2-CCAGCAGG	5.051513	-1304.008606	0	T:4185.0(69.61%),B:15089.2(37.16%),P:1e-566	Tpos:51.3,Tstd:23.1,Bpos:49.5,Bstd:35.7,StrandBias:1.2,Multiplicity:1.17
0.142	0.487	0.236	0.135
0.081	0.770	0.119	0.030
0.733	0.105	0.099	0.063
0.060	0.077	0.791	0.072
0.079	0.817	0.059	0.045
0.782	0.121	0.049	0.048
0.056	0.080	0.853	0.011
0.081	0.065	0.774	0.080
>AGCAGCAG	3-AGCAGCAG	5.814003	-1104.735911	0	T:2782.0(46.27%),B:7909.7(19.48%),P:1e-479	Tpos:50.8,Tstd:19.5,Bpos:50.1,Bstd:39.7,StrandBias:2.6,Multiplicity:1.14
0.783	0.029	0.092	0.096
0.076	0.032	0.869	0.023
0.017	0.981	0.001	0.001
0.987	0.011	0.001	0.001
0.001	0.042	0.956	0.001
0.025	0.924	0.024	0.027
0.969	0.001	0.029	0.001
0.035	0.042	0.882	0.041
>CARSAGGA	4-CARSAGGA	6.335522	-890.065959	0	T:2082.0(34.63%),B:5389.1(13.27%),P:1e-386	Tpos:50.6,Tstd:24.1,Bpos:49.9,Bstd:33.0,StrandBias:1.5,Multiplicity:1.08
0.094	0.904	0.001	0.001
0.950	0.001	0.001	0.048
0.441	0.001	0.545	0.013
0.195	0.450	0.353	0.001
0.962	0.001	0.036	0.001
0.356	0.001	0.533	0.110
0.001	0.079	0.907	0.013
0.671	0.001	0.327	0.001
>CAGCAGAA	5-CAGCAGAA	4.161567	-180.773475	0	T:526.0(8.75%),B:1412.5(3.48%),P:1e-78	Tpos:52.3,Tstd:17.3,Bpos:48.7,Bstd:39.7,StrandBias:2.9,Multiplicity:1.02
0.001	0.997	0.001	0.001
0.997	0.001	0.001	0.001
0.001	0.001	0.997	0.001
0.001	0.997	0.001	0.001
0.997	0.001	0.001	0.001
0.001	0.001	0.997	0.001
0.997	0.001	0.001	0.001
0.971	0.001	0.027	0.001
>GGCGGCGG	6-GGCGGCGG	6.668962	-83.417012	0	T:1341.0(22.31%),B:6511.6(16.03%),P:1e-36	Tpos:52.0,Tstd:27.0,Bpos:50.0,Bstd:30.7,StrandBias:0.0,Multiplicity:1.26
0.058	0.091	0.817	0.034
0.026	0.049	0.894	0.031
0.029	0.871	0.038	0.062
0.041	0.054	0.904	0.001
0.001	0.052	0.907	0.040
0.023	0.930	0.024	0.023
0.026	0.039	0.934	0.001
0.065	0.001	0.912	0.022
>TCGTCGTC	7-TCGTCGTC	6.234598	-55.124007	0	T:861.0(14.32%),B:4115.1(10.13%),P:1e-23	Tpos:51.2,Tstd:28.4,Bpos:49.9,Bstd:29.5,StrandBias:-0.2,Multiplicity:1.11
0.001	0.001	0.001	0.997
0.016	0.953	0.030	0.001
0.053	0.101	0.822	0.024
0.020	0.001	0.018	0.961
0.050	0.948	0.001	0.001
0.028	0.113	0.818	0.041
0.001	0.049	0.052	0.898
0.047	0.887	0.025	0.041
>TVTATATA	8-TVTATATA	5.011043	-52.509249	0	T:514.0(8.55%),B:2199.7(5.42%),P:1e-22	Tpos:35.0,Tstd:24.6,Bpos:50.0,Bstd:30.3,StrandBias:-0.0,Multiplicity:1.07
0.118	0.210	0.255	0.417
0.345	0.290	0.208	0.158
0.001	0.188	0.073	0.738
0.666	0.109	0.017	0.208
0.001	0.252	0.020	0.727
0.955	0.001	0.001	0.043
0.232	0.228	0.001	0.539
0.655	0.087	0.099	0.159
>TTCCCTTC	9-TTCCCTTC	5.689037	-47.406047	0	T:779.0(12.96%),B:3755.8(9.25%),P:1e-20	Tpos:52.4,Tstd:27.7,Bpos:49.8,Bstd:32.4,StrandBias:0.1,Multiplicity:1.11
0.001	0.001	0.001	0.997
0.001	0.064	0.001	0.934
0.001	0.883	0.029	0.087
0.001	0.923	0.041	0.035
0.215	0.675	0.001	0.109
0.001	0.144	0.058	0.797
0.001	0.056	0.001	0.942
0.001	0.971	0.001	0.027
>TATAATTA	10-TATAATTA	4.736216	-45.729727	0	T:579.0(9.63%),B:2638.8(6.50%),P:1e-19	Tpos:43.1,Tstd:29.8,Bpos:50.2,Bstd:27.8,StrandBias:0.1,Multiplicity:1.15
0.233	0.049	0.081	0.637
0.655	0.123	0.099	0.123
0.097	0.048	0.074	0.781
0.820	0.034	0.055	0.091
0.772	0.054	0.115	0.059
0.039	0.118	0.043	0.800
0.126	0.042	0.031	0.801
0.738	0.066	0.104	0.092
>CACCACCA	11-CACCACCA	7.916833	-43.153887	0	T:319.0(5.31%),B:1260.7(3.10%),P:1e-18	Tpos:56.6,Tstd:26.5,Bpos:50.6,Bstd:31.0,StrandBias:1.1,Multiplicity:1.03
0.219	0.708	0.001	0.072
0.997	0.001	0.001	0.001
0.001	0.827	0.001	0.171
0.001	0.961	0.001	0.037
0.997	0.001	0.001	0.001
0.066	0.833	0.100	0.001
0.001	0.719	0.001	0.279
0.676	0.001	0.001	0.322
>CCCCATCC	12-CCCCATCC	5.959216	-42.044915	0	T:484.0(8.05%),B:2156.4(5.31%),P:1e-18	Tpos:52.9,Tstd:28.3,Bpos:49.8,Bstd:27.6,StrandBias:0.8,Multiplicity:1.10
0.001	0.913	0.001	0.085
0.001	0.997	0.001	0.001
0.001	0.997	0.001	0.001
0.108	0.761	0.130	0.001
0.918	0.001	0.080	0.001
0.001	0.079	0.001	0.919
0.001	0.930	0.001	0.068
0.001	0.894	0.104	0.001
>NGTACTAS	13-NGTACTAS	6.543118	-39.893081	0	T:295.0(4.91%),B:1166.4(2.87%),P:1e-17	Tpos:53.4,Tstd:28.4,Bpos:51.3,Bstd:28.8,StrandBias:0.5,Multiplicity:1.04
0.348	0.216	0.202	0.233
0.001	0.391	0.607	0.001
0.001	0.001	0.326	0.672
0.962	0.001	0.001	0.036
0.001	0.743	0.222	0.034
0.063	0.033	0.087	0.817
0.931	0.001	0.038	0.030
0.001	0.456	0.398	0.145
>ACGAGACG	14-ACGAGACG	6.650979	-39.610467	0	T:303.0(5.04%),B:1210.7(2.98%),P:1e-17	Tpos:48.2,Tstd:29.8,Bpos:48.7,Bstd:30.0,StrandBias:0.6,Multiplicity:1.05
0.979	0.001	0.001	0.019
0.001	0.900	0.098	0.001
0.127	0.037	0.818	0.018
0.972	0.001	0.026	0.001
0.181	0.130	0.588	0.101
0.810	0.086	0.074	0.030
0.001	0.997	0.001	0.001
0.001	0.040	0.958	0.001
>GAGAGAGA	15-GAGAGAGA	7.656015	-32.827850	0	T:306.0(5.09%),B:1294.8(3.19%),P:1e-14	Tpos:54.0,Tstd:25.8,Bpos:51.1,Bstd:32.5,StrandBias:0.9,Multiplicity:1.07
0.139	0.001	0.811	0.049
0.908	0.052	0.039	0.001
0.001	0.001	0.976	0.022
0.862	0.081	0.030	0.027
0.001	0.001	0.926	0.072
0.975	0.023	0.001	0.001
0.001	0.031	0.935	0.033
0.793	0.039	0.098	0.070
>ATCGATMG	16-ATCGATMG	6.739333	-31.089416	0	T:200.0(3.33%),B:759.6(1.87%),P:1e-13	Tpos:47.5,Tstd:29.5,Bpos:48.3,Bstd:27.7,StrandBias:0.1,Multiplicity:1.04
0.735	0.205	0.001	0.059
0.001	0.100	0.168	0.731
0.014	0.782	0.001	0.203
0.001	0.001	0.997	0.001
0.737	0.017	0.245	0.001
0.059	0.385	0.001	0.555
0.448	0.380	0.001	0.171
0.269	0.020	0.710	0.001
>ACACACAC	17-ACACACAC	6.432581	-29.673264	0	T:384.0(6.39%),B:1759.5(4.33%),P:1e-12	Tpos:51.0,Tstd:26.8,Bpos:49.0,Bstd:29.2,StrandBias:1.3,Multiplicity:1.08
0.556	0.136	0.158	0.150
0.001	0.855	0.001	0.143
0.657	0.241	0.001	0.101
0.134	0.795	0.070	0.001
0.631	0.271	0.097	0.001
0.001	0.946	0.052	0.001
0.819	0.001	0.179	0.001
0.138	0.744	0.117	0.001
>GTTAGGGT	18-GTTAGGGT	7.338573	-26.696926	0	T:171.0(2.84%),B:650.6(1.60%),P:1e-11	Tpos:47.6,Tstd:28.5,Bpos:49.5,Bstd:28.8,StrandBias:-0.4,Multiplicity:1.03
0.001	0.001	0.997	0.001
0.001	0.101	0.001	0.897
0.213	0.001	0.255	0.531
0.751	0.247	0.001	0.001
0.140	0.001	0.858	0.001
0.001	0.001	0.997	0.001
0.001	0.001	0.985	0.013
0.001	0.001	0.001	0.997
>TAMCTAGT	19-TAMCTAGT	6.886488	-26.367577	0	T:175.0(2.91%),B:673.2(1.66%),P:1e-11	Tpos:47.0,Tstd:30.6,Bpos:52.2,Bstd:27.9,StrandBias:0.2,Multiplicity:1.02
0.234	0.001	0.001	0.764
0.602	0.001	0.001	0.396
0.424	0.485	0.001	0.090
0.001	0.895	0.001	0.103
0.185	0.001	0.001	0.813
0.997	0.001	0.001	0.001
0.161	0.001	0.837	0.001
0.001	0.001	0.001	0.997
>CACGCCAC	20-CACGCCAC	8.594197	-24.782989	0	T:164.0(2.73%),B:631.2(1.55%),P:1e-10	Tpos:49.4,Tstd:28.4,Bpos:49.5,Bstd:28.8,StrandBias:0.8,Multiplicity:1.04
0.001	0.839	0.159	0.001
0.997	0.001	0.001	0.001
0.001	0.997	0.001	0.001
0.191	0.100	0.614	0.095
0.001	0.997	0.001	0.001
0.001	0.997	0.001	0.001
0.997	0.001	0.001	0.001
0.001	0.997	0.001	0.001
>CGGAAGCG	21-CGGAAGCG	9.464872	-15.397532	0	T:77.0(1.28%),B:274.5(0.68%),P:1e-6	Tpos:52.6,Tstd:27.9,Bpos:48.9,Bstd:30.2,StrandBias:0.7,Multiplicity:1.03
0.001	0.997	0.001	0.001
0.001	0.001	0.997	0.001
0.001	0.001	0.997	0.001
0.997	0.001	0.001	0.001
0.997	0.001	0.001	0.001
0.001	0.001	0.997	0.001
0.001	0.997	0.001	0.001
0.201	0.001	0.797	0.001
