>RRCAGCAGGA	1-RRCAGCAGGA	7.058117	-1854.800500	0	T:2608.0(43.39%),B:4885.0(12.01%),P:1e-805	Tpos:50.9,Tstd:13.1,Bpos:51.1,Bstd:38.8,StrandBias:3.8,Multiplicity:1.12
0.378	0.164	0.275	0.183
0.270	0.241	0.403	0.087
0.001	0.997	0.001	0.001
0.997	0.001	0.001	0.001
0.001	0.001	0.997	0.001
0.001	0.938	0.060	0.001
0.997	0.001	0.001	0.001
0.005	0.009	0.985	0.001
0.060	0.150	0.783	0.007
0.512	0.179	0.285	0.024
>CAGCAGDRAA	2-CAGCAGDRAA	6.350707	-1786.085583	0	T:3036.0(50.52%),B:6878.7(16.91%),P:1e-775	Tpos:52.2,Tstd:20.3,Bpos:49.1,Bstd:36.3,StrandBias:2.2,Multiplicity:1.10
0.001	0.997	0.001	0.001
0.892	0.061	0.012	0.035
0.001	0.001	0.965	0.033
0.160	0.698	0.097	0.045
0.995	0.001	0.003	0.001
0.107	0.160	0.646	0.087
0.319	0.147	0.313	0.221
0.418	0.067	0.355	0.160
0.510	0.165	0.231	0.094
0.436	0.186	0.242	0.136
>CTCCTCCTCC	3-CTCCTCCTCC	6.643074	-100.404286	0	T:1363.0(22.68%),B:6422.8(15.79%),P:1e-43	Tpos:52.5,Tstd:26.9,Bpos:50.1,Bstd:32.2,StrandBias:-0.1,Multiplicity:1.19
0.053	0.768	0.072	0.107
0.069	0.079	0.049	0.803
0.063	0.828	0.047	0.062
0.028	0.831	0.061	0.080
0.120	0.075	0.066	0.739
0.055	0.803	0.059	0.083
0.036	0.811	0.080	0.073
0.068	0.089	0.059	0.784
0.044	0.821	0.071	0.064
0.045	0.813	0.083	0.059
>GCSGCSGCSG	4-GCSGCSGCSG	6.419041	-90.954512	0	T:1242.0(20.67%),B:5840.4(14.36%),P:1e-39	Tpos:51.4,Tstd:26.1,Bpos:50.0,Bstd:31.6,StrandBias:0.0,Multiplicity:1.22
0.049	0.292	0.579	0.080
0.034	0.823	0.114	0.029
0.060	0.399	0.396	0.145
0.001	0.033	0.938	0.028
0.022	0.888	0.069	0.021
0.105	0.488	0.388	0.019
0.001	0.022	0.976	0.001
0.043	0.685	0.248	0.024
0.120	0.409	0.390	0.080
0.044	0.137	0.660	0.159
>CTTCTTGTTS	5-CTTCTTGTTS	5.951176	-76.704959	0	T:573.0(9.53%),B:2278.5(5.60%),P:1e-33	Tpos:52.6,Tstd:26.3,Bpos:49.2,Bstd:32.8,StrandBias:-1.2,Multiplicity:1.05
0.092	0.603	0.165	0.140
0.146	0.121	0.172	0.561
0.117	0.170	0.202	0.511
0.001	0.573	0.239	0.187
0.007	0.179	0.035	0.779
0.094	0.097	0.243	0.566
0.001	0.248	0.725	0.026
0.181	0.116	0.149	0.554
0.177	0.238	0.089	0.497
0.001	0.345	0.458	0.196
>GGGTTGGGTT	6-GGGTTGGGTT	4.806277	-73.773549	0	T:982.0(16.34%),B:4564.3(11.22%),P:1e-32	Tpos:49.9,Tstd:27.9,Bpos:50.3,Bstd:27.8,StrandBias:-1.0,Multiplicity:1.20
0.111	0.134	0.569	0.186
0.128	0.069	0.686	0.117
0.183	0.039	0.573	0.205
0.173	0.058	0.147	0.622
0.133	0.086	0.177	0.604
0.047	0.174	0.600	0.179
0.087	0.147	0.595	0.171
0.112	0.107	0.593	0.188
0.173	0.073	0.218	0.536
0.095	0.095	0.189	0.621
>GAGAVRAGAR	7-GAGAVRAGAR	6.319841	-69.635871	0	T:313.0(5.21%),B:1034.9(2.54%),P:1e-30	Tpos:52.1,Tstd:26.3,Bpos:48.6,Bstd:32.0,StrandBias:0.2,Multiplicity:1.06
0.243	0.011	0.514	0.232
0.430	0.150	0.155	0.265
0.027	0.010	0.934	0.029
0.615	0.011	0.361	0.013
0.247	0.226	0.372	0.155
0.413	0.022	0.555	0.010
0.622	0.049	0.316	0.013
0.241	0.172	0.400	0.187
0.631	0.326	0.023	0.020
0.300	0.173	0.367	0.159
>GTCGTCGTCG	8-GTCGTCGTCG	6.024906	-66.982790	0	T:584.0(9.72%),B:2429.1(5.97%),P:1e-29	Tpos:50.8,Tstd:28.1,Bpos:49.4,Bstd:26.7,StrandBias:-0.3,Multiplicity:1.08
0.083	0.166	0.652	0.099
0.094	0.158	0.156	0.592
0.164	0.563	0.176	0.097
0.138	0.158	0.626	0.078
0.122	0.152	0.155	0.571
0.171	0.646	0.079	0.104
0.144	0.144	0.632	0.080
0.160	0.152	0.136	0.552
0.132	0.584	0.141	0.143
0.135	0.146	0.586	0.133
>TATATATACA	9-TATATATACA	6.897314	-56.512829	0	T:188.0(3.13%),B:542.6(1.33%),P:1e-24	Tpos:32.1,Tstd:21.9,Bpos:49.9,Bstd:31.1,StrandBias:0.2,Multiplicity:1.10
0.077	0.054	0.093	0.776
0.841	0.079	0.021	0.059
0.077	0.071	0.061	0.791
0.846	0.064	0.074	0.016
0.080	0.094	0.069	0.757
0.870	0.039	0.046	0.045
0.087	0.096	0.056	0.761
0.847	0.071	0.058	0.024
0.098	0.766	0.058	0.078
0.749	0.090	0.070	0.091
>AYCAMCAMCA	10-AYCAMCAMCA	8.546565	-49.782939	0	T:102.0(1.70%),B:222.6(0.55%),P:1e-21	Tpos:57.5,Tstd:26.7,Bpos:49.9,Bstd:27.9,StrandBias:1.4,Multiplicity:1.02
0.650	0.292	0.017	0.041
0.023	0.477	0.017	0.483
0.043	0.660	0.163	0.134
0.897	0.015	0.065	0.023
0.376	0.421	0.034	0.169
0.021	0.877	0.058	0.044
0.765	0.206	0.015	0.014
0.337	0.437	0.169	0.057
0.033	0.680	0.240	0.047
0.794	0.011	0.171	0.024
>GCAGCWGGTG	11-GCAGCWGGTG	10.946990	-46.401509	0	T:80.0(1.33%),B:154.4(0.38%),P:1e-20	Tpos:52.6,Tstd:23.6,Bpos:53.3,Bstd:34.8,StrandBias:-0.5,Multiplicity:1.00
0.001	0.148	0.737	0.114
0.001	0.997	0.001	0.001
0.700	0.001	0.001	0.298
0.016	0.001	0.982	0.001
0.001	0.888	0.001	0.110
0.540	0.001	0.001	0.458
0.001	0.001	0.997	0.001
0.001	0.001	0.997	0.001
0.001	0.001	0.001	0.997
0.001	0.127	0.606	0.266
>CTTSTTGCCC	12-CTTSTTGCCC	8.137993	-42.506960	0	T:82.0(1.36%),B:173.0(0.43%),P:1e-18	Tpos:50.0,Tstd:26.6,Bpos:45.0,Bstd:32.6,StrandBias:-0.3,Multiplicity:1.00
0.199	0.740	0.039	0.022
0.035	0.157	0.019	0.789
0.024	0.226	0.008	0.742
0.083	0.486	0.397	0.034
0.017	0.261	0.018	0.704
0.012	0.173	0.241	0.574
0.280	0.001	0.582	0.137
0.016	0.549	0.232	0.203
0.188	0.599	0.202	0.011
0.079	0.658	0.252	0.011
>ATTTATTATT	13-ATTTATTATT	6.633876	-39.173417	0	T:189.0(3.14%),B:646.3(1.59%),P:1e-17	Tpos:43.9,Tstd:27.9,Bpos:49.2,Bstd:27.3,StrandBias:-0.5,Multiplicity:1.05
0.841	0.022	0.039	0.098
0.314	0.001	0.119	0.566
0.064	0.149	0.001	0.786
0.162	0.001	0.148	0.689
0.945	0.001	0.001	0.053
0.029	0.001	0.001	0.969
0.176	0.001	0.084	0.739
0.484	0.172	0.328	0.017
0.087	0.095	0.083	0.735
0.057	0.252	0.112	0.579
>TAGGGTTTTG	14-TAGGGTTTTG	10.495536	-26.843770	0	T:26.0(0.43%),B:30.9(0.08%),P:1e-11	Tpos:53.9,Tstd:24.9,Bpos:55.7,Bstd:19.2,StrandBias:-0.7,Multiplicity:1.00
0.001	0.060	0.001	0.938
0.997	0.001	0.001	0.001
0.001	0.001	0.997	0.001
0.001	0.001	0.997	0.001
0.001	0.001	0.997	0.001
0.060	0.001	0.001	0.938
0.061	0.061	0.001	0.877
0.060	0.001	0.001	0.938
0.001	0.001	0.001	0.997
0.001	0.001	0.756	0.242
>TTCAGGATCC	15-TTCAGGATCC	11.502858	-24.046122	0	T:9.0(0.15%),B:3.0(0.01%),P:1e-10	Tpos:37.4,Tstd:26.5,Bpos:60.6,Bstd:22.6,StrandBias:1.8,Multiplicity:1.00
0.001	0.001	0.001	0.997
0.001	0.001	0.001	0.997
0.001	0.997	0.001	0.001
0.997	0.001	0.001	0.001
0.001	0.001	0.997	0.001
0.001	0.001	0.997	0.001
0.997	0.001	0.001	0.001
0.001	0.001	0.001	0.997
0.001	0.901	0.001	0.097
0.001	0.997	0.001	0.001
>GTTGGTGGCT	16-GTTGGTGGCT	12.231452	-23.085116	0	T:13.0(0.22%),B:7.5(0.02%),P:1e-10	Tpos:56.6,Tstd:29.1,Bpos:52.5,Bstd:21.5,StrandBias:1.2,Multiplicity:1.00
0.001	0.001	0.997	0.001
0.001	0.001	0.001	0.997
0.001	0.001	0.001	0.997
0.001	0.001	0.997	0.001
0.001	0.001	0.997	0.001
0.001	0.001	0.001	0.997
0.001	0.001	0.997	0.001
0.001	0.001	0.997	0.001
0.001	0.797	0.001	0.201
0.001	0.001	0.001	0.997
>CAGCGAAGCA	17-CAGCGAAGCA	12.641880	-23.085116	0	T:13.0(0.22%),B:7.3(0.02%),P:1e-10	Tpos:55.8,Tstd:14.2,Bpos:66.9,Bstd:26.3,StrandBias:3.6,Multiplicity:1.00
0.001	0.997	0.001	0.001
0.997	0.001	0.001	0.001
0.001	0.001	0.997	0.001
0.001	0.997	0.001	0.001
0.001	0.001	0.997	0.001
0.997	0.001	0.001	0.001
0.997	0.001	0.001	0.001
0.001	0.001	0.997	0.001
0.303	0.695	0.001	0.001
0.997	0.001	0.001	0.001
>ACACACACAC	18-ACACACACAC	7.464987	-20.580585	0	T:94.0(1.56%),B:320.0(0.79%),P:1e-8	Tpos:54.2,Tstd:25.7,Bpos:49.2,Bstd:29.2,StrandBias:1.2,Multiplicity:1.01
0.789	0.050	0.087	0.074
0.060	0.794	0.082	0.064
0.765	0.057	0.106	0.072
0.073	0.850	0.036	0.041
0.797	0.063	0.067	0.073
0.054	0.825	0.060	0.061
0.753	0.092	0.106	0.049
0.086	0.826	0.055	0.033
0.790	0.055	0.084	0.071
0.051	0.815	0.056	0.078
>AGCGAATGAA	19-AGCGAATGAA	12.522858	-20.545815	0	T:12.0(0.20%),B:7.2(0.02%),P:1e-8	Tpos:35.2,Tstd:20.8,Bpos:38.3,Bstd:17.0,StrandBias:2.3,Multiplicity:1.00
0.997	0.001	0.001	0.001
0.001	0.001	0.997	0.001
0.001	0.997	0.001	0.001
0.269	0.001	0.729	0.001
0.997	0.001	0.001	0.001
0.997	0.001	0.001	0.001
0.001	0.001	0.001	0.997
0.001	0.001	0.997	0.001
0.997	0.001	0.001	0.001
0.997	0.001	0.001	0.001
>ACACGACACG	20-ACACGACACG	11.855400	-19.078672	0	T:12.0(0.20%),B:8.9(0.02%),P:1e-8	Tpos:50.8,Tstd:21.8,Bpos:41.6,Bstd:20.8,StrandBias:1.7,Multiplicity:1.18
0.997	0.001	0.001	0.001
0.001	0.997	0.001	0.001
0.997	0.001	0.001	0.001
0.001	0.860	0.138	0.001
0.001	0.001	0.997	0.001
0.997	0.001	0.001	0.001
0.001	0.997	0.001	0.001
0.997	0.001	0.001	0.001
0.001	0.997	0.001	0.001
0.001	0.001	0.997	0.001
>GTGATCTGAT	21-GTGATCTGAT	11.502858	-18.072225	0	T:9.0(0.15%),B:4.0(0.01%),P:1e-7	Tpos:56.7,Tstd:28.0,Bpos:35.3,Bstd:18.5,StrandBias:-1.8,Multiplicity:1.00
0.001	0.001	0.997	0.001
0.001	0.001	0.001	0.997
0.001	0.001	0.997	0.001
0.997	0.001	0.001	0.001
0.001	0.001	0.001	0.997
0.001	0.997	0.001	0.001
0.001	0.001	0.001	0.997
0.001	0.001	0.997	0.001
0.901	0.001	0.001	0.097
0.001	0.001	0.001	0.997
>TGCTTTTTTA	22-TGCTTTTTTA	10.296193	-18.072225	0	T:9.0(0.15%),B:4.3(0.01%),P:1e-7	Tpos:36.9,Tstd:22.7,Bpos:47.9,Bstd:8.9,StrandBias:0.0,Multiplicity:1.00
0.100	0.100	0.100	0.700
0.100	0.100	0.700	0.100
0.100	0.700	0.100	0.100
0.100	0.100	0.100	0.700
0.100	0.100	0.100	0.700
0.100	0.100	0.100	0.700
0.100	0.100	0.100	0.700
0.100	0.100	0.100	0.700
0.100	0.100	0.100	0.700
0.700	0.100	0.100	0.100
>AGGGATGAGA	23-AGGGATGAGA	11.001459	-17.753210	0	T:13.0(0.22%),B:11.5(0.03%),P:1e-7	Tpos:57.8,Tstd:26.2,Bpos:46.1,Bstd:27.3,StrandBias:-1.0,Multiplicity:1.00
0.997	0.001	0.001	0.001
0.001	0.001	0.997	0.001
0.001	0.001	0.997	0.001
0.001	0.001	0.997	0.001
0.997	0.001	0.001	0.001
0.001	0.217	0.001	0.781
0.001	0.001	0.997	0.001
0.923	0.001	0.001	0.075
0.001	0.001	0.997	0.001
0.997	0.001	0.001	0.001
>CTAGCTGGTT	24-CTAGCTGGTT	10.296193	-14.611198	0	T:7.0(0.12%),B:3.6(0.01%),P:1e-6	Tpos:61.0,Tstd:28.9,Bpos:50.2,Bstd:9.1,StrandBias:0.4,Multiplicity:1.00
0.100	0.700	0.100	0.100
0.100	0.100	0.100	0.700
0.700	0.100	0.100	0.100
0.100	0.100	0.700	0.100
0.100	0.700	0.100	0.100
0.100	0.100	0.100	0.700
0.100	0.100	0.700	0.100
0.100	0.100	0.700	0.100
0.100	0.100	0.100	0.700
0.100	0.100	0.100	0.700
>GAAGGAAACC	25-GAAGGAAACC	11.553120	-11.722083	0	T:10.0(0.17%),B:11.3(0.03%),P:1e-5	Tpos:42.9,Tstd:35.5,Bpos:68.0,Bstd:11.0,StrandBias:0.3,Multiplicity:1.00
0.001	0.001	0.997	0.001
0.997	0.001	0.001	0.001
0.896	0.001	0.102	0.001
0.001	0.001	0.997	0.001
0.001	0.001	0.997	0.001
0.997	0.001	0.001	0.001
0.997	0.001	0.001	0.001
0.997	0.001	0.001	0.001
0.001	0.997	0.001	0.001
0.001	0.997	0.001	0.001
>VNGCAGCAGGRV	1-VNGCAGCAGGRV	6.167426	-1834.605459	0	T:2671.0(44.44%),B:5182.5(12.74%),P:1e-796	Tpos:51.0,Tstd:12.7,Bpos:50.9,Bstd:38.1,StrandBias:3.9,Multiplicity:1.12
0.237	0.367	0.263	0.133
0.297	0.188	0.307	0.208
0.204	0.289	0.476	0.031
0.001	0.997	0.001	0.001
0.997	0.001	0.001	0.001
0.001	0.001	0.997	0.001
0.001	0.982	0.016	0.001
0.997	0.001	0.001	0.001
0.001	0.001	0.997	0.001
0.110	0.215	0.674	0.001
0.369	0.222	0.399	0.010
0.312	0.297	0.321	0.070
>SAGCAGGRGAAG	2-SAGCAGGRGAAG	5.953859	-576.410259	0	T:2878.0(47.89%),B:11122.0(27.34%),P:1e-250	Tpos:52.7,Tstd:24.4,Bpos:49.8,Bstd:34.5,StrandBias:0.8,Multiplicity:1.22
0.227	0.405	0.339	0.029
0.701	0.047	0.130	0.122
0.093	0.004	0.899	0.004
0.214	0.482	0.293	0.011
0.818	0.041	0.052	0.089
0.071	0.042	0.881	0.006
0.245	0.150	0.504	0.101
0.467	0.085	0.331	0.117
0.190	0.151	0.649	0.010
0.481	0.205	0.306	0.007
0.746	0.036	0.172	0.046
0.152	0.104	0.743	0.001
>HNCAGCAGCANN	3-HNCAGCAGCANN	6.311629	-537.543425	0	T:1247.0(20.75%),B:3048.8(7.49%),P:1e-233	Tpos:50.8,Tstd:21.3,Bpos:50.9,Bstd:36.4,StrandBias:2.1,Multiplicity:1.03
0.307	0.249	0.127	0.318
0.204	0.300	0.289	0.208
0.152	0.653	0.068	0.127
0.726	0.082	0.060	0.132
0.131	0.127	0.599	0.143
0.156	0.612	0.093	0.139
0.752	0.092	0.062	0.094
0.178	0.081	0.535	0.206
0.137	0.546	0.149	0.168
0.673	0.088	0.079	0.160
0.288	0.252	0.297	0.163
0.187	0.234	0.278	0.301
>CGGCGGCGGCGG	4-CGGCGGCGGCGG	7.377397	-124.336326	0	T:1010.0(16.81%),B:4163.9(10.23%),P:1e-53	Tpos:51.7,Tstd:26.1,Bpos:49.6,Bstd:29.4,StrandBias:0.2,Multiplicity:1.19
0.108	0.678	0.132	0.082
0.112	0.120	0.698	0.070
0.117	0.116	0.673	0.094
0.059	0.799	0.061	0.081
0.136	0.073	0.775	0.016
0.068	0.100	0.770	0.062
0.014	0.951	0.010	0.025
0.128	0.030	0.823	0.019
0.078	0.102	0.727	0.093
0.069	0.789	0.134	0.008
0.127	0.122	0.718	0.033
0.114	0.148	0.692	0.046
>CAGCAGGGTCGT	5-CAGCAGGGTCGT	9.693174	-120.666538	0	T:99.0(1.65%),B:86.4(0.21%),P:1e-52	Tpos:50.7,Tstd:23.2,Bpos:50.2,Bstd:28.4,StrandBias:1.9,Multiplicity:1.00
0.019	0.888	0.037	0.056
0.796	0.074	0.129	0.001
0.037	0.037	0.852	0.074
0.037	0.833	0.074	0.056
0.796	0.074	0.056	0.074
0.019	0.056	0.888	0.037
0.037	0.037	0.833	0.093
0.001	0.037	0.870	0.092
0.019	0.130	0.056	0.795
0.037	0.888	0.056	0.019
0.074	0.037	0.888	0.001
0.037	0.092	0.001	0.870
>GCGGCGGCGGCG	6-GCGGCGGCGGCG	7.580222	-81.535850	0	T:826.0(13.74%),B:3592.0(8.83%),P:1e-35	Tpos:52.4,Tstd:28.6,Bpos:48.5,Bstd:30.0,StrandBias:-0.6,Multiplicity:1.08
0.001	0.054	0.944	0.001
0.004	0.831	0.020	0.145
0.001	0.114	0.737	0.148
0.005	0.133	0.801	0.061
0.082	0.630	0.138	0.150
0.047	0.145	0.678	0.130
0.077	0.014	0.843	0.066
0.153	0.477	0.189	0.181
0.021	0.127	0.731	0.121
0.035	0.113	0.726	0.126
0.120	0.757	0.089	0.034
0.006	0.032	0.878	0.084
>CAGCAGTGGAGG	7-CAGCAGTGGAGG	12.777122	-79.417846	0	T:42.0(0.70%),B:18.2(0.04%),P:1e-34	Tpos:55.4,Tstd:11.4,Bpos:39.7,Bstd:7.4,StrandBias:3.6,Multiplicity:1.00
0.001	0.997	0.001	0.001
0.863	0.068	0.068	0.001
0.001	0.067	0.931	0.001
0.068	0.857	0.074	0.001
0.997	0.001	0.001	0.001
0.067	0.001	0.931	0.001
0.006	0.001	0.278	0.715
0.001	0.001	0.931	0.067
0.001	0.001	0.997	0.001
0.997	0.001	0.001	0.001
0.262	0.001	0.736	0.001
0.158	0.068	0.773	0.001
>TGYDTATATATA	8-TGYDTATATATA	6.578212	-64.979785	0	T:226.0(3.76%),B:665.5(1.64%),P:1e-28	Tpos:33.2,Tstd:22.6,Bpos:48.9,Bstd:30.0,StrandBias:-0.2,Multiplicity:1.04
0.193	0.147	0.216	0.443
0.152	0.120	0.530	0.198
0.115	0.314	0.193	0.378
0.365	0.101	0.285	0.248
0.069	0.115	0.129	0.687
0.543	0.078	0.204	0.175
0.001	0.028	0.001	0.970
0.793	0.001	0.087	0.119
0.018	0.005	0.018	0.959
0.894	0.005	0.041	0.060
0.106	0.097	0.097	0.700
0.792	0.028	0.097	0.083
>CCATCACCACCA	9-CCATCACCACCA	8.957007	-64.345181	0	T:200.0(3.33%),B:556.5(1.37%),P:1e-27	Tpos:55.7,Tstd:25.6,Bpos:50.0,Bstd:27.5,StrandBias:1.3,Multiplicity:1.04
0.061	0.782	0.074	0.083
0.048	0.885	0.059	0.008
0.868	0.058	0.023	0.051
0.061	0.213	0.119	0.607
0.008	0.932	0.030	0.030
0.810	0.084	0.056	0.050
0.063	0.787	0.081	0.069
0.008	0.939	0.023	0.030
0.832	0.068	0.047	0.053
0.033	0.830	0.091	0.046
0.023	0.893	0.061	0.023
0.840	0.068	0.049	0.043
>CGTCGTCGTCGT	10-CGTCGTCGTCGT	8.809244	-58.733211	0	T:277.0(4.61%),B:934.2(2.30%),P:1e-25	Tpos:49.9,Tstd:27.5,Bpos:49.5,Bstd:28.6,StrandBias:-0.4,Multiplicity:1.04
0.001	0.716	0.175	0.108
0.011	0.289	0.683	0.017
0.111	0.030	0.093	0.766
0.006	0.976	0.012	0.006
0.079	0.178	0.737	0.006
0.092	0.006	0.012	0.890
0.016	0.961	0.017	0.006
0.078	0.250	0.626	0.046
0.015	0.108	0.077	0.800
0.001	0.871	0.091	0.037
0.084	0.202	0.691	0.023
0.133	0.092	0.243	0.532
>AAGAGAGAAGAG	11-AAGAGAGAAGAG	12.621791	-57.001489	0	T:30.0(0.50%),B:13.5(0.03%),P:1e-24	Tpos:53.8,Tstd:22.9,Bpos:29.8,Bstd:16.6,StrandBias:1.5,Multiplicity:1.05
0.644	0.001	0.354	0.001
0.997	0.001	0.001	0.001
0.001	0.001	0.997	0.001
0.903	0.048	0.048	0.001
0.048	0.048	0.903	0.001
0.951	0.001	0.001	0.047
0.047	0.001	0.951	0.001
0.951	0.001	0.047	0.001
0.951	0.047	0.001	0.001
0.047	0.001	0.951	0.001
0.997	0.001	0.001	0.001
0.048	0.001	0.903	0.048
>CCAGCAGGCAGC	12-CCAGCAGGCAGC	9.202853	-54.433352	0	T:197.0(3.28%),B:592.2(1.46%),P:1e-23	Tpos:51.6,Tstd:23.5,Bpos:51.2,Bstd:37.3,StrandBias:1.2,Multiplicity:1.03
0.001	0.919	0.001	0.079
0.020	0.940	0.020	0.020
0.555	0.001	0.373	0.071
0.061	0.087	0.792	0.060
0.001	0.997	0.001	0.001
0.511	0.340	0.057	0.092
0.236	0.071	0.692	0.001
0.001	0.170	0.727	0.102
0.135	0.863	0.001	0.001
0.528	0.284	0.040	0.148
0.086	0.001	0.912	0.001
0.001	0.997	0.001	0.001
>GAAGGGTTGTGT	13-GAAGGGTTGTGT	10.979183	-40.696601	0	T:21.0(0.35%),B:9.4(0.02%),P:1e-17	Tpos:48.5,Tstd:26.0,Bpos:55.2,Bstd:16.5,StrandBias:-1.6,Multiplicity:1.00
0.079	0.001	0.919	0.001
0.585	0.001	0.001	0.413
0.752	0.001	0.080	0.167
0.007	0.001	0.664	0.328
0.167	0.080	0.664	0.089
0.001	0.001	0.997	0.001
0.239	0.001	0.001	0.759
0.001	0.001	0.001	0.997
0.001	0.166	0.832	0.001
0.001	0.001	0.079	0.919
0.001	0.001	0.997	0.001
0.079	0.001	0.001	0.919
>TTCCGTTCCATT	14-TTCCGTTCCATT	12.565017	-38.688820	0	T:13.0(0.22%),B:2.8(0.01%),P:1e-16	Tpos:45.9,Tstd:22.6,Bpos:64.2,Bstd:16.4,StrandBias:0.0,Multiplicity:1.00
0.001	0.083	0.001	0.915
0.001	0.001	0.001	0.997
0.001	0.997	0.001	0.001
0.001	0.915	0.001	0.083
0.325	0.001	0.673	0.001
0.001	0.001	0.001	0.997
0.001	0.083	0.001	0.915
0.001	0.997	0.001	0.001
0.001	0.997	0.001	0.001
0.831	0.084	0.084	0.001
0.084	0.001	0.084	0.831
0.001	0.001	0.001	0.997
>ACACACACACGC	15-ACACACACACGC	7.282184	-31.094511	0	T:207.0(3.44%),B:796.9(1.96%),P:1e-13	Tpos:53.4,Tstd:26.9,Bpos:49.2,Bstd:28.0,StrandBias:1.1,Multiplicity:1.02
0.636	0.107	0.166	0.091
0.081	0.801	0.105	0.013
0.693	0.127	0.150	0.030
0.063	0.866	0.038	0.033
0.659	0.105	0.214	0.022
0.033	0.875	0.075	0.017
0.766	0.068	0.140	0.026
0.082	0.836	0.069	0.013
0.731	0.084	0.116	0.069
0.103	0.849	0.035	0.013
0.236	0.105	0.590	0.069
0.151	0.696	0.101	0.052
>AATGAACAAACT	16-AATGAACAAACT	13.787549	-26.867906	0	T:11.0(0.18%),B:3.4(0.01%),P:1e-11	Tpos:31.6,Tstd:11.0,Bpos:44.5,Bstd:10.7,StrandBias:10.0,Multiplicity:1.00
0.997	0.001	0.001	0.001
0.997	0.001	0.001	0.001
0.001	0.001	0.001	0.997
0.001	0.001	0.997	0.001
0.929	0.001	0.069	0.001
0.997	0.001	0.001	0.001
0.069	0.929	0.001	0.001
0.929	0.069	0.001	0.001
0.997	0.001	0.001	0.001
0.997	0.001	0.001	0.001
0.001	0.997	0.001	0.001
0.001	0.001	0.001	0.997
>GTGTCTCAGTGC	17-GTGTCTCAGTGC	13.702315	-26.039380	0	T:8.0(0.13%),B:0.4(0.00%),P:1e-11	Tpos:42.4,Tstd:32.4,Bpos:18.0,Bstd:0.0,StrandBias:1.0,Multiplicity:1.12
0.001	0.001	0.997	0.001
0.001	0.124	0.001	0.874
0.001	0.001	0.997	0.001
0.001	0.001	0.124	0.874
0.001	0.997	0.001	0.001
0.001	0.124	0.001	0.874
0.001	0.749	0.125	0.125
0.874	0.001	0.001	0.124
0.001	0.001	0.997	0.001
0.001	0.001	0.001	0.997
0.001	0.001	0.997	0.001
0.124	0.874	0.001	0.001
>CGCAGTCCAAGA	18-CGCAGTCCAAGA	10.694217	-24.312654	0	T:12.0(0.20%),B:5.5(0.01%),P:1e-10	Tpos:51.1,Tstd:32.3,Bpos:56.4,Bstd:22.9,StrandBias:0.0,Multiplicity:1.00
0.085	0.787	0.085	0.043
0.043	0.046	0.868	0.043
0.085	0.829	0.085	0.001
0.744	0.170	0.043	0.043
0.043	0.043	0.871	0.043
0.043	0.128	0.046	0.783
0.088	0.826	0.085	0.001
0.042	0.915	0.042	0.001
0.830	0.042	0.001	0.127
0.829	0.085	0.043	0.043
0.043	0.085	0.826	0.046
0.909	0.045	0.045	0.001
>AGTAGTCAGCAG	19-AGTAGTCAGCAG	12.070081	-23.162796	0	T:18.0(0.30%),B:16.2(0.04%),P:1e-10	Tpos:56.3,Tstd:17.6,Bpos:0.0,Bstd:0.0,StrandBias:10.0,Multiplicity:1.00
0.759	0.160	0.001	0.080
0.001	0.001	0.919	0.079
0.001	0.266	0.001	0.732
0.912	0.086	0.001	0.001
0.001	0.001	0.997	0.001
0.079	0.001	0.001	0.919
0.001	0.759	0.239	0.001
0.997	0.001	0.001	0.001
0.001	0.159	0.839	0.001
0.001	0.919	0.079	0.001
0.919	0.079	0.001	0.001
0.080	0.240	0.600	0.080
>AGGTACTCTTCC	20-AGGTACTCTTCC	10.517281	-22.408401	0	T:19.0(0.32%),B:19.0(0.05%),P:1e-9	Tpos:52.1,Tstd:25.9,Bpos:49.7,Bstd:20.4,StrandBias:-0.2,Multiplicity:1.00
0.772	0.057	0.057	0.114
0.001	0.001	0.885	0.113
0.057	0.061	0.881	0.001
0.176	0.057	0.057	0.710
0.761	0.125	0.057	0.057
0.057	0.829	0.057	0.057
0.001	0.001	0.001	0.997
0.057	0.885	0.001	0.057
0.114	0.171	0.114	0.601
0.001	0.061	0.057	0.881
0.001	0.942	0.056	0.001
0.057	0.885	0.001	0.057
>GCTCAGCAGAGG	21-GCTCAGCAGAGG	11.160444	-21.911981	0	T:25.0(0.42%),B:35.8(0.09%),P:1e-9	Tpos:58.9,Tstd:14.7,Bpos:70.8,Bstd:14.9,StrandBias:2.8,Multiplicity:1.00
0.160	0.001	0.520	0.319
0.080	0.680	0.080	0.160
0.001	0.001	0.159	0.839
0.167	0.672	0.001	0.160
0.752	0.087	0.001	0.160
0.001	0.007	0.831	0.161
0.001	0.997	0.001	0.001
0.992	0.001	0.001	0.006
0.006	0.001	0.992	0.001
0.919	0.001	0.001	0.079
0.001	0.001	0.997	0.001
0.001	0.001	0.839	0.159
>GGGAATTTCTAT	22-GGGAATTTCTAT	10.409522	-20.625018	0	T:8.0(0.13%),B:2.0(0.00%),P:1e-8	Tpos:56.0,Tstd:32.4,Bpos:64.1,Bstd:4.3,StrandBias:-0.7,Multiplicity:1.00
0.100	0.100	0.700	0.100
0.100	0.100	0.700	0.100
0.100	0.100	0.700	0.100
0.700	0.100	0.100	0.100
0.700	0.100	0.100	0.100
0.100	0.100	0.100	0.700
0.100	0.100	0.100	0.700
0.100	0.100	0.100	0.700
0.100	0.700	0.100	0.100
0.100	0.100	0.100	0.700
0.700	0.100	0.100	0.100
0.100	0.100	0.100	0.700
>CNGGCGGCGRGA	23-CNGGCGGCGRGA	11.423772	-14.065076	0	T:42.0(0.70%),B:121.6(0.30%),P:1e-6	Tpos:51.7,Tstd:24.6,Bpos:48.1,Bstd:28.9,StrandBias:-0.7,Multiplicity:1.00
0.080	0.456	0.296	0.168
0.241	0.188	0.262	0.309
0.001	0.001	0.997	0.001
0.001	0.001	0.997	0.001
0.160	0.838	0.001	0.001
0.001	0.001	0.997	0.001
0.001	0.001	0.997	0.001
0.001	0.997	0.001	0.001
0.001	0.001	0.663	0.335
0.448	0.001	0.550	0.001
0.040	0.295	0.504	0.161
0.997	0.001	0.001	0.001
>NNNNNNNNNNNN	24-NNNNNNNNNNNN	-nan	0.000000	0	T:0.0(0.00%),B:0.0(0.00%),P:1e0	Tpos:0.0,Tstd:0.0,Bpos:0.0,Bstd:0.0,StrandBias:0.0,Multiplicity:1.00
-nan	-nan	-nan	-nan
-nan	-nan	-nan	-nan
-nan	-nan	-nan	-nan
-nan	-nan	-nan	-nan
-nan	-nan	-nan	-nan
-nan	-nan	-nan	-nan
-nan	-nan	-nan	-nan
-nan	-nan	-nan	-nan
-nan	-nan	-nan	-nan
-nan	-nan	-nan	-nan
-nan	-nan	-nan	-nan
-nan	-nan	-nan	-nan
>NNNNNNNNNNNN	25-NNNNNNNNNNNN	-nan	0.000000	0	T:0.0(0.00%),B:0.0(0.00%),P:1e0	Tpos:0.0,Tstd:0.0,Bpos:0.0,Bstd:0.0,StrandBias:0.0,Multiplicity:1.00
-nan	-nan	-nan	-nan
-nan	-nan	-nan	-nan
-nan	-nan	-nan	-nan
-nan	-nan	-nan	-nan
-nan	-nan	-nan	-nan
-nan	-nan	-nan	-nan
-nan	-nan	-nan	-nan
-nan	-nan	-nan	-nan
-nan	-nan	-nan	-nan
-nan	-nan	-nan	-nan
-nan	-nan	-nan	-nan
-nan	-nan	-nan	-nan
>CAGCAG	1-CAGCAG	6.177716	-1765.991340	0	T:3113.0(51.80%),B:7292.0(17.92%),P:1e-766	Tpos:50.9,Tstd:14.8,Bpos:50.9,Bstd:40.5,StrandBias:3.6,Multiplicity:1.33
0.100	0.700	0.100	0.100
0.700	0.100	0.100	0.100
0.100	0.100	0.700	0.100
0.100	0.700	0.100	0.100
0.700	0.100	0.100	0.100
0.100	0.100	0.700	0.100
>CCTCCT	2-CCTCCT	6.069961	-820.487936	0	T:3196.0(53.18%),B:11516.3(28.31%),P:1e-356	Tpos:51.6,Tstd:25.6,Bpos:50.4,Bstd:34.8,StrandBias:-0.7,Multiplicity:1.31
0.001	0.997	0.001	0.001
0.001	0.997	0.001	0.001
0.001	0.001	0.001	0.997
0.001	0.617	0.118	0.264
0.001	0.906	0.001	0.092
0.001	0.001	0.001	0.997
>TGBTGT	3-TGBTGT	6.638888	-174.623377	0	T:1499.0(24.94%),B:6378.8(15.68%),P:1e-75	Tpos:50.5,Tstd:26.4,Bpos:49.7,Bstd:33.4,StrandBias:-1.2,Multiplicity:1.13
0.001	0.001	0.018	0.980
0.001	0.001	0.997	0.001
0.001	0.377	0.284	0.338
0.294	0.001	0.001	0.704
0.001	0.001	0.997	0.001
0.018	0.001	0.023	0.958
>CGGCSG	4-CGGCSG	5.285820	-59.512972	0	T:1880.0(31.28%),B:10249.5(25.19%),P:1e-25	Tpos:50.7,Tstd:28.0,Bpos:50.2,Bstd:32.7,StrandBias:0.3,Multiplicity:1.19
0.001	0.997	0.001	0.001
0.295	0.249	0.455	0.001
0.219	0.001	0.599	0.181
0.181	0.599	0.001	0.219
0.001	0.455	0.543	0.001
0.001	0.001	0.997	0.001
>SCGSCG	5-SCGSCG	5.499480	-49.384675	0	T:1050.0(17.47%),B:5330.2(13.10%),P:1e-21	Tpos:51.6,Tstd:26.8,Bpos:49.6,Bstd:30.5,StrandBias:-0.0,Multiplicity:1.39
0.125	0.414	0.346	0.115
0.001	0.997	0.001	0.001
0.159	0.001	0.592	0.248
0.125	0.414	0.346	0.115
0.001	0.997	0.001	0.001
0.159	0.001	0.592	0.248
>TATATA	6-TATATA	5.598421	-48.630189	0	T:567.0(9.43%),B:2540.9(6.25%),P:1e-21	Tpos:35.6,Tstd:25.5,Bpos:49.6,Bstd:31.0,StrandBias:0.2,Multiplicity:1.21
0.001	0.043	0.035	0.921
0.997	0.001	0.001	0.001
0.001	0.001	0.027	0.971
0.896	0.001	0.001	0.102
0.148	0.094	0.031	0.727
0.997	0.001	0.001	0.001
>AGAAGA	7-AGAAGA	5.295942	-47.738887	0	T:1898.0(31.58%),B:10624.6(26.12%),P:1e-20	Tpos:52.3,Tstd:27.6,Bpos:50.4,Bstd:33.3,StrandBias:0.6,Multiplicity:1.32
0.873	0.001	0.125	0.001
0.074	0.188	0.737	0.001
0.997	0.001	0.001	0.001
0.837	0.161	0.001	0.001
0.091	0.001	0.850	0.058
0.997	0.001	0.001	0.001
>GAGAGA	8-GAGAGA	6.717997	-33.616963	0	T:843.0(14.03%),B:4379.1(10.76%),P:1e-14	Tpos:54.2,Tstd:25.8,Bpos:50.2,Bstd:32.0,StrandBias:0.6,Multiplicity:1.09
0.001	0.001	0.997	0.001
0.793	0.205	0.001	0.001
0.001	0.001	0.997	0.001
0.997	0.001	0.001	0.001
0.001	0.001	0.997	0.001
0.997	0.001	0.001	0.001
>NACBAC	9-NACBAC	5.117340	-32.723761	0	T:1571.0(26.14%),B:8921.2(21.93%),P:1e-14	Tpos:51.3,Tstd:28.1,Bpos:50.0,Bstd:29.3,StrandBias:0.6,Multiplicity:1.34
0.233	0.284	0.316	0.168
0.935	0.063	0.001	0.001
0.215	0.726	0.001	0.058
0.090	0.348	0.257	0.306
0.917	0.081	0.001	0.001
0.133	0.806	0.002	0.059
>TASTAY	10-TASTAY	5.760912	-31.057733	0	T:561.0(9.33%),B:2754.4(6.77%),P:1e-13	Tpos:49.2,Tstd:28.7,Bpos:49.8,Bstd:29.6,StrandBias:-0.1,Multiplicity:1.19
0.001	0.001	0.001	0.997
0.997	0.001	0.001	0.001
0.037	0.322	0.435	0.206
0.001	0.001	0.001	0.997
0.997	0.001	0.001	0.001
0.053	0.379	0.187	0.381
>GGGGGG	11-GGGGGG	5.444905	-28.109416	0	T:1341.0(22.31%),B:7589.7(18.66%),P:1e-12	Tpos:51.6,Tstd:28.3,Bpos:49.9,Bstd:29.9,StrandBias:-0.5,Multiplicity:1.20
0.001	0.001	0.913	0.085
0.001	0.104	0.851	0.044
0.001	0.127	0.738	0.134
0.001	0.084	0.811	0.104
0.056	0.001	0.881	0.062
0.138	0.001	0.860	0.001
>CAGCAGGR	1-CAGCAGGR	4.161567	-2012.576768	0	T:1840.0(30.62%),B:2054.7(5.05%),P:1e-874	Tpos:52.1,Tstd:10.0,Bpos:50.9,Bstd:39.0,StrandBias:4.7,Multiplicity:1.04
0.001	0.997	0.001	0.001
0.997	0.001	0.001	0.001
0.001	0.001	0.997	0.001
0.001	0.997	0.001	0.001
0.997	0.001	0.001	0.001
0.001	0.001	0.997	0.001
0.001	0.001	0.997	0.001
0.407	0.168	0.424	0.001
>CAGCAGGA	2-CAGCAGGA	6.370824	-1605.699770	0	T:2292.0(38.14%),B:4230.5(10.40%),P:1e-697	Tpos:50.4,Tstd:19.3,Bpos:49.5,Bstd:33.6,StrandBias:2.2,Multiplicity:1.01
0.001	0.826	0.039	0.134
0.894	0.103	0.001	0.002
0.002	0.001	0.950	0.047
0.107	0.693	0.042	0.158
0.761	0.002	0.175	0.062
0.103	0.105	0.648	0.144
0.229	0.001	0.532	0.238
0.607	0.023	0.231	0.139
>AGCAGCAG	3-AGCAGCAG	5.624164	-1021.328316	0	T:3268.0(54.38%),B:10897.8(26.79%),P:1e-443	Tpos:51.1,Tstd:20.1,Bpos:50.3,Bstd:38.2,StrandBias:2.3,Multiplicity:1.19
0.675	0.128	0.115	0.082
0.169	0.155	0.618	0.058
0.103	0.784	0.050	0.063
0.883	0.014	0.073	0.030
0.019	0.058	0.890	0.033
0.207	0.597	0.111	0.085
0.814	0.022	0.133	0.031
0.171	0.059	0.743	0.027
>CAGGACGG	4-CAGGACGG	6.855955	-102.310934	0	T:707.0(11.76%),B:2752.1(6.76%),P:1e-44	Tpos:51.6,Tstd:25.7,Bpos:51.0,Bstd:31.7,StrandBias:0.9,Multiplicity:1.03
0.176	0.822	0.001	0.001
0.938	0.007	0.001	0.054
0.322	0.001	0.676	0.001
0.001	0.320	0.678	0.001
0.717	0.001	0.006	0.276
0.001	0.495	0.210	0.294
0.075	0.081	0.843	0.001
0.358	0.001	0.640	0.001
>GGCGGCGG	5-GGCGGCGG	5.905634	-76.492501	0	T:1633.0(27.17%),B:8394.7(20.63%),P:1e-33	Tpos:51.6,Tstd:27.8,Bpos:49.5,Bstd:30.2,StrandBias:-0.2,Multiplicity:1.31
0.081	0.231	0.659	0.029
0.114	0.131	0.754	0.001
0.001	0.699	0.019	0.281
0.023	0.230	0.746	0.001
0.046	0.121	0.832	0.001
0.068	0.668	0.123	0.141
0.024	0.385	0.590	0.001
0.051	0.001	0.822	0.126
>CCCCATCC	6-CCCCATCC	7.262624	-65.748884	0	T:394.0(6.56%),B:1454.0(3.57%),P:1e-28	Tpos:50.1,Tstd:28.5,Bpos:49.7,Bstd:28.4,StrandBias:1.2,Multiplicity:1.07
0.304	0.518	0.001	0.177
0.001	0.866	0.001	0.132
0.001	0.851	0.147	0.001
0.145	0.676	0.178	0.001
0.676	0.001	0.322	0.001
0.069	0.345	0.001	0.585
0.001	0.997	0.001	0.001
0.001	0.997	0.001	0.001
>TCGTCGTC	7-TCGTCGTC	5.874531	-56.499607	0	T:875.0(14.56%),B:4185.5(10.29%),P:1e-24	Tpos:50.9,Tstd:28.4,Bpos:50.5,Bstd:29.4,StrandBias:-0.2,Multiplicity:1.12
0.001	0.028	0.001	0.970
0.012	0.972	0.015	0.001
0.076	0.078	0.819	0.027
0.001	0.001	0.033	0.965
0.021	0.977	0.001	0.001
0.045	0.095	0.825	0.035
0.001	0.057	0.024	0.918
0.034	0.898	0.027	0.041
>AWCAATAA	8-AWCAATAA	6.198906	-55.044467	0	T:513.0(8.54%),B:2171.7(5.34%),P:1e-23	Tpos:50.9,Tstd:29.5,Bpos:49.5,Bstd:29.5,StrandBias:0.7,Multiplicity:1.07
0.958	0.001	0.040	0.001
0.453	0.001	0.002	0.544
0.123	0.737	0.002	0.138
0.577	0.001	0.344	0.078
0.781	0.001	0.001	0.217
0.139	0.094	0.238	0.529
0.860	0.138	0.001	0.001
0.997	0.001	0.001	0.001
>TATATATA	9-TATATATA	5.255977	-52.229141	0	T:338.0(5.62%),B:1281.9(3.15%),P:1e-22	Tpos:34.3,Tstd:24.1,Bpos:49.8,Bstd:30.4,StrandBias:-0.0,Multiplicity:1.07
0.132	0.156	0.126	0.586
0.627	0.125	0.141	0.107
0.035	0.094	0.056	0.815
0.796	0.063	0.040	0.101
0.066	0.098	0.041	0.795
0.877	0.046	0.017	0.060
0.051	0.138	0.051	0.760
0.752	0.083	0.078	0.087
>AWWTWAAT	10-AWWTWAAT	4.798435	-52.091009	0	T:1018.0(16.94%),B:5093.6(12.52%),P:1e-22	Tpos:45.8,Tstd:30.6,Bpos:50.1,Bstd:29.2,StrandBias:0.0,Multiplicity:1.23
0.516	0.134	0.001	0.349
0.510	0.001	0.001	0.488
0.444	0.115	0.001	0.440
0.111	0.315	0.001	0.573
0.510	0.001	0.001	0.488
0.862	0.001	0.001	0.136
0.622	0.001	0.376	0.001
0.001	0.227	0.072	0.700
>GAGAGAGA	11-GAGAGAGA	6.043995	-45.959831	0	T:549.0(9.13%),B:2473.0(6.08%),P:1e-19	Tpos:54.5,Tstd:25.6,Bpos:49.8,Bstd:32.5,StrandBias:0.7,Multiplicity:1.07
0.148	0.001	0.829	0.022
0.857	0.071	0.071	0.001
0.001	0.001	0.960	0.038
0.901	0.080	0.001	0.018
0.001	0.001	0.918	0.080
0.961	0.025	0.001	0.013
0.023	0.014	0.920	0.043
0.829	0.001	0.132	0.038
>ACTACTAC	12-ACTACTAC	6.136589	-42.543439	0	T:271.0(4.51%),B:1023.7(2.52%),P:1e-18	Tpos:52.3,Tstd:28.2,Bpos:50.3,Bstd:29.7,StrandBias:0.6,Multiplicity:1.03
0.742	0.096	0.104	0.058
0.001	0.876	0.122	0.001
0.001	0.075	0.021	0.903
0.957	0.041	0.001	0.001
0.001	0.974	0.024	0.001
0.001	0.021	0.066	0.912
0.895	0.036	0.068	0.001
0.001	0.877	0.066	0.056
>GTGTGTGM	13-GTGTGTGM	7.626329	-30.992206	0	T:145.0(2.41%),B:492.5(1.21%),P:1e-13	Tpos:51.9,Tstd:27.5,Bpos:49.5,Bstd:30.1,StrandBias:-1.2,Multiplicity:1.03
0.001	0.001	0.997	0.001
0.039	0.001	0.001	0.959
0.001	0.056	0.917	0.026
0.097	0.001	0.001	0.901
0.042	0.001	0.842	0.115
0.051	0.001	0.001	0.947
0.001	0.001	0.997	0.001
0.463	0.320	0.044	0.173
>CCTTCTTG	14-CCTTCTTG	8.366902	-21.144178	0	T:160.0(2.66%),B:645.7(1.59%),P:1e-9	Tpos:50.0,Tstd:26.5,Bpos:52.2,Bstd:33.0,StrandBias:-1.3,Multiplicity:1.01
0.001	0.997	0.001	0.001
0.001	0.898	0.100	0.001
0.001	0.001	0.001	0.997
0.001	0.001	0.001	0.997
0.001	0.774	0.224	0.001
0.001	0.001	0.001	0.997
0.001	0.001	0.137	0.861
0.001	0.001	0.997	0.001
>TTCCATTC	15-TTCCATTC	9.365574	-18.041716	0	T:130.0(2.16%),B:519.3(1.28%),P:1e-7	Tpos:51.2,Tstd:28.6,Bpos:49.7,Bstd:30.8,StrandBias:0.0,Multiplicity:1.05
0.001	0.001	0.001	0.997
0.001	0.001	0.001	0.997
0.001	0.997	0.001	0.001
0.001	0.997	0.001	0.001
0.596	0.182	0.001	0.221
0.001	0.001	0.001	0.997
0.001	0.001	0.001	0.997
0.001	0.997	0.001	0.001
