>CAGCAGGAGG	1-CAGCAGGAGG	5.853705	-1541.140111	0	T:3283.0(54.63%),B:8843.3(21.75%),P:1e-669	Tpos:51.8,Tstd:15.2,Bpos:50.0,Bstd:38.7,StrandBias:3.1,Multiplicity:1.22
0.049	0.869	0.062	0.020
0.894	0.029	0.039	0.038
0.034	0.031	0.918	0.017
0.013	0.962	0.017	0.008
0.970	0.008	0.012	0.010
0.009	0.003	0.984	0.004
0.031	0.323	0.622	0.024
0.657	0.084	0.219	0.040
0.185	0.148	0.577	0.090
0.174	0.231	0.545	0.050
>AGCCAGCAGG	2-AGCCAGCAGG	6.679498	-489.459578	0	T:755.0(12.56%),B:1329.8(3.27%),P:1e-212	Tpos:50.9,Tstd:23.6,Bpos:49.0,Bstd:36.8,StrandBias:1.8,Multiplicity:1.01
0.706	0.093	0.104	0.097
0.108	0.122	0.636	0.134
0.113	0.660	0.096	0.131
0.094	0.716	0.085	0.105
0.724	0.104	0.110	0.062
0.074	0.095	0.747	0.084
0.110	0.690	0.111	0.089
0.694	0.095	0.097	0.114
0.106	0.078	0.731	0.085
0.101	0.106	0.698	0.095
>TGGTGTTGGT	3-TGGTGTTGGT	4.758999	-204.897902	0	T:1852.0(30.82%),B:8085.4(19.89%),P:1e-88	Tpos:49.8,Tstd:26.9,Bpos:50.2,Bstd:30.8,StrandBias:-1.2,Multiplicity:1.21
0.095	0.080	0.104	0.721
0.104	0.092	0.709	0.095
0.103	0.125	0.667	0.105
0.087	0.093	0.135	0.685
0.093	0.091	0.720	0.096
0.092	0.113	0.133	0.662
0.077	0.108	0.108	0.707
0.079	0.081	0.756	0.084
0.089	0.116	0.680	0.115
0.120	0.080	0.107	0.693
>AGRAGRAGGA	4-AGRAGRAGGA	5.590879	-93.612603	0	T:1122.0(18.67%),B:5111.9(12.57%),P:1e-40	Tpos:54.0,Tstd:26.3,Bpos:49.7,Bstd:32.5,StrandBias:0.6,Multiplicity:1.12
0.607	0.122	0.142	0.129
0.147	0.113	0.637	0.103
0.364	0.075	0.468	0.092
0.704	0.101	0.100	0.095
0.139	0.167	0.621	0.073
0.427	0.075	0.433	0.064
0.684	0.101	0.117	0.098
0.126	0.137	0.620	0.117
0.227	0.090	0.570	0.113
0.616	0.113	0.117	0.154
>CGBCGBCGBC	5-CGBCGBCGBC	6.510739	-86.706956	0	T:1333.0(22.18%),B:6426.5(15.81%),P:1e-37	Tpos:50.9,Tstd:27.8,Bpos:49.5,Bstd:28.1,StrandBias:-0.0,Multiplicity:1.29
0.093	0.529	0.192	0.186
0.001	0.399	0.599	0.001
0.116	0.240	0.322	0.322
0.001	0.997	0.001	0.001
0.001	0.358	0.640	0.001
0.090	0.325	0.290	0.294
0.001	0.954	0.044	0.001
0.001	0.276	0.722	0.001
0.125	0.347	0.266	0.262
0.001	0.558	0.158	0.283
>CAGCAGAGAA	6-CAGCAGAGAA	8.110871	-85.234103	0	T:148.0(2.46%),B:282.7(0.70%),P:1e-37	Tpos:49.7,Tstd:18.7,Bpos:56.2,Bstd:38.2,StrandBias:2.6,Multiplicity:1.02
0.033	0.672	0.019	0.276
0.835	0.039	0.045	0.081
0.039	0.075	0.859	0.027
0.208	0.640	0.058	0.094
0.625	0.136	0.017	0.222
0.195	0.109	0.659	0.037
0.624	0.025	0.042	0.309
0.063	0.278	0.621	0.038
0.548	0.138	0.022	0.292
0.541	0.243	0.014	0.202
>TAGTABTAST	7-TAGTABTAST	4.853451	-57.160930	0	T:770.0(12.81%),B:3570.4(8.78%),P:1e-24	Tpos:47.1,Tstd:29.0,Bpos:49.2,Bstd:28.8,StrandBias:-0.3,Multiplicity:1.13
0.058	0.044	0.077	0.821
0.653	0.001	0.057	0.289
0.049	0.288	0.523	0.140
0.253	0.048	0.001	0.698
0.632	0.152	0.143	0.073
0.118	0.358	0.296	0.228
0.052	0.001	0.001	0.946
0.639	0.214	0.001	0.146
0.096	0.302	0.390	0.212
0.325	0.101	0.017	0.557
>AGAGAGAGAG	8-AGAGAGAGAG	7.572018	-49.387329	0	T:234.0(3.89%),B:791.9(1.95%),P:1e-21	Tpos:53.3,Tstd:26.6,Bpos:49.0,Bstd:33.1,StrandBias:0.7,Multiplicity:1.03
0.881	0.101	0.017	0.001
0.001	0.161	0.647	0.191
0.705	0.202	0.020	0.073
0.012	0.001	0.677	0.310
0.908	0.043	0.001	0.048
0.001	0.001	0.762	0.236
0.837	0.161	0.001	0.001
0.001	0.030	0.696	0.273
0.997	0.001	0.001	0.001
0.123	0.217	0.516	0.144
>TATATATACA	9-TATATATACA	7.113412	-46.280453	0	T:131.0(2.18%),B:348.3(0.86%),P:1e-20	Tpos:31.5,Tstd:20.9,Bpos:51.1,Bstd:29.8,StrandBias:0.3,Multiplicity:1.06
0.051	0.077	0.101	0.771
0.820	0.080	0.033	0.067
0.072	0.087	0.047	0.794
0.844	0.063	0.076	0.017
0.083	0.098	0.062	0.757
0.858	0.044	0.058	0.040
0.088	0.106	0.043	0.763
0.844	0.058	0.057	0.041
0.081	0.783	0.060	0.076
0.771	0.069	0.085	0.075
>CCMATTCCCM	10-CCMATTCCCM	7.138844	-45.585410	0	T:267.0(4.44%),B:978.7(2.41%),P:1e-19	Tpos:53.8,Tstd:27.9,Bpos:50.4,Bstd:29.4,StrandBias:1.0,Multiplicity:1.05
0.001	0.672	0.189	0.138
0.227	0.677	0.032	0.064
0.417	0.400	0.173	0.010
0.819	0.018	0.162	0.001
0.062	0.145	0.266	0.527
0.001	0.019	0.001	0.979
0.079	0.855	0.065	0.001
0.001	0.781	0.180	0.038
0.061	0.937	0.001	0.001
0.492	0.424	0.083	0.001
>TATTATATAC	11-TATTATATAC	6.885806	-42.532155	0	T:132.0(2.20%),B:369.4(0.91%),P:1e-18	Tpos:40.2,Tstd:27.6,Bpos:49.3,Bstd:26.1,StrandBias:-0.5,Multiplicity:1.02
0.059	0.065	0.061	0.815
0.734	0.071	0.060	0.135
0.051	0.036	0.046	0.867
0.045	0.087	0.089	0.779
0.799	0.040	0.091	0.070
0.058	0.034	0.043	0.865
0.803	0.081	0.038	0.078
0.095	0.089	0.033	0.783
0.816	0.056	0.071	0.057
0.087	0.744	0.057	0.112
>AAGGAAACCA	12-AAGGAAACCA	9.570939	-34.827994	0	T:42.0(0.70%),B:60.6(0.15%),P:1e-15	Tpos:47.2,Tstd:30.9,Bpos:50.6,Bstd:28.3,StrandBias:0.6,Multiplicity:1.03
0.903	0.036	0.036	0.025
0.976	0.001	0.012	0.011
0.024	0.001	0.974	0.001
0.001	0.145	0.818	0.036
0.881	0.001	0.082	0.036
0.990	0.001	0.008	0.001
0.951	0.024	0.001	0.024
0.050	0.916	0.022	0.012
0.001	0.997	0.001	0.001
0.645	0.012	0.140	0.203
>CAGTAGTGTA	13-CAGTAGTGTA	6.928147	-33.110965	0	T:14.0(0.23%),B:4.9(0.01%),P:1e-14	Tpos:57.4,Tstd:27.5,Bpos:83.8,Bstd:13.8,StrandBias:1.6,Multiplicity:1.00
0.001	0.997	0.001	0.001
0.997	0.001	0.001	0.001
0.001	0.001	0.997	0.001
0.152	0.001	0.001	0.846
0.997	0.001	0.001	0.001
0.001	0.001	0.997	0.001
0.001	0.001	0.001	0.997
0.001	0.001	0.997	0.001
0.001	0.001	0.001	0.997
0.997	0.001	0.001	0.001
>ATGGAACTTG	14-ATGGAACTTG	9.678804	-31.397749	0	T:37.0(0.62%),B:52.7(0.13%),P:1e-13	Tpos:58.4,Tstd:27.7,Bpos:52.1,Bstd:28.7,StrandBias:-1.1,Multiplicity:1.00
0.888	0.001	0.078	0.033
0.043	0.041	0.001	0.915
0.001	0.001	0.997	0.001
0.095	0.001	0.809	0.095
0.997	0.001	0.001	0.001
0.931	0.041	0.027	0.001
0.008	0.922	0.069	0.001
0.016	0.043	0.001	0.940
0.041	0.028	0.159	0.772
0.041	0.041	0.850	0.068
>AAGGCACACA	15-AAGGCACACA	10.458524	-28.251840	0	T:28.0(0.47%),B:33.9(0.08%),P:1e-12	Tpos:55.7,Tstd:22.1,Bpos:50.8,Bstd:33.2,StrandBias:1.8,Multiplicity:1.00
0.894	0.104	0.001	0.001
0.890	0.108	0.001	0.001
0.001	0.212	0.786	0.001
0.001	0.001	0.997	0.001
0.001	0.997	0.001	0.001
0.997	0.001	0.001	0.001
0.001	0.786	0.001	0.212
0.642	0.145	0.001	0.212
0.001	0.916	0.082	0.001
0.997	0.001	0.001	0.001
>GTGATCTGAT	16-GTGATCTGAT	12.231452	-21.510255	0	T:11.0(0.18%),B:5.8(0.01%),P:1e-9	Tpos:54.1,Tstd:27.7,Bpos:62.8,Bstd:15.3,StrandBias:-0.6,Multiplicity:1.00
0.001	0.001	0.997	0.001
0.001	0.001	0.001	0.997
0.001	0.001	0.997	0.001
0.997	0.001	0.001	0.001
0.201	0.001	0.001	0.797
0.001	0.997	0.001	0.001
0.001	0.001	0.001	0.997
0.001	0.001	0.997	0.001
0.997	0.001	0.001	0.001
0.001	0.001	0.001	0.997
>CTGGCACAGG	17-CTGGCACAGG	11.480301	-20.537390	0	T:12.0(0.20%),B:7.2(0.02%),P:1e-8	Tpos:38.5,Tstd:29.1,Bpos:45.7,Bstd:35.9,StrandBias:2.2,Multiplicity:1.00
0.001	0.997	0.001	0.001
0.001	0.001	0.001	0.997
0.001	0.001	0.997	0.001
0.001	0.001	0.892	0.106
0.001	0.892	0.001	0.106
0.997	0.001	0.001	0.001
0.001	0.997	0.001	0.001
0.997	0.001	0.001	0.001
0.001	0.001	0.997	0.001
0.001	0.001	0.997	0.001
>TACATYGATT	18-TACATYGATT	10.082080	-20.522685	0	T:9.0(0.15%),B:3.5(0.01%),P:1e-8	Tpos:60.4,Tstd:23.7,Bpos:60.6,Bstd:13.5,StrandBias:1.0,Multiplicity:1.00
0.001	0.127	0.001	0.871
0.871	0.127	0.001	0.001
0.001	0.743	0.127	0.129
0.980	0.001	0.018	0.001
0.004	0.056	0.004	0.936
0.006	0.509	0.060	0.425
0.019	0.128	0.852	0.001
0.997	0.001	0.001	0.001
0.317	0.001	0.001	0.681
0.001	0.001	0.001	0.997
>GGATCCCAGG	19-GGATCCCAGG	11.502858	-18.065767	0	T:9.0(0.15%),B:4.9(0.01%),P:1e-7	Tpos:58.8,Tstd:28.4,Bpos:53.4,Bstd:23.8,StrandBias:0.3,Multiplicity:1.00
0.001	0.001	0.997	0.001
0.001	0.001	0.997	0.001
0.997	0.001	0.001	0.001
0.001	0.001	0.001	0.997
0.001	0.997	0.001	0.001
0.001	0.997	0.001	0.001
0.001	0.997	0.001	0.001
0.901	0.001	0.097	0.001
0.001	0.001	0.997	0.001
0.001	0.001	0.997	0.001
>TGAACGCCAG	20-TGAACGCCAG	10.296193	-17.315876	0	T:7.0(0.12%),B:2.6(0.01%),P:1e-7	Tpos:38.7,Tstd:23.1,Bpos:72.3,Bstd:13.0,StrandBias:10.0,Multiplicity:1.00
0.100	0.100	0.100	0.700
0.100	0.100	0.700	0.100
0.700	0.100	0.100	0.100
0.700	0.100	0.100	0.100
0.100	0.700	0.100	0.100
0.100	0.100	0.700	0.100
0.100	0.700	0.100	0.100
0.100	0.700	0.100	0.100
0.700	0.100	0.100	0.100
0.100	0.100	0.700	0.100
>AGCTGGTTGC	21-AGCTGGTTGC	10.296193	-15.581953	0	T:11.0(0.18%),B:9.6(0.02%),P:1e-6	Tpos:61.1,Tstd:28.5,Bpos:42.4,Bstd:33.6,StrandBias:-3.2,Multiplicity:1.00
0.700	0.100	0.100	0.100
0.100	0.100	0.700	0.100
0.100	0.700	0.100	0.100
0.100	0.100	0.100	0.700
0.100	0.100	0.700	0.100
0.100	0.100	0.700	0.100
0.100	0.100	0.100	0.700
0.100	0.100	0.100	0.700
0.100	0.100	0.700	0.100
0.100	0.700	0.100	0.100
>TGAACAAACT	22-TGAACAAACT	10.296193	-15.335101	0	T:8.0(0.13%),B:4.8(0.01%),P:1e-6	Tpos:30.9,Tstd:1.3,Bpos:34.0,Bstd:27.1,StrandBias:10.0,Multiplicity:1.00
0.100	0.100	0.100	0.700
0.100	0.100	0.700	0.100
0.700	0.100	0.100	0.100
0.700	0.100	0.100	0.100
0.100	0.700	0.100	0.100
0.700	0.100	0.100	0.100
0.700	0.100	0.100	0.100
0.700	0.100	0.100	0.100
0.100	0.700	0.100	0.100
0.100	0.100	0.100	0.700
>GGCCGGAGGT	23-GGCCGGAGGT	11.502858	-13.424731	0	T:9.0(0.15%),B:7.5(0.02%),P:1e-5	Tpos:41.4,Tstd:26.5,Bpos:29.1,Bstd:19.2,StrandBias:1.0,Multiplicity:1.00
0.001	0.001	0.997	0.001
0.001	0.001	0.997	0.001
0.001	0.997	0.001	0.001
0.001	0.997	0.001	0.001
0.001	0.001	0.901	0.097
0.001	0.001	0.997	0.001
0.997	0.001	0.001	0.001
0.001	0.001	0.997	0.001
0.001	0.001	0.997	0.001
0.001	0.001	0.001	0.997
>CAACGCCTCC	24-CAACGCCTCC	10.296193	-12.351614	0	T:8.0(0.13%),B:6.5(0.02%),P:1e-5	Tpos:52.5,Tstd:34.6,Bpos:25.2,Bstd:15.9,StrandBias:1.0,Multiplicity:1.00
0.100	0.700	0.100	0.100
0.700	0.100	0.100	0.100
0.700	0.100	0.100	0.100
0.100	0.700	0.100	0.100
0.100	0.100	0.700	0.100
0.100	0.700	0.100	0.100
0.100	0.700	0.100	0.100
0.100	0.100	0.100	0.700
0.100	0.700	0.100	0.100
0.100	0.700	0.100	0.100
>GCTCTCCCCG	25-GCTCTCCCCG	12.457576	-12.290403	0	T:13.0(0.22%),B:18.5(0.05%),P:1e-5	Tpos:41.8,Tstd:31.2,Bpos:48.8,Bstd:24.2,StrandBias:0.3,Multiplicity:1.00
0.001	0.001	0.997	0.001
0.001	0.997	0.001	0.001
0.001	0.252	0.001	0.746
0.001	0.997	0.001	0.001
0.001	0.001	0.001	0.997
0.001	0.997	0.001	0.001
0.001	0.997	0.001	0.001
0.001	0.997	0.001	0.001
0.001	0.997	0.001	0.001
0.001	0.001	0.997	0.001
>SRGCAGCAGGRR	1-SRGCAGCAGGRR	7.324019	-1830.819694	0	T:2670.0(44.43%),B:5183.2(12.75%),P:1e-795	Tpos:50.9,Tstd:13.0,Bpos:49.7,Bstd:38.6,StrandBias:3.9,Multiplicity:1.13
0.208	0.387	0.259	0.147
0.380	0.215	0.236	0.170
0.220	0.175	0.488	0.118
0.001	0.997	0.001	0.001
0.997	0.001	0.001	0.001
0.001	0.001	0.997	0.001
0.001	0.918	0.080	0.001
0.997	0.001	0.001	0.001
0.001	0.001	0.997	0.001
0.168	0.233	0.598	0.001
0.438	0.148	0.342	0.072
0.290	0.217	0.397	0.096
>CTCCTCCTGCTG	2-CTCCTCCTGCTG	4.656972	-686.450677	0	T:4269.0(71.03%),B:19311.9(47.51%),P:1e-298	Tpos:51.3,Tstd:24.0,Bpos:50.2,Bstd:34.2,StrandBias:-0.9,Multiplicity:1.34
0.080	0.683	0.113	0.124
0.105	0.117	0.121	0.657
0.077	0.628	0.160	0.135
0.084	0.689	0.098	0.129
0.108	0.124	0.117	0.651
0.073	0.648	0.153	0.126
0.070	0.728	0.093	0.109
0.123	0.121	0.102	0.654
0.065	0.162	0.645	0.128
0.067	0.742	0.102	0.089
0.128	0.129	0.101	0.642
0.074	0.166	0.636	0.124
>WNCAGCAGGGAG	3-WNCAGCAGGGAG	7.495775	-616.874276	0	T:941.0(15.66%),B:1660.4(4.08%),P:1e-267	Tpos:52.6,Tstd:20.3,Bpos:48.2,Bstd:35.0,StrandBias:1.9,Multiplicity:1.01
0.279	0.161	0.176	0.383
0.223	0.247	0.280	0.250
0.049	0.913	0.001	0.037
0.980	0.018	0.001	0.001
0.062	0.050	0.795	0.093
0.155	0.758	0.050	0.037
0.931	0.001	0.067	0.001
0.182	0.159	0.522	0.137
0.074	0.006	0.580	0.340
0.012	0.001	0.925	0.062
0.547	0.230	0.093	0.130
0.234	0.199	0.412	0.155
>SCGBCGBCGNCG	4-SCGBCGBCGNCG	4.079318	-78.933507	0	T:1463.0(24.34%),B:7316.4(18.00%),P:1e-34	Tpos:52.0,Tstd:26.9,Bpos:49.5,Bstd:27.6,StrandBias:-0.0,Multiplicity:1.32
0.030	0.291	0.424	0.255
0.001	0.997	0.001	0.001
0.001	0.238	0.760	0.001
0.006	0.281	0.357	0.356
0.001	0.997	0.001	0.001
0.001	0.151	0.847	0.001
0.001	0.342	0.371	0.286
0.001	0.997	0.001	0.001
0.001	0.152	0.846	0.001
0.174	0.305	0.227	0.294
0.001	0.997	0.001	0.001
0.001	0.185	0.770	0.044
>CAGCAGKGGAAG	5-CAGCAGKGGAAG	9.025320	-78.210854	0	T:164.0(2.73%),B:359.4(0.88%),P:1e-33	Tpos:49.0,Tstd:25.7,Bpos:50.6,Bstd:32.0,StrandBias:1.7,Multiplicity:1.02
0.060	0.668	0.090	0.182
0.575	0.333	0.091	0.001
0.180	0.269	0.550	0.001
0.029	0.969	0.001	0.001
0.814	0.155	0.001	0.030
0.060	0.303	0.546	0.091
0.001	0.001	0.514	0.484
0.001	0.001	0.969	0.029
0.001	0.391	0.607	0.001
0.997	0.001	0.001	0.001
0.577	0.060	0.333	0.030
0.273	0.059	0.667	0.001
>GCGGCAGCGGCA	6-GCGGCAGCGGCA	9.741228	-59.128171	0	T:276.0(4.59%),B:926.4(2.28%),P:1e-25	Tpos:57.9,Tstd:26.1,Bpos:47.7,Bstd:34.8,StrandBias:0.5,Multiplicity:1.00
0.001	0.001	0.907	0.091
0.047	0.929	0.023	0.001
0.001	0.163	0.813	0.023
0.023	0.160	0.816	0.001
0.001	0.997	0.001	0.001
0.584	0.161	0.139	0.116
0.033	0.069	0.738	0.160
0.208	0.779	0.001	0.012
0.312	0.189	0.498	0.001
0.209	0.001	0.789	0.001
0.001	0.997	0.001	0.001
0.674	0.211	0.114	0.001
>CACCATCACCAC	7-CACCATCACCAC	7.403508	-54.557396	0	T:380.0(6.32%),B:1474.1(3.63%),P:1e-23	Tpos:51.8,Tstd:27.4,Bpos:51.2,Bstd:28.7,StrandBias:1.4,Multiplicity:1.04
0.066	0.820	0.064	0.050
0.706	0.126	0.093	0.075
0.068	0.761	0.071	0.100
0.051	0.843	0.069	0.037
0.732	0.099	0.080	0.089
0.092	0.191	0.122	0.595
0.046	0.834	0.076	0.044
0.680	0.099	0.127	0.094
0.065	0.781	0.068	0.086
0.062	0.818	0.065	0.055
0.713	0.094	0.106	0.087
0.114	0.720	0.083	0.083
>ATRTATATATAC	8-ATRTATATATAC	7.033475	-53.045866	0	T:166.0(2.76%),B:464.9(1.14%),P:1e-23	Tpos:33.9,Tstd:24.1,Bpos:51.0,Bstd:30.6,StrandBias:-0.0,Multiplicity:1.04
0.549	0.244	0.038	0.169
0.102	0.126	0.070	0.702
0.417	0.043	0.454	0.086
0.032	0.140	0.011	0.817
0.678	0.038	0.181	0.103
0.038	0.070	0.005	0.887
0.758	0.005	0.151	0.086
0.001	0.050	0.010	0.939
0.754	0.036	0.065	0.145
0.118	0.093	0.043	0.746
0.699	0.048	0.167	0.086
0.217	0.578	0.065	0.140
>AGGATGTCCTTG	9-AGGATGTCCTTG	13.243853	-46.470261	0	T:15.0(0.25%),B:2.5(0.01%),P:1e-20	Tpos:50.1,Tstd:25.9,Bpos:17.7,Bstd:9.0,StrandBias:-1.5,Multiplicity:1.00
0.916	0.082	0.001	0.001
0.001	0.001	0.916	0.082
0.001	0.001	0.997	0.001
0.916	0.082	0.001	0.001
0.082	0.001	0.001	0.916
0.001	0.082	0.916	0.001
0.083	0.083	0.001	0.833
0.001	0.997	0.001	0.001
0.082	0.916	0.001	0.001
0.001	0.001	0.082	0.916
0.001	0.001	0.082	0.916
0.001	0.082	0.916	0.001
>GGTTCGTSTMGT	10-GGTTCGTSTMGT	10.338313	-45.565918	0	T:33.0(0.55%),B:25.6(0.06%),P:1e-19	Tpos:60.2,Tstd:26.4,Bpos:55.0,Bstd:17.7,StrandBias:-0.5,Multiplicity:1.00
0.002	0.048	0.902	0.048
0.096	0.048	0.686	0.170
0.096	0.306	0.048	0.550
0.001	0.047	0.001	0.951
0.001	0.951	0.001	0.047
0.048	0.001	0.901	0.050
0.001	0.097	0.001	0.901
0.002	0.356	0.439	0.202
0.048	0.098	0.001	0.853
0.492	0.506	0.001	0.001
0.001	0.095	0.903	0.001
0.001	0.001	0.001	0.997
>GGCAGTKGCAGG	11-GGCAGTKGCAGG	13.229237	-42.914864	0	T:41.0(0.68%),B:45.1(0.11%),P:1e-18	Tpos:60.1,Tstd:22.3,Bpos:55.3,Bstd:32.8,StrandBias:0.0,Multiplicity:1.00
0.001	0.001	0.997	0.001
0.001	0.001	0.997	0.001
0.001	0.997	0.001	0.001
0.777	0.001	0.111	0.111
0.001	0.332	0.666	0.001
0.001	0.332	0.001	0.666
0.222	0.001	0.444	0.333
0.001	0.001	0.997	0.001
0.001	0.997	0.001	0.001
0.888	0.001	0.001	0.110
0.001	0.001	0.997	0.001
0.001	0.001	0.997	0.001
>THAWTAAGAGAG	12-THAWTAAGAGAG	12.909236	-34.892090	0	T:12.0(0.20%),B:2.1(0.01%),P:1e-15	Tpos:23.6,Tstd:20.0,Bpos:61.6,Bstd:12.1,StrandBias:1.0,Multiplicity:1.00
0.001	0.117	0.001	0.881
0.367	0.352	0.001	0.280
0.765	0.117	0.001	0.117
0.411	0.001	0.235	0.352
0.001	0.001	0.001	0.997
0.837	0.001	0.117	0.045
0.601	0.001	0.397	0.001
0.001	0.001	0.997	0.001
0.997	0.001	0.001	0.001
0.117	0.001	0.881	0.001
0.997	0.001	0.001	0.001
0.001	0.001	0.997	0.001
>AATGAACCAACT	13-AATGAACCAACT	13.702642	-34.892090	0	T:12.0(0.20%),B:2.2(0.01%),P:1e-15	Tpos:34.0,Tstd:17.8,Bpos:15.9,Bstd:3.0,StrandBias:1.6,Multiplicity:1.00
0.997	0.001	0.001	0.001
0.997	0.001	0.001	0.001
0.001	0.221	0.001	0.777
0.001	0.001	0.997	0.001
0.997	0.001	0.001	0.001
0.997	0.001	0.001	0.001
0.221	0.777	0.001	0.001
0.325	0.673	0.001	0.001
0.997	0.001	0.001	0.001
0.777	0.001	0.221	0.001
0.221	0.777	0.001	0.001
0.221	0.001	0.001	0.777
>CGCCGCGCCGCC	14-CGCCGCGCCGCC	10.497224	-31.102935	0	T:84.0(1.40%),B:220.3(0.54%),P:1e-13	Tpos:48.9,Tstd:28.0,Bpos:45.5,Bstd:34.3,StrandBias:1.1,Multiplicity:1.03
0.218	0.780	0.001	0.001
0.107	0.053	0.732	0.108
0.001	0.944	0.001	0.054
0.217	0.756	0.001	0.026
0.115	0.027	0.805	0.053
0.017	0.981	0.001	0.001
0.295	0.243	0.461	0.001
0.001	0.972	0.026	0.001
0.080	0.866	0.053	0.001
0.332	0.001	0.561	0.106
0.001	0.918	0.055	0.026
0.081	0.917	0.001	0.001
>GCTGAAGAGAGA	15-GCTGAAGAGAGA	10.891965	-30.542907	0	T:15.0(0.25%),B:6.3(0.02%),P:1e-13	Tpos:47.8,Tstd:24.1,Bpos:17.0,Bstd:0.0,StrandBias:1.0,Multiplicity:1.00
0.069	0.069	0.780	0.082
0.095	0.701	0.126	0.078
0.078	0.078	0.082	0.762
0.052	0.095	0.827	0.026
0.697	0.095	0.134	0.074
0.740	0.069	0.104	0.087
0.095	0.074	0.771	0.060
0.719	0.134	0.095	0.052
0.082	0.069	0.775	0.074
0.740	0.104	0.104	0.052
0.082	0.087	0.779	0.052
0.711	0.108	0.112	0.069
>TCTTTWCCCTMA	16-TCTTTWCCCTMA	9.704587	-30.145199	0	T:9.0(0.15%),B:1.8(0.00%),P:1e-13	Tpos:39.9,Tstd:29.1,Bpos:56.2,Bstd:25.0,StrandBias:1.6,Multiplicity:1.00
0.210	0.013	0.007	0.770
0.203	0.751	0.033	0.013
0.243	0.019	0.001	0.737
0.020	0.256	0.199	0.525
0.059	0.269	0.118	0.554
0.453	0.026	0.171	0.350
0.013	0.696	0.252	0.039
0.276	0.532	0.179	0.013
0.019	0.698	0.001	0.282
0.223	0.033	0.210	0.534
0.519	0.403	0.052	0.026
0.722	0.026	0.046	0.206
>TACTACATCATG	17-TACTACATCATG	11.356627	-29.941599	0	T:13.0(0.22%),B:4.6(0.01%),P:1e-13	Tpos:51.4,Tstd:26.2,Bpos:49.7,Bstd:23.0,StrandBias:-1.2,Multiplicity:1.00
0.011	0.001	0.235	0.753
0.636	0.118	0.235	0.011
0.001	0.764	0.001	0.234
0.245	0.001	0.001	0.753
0.764	0.001	0.234	0.001
0.001	0.997	0.001	0.001
0.871	0.011	0.117	0.001
0.118	0.011	0.118	0.753
0.001	0.997	0.001	0.001
0.753	0.245	0.001	0.001
0.001	0.001	0.001	0.997
0.001	0.001	0.997	0.001
>TTTTAGGCAGCT	18-TTTTAGGCAGCT	11.150727	-27.564720	0	T:10.0(0.17%),B:2.7(0.01%),P:1e-11	Tpos:64.5,Tstd:25.1,Bpos:53.3,Bstd:13.5,StrandBias:-1.2,Multiplicity:1.00
0.001	0.128	0.001	0.870
0.001	0.001	0.001	0.997
0.128	0.001	0.001	0.870
0.001	0.009	0.004	0.986
0.738	0.001	0.197	0.064
0.129	0.064	0.610	0.197
0.128	0.001	0.870	0.001
0.001	0.871	0.064	0.064
0.871	0.064	0.001	0.064
0.001	0.064	0.806	0.129
0.068	0.798	0.133	0.001
0.064	0.064	0.129	0.743
>TATWTAAGCAGG	19-TATWTAAGCAGG	11.320653	-27.177281	0	T:13.0(0.22%),B:5.8(0.01%),P:1e-11	Tpos:23.0,Tstd:13.0,Bpos:22.4,Bstd:5.9,StrandBias:1.3,Multiplicity:1.00
0.001	0.001	0.374	0.624
0.874	0.001	0.124	0.001
0.001	0.001	0.124	0.874
0.499	0.001	0.001	0.499
0.001	0.001	0.001	0.997
0.624	0.250	0.125	0.001
0.997	0.001	0.001	0.001
0.001	0.001	0.997	0.001
0.124	0.874	0.001	0.001
0.874	0.001	0.124	0.001
0.001	0.125	0.749	0.125
0.001	0.124	0.874	0.001
>GTTCGGGTTCGG	20-GTTCGGGTTCGG	9.323881	-26.859830	0	T:11.0(0.18%),B:3.9(0.01%),P:1e-11	Tpos:46.7,Tstd:24.4,Bpos:45.2,Bstd:12.8,StrandBias:3.5,Multiplicity:1.09
0.001	0.001	0.997	0.001
0.001	0.001	0.001	0.997
0.001	0.001	0.001	0.997
0.338	0.660	0.001	0.001
0.001	0.001	0.864	0.134
0.001	0.001	0.997	0.001
0.001	0.001	0.997	0.001
0.001	0.001	0.001	0.997
0.001	0.001	0.001	0.997
0.001	0.794	0.001	0.204
0.001	0.001	0.997	0.001
0.001	0.001	0.997	0.001
>MCCAGCAGCAAC	21-MCCAGCAGCAAC	10.905953	-26.291367	0	T:50.0(0.83%),B:106.6(0.26%),P:1e-11	Tpos:49.9,Tstd:24.1,Bpos:45.4,Bstd:32.3,StrandBias:1.7,Multiplicity:1.00
0.520	0.419	0.060	0.001
0.239	0.719	0.041	0.001
0.059	0.939	0.001	0.001
0.997	0.001	0.001	0.001
0.281	0.120	0.539	0.060
0.001	0.997	0.001	0.001
0.997	0.001	0.001	0.001
0.299	0.001	0.699	0.001
0.001	0.997	0.001	0.001
0.819	0.001	0.001	0.179
0.997	0.001	0.001	0.001
0.359	0.520	0.120	0.001
>ATTAGCAGGGAA	22-ATTAGCAGGGAA	10.409522	-18.065767	0	T:9.0(0.15%),B:4.0(0.01%),P:1e-7	Tpos:39.1,Tstd:17.1,Bpos:36.0,Bstd:27.1,StrandBias:2.8,Multiplicity:1.00
0.700	0.100	0.100	0.100
0.100	0.100	0.100	0.700
0.100	0.100	0.100	0.700
0.700	0.100	0.100	0.100
0.100	0.100	0.700	0.100
0.100	0.700	0.100	0.100
0.700	0.100	0.100	0.100
0.100	0.100	0.700	0.100
0.100	0.100	0.700	0.100
0.100	0.100	0.700	0.100
0.700	0.100	0.100	0.100
0.700	0.100	0.100	0.100
>CACTGAGAAAAC	23-CACTGAGAAAAC	10.409522	-15.335101	0	T:8.0(0.13%),B:5.0(0.01%),P:1e-6	Tpos:41.2,Tstd:28.4,Bpos:27.9,Bstd:14.7,StrandBias:-0.7,Multiplicity:1.00
0.100	0.700	0.100	0.100
0.700	0.100	0.100	0.100
0.100	0.700	0.100	0.100
0.100	0.100	0.100	0.700
0.100	0.100	0.700	0.100
0.700	0.100	0.100	0.100
0.100	0.100	0.700	0.100
0.700	0.100	0.100	0.100
0.700	0.100	0.100	0.100
0.700	0.100	0.100	0.100
0.700	0.100	0.100	0.100
0.100	0.700	0.100	0.100
>GAGGAGGAAGAA	24-GAGGAGGAAGAA	13.722879	-7.398016	0	T:22.0(0.37%),B:67.6(0.17%),P:1e-3	Tpos:50.1,Tstd:24.5,Bpos:41.8,Bstd:23.3,StrandBias:-2.8,Multiplicity:1.00
0.001	0.001	0.997	0.001
0.997	0.001	0.001	0.001
0.306	0.001	0.692	0.001
0.001	0.001	0.997	0.001
0.997	0.001	0.001	0.001
0.035	0.131	0.833	0.001
0.001	0.001	0.997	0.001
0.737	0.131	0.131	0.001
0.997	0.001	0.001	0.001
0.001	0.001	0.997	0.001
0.737	0.001	0.131	0.131
0.997	0.001	0.001	0.001
>SAGCAGCGGAGG	25-SAGCAGCGGAGG	13.115355	-5.076516	0	T:10.0(0.17%),B:26.6(0.07%),P:1e-2	Tpos:60.7,Tstd:33.7,Bpos:52.2,Bstd:13.5,StrandBias:-1.0,Multiplicity:1.00
0.077	0.436	0.486	0.001
0.691	0.001	0.307	0.001
0.001	0.001	0.997	0.001
0.001	0.997	0.001	0.001
0.563	0.001	0.153	0.283
0.306	0.001	0.692	0.001
0.231	0.563	0.052	0.154
0.001	0.001	0.997	0.001
0.001	0.001	0.997	0.001
0.997	0.001	0.001	0.001
0.001	0.001	0.997	0.001
0.001	0.001	0.997	0.001
>CAGCAG	1-CAGCAG	6.177716	-1752.015379	0	T:3090.0(51.41%),B:7220.7(17.76%),P:1e-760	Tpos:50.9,Tstd:14.9,Bpos:50.0,Bstd:40.9,StrandBias:3.6,Multiplicity:1.34
0.100	0.700	0.100	0.100
0.700	0.100	0.100	0.100
0.100	0.100	0.700	0.100
0.100	0.700	0.100	0.100
0.700	0.100	0.100	0.100
0.100	0.100	0.700	0.100
>ACAACA	2-ACAACA	3.773363	-329.024070	0	T:3064.0(50.98%),B:14189.5(34.90%),P:1e-142	Tpos:50.0,Tstd:26.3,Bpos:49.7,Bstd:33.5,StrandBias:1.0,Multiplicity:1.27
0.759	0.239	0.001	0.001
0.001	0.997	0.001	0.001
0.997	0.001	0.001	0.001
0.888	0.045	0.066	0.001
0.001	0.997	0.001	0.001
0.997	0.001	0.001	0.001
>TCTTCT	3-TCTTCT	2.144206	-69.193463	0	T:2272.0(37.80%),B:12535.3(30.84%),P:1e-30	Tpos:52.0,Tstd:26.4,Bpos:49.9,Bstd:34.0,StrandBias:-0.6,Multiplicity:1.49
0.001	0.057	0.001	0.941
0.001	0.997	0.001	0.001
0.001	0.001	0.001	0.997
0.001	0.037	0.001	0.961
0.001	0.997	0.001	0.001
0.001	0.001	0.001	0.997
>CCGCCG	4-CCGCCG	6.051952	-58.440172	0	T:1787.0(29.73%),B:9679.0(23.81%),P:1e-25	Tpos:51.3,Tstd:27.5,Bpos:49.9,Bstd:31.3,StrandBias:0.1,Multiplicity:1.59
0.001	0.997	0.001	0.001
0.001	0.840	0.158	0.001
0.001	0.001	0.997	0.001
0.001	0.997	0.001	0.001
0.125	0.737	0.137	0.001
0.001	0.001	0.997	0.001
>TATATA	5-TATATA	5.068073	-50.355557	0	T:660.0(10.98%),B:3037.7(7.47%),P:1e-21	Tpos:36.8,Tstd:26.3,Bpos:50.7,Bstd:30.8,StrandBias:0.2,Multiplicity:1.23
0.001	0.075	0.041	0.883
0.997	0.001	0.001	0.001
0.001	0.001	0.035	0.963
0.934	0.001	0.001	0.064
0.162	0.120	0.001	0.717
0.997	0.001	0.001	0.001
>AAAAGA	6-AAAAGA	3.079605	-32.396522	0	T:1468.0(24.43%),B:8270.4(20.34%),P:1e-14	Tpos:52.9,Tstd:27.6,Bpos:50.6,Bstd:33.3,StrandBias:0.8,Multiplicity:1.19
0.799	0.001	0.199	0.001
0.991	0.007	0.001	0.001
0.958	0.001	0.040	0.001
0.997	0.001	0.001	0.001
0.001	0.001	0.997	0.001
0.997	0.001	0.001	0.001
>GGGGGG	7-GGGGGG	4.311368	-23.422576	0	T:2700.0(44.93%),B:16598.0(40.83%),P:1e-10	Tpos:50.9,Tstd:28.3,Bpos:50.0,Bstd:31.1,StrandBias:-0.4,Multiplicity:1.43
0.001	0.040	0.913	0.046
0.001	0.193	0.805	0.001
0.041	0.157	0.733	0.069
0.001	0.106	0.800	0.093
0.075	0.001	0.853	0.071
0.001	0.001	0.964	0.034
>ATAATT	8-ATAATT	5.109824	-20.914562	0	T:471.0(7.84%),B:2403.7(5.91%),P:1e-9	Tpos:44.6,Tstd:30.1,Bpos:50.5,Bstd:29.7,StrandBias:-0.0,Multiplicity:1.17
0.733	0.001	0.001	0.265
0.001	0.073	0.123	0.803
0.513	0.003	0.182	0.302
0.839	0.001	0.072	0.088
0.006	0.001	0.196	0.797
0.264	0.001	0.181	0.554
>CTACTA	9-CTACTA	5.968860	-20.899672	0	T:463.0(7.70%),B:2356.8(5.80%),P:1e-9	Tpos:48.5,Tstd:29.2,Bpos:50.5,Bstd:30.9,StrandBias:0.2,Multiplicity:1.18
0.125	0.603	0.156	0.116
0.001	0.001	0.001	0.997
0.997	0.001	0.001	0.001
0.001	0.833	0.165	0.001
0.001	0.001	0.001	0.997
0.997	0.001	0.001	0.001
>CGTCGT	10-CGTCGT	6.883925	-19.263788	0	T:632.0(10.52%),B:3406.3(8.38%),P:1e-8	Tpos:51.4,Tstd:28.6,Bpos:50.2,Bstd:28.4,StrandBias:-0.4,Multiplicity:1.25
0.001	0.997	0.001	0.001
0.001	0.001	0.997	0.001
0.001	0.001	0.001	0.997
0.242	0.756	0.001	0.001
0.001	0.001	0.997	0.001
0.001	0.001	0.001	0.997
>CACCAC	11-CACCAC	6.177716	-18.890283	0	T:612.0(10.18%),B:3293.3(8.10%),P:1e-8	Tpos:53.2,Tstd:27.4,Bpos:49.9,Bstd:31.0,StrandBias:1.1,Multiplicity:1.25
0.100	0.700	0.100	0.100
0.700	0.100	0.100	0.100
0.100	0.700	0.100	0.100
0.100	0.700	0.100	0.100
0.700	0.100	0.100	0.100
0.100	0.700	0.100	0.100
>CAGCAGGR	1-CAGCAGGR	4.161567	-2108.547018	0	T:1837.0(30.57%),B:1927.9(4.74%),P:1e-915	Tpos:52.2,Tstd:10.1,Bpos:50.2,Bstd:40.3,StrandBias:4.8,Multiplicity:1.04
0.001	0.997	0.001	0.001
0.997	0.001	0.001	0.001
0.001	0.001	0.997	0.001
0.001	0.997	0.001	0.001
0.997	0.001	0.001	0.001
0.001	0.001	0.997	0.001
0.001	0.001	0.997	0.001
0.417	0.170	0.412	0.001
>CAGCAGGG	2-CAGCAGGG	5.787300	-1277.143266	0	T:2560.0(42.60%),B:6240.2(15.35%),P:1e-554	Tpos:53.1,Tstd:20.9,Bpos:49.9,Bstd:34.9,StrandBias:1.6,Multiplicity:1.07
0.195	0.803	0.001	0.001
0.651	0.037	0.151	0.161
0.001	0.079	0.682	0.238
0.001	0.789	0.209	0.001
0.664	0.049	0.179	0.108
0.241	0.089	0.494	0.176
0.179	0.001	0.533	0.287
0.382	0.001	0.616	0.001
>AGCAGCAG	3-AGCAGCAG	5.680466	-1014.440583	0	T:3229.0(53.73%),B:10701.5(26.32%),P:1e-440	Tpos:51.5,Tstd:20.4,Bpos:49.9,Bstd:38.7,StrandBias:2.2,Multiplicity:1.19
0.702	0.146	0.070	0.082
0.145	0.166	0.615	0.074
0.097	0.749	0.073	0.081
0.953	0.013	0.033	0.001
0.016	0.062	0.897	0.025
0.241	0.589	0.097	0.073
0.778	0.031	0.148	0.043
0.186	0.058	0.720	0.036
>CCTACTKG	4-CCTACTKG	7.112081	-307.928150	0	T:699.0(11.63%),B:1633.6(4.02%),P:1e-133	Tpos:51.1,Tstd:25.1,Bpos:50.1,Bstd:32.6,StrandBias:-1.1,Multiplicity:1.03
0.059	0.894	0.001	0.046
0.001	0.917	0.001	0.081
0.001	0.001	0.001	0.997
0.578	0.001	0.167	0.254
0.001	0.820	0.178	0.001
0.001	0.001	0.001	0.997
0.160	0.037	0.391	0.413
0.364	0.001	0.571	0.064
>GGCGGCGG	5-GGCGGCGG	5.616374	-77.764896	0	T:1612.0(26.82%),B:8238.3(20.27%),P:1e-33	Tpos:52.8,Tstd:27.4,Bpos:49.5,Bstd:30.4,StrandBias:-0.2,Multiplicity:1.32
0.070	0.132	0.774	0.024
0.092	0.080	0.805	0.023
0.100	0.643	0.105	0.152
0.058	0.115	0.753	0.074
0.100	0.094	0.768	0.038
0.064	0.710	0.098	0.128
0.017	0.144	0.823	0.016
0.074	0.109	0.727	0.090
>TATATACA	6-TATATACA	5.156876	-51.875574	0	T:502.0(8.35%),B:2144.9(5.28%),P:1e-22	Tpos:37.0,Tstd:26.2,Bpos:49.8,Bstd:30.3,StrandBias:0.3,Multiplicity:1.16
0.025	0.128	0.027	0.820
0.976	0.010	0.013	0.001
0.065	0.191	0.056	0.688
0.843	0.029	0.059	0.069
0.077	0.155	0.034	0.734
0.912	0.022	0.039	0.027
0.199	0.507	0.141	0.153
0.527	0.128	0.167	0.178
>CCCCAACM	7-CCCCAACM	5.873092	-49.955353	0	T:1177.0(19.58%),B:6080.3(14.96%),P:1e-21	Tpos:50.3,Tstd:28.3,Bpos:50.3,Bstd:28.5,StrandBias:0.9,Multiplicity:1.15
0.367	0.547	0.001	0.085
0.326	0.672	0.001	0.001
0.281	0.670	0.001	0.048
0.296	0.702	0.001	0.001
0.591	0.407	0.001	0.001
0.517	0.344	0.027	0.112
0.001	0.997	0.001	0.001
0.506	0.479	0.001	0.014
>TCVTCDTC	8-TCVTCDTC	6.766263	-48.790678	0	T:906.0(15.07%),B:4481.8(11.02%),P:1e-21	Tpos:51.2,Tstd:28.1,Bpos:50.4,Bstd:29.6,StrandBias:-0.2,Multiplicity:1.13
0.001	0.071	0.001	0.927
0.041	0.902	0.056	0.001
0.308	0.316	0.375	0.001
0.068	0.001	0.001	0.930
0.001	0.997	0.001	0.001
0.307	0.117	0.310	0.266
0.001	0.223	0.001	0.775
0.001	0.777	0.001	0.221
>AATAATTA	9-AATAATTA	4.867268	-45.679262	0	T:379.0(6.31%),B:1551.6(3.82%),P:1e-19	Tpos:45.1,Tstd:30.5,Bpos:51.5,Bstd:28.2,StrandBias:0.2,Multiplicity:1.09
0.989	0.001	0.009	0.001
0.702	0.026	0.061	0.211
0.056	0.001	0.001	0.942
0.894	0.001	0.013	0.092
0.947	0.024	0.001	0.028
0.046	0.054	0.001	0.899
0.235	0.038	0.001	0.726
0.897	0.064	0.038	0.001
>GAGAGAGA	10-GAGAGAGA	7.562093	-41.130119	0	T:349.0(5.81%),B:1438.4(3.54%),P:1e-17	Tpos:55.5,Tstd:25.6,Bpos:52.0,Bstd:33.3,StrandBias:0.9,Multiplicity:1.06
0.137	0.001	0.785	0.077
0.912	0.042	0.045	0.001
0.001	0.001	0.926	0.072
0.910	0.069	0.001	0.020
0.001	0.001	0.929	0.069
0.978	0.020	0.001	0.001
0.001	0.024	0.878	0.097
0.869	0.001	0.069	0.061
>ACTACTAC	11-ACTACTAC	6.996503	-33.662481	0	T:179.0(2.98%),B:636.6(1.57%),P:1e-14	Tpos:50.8,Tstd:28.0,Bpos:49.1,Bstd:30.6,StrandBias:0.8,Multiplicity:1.03
0.698	0.069	0.103	0.130
0.001	0.858	0.140	0.001
0.001	0.031	0.039	0.929
0.977	0.021	0.001	0.001
0.001	0.997	0.001	0.001
0.001	0.039	0.040	0.920
0.926	0.036	0.037	0.001
0.001	0.852	0.083	0.064
>ACGAGACG	12-ACGAGACG	6.350155	-33.014106	0	T:335.0(5.57%),B:1450.6(3.57%),P:1e-14	Tpos:51.2,Tstd:28.2,Bpos:51.2,Bstd:29.1,StrandBias:0.4,Multiplicity:1.06
0.970	0.001	0.001	0.028
0.001	0.997	0.001	0.001
0.119	0.043	0.801	0.037
0.907	0.001	0.066	0.026
0.115	0.093	0.695	0.097
0.822	0.053	0.124	0.001
0.027	0.946	0.001	0.026
0.001	0.062	0.936	0.001
>TTTMTAGK	13-TTTMTAGK	8.342317	-28.819761	0	T:70.0(1.16%),B:173.3(0.43%),P:1e-12	Tpos:40.1,Tstd:26.8,Bpos:50.7,Bstd:28.1,StrandBias:-1.2,Multiplicity:1.00
0.230	0.001	0.001	0.768
0.001	0.001	0.001	0.997
0.383	0.001	0.001	0.615
0.431	0.416	0.001	0.152
0.001	0.001	0.141	0.857
0.997	0.001	0.001	0.001
0.001	0.141	0.857	0.001
0.001	0.001	0.431	0.567
>AGGAAACC	14-AGGAAACC	9.907770	-27.089185	0	T:64.0(1.06%),B:156.2(0.38%),P:1e-11	Tpos:51.6,Tstd:27.4,Bpos:50.7,Bstd:26.6,StrandBias:1.0,Multiplicity:1.02
0.997	0.001	0.001	0.001
0.001	0.001	0.997	0.001
0.001	0.001	0.997	0.001
0.997	0.001	0.001	0.001
0.997	0.001	0.001	0.001
0.685	0.313	0.001	0.001
0.001	0.997	0.001	0.001
0.001	0.997	0.001	0.001
>CCAAGTTC	15-CCAAGTTC	9.474773	-20.459999	0	T:81.0(1.35%),B:261.0(0.64%),P:1e-8	Tpos:55.3,Tstd:28.5,Bpos:50.8,Bstd:29.1,StrandBias:0.7,Multiplicity:1.00
0.225	0.571	0.001	0.203
0.001	0.997	0.001	0.001
0.997	0.001	0.001	0.001
0.997	0.001	0.001	0.001
0.001	0.001	0.997	0.001
0.001	0.001	0.001	0.997
0.001	0.001	0.001	0.997
0.001	0.997	0.001	0.001
>ACGAGCAC	16-ACGAGCAC	9.827994	-19.268615	0	T:70.0(1.16%),B:217.0(0.53%),P:1e-8	Tpos:48.7,Tstd:30.3,Bpos:48.3,Bstd:30.4,StrandBias:0.5,Multiplicity:1.00
0.997	0.001	0.001	0.001
0.001	0.997	0.001	0.001
0.001	0.001	0.997	0.001
0.997	0.001	0.001	0.001
0.001	0.001	0.709	0.289
0.001	0.997	0.001	0.001
0.997	0.001	0.001	0.001
0.001	0.997	0.001	0.001
