>HNCAGCAGGV	1-HNCAGCAGGV	8.088835	-2099.014753	0	T:1814.0(30.18%),B:1876.5(4.62%),P:1e-911	Tpos:51.0,Tstd:9.8,Bpos:51.1,Bstd:37.6,StrandBias:4.8,Multiplicity:1.04
0.337	0.199	0.176	0.287
0.285	0.243	0.298	0.174
0.001	0.981	0.017	0.001
0.997	0.001	0.001	0.001
0.001	0.001	0.997	0.001
0.005	0.847	0.147	0.001
0.988	0.001	0.010	0.001
0.012	0.034	0.944	0.010
0.094	0.098	0.773	0.035
0.247	0.276	0.385	0.092
>GCAGCAGCAG	2-GCAGCAGCAG	6.716206	-853.688863	0	T:2308.0(38.40%),B:6588.0(16.23%),P:1e-370	Tpos:51.2,Tstd:18.1,Bpos:50.1,Bstd:39.3,StrandBias:2.4,Multiplicity:1.13
0.226	0.219	0.462	0.094
0.119	0.710	0.131	0.040
0.715	0.049	0.090	0.146
0.065	0.067	0.837	0.031
0.023	0.960	0.001	0.016
0.914	0.048	0.008	0.030
0.001	0.030	0.968	0.001
0.237	0.634	0.032	0.097
0.807	0.001	0.191	0.001
0.293	0.065	0.603	0.039
>TCCTCCTCCT	3-TCCTCCTCCT	5.181303	-232.583040	0	T:2436.0(40.53%),B:11243.9(27.70%),P:1e-101	Tpos:53.4,Tstd:26.2,Bpos:49.5,Bstd:32.7,StrandBias:-0.4,Multiplicity:1.25
0.103	0.096	0.040	0.761
0.059	0.687	0.097	0.157
0.089	0.625	0.132	0.154
0.049	0.211	0.035	0.705
0.018	0.721	0.075	0.186
0.097	0.570	0.141	0.192
0.033	0.063	0.006	0.898
0.034	0.739	0.096	0.131
0.098	0.608	0.152	0.142
0.057	0.091	0.102	0.750
>CAGCAGWGAA	4-CAGCAGWGAA	7.474615	-223.773766	0	T:439.0(7.30%),B:916.6(2.26%),P:1e-97	Tpos:51.4,Tstd:20.9,Bpos:51.2,Bstd:39.9,StrandBias:2.2,Multiplicity:1.02
0.054	0.808	0.010	0.128
0.754	0.141	0.082	0.023
0.011	0.022	0.934	0.033
0.138	0.767	0.055	0.040
0.701	0.038	0.120	0.141
0.170	0.106	0.708	0.016
0.301	0.177	0.088	0.433
0.033	0.014	0.814	0.139
0.534	0.108	0.144	0.214
0.613	0.205	0.170	0.012
>TGGTGKTGGT	5-TGGTGKTGGT	5.197882	-120.793630	0	T:1339.0(22.28%),B:6020.0(14.83%),P:1e-52	Tpos:49.7,Tstd:27.8,Bpos:50.2,Bstd:29.4,StrandBias:-1.1,Multiplicity:1.15
0.139	0.071	0.184	0.606
0.126	0.135	0.617	0.122
0.128	0.135	0.580	0.157
0.030	0.113	0.335	0.522
0.105	0.065	0.690	0.140
0.148	0.103	0.324	0.425
0.011	0.243	0.146	0.600
0.002	0.009	0.948	0.041
0.123	0.099	0.514	0.264
0.276	0.023	0.199	0.502
>GCGGCSGCGG	6-GCGGCSGCGG	6.086403	-78.668554	0	T:1358.0(22.59%),B:6680.8(16.46%),P:1e-34	Tpos:52.1,Tstd:27.0,Bpos:49.8,Bstd:29.2,StrandBias:-0.1,Multiplicity:1.28
0.021	0.159	0.730	0.090
0.093	0.757	0.102	0.048
0.011	0.358	0.548	0.083
0.031	0.131	0.809	0.029
0.072	0.846	0.073	0.009
0.005	0.440	0.548	0.007
0.051	0.021	0.915	0.013
0.058	0.650	0.166	0.126
0.030	0.384	0.558	0.028
0.033	0.082	0.810	0.075
>TATATATACA	7-TATATATACA	6.193533	-65.627424	0	T:306.0(5.09%),B:1024.8(2.52%),P:1e-28	Tpos:34.3,Tstd:23.6,Bpos:51.1,Bstd:30.4,StrandBias:0.4,Multiplicity:1.19
0.064	0.271	0.095	0.570
0.815	0.116	0.001	0.068
0.008	0.166	0.001	0.825
0.987	0.001	0.008	0.004
0.159	0.109	0.034	0.698
0.901	0.009	0.065	0.025
0.144	0.234	0.103	0.519
0.545	0.192	0.262	0.001
0.240	0.510	0.099	0.151
0.487	0.229	0.173	0.111
>CCAATTCCCA	8-CCAATTCCCA	7.419117	-49.635323	0	T:164.0(2.73%),B:471.0(1.16%),P:1e-21	Tpos:56.4,Tstd:26.1,Bpos:48.5,Bstd:30.0,StrandBias:1.3,Multiplicity:1.04
0.001	0.797	0.181	0.021
0.299	0.660	0.001	0.040
0.582	0.392	0.025	0.001
0.803	0.017	0.124	0.056
0.012	0.016	0.159	0.813
0.024	0.026	0.003	0.947
0.163	0.798	0.026	0.013
0.001	0.870	0.038	0.091
0.010	0.834	0.057	0.099
0.907	0.091	0.001	0.001
>AGAGAGAGAR	9-AGAGAGAGAR	7.912441	-46.193853	0	T:190.0(3.16%),B:605.0(1.49%),P:1e-20	Tpos:55.4,Tstd:25.7,Bpos:49.1,Bstd:32.2,StrandBias:0.9,Multiplicity:1.01
0.807	0.027	0.165	0.001
0.166	0.077	0.508	0.249
0.802	0.137	0.010	0.051
0.023	0.052	0.754	0.171
0.785	0.117	0.037	0.061
0.037	0.004	0.737	0.222
0.813	0.114	0.008	0.065
0.047	0.016	0.862	0.075
0.801	0.045	0.069	0.085
0.351	0.111	0.438	0.099
>GGCGTCGTCG	10-GGCGTCGTCG	8.944627	-38.776950	0	T:239.0(3.98%),B:891.3(2.20%),P:1e-16	Tpos:52.9,Tstd:28.3,Bpos:48.7,Bstd:27.1,StrandBias:-0.2,Multiplicity:1.03
0.001	0.091	0.907	0.001
0.016	0.078	0.600	0.306
0.091	0.548	0.180	0.181
0.001	0.001	0.963	0.035
0.028	0.061	0.291	0.620
0.111	0.887	0.001	0.001
0.001	0.101	0.897	0.001
0.001	0.219	0.001	0.779
0.001	0.787	0.067	0.145
0.001	0.004	0.994	0.001
>TASTASTAST	11-TASTASTAST	5.982623	-38.286304	0	T:235.0(3.91%),B:875.2(2.16%),P:1e-16	Tpos:50.7,Tstd:28.6,Bpos:49.7,Bstd:28.0,StrandBias:-0.0,Multiplicity:1.04
0.151	0.001	0.172	0.676
0.699	0.113	0.061	0.127
0.196	0.346	0.457	0.001
0.087	0.048	0.001	0.864
0.915	0.039	0.037	0.009
0.136	0.425	0.438	0.001
0.094	0.096	0.013	0.797
0.825	0.110	0.064	0.001
0.144	0.291	0.409	0.156
0.202	0.198	0.042	0.558
>AAACGAAACC	12-AAACGAAACC	8.501189	-35.163156	0	T:101.0(1.68%),B:272.2(0.67%),P:1e-15	Tpos:53.5,Tstd:27.1,Bpos:50.4,Bstd:29.1,StrandBias:0.7,Multiplicity:1.04
0.640	0.070	0.220	0.070
0.997	0.001	0.001	0.001
0.464	0.001	0.285	0.250
0.142	0.626	0.231	0.001
0.001	0.390	0.608	0.001
0.661	0.101	0.237	0.001
0.997	0.001	0.001	0.001
0.812	0.085	0.001	0.102
0.031	0.663	0.086	0.220
0.010	0.988	0.001	0.001
>CTCCCGCTTC	13-CTCCCGCTTC	8.608430	-34.077491	0	T:126.0(2.10%),B:385.6(0.95%),P:1e-14	Tpos:50.7,Tstd:25.1,Bpos:46.6,Bstd:29.3,StrandBias:-0.1,Multiplicity:1.04
0.049	0.949	0.001	0.001
0.117	0.064	0.001	0.818
0.026	0.889	0.038	0.047
0.026	0.900	0.001	0.073
0.001	0.997	0.001	0.001
0.013	0.026	0.935	0.026
0.038	0.930	0.020	0.012
0.061	0.001	0.001	0.937
0.001	0.147	0.138	0.714
0.001	0.925	0.010	0.064
>AAAAAATTAA	14-AAAAAATTAA	6.963240	-28.755845	0	T:158.0(2.63%),B:569.6(1.40%),P:1e-12	Tpos:47.2,Tstd:30.8,Bpos:49.3,Bstd:29.9,StrandBias:0.2,Multiplicity:1.03
0.839	0.031	0.045	0.085
0.772	0.072	0.109	0.047
0.839	0.060	0.048	0.053
0.801	0.064	0.035	0.100
0.777	0.080	0.047	0.096
0.800	0.075	0.034	0.091
0.067	0.078	0.093	0.762
0.084	0.070	0.056	0.790
0.797	0.051	0.088	0.064
0.827	0.052	0.066	0.055
>ACACACACAC	15-ACACACACAC	7.329029	-28.572688	0	T:217.0(3.61%),B:868.0(2.14%),P:1e-12	Tpos:49.5,Tstd:27.9,Bpos:49.3,Bstd:30.2,StrandBias:0.7,Multiplicity:1.02
0.600	0.097	0.180	0.123
0.058	0.824	0.048	0.070
0.811	0.047	0.120	0.022
0.017	0.906	0.076	0.001
0.644	0.001	0.283	0.072
0.016	0.928	0.055	0.001
0.619	0.119	0.261	0.001
0.028	0.945	0.026	0.001
0.759	0.070	0.157	0.014
0.001	0.848	0.046	0.105
>AGCGGAAAAA	16-AGCGGAAAAA	10.295830	-27.156734	0	T:13.0(0.22%),B:5.1(0.01%),P:1e-11	Tpos:42.3,Tstd:20.5,Bpos:51.4,Bstd:14.4,StrandBias:1.7,Multiplicity:1.00
0.930	0.001	0.068	0.001
0.228	0.001	0.770	0.001
0.001	0.997	0.001	0.001
0.001	0.001	0.997	0.001
0.001	0.001	0.997	0.001
0.997	0.001	0.001	0.001
0.997	0.001	0.001	0.001
0.862	0.001	0.001	0.136
0.997	0.001	0.001	0.001
0.997	0.001	0.001	0.001
>GTTTCTTTAA	17-GTTTCTTTAA	11.229041	-22.233080	0	T:12.0(0.20%),B:6.7(0.02%),P:1e-9	Tpos:29.0,Tstd:19.5,Bpos:62.9,Bstd:11.4,StrandBias:3.5,Multiplicity:1.00
0.001	0.001	0.997	0.001
0.001	0.001	0.001	0.997
0.001	0.001	0.001	0.997
0.001	0.001	0.001	0.997
0.001	0.997	0.001	0.001
0.001	0.001	0.397	0.601
0.397	0.001	0.001	0.601
0.001	0.001	0.001	0.997
0.997	0.001	0.001	0.001
0.795	0.203	0.001	0.001
>GCTGAAATTA	18-GCTGAAATTA	10.289686	-22.027636	0	T:7.0(0.12%),B:0.4(0.00%),P:1e-9	Tpos:57.3,Tstd:24.2,Bpos:41.0,Bstd:0.0,StrandBias:-0.4,Multiplicity:1.00
0.106	0.088	0.705	0.101
0.119	0.629	0.111	0.141
0.104	0.083	0.099	0.714
0.123	0.095	0.677	0.105
0.674	0.109	0.090	0.127
0.723	0.074	0.101	0.102
0.693	0.102	0.100	0.105
0.083	0.104	0.103	0.710
0.111	0.087	0.071	0.731
0.747	0.083	0.094	0.076
>TABATCGATT	19-TABATCGATT	9.071676	-19.918673	0	T:22.0(0.37%),B:30.6(0.08%),P:1e-8	Tpos:34.9,Tstd:32.8,Bpos:52.4,Bstd:22.2,StrandBias:2.1,Multiplicity:1.00
0.001	0.001	0.284	0.714
0.997	0.001	0.001	0.001
0.001	0.430	0.284	0.284
0.997	0.001	0.001	0.001
0.001	0.001	0.032	0.966
0.001	0.951	0.047	0.001
0.001	0.001	0.997	0.001
0.997	0.001	0.001	0.001
0.001	0.001	0.001	0.997
0.001	0.096	0.001	0.902
>GCTTGTTCAG	20-GCTTGTTCAG	10.296193	-17.493400	0	T:8.0(0.13%),B:3.1(0.01%),P:1e-7	Tpos:49.5,Tstd:22.2,Bpos:53.8,Bstd:5.7,StrandBias:0.7,Multiplicity:1.00
0.100	0.100	0.700	0.100
0.100	0.700	0.100	0.100
0.100	0.100	0.100	0.700
0.100	0.100	0.100	0.700
0.100	0.100	0.700	0.100
0.100	0.100	0.100	0.700
0.100	0.100	0.100	0.700
0.100	0.700	0.100	0.100
0.700	0.100	0.100	0.100
0.100	0.100	0.700	0.100
>CCATCCAGCC	21-CCATCCAGCC	10.296193	-17.493400	0	T:8.0(0.13%),B:3.7(0.01%),P:1e-7	Tpos:54.3,Tstd:28.9,Bpos:68.9,Bstd:12.0,StrandBias:1.3,Multiplicity:1.00
0.100	0.700	0.100	0.100
0.100	0.700	0.100	0.100
0.700	0.100	0.100	0.100
0.100	0.100	0.100	0.700
0.100	0.700	0.100	0.100
0.100	0.700	0.100	0.100
0.700	0.100	0.100	0.100
0.100	0.100	0.700	0.100
0.100	0.700	0.100	0.100
0.100	0.700	0.100	0.100
>AGTGCATCAG	22-AGTGCATCAG	10.296193	-17.304629	0	T:7.0(0.12%),B:2.6(0.01%),P:1e-7	Tpos:51.3,Tstd:22.5,Bpos:29.8,Bstd:24.3,StrandBias:1.3,Multiplicity:1.00
0.700	0.100	0.100	0.100
0.100	0.100	0.700	0.100
0.100	0.100	0.100	0.700
0.100	0.100	0.700	0.100
0.100	0.700	0.100	0.100
0.700	0.100	0.100	0.100
0.100	0.100	0.100	0.700
0.100	0.700	0.100	0.100
0.700	0.100	0.100	0.100
0.100	0.100	0.700	0.100
>GAATGGAATG	23-GAATGGAATG	10.296193	-14.595122	0	T:7.0(0.12%),B:3.9(0.01%),P:1e-6	Tpos:64.2,Tstd:17.1,Bpos:42.7,Bstd:14.6,StrandBias:1.6,Multiplicity:1.14
0.100	0.100	0.700	0.100
0.700	0.100	0.100	0.100
0.700	0.100	0.100	0.100
0.100	0.100	0.100	0.700
0.100	0.100	0.700	0.100
0.100	0.100	0.700	0.100
0.700	0.100	0.100	0.100
0.700	0.100	0.100	0.100
0.100	0.100	0.100	0.700
0.100	0.100	0.700	0.100
>GCAGCATGGT	24-GCAGCATGGT	11.932093	-10.749400	0	T:11.0(0.18%),B:15.7(0.04%),P:1e-4	Tpos:55.9,Tstd:18.3,Bpos:39.1,Bstd:23.8,StrandBias:3.3,Multiplicity:1.00
0.001	0.001	0.997	0.001
0.149	0.849	0.001	0.001
0.997	0.001	0.001	0.001
0.001	0.001	0.997	0.001
0.001	0.997	0.001	0.001
0.997	0.001	0.001	0.001
0.001	0.001	0.001	0.997
0.001	0.001	0.997	0.001
0.001	0.001	0.997	0.001
0.001	0.001	0.001	0.997
>CTAGCTGGTT	25-CTAGCTGGTT	10.296193	-10.127622	0	T:7.0(0.12%),B:6.3(0.02%),P:1e-4	Tpos:61.0,Tstd:28.9,Bpos:55.0,Bstd:23.6,StrandBias:0.4,Multiplicity:1.00
0.100	0.700	0.100	0.100
0.100	0.100	0.100	0.700
0.700	0.100	0.100	0.100
0.100	0.100	0.700	0.100
0.100	0.700	0.100	0.100
0.100	0.100	0.100	0.700
0.100	0.100	0.700	0.100
0.100	0.100	0.700	0.100
0.100	0.100	0.100	0.700
0.100	0.100	0.100	0.700
>SAGCAGCAGGRV	1-SAGCAGCAGGRV	7.875845	-1636.913580	0	T:2520.0(41.92%),B:5039.9(12.42%),P:1e-710	Tpos:51.0,Tstd:12.7,Bpos:50.5,Bstd:38.5,StrandBias:3.8,Multiplicity:1.12
0.219	0.382	0.238	0.160
0.373	0.196	0.213	0.218
0.206	0.192	0.447	0.155
0.001	0.997	0.001	0.001
0.997	0.001	0.001	0.001
0.001	0.001	0.997	0.001
0.001	0.746	0.252	0.001
0.997	0.001	0.001	0.001
0.001	0.001	0.997	0.001
0.178	0.295	0.526	0.001
0.432	0.247	0.302	0.019
0.289	0.265	0.319	0.127
>AMCCTGCTGCCA	2-AMCCTGCTGCCA	8.632513	-643.903107	0	T:583.0(9.70%),B:581.1(1.43%),P:1e-279	Tpos:45.2,Tstd:19.2,Bpos:47.4,Bstd:35.1,StrandBias:-2.2,Multiplicity:1.00
0.434	0.214	0.128	0.224
0.245	0.370	0.199	0.186
0.001	0.985	0.001	0.013
0.042	0.905	0.001	0.052
0.001	0.001	0.001	0.997
0.101	0.014	0.842	0.043
0.043	0.687	0.043	0.227
0.042	0.001	0.001	0.956
0.028	0.001	0.929	0.042
0.161	0.739	0.028	0.072
0.217	0.447	0.113	0.222
0.709	0.132	0.031	0.128
>CTCCTCCTSCTS	3-CTCCTCCTSCTS	5.849093	-409.817937	0	T:2758.0(45.88%),B:11579.3(28.53%),P:1e-177	Tpos:52.3,Tstd:25.0,Bpos:49.6,Bstd:33.7,StrandBias:-0.5,Multiplicity:1.26
0.033	0.602	0.194	0.171
0.145	0.253	0.125	0.477
0.002	0.558	0.179	0.261
0.048	0.677	0.126	0.149
0.195	0.221	0.058	0.526
0.007	0.560	0.141	0.292
0.001	0.793	0.127	0.079
0.154	0.147	0.128	0.571
0.001	0.441	0.336	0.222
0.001	0.946	0.052	0.001
0.228	0.150	0.071	0.551
0.001	0.476	0.326	0.197
>SCAGCAGGAGCN	4-SCAGCAGGAGCN	8.364278	-399.005949	0	T:931.0(15.49%),B:2238.0(5.51%),P:1e-173	Tpos:52.1,Tstd:21.9,Bpos:51.0,Bstd:37.5,StrandBias:1.7,Multiplicity:1.04
0.146	0.350	0.449	0.055
0.001	0.970	0.019	0.010
0.763	0.073	0.071	0.093
0.001	0.019	0.974	0.006
0.001	0.997	0.001	0.001
0.721	0.099	0.061	0.119
0.096	0.192	0.690	0.022
0.025	0.129	0.670	0.176
0.587	0.144	0.137	0.132
0.082	0.067	0.696	0.155
0.001	0.979	0.019	0.001
0.259	0.247	0.242	0.252
>MCAGCAGARAAA	5-MCAGCAGARAAA	8.726372	-168.616615	0	T:266.0(4.43%),B:466.9(1.15%),P:1e-73	Tpos:53.2,Tstd:17.9,Bpos:51.4,Bstd:35.1,StrandBias:2.5,Multiplicity:1.01
0.354	0.439	0.065	0.142
0.100	0.862	0.019	0.019
0.942	0.010	0.010	0.038
0.145	0.067	0.759	0.029
0.156	0.842	0.001	0.001
0.922	0.001	0.067	0.010
0.135	0.109	0.755	0.001
0.970	0.001	0.001	0.028
0.415	0.058	0.517	0.010
0.585	0.310	0.038	0.067
0.693	0.177	0.077	0.053
0.644	0.141	0.214	0.001
>CGGCGGCGGCGG	6-CGGCGGCGGCGG	6.758779	-100.902702	0	T:1194.0(19.86%),B:5425.4(13.37%),P:1e-43	Tpos:52.7,Tstd:26.5,Bpos:50.2,Bstd:29.4,StrandBias:0.1,Multiplicity:1.23
0.080	0.692	0.137	0.091
0.111	0.096	0.727	0.066
0.130	0.204	0.574	0.092
0.040	0.818	0.045	0.097
0.127	0.032	0.821	0.020
0.070	0.260	0.639	0.031
0.025	0.876	0.039	0.060
0.114	0.022	0.863	0.001
0.119	0.230	0.621	0.030
0.070	0.721	0.122	0.087
0.140	0.110	0.729	0.021
0.166	0.221	0.555	0.058
>CAGCAGGGGAGG	7-CAGCAGGGGAGG	9.415627	-98.896241	0	T:177.0(2.94%),B:344.3(0.85%),P:1e-42	Tpos:54.2,Tstd:26.3,Bpos:51.3,Bstd:30.2,StrandBias:0.9,Multiplicity:1.00
0.001	0.860	0.001	0.138
0.729	0.037	0.108	0.126
0.001	0.001	0.997	0.001
0.069	0.895	0.001	0.035
0.669	0.129	0.105	0.097
0.163	0.001	0.763	0.073
0.070	0.027	0.833	0.070
0.035	0.035	0.929	0.001
0.070	0.105	0.752	0.073
0.929	0.069	0.001	0.001
0.001	0.104	0.791	0.104
0.035	0.070	0.825	0.070
>CAGCAGTGGVNS	8-CAGCAGTGGVNS	8.083436	-85.991312	0	T:212.0(3.53%),B:514.0(1.27%),P:1e-37	Tpos:52.3,Tstd:18.9,Bpos:47.2,Bstd:31.3,StrandBias:2.3,Multiplicity:1.01
0.254	0.640	0.053	0.053
0.633	0.019	0.213	0.135
0.023	0.045	0.900	0.032
0.147	0.707	0.122	0.024
0.866	0.043	0.046	0.045
0.221	0.045	0.710	0.024
0.036	0.040	0.047	0.877
0.217	0.049	0.694	0.040
0.173	0.198	0.463	0.166
0.315	0.279	0.262	0.144
0.270	0.253	0.296	0.181
0.233	0.294	0.384	0.089
>CAAGCAGCARCT	9-CAAGCAGCARCT	10.731592	-85.128749	0	T:136.0(2.26%),B:242.4(0.60%),P:1e-36	Tpos:52.5,Tstd:19.2,Bpos:50.3,Bstd:39.0,StrandBias:1.6,Multiplicity:1.00
0.207	0.490	0.235	0.068
0.695	0.068	0.100	0.137
0.741	0.001	0.001	0.257
0.001	0.001	0.997	0.001
0.146	0.851	0.001	0.002
0.997	0.001	0.001	0.001
0.001	0.001	0.997	0.001
0.001	0.997	0.001	0.001
0.997	0.001	0.001	0.001
0.535	0.001	0.460	0.004
0.001	0.543	0.319	0.137
0.301	0.012	0.001	0.686
>CCACCACCACCA	10-CCACCACCACCA	9.459908	-77.718224	0	T:171.0(2.84%),B:386.2(0.95%),P:1e-33	Tpos:54.8,Tstd:24.8,Bpos:49.6,Bstd:28.3,StrandBias:1.7,Multiplicity:1.01
0.097	0.785	0.083	0.035
0.053	0.871	0.044	0.032
0.867	0.018	0.053	0.062
0.056	0.791	0.082	0.071
0.026	0.886	0.032	0.056
0.849	0.044	0.092	0.015
0.047	0.824	0.076	0.053
0.035	0.877	0.041	0.047
0.800	0.076	0.071	0.053
0.068	0.800	0.070	0.062
0.044	0.820	0.062	0.074
0.835	0.042	0.055	0.068
>KDTRTATATATA	11-KDTRTATATATA	7.992814	-67.045011	0	T:110.0(1.83%),B:201.4(0.50%),P:1e-29	Tpos:33.0,Tstd:23.0,Bpos:50.1,Bstd:29.8,StrandBias:-0.1,Multiplicity:1.03
0.193	0.178	0.240	0.389
0.264	0.119	0.327	0.290
0.133	0.105	0.150	0.612
0.412	0.076	0.319	0.193
0.071	0.057	0.007	0.865
0.643	0.021	0.193	0.143
0.001	0.035	0.001	0.963
0.871	0.001	0.064	0.064
0.001	0.001	0.001	0.997
0.906	0.001	0.092	0.001
0.076	0.071	0.043	0.810
0.791	0.007	0.140	0.062
>GGTTGGGDTTGG	12-GGTTGGGDTTGG	8.581106	-57.557516	0	T:155.0(2.58%),B:398.4(0.98%),P:1e-24	Tpos:47.9,Tstd:27.6,Bpos:50.4,Bstd:26.6,StrandBias:-1.3,Multiplicity:1.04
0.111	0.039	0.649	0.201
0.019	0.085	0.664	0.232
0.066	0.179	0.184	0.571
0.073	0.028	0.168	0.731
0.001	0.022	0.783	0.194
0.001	0.001	0.997	0.001
0.208	0.063	0.728	0.001
0.234	0.113	0.277	0.376
0.038	0.001	0.295	0.666
0.017	0.176	0.185	0.622
0.001	0.001	0.879	0.119
0.001	0.001	0.997	0.001
>TCGTCGTCGTCG	13-TCGTCGTCGTCG	7.004013	-56.764203	0	T:593.0(9.87%),B:2581.7(6.36%),P:1e-24	Tpos:54.7,Tstd:28.3,Bpos:49.4,Bstd:27.6,StrandBias:-0.1,Multiplicity:1.08
0.080	0.086	0.118	0.716
0.053	0.758	0.120	0.069
0.065	0.128	0.734	0.073
0.082	0.087	0.098	0.733
0.042	0.807	0.091	0.060
0.079	0.115	0.736	0.070
0.072	0.083	0.099	0.746
0.050	0.802	0.091	0.057
0.072	0.112	0.742	0.074
0.095	0.097	0.107	0.701
0.057	0.772	0.098	0.073
0.071	0.103	0.754	0.072
>GGTTCGTGTAGT	14-GGTTCGTGTAGT	9.227693	-46.739059	0	T:50.0(0.83%),B:62.1(0.15%),P:1e-20	Tpos:56.0,Tstd:27.0,Bpos:44.3,Bstd:28.4,StrandBias:-0.8,Multiplicity:1.00
0.006	0.099	0.893	0.002
0.052	0.101	0.749	0.098
0.151	0.148	0.001	0.700
0.001	0.001	0.243	0.755
0.048	0.900	0.001	0.051
0.048	0.001	0.803	0.148
0.049	0.049	0.049	0.853
0.001	0.003	0.801	0.195
0.051	0.051	0.098	0.800
0.602	0.300	0.049	0.049
0.001	0.051	0.947	0.001
0.001	0.001	0.001	0.997
>CGCACACGCACA	15-CGCACACGCACA	8.537002	-38.677175	0	T:154.0(2.56%),B:485.8(1.20%),P:1e-16	Tpos:50.5,Tstd:26.5,Bpos:50.1,Bstd:30.7,StrandBias:0.9,Multiplicity:1.03
0.155	0.752	0.083	0.010
0.362	0.058	0.579	0.001
0.049	0.883	0.029	0.039
0.645	0.138	0.216	0.001
0.019	0.896	0.084	0.001
0.845	0.006	0.148	0.001
0.160	0.673	0.138	0.029
0.361	0.053	0.585	0.001
0.065	0.801	0.034	0.100
0.731	0.001	0.259	0.009
0.001	0.942	0.048	0.009
0.789	0.019	0.114	0.078
>TATTATTATTAA	16-TATTATTATTAA	7.233828	-35.018330	0	T:112.0(1.86%),B:319.6(0.79%),P:1e-15	Tpos:47.6,Tstd:30.1,Bpos:47.7,Bstd:26.2,StrandBias:0.2,Multiplicity:1.03
0.105	0.086	0.086	0.723
0.569	0.019	0.096	0.316
0.067	0.137	0.010	0.786
0.114	0.001	0.124	0.761
0.741	0.077	0.029	0.153
0.086	0.070	0.001	0.843
0.019	0.029	0.019	0.933
0.722	0.076	0.039	0.163
0.250	0.048	0.038	0.664
0.185	0.058	0.019	0.738
0.664	0.115	0.038	0.183
0.704	0.105	0.019	0.172
>TGGATTAAATAA	17-TGGATTAAATAA	13.625590	-34.872526	0	T:12.0(0.20%),B:2.2(0.01%),P:1e-15	Tpos:24.0,Tstd:26.4,Bpos:63.7,Bstd:8.4,StrandBias:2.3,Multiplicity:1.00
0.001	0.001	0.001	0.997
0.001	0.001	0.997	0.001
0.001	0.001	0.997	0.001
0.907	0.001	0.001	0.091
0.091	0.001	0.001	0.907
0.001	0.001	0.091	0.907
0.815	0.092	0.001	0.092
0.997	0.001	0.001	0.001
0.907	0.001	0.001	0.091
0.001	0.001	0.001	0.997
0.997	0.001	0.001	0.001
0.907	0.001	0.091	0.001
>GCCTATAAATGC	18-GCCTATAAATGC	11.697823	-34.872526	0	T:12.0(0.20%),B:2.1(0.01%),P:1e-15	Tpos:28.3,Tstd:15.9,Bpos:48.3,Bstd:4.9,StrandBias:1.2,Multiplicity:1.00
0.057	0.057	0.829	0.057
0.176	0.539	0.228	0.057
0.057	0.828	0.001	0.114
0.114	0.057	0.001	0.828
0.994	0.001	0.001	0.004
0.001	0.175	0.001	0.823
0.885	0.001	0.057	0.057
0.828	0.001	0.001	0.170
0.885	0.057	0.057	0.001
0.118	0.001	0.001	0.880
0.057	0.062	0.824	0.057
0.113	0.885	0.001	0.001
>GGGAATGGAATG	19-GGGAATGGAATG	13.110203	-33.523816	0	T:13.0(0.22%),B:3.3(0.01%),P:1e-14	Tpos:54.3,Tstd:25.4,Bpos:51.7,Bstd:21.5,StrandBias:-0.2,Multiplicity:1.00
0.082	0.001	0.600	0.317
0.001	0.081	0.917	0.001
0.001	0.190	0.808	0.001
0.997	0.001	0.001	0.001
0.997	0.001	0.001	0.001
0.001	0.001	0.001	0.997
0.001	0.001	0.997	0.001
0.001	0.001	0.997	0.001
0.835	0.082	0.082	0.001
0.997	0.001	0.001	0.001
0.001	0.081	0.001	0.917
0.001	0.001	0.997	0.001
>AATGGAAAAWCT	20-AATGGAAAAWCT	10.977586	-33.116016	0	T:15.0(0.25%),B:5.9(0.01%),P:1e-14	Tpos:38.9,Tstd:19.9,Bpos:26.0,Bstd:24.4,StrandBias:2.7,Multiplicity:1.00
0.997	0.001	0.001	0.001
0.997	0.001	0.001	0.001
0.001	0.001	0.001	0.997
0.001	0.001	0.997	0.001
0.199	0.001	0.799	0.001
0.997	0.001	0.001	0.001
0.934	0.064	0.001	0.001
0.997	0.001	0.001	0.001
0.997	0.001	0.001	0.001
0.467	0.001	0.135	0.397
0.001	0.997	0.001	0.001
0.001	0.001	0.397	0.601
>AGCAATCTCGCA	21-AGCAATCTCGCA	10.409522	-31.167094	0	T:11.0(0.18%),B:2.3(0.01%),P:1e-13	Tpos:46.2,Tstd:30.7,Bpos:46.0,Bstd:13.3,StrandBias:1.0,Multiplicity:1.00
0.700	0.100	0.100	0.100
0.100	0.100	0.700	0.100
0.100	0.700	0.100	0.100
0.700	0.100	0.100	0.100
0.700	0.100	0.100	0.100
0.100	0.100	0.100	0.700
0.100	0.700	0.100	0.100
0.100	0.100	0.100	0.700
0.100	0.700	0.100	0.100
0.100	0.100	0.700	0.100
0.100	0.700	0.100	0.100
0.700	0.100	0.100	0.100
>TGTTTAGTTAAA	22-TGTTTAGTTAAA	11.352443	-30.130407	0	T:9.0(0.15%),B:1.9(0.00%),P:1e-13	Tpos:60.2,Tstd:36.5,Bpos:34.0,Bstd:13.7,StrandBias:1.0,Multiplicity:1.00
0.001	0.001	0.001	0.997
0.001	0.003	0.995	0.001
0.073	0.069	0.138	0.720
0.001	0.137	0.069	0.793
0.001	0.068	0.001	0.930
0.781	0.004	0.004	0.211
0.001	0.001	0.792	0.206
0.001	0.137	0.001	0.861
0.001	0.069	0.206	0.724
0.857	0.069	0.001	0.073
0.788	0.001	0.142	0.069
0.793	0.069	0.069	0.069
>TAGTASTASTAS	23-TAGTASTASTAS	6.922304	-28.410319	0	T:138.0(2.30%),B:475.4(1.17%),P:1e-12	Tpos:51.4,Tstd:28.6,Bpos:50.8,Bstd:26.9,StrandBias:-0.2,Multiplicity:1.04
0.109	0.122	0.099	0.670
0.663	0.091	0.133	0.113
0.076	0.178	0.682	0.064
0.091	0.131	0.087	0.691
0.722	0.071	0.104	0.103
0.026	0.468	0.482	0.024
0.117	0.122	0.074	0.687
0.729	0.072	0.091	0.108
0.017	0.445	0.511	0.027
0.109	0.133	0.088	0.670
0.664	0.090	0.126	0.120
0.047	0.420	0.490	0.042
>CTCCTGCTCCTG	24-CTCCTGCTCCTG	10.153304	-27.785457	0	T:96.0(1.60%),B:286.5(0.71%),P:1e-12	Tpos:50.8,Tstd:25.3,Bpos:52.3,Bstd:39.0,StrandBias:-0.1,Multiplicity:1.00
0.115	0.827	0.029	0.029
0.057	0.001	0.130	0.812
0.063	0.850	0.058	0.029
0.086	0.827	0.001	0.086
0.028	0.001	0.086	0.885
0.086	0.028	0.885	0.001
0.115	0.798	0.086	0.001
0.058	0.106	0.101	0.735
0.072	0.841	0.001	0.086
0.058	0.798	0.086	0.058
0.001	0.001	0.057	0.941
0.115	0.028	0.856	0.001
>CTGATCAGTCAT	25-CTGATCAGTCAT	10.409522	-20.606211	0	T:8.0(0.13%),B:2.5(0.01%),P:1e-8	Tpos:40.6,Tstd:34.8,Bpos:44.2,Bstd:26.3,StrandBias:1.6,Multiplicity:1.00
0.100	0.700	0.100	0.100
0.100	0.100	0.100	0.700
0.100	0.100	0.700	0.100
0.700	0.100	0.100	0.100
0.100	0.100	0.100	0.700
0.100	0.700	0.100	0.100
0.700	0.100	0.100	0.100
0.100	0.100	0.700	0.100
0.100	0.100	0.100	0.700
0.100	0.700	0.100	0.100
0.700	0.100	0.100	0.100
0.100	0.100	0.100	0.700
>CAGCAG	1-CAGCAG	6.177716	-1727.942553	0	T:3105.0(51.66%),B:7349.5(18.11%),P:1e-750	Tpos:51.1,Tstd:14.6,Bpos:50.2,Bstd:40.8,StrandBias:3.6,Multiplicity:1.33
0.100	0.700	0.100	0.100
0.700	0.100	0.100	0.100
0.100	0.100	0.700	0.100
0.100	0.700	0.100	0.100
0.700	0.100	0.100	0.100
0.100	0.100	0.700	0.100
>CCTCCT	2-CCTCCT	6.343747	-839.817183	0	T:3201.0(53.25%),B:11411.5(28.11%),P:1e-364	Tpos:51.7,Tstd:25.7,Bpos:49.7,Bstd:35.3,StrandBias:-0.8,Multiplicity:1.31
0.001	0.997	0.001	0.001
0.001	0.997	0.001	0.001
0.001	0.001	0.001	0.997
0.001	0.533	0.141	0.325
0.001	0.997	0.001	0.001
0.001	0.001	0.001	0.997
>GCGGCG	3-GCGGCG	5.022764	-56.948724	0	T:3086.0(51.34%),B:18130.4(44.67%),P:1e-24	Tpos:51.2,Tstd:28.4,Bpos:49.7,Bstd:32.5,StrandBias:-0.1,Multiplicity:1.69
0.001	0.001	0.997	0.001
0.101	0.760	0.001	0.138
0.087	0.065	0.847	0.001
0.114	0.110	0.724	0.052
0.001	0.779	0.126	0.094
0.001	0.001	0.997	0.001
>TTAATA	4-TTAATA	3.777919	-49.304067	0	T:1343.0(22.34%),B:7093.5(17.48%),P:1e-21	Tpos:42.1,Tstd:29.4,Bpos:48.7,Bstd:30.2,StrandBias:-0.1,Multiplicity:1.40
0.253	0.088	0.158	0.501
0.190	0.014	0.056	0.740
0.607	0.071	0.025	0.297
0.695	0.151	0.043	0.111
0.171	0.041	0.001	0.787
0.681	0.027	0.017	0.275
>TATATA	5-TATATA	6.177716	-47.999351	0	T:187.0(3.11%),B:581.3(1.43%),P:1e-20	Tpos:36.0,Tstd:24.8,Bpos:51.0,Bstd:32.3,StrandBias:0.0,Multiplicity:1.03
0.100	0.100	0.100	0.700
0.700	0.100	0.100	0.100
0.100	0.100	0.100	0.700
0.700	0.100	0.100	0.100
0.100	0.100	0.100	0.700
0.700	0.100	0.100	0.100
>SCGSCG	6-SCGSCG	5.545557	-40.078965	0	T:1038.0(17.27%),B:5417.6(13.35%),P:1e-17	Tpos:51.5,Tstd:27.1,Bpos:50.0,Bstd:30.8,StrandBias:-0.0,Multiplicity:1.40
0.116	0.456	0.331	0.097
0.001	0.997	0.001	0.001
0.206	0.001	0.550	0.243
0.116	0.456	0.331	0.097
0.001	0.997	0.001	0.001
0.206	0.001	0.550	0.243
>NACYAC	7-NACYAC	3.864374	-39.149107	0	T:3294.0(54.80%),B:20018.6(49.32%),P:1e-17	Tpos:50.6,Tstd:28.5,Bpos:50.1,Bstd:29.6,StrandBias:0.6,Multiplicity:1.60
0.280	0.249	0.229	0.243
0.988	0.010	0.001	0.001
0.139	0.751	0.001	0.109
0.083	0.335	0.215	0.368
0.997	0.001	0.001	0.001
0.215	0.677	0.001	0.107
>GAGAGR	8-GAGAGR	6.714369	-31.578331	0	T:1340.0(22.29%),B:7472.3(18.41%),P:1e-13	Tpos:54.2,Tstd:26.6,Bpos:50.3,Bstd:33.6,StrandBias:0.5,Multiplicity:1.17
0.409	0.001	0.589	0.001
0.983	0.015	0.001	0.001
0.001	0.001	0.997	0.001
0.997	0.001	0.001	0.001
0.001	0.001	0.997	0.001
0.493	0.001	0.505	0.001
>CAGCAGGR	1-CAGCAGGR	4.161567	-2111.145692	0	T:1858.0(30.91%),B:1976.0(4.87%),P:1e-916	Tpos:52.0,Tstd:10.0,Bpos:50.9,Bstd:38.9,StrandBias:4.7,Multiplicity:1.04
0.001	0.997	0.001	0.001
0.997	0.001	0.001	0.001
0.001	0.001	0.997	0.001
0.001	0.997	0.001	0.001
0.997	0.001	0.001	0.001
0.001	0.001	0.997	0.001
0.001	0.001	0.997	0.001
0.434	0.170	0.395	0.001
>AGCAGCAG	2-AGCAGCAG	5.291368	-1239.105470	0	T:3073.0(51.12%),B:8863.9(21.84%),P:1e-538	Tpos:51.0,Tstd:19.6,Bpos:49.9,Bstd:39.8,StrandBias:2.6,Multiplicity:1.16
0.802	0.018	0.087	0.093
0.074	0.049	0.839	0.038
0.019	0.966	0.001	0.014
0.985	0.013	0.001	0.001
0.001	0.029	0.969	0.001
0.027	0.909	0.024	0.040
0.965	0.016	0.018	0.001
0.040	0.044	0.879	0.037
>CAGCAGGR	3-CAGCAGGR	5.887946	-1197.613170	0	T:3126.0(52.00%),B:9308.7(22.93%),P:1e-520	Tpos:49.9,Tstd:22.7,Bpos:50.5,Bstd:35.6,StrandBias:1.2,Multiplicity:1.08
0.193	0.729	0.001	0.077
0.723	0.173	0.001	0.103
0.127	0.001	0.871	0.001
0.103	0.895	0.001	0.001
0.728	0.001	0.149	0.122
0.001	0.140	0.768	0.091
0.001	0.087	0.869	0.043
0.323	0.261	0.414	0.001
>ACAGCAGA	4-ACAGCAGA	4.161567	-164.880724	0	T:511.0(8.50%),B:1418.9(3.50%),P:1e-71	Tpos:52.1,Tstd:18.2,Bpos:51.6,Bstd:36.9,StrandBias:2.6,Multiplicity:1.01
0.729	0.208	0.062	0.001
0.001	0.997	0.001	0.001
0.997	0.001	0.001	0.001
0.001	0.001	0.997	0.001
0.001	0.997	0.001	0.001
0.997	0.001	0.001	0.001
0.001	0.001	0.997	0.001
0.997	0.001	0.001	0.001
>GAGGAGGA	5-GAGGAGGA	7.379465	-83.205959	0	T:834.0(13.87%),B:3609.5(8.89%),P:1e-36	Tpos:53.3,Tstd:27.0,Bpos:49.9,Bstd:31.9,StrandBias:0.3,Multiplicity:1.11
0.001	0.322	0.676	0.001
0.997	0.001	0.001	0.001
0.102	0.300	0.597	0.001
0.001	0.001	0.997	0.001
0.997	0.001	0.001	0.001
0.001	0.180	0.818	0.001
0.077	0.001	0.921	0.001
0.734	0.001	0.264	0.001
>GGCGGCGG	6-GGCGGCGG	2.489202	-75.951102	0	T:1907.0(31.73%),B:10075.6(24.82%),P:1e-32	Tpos:51.9,Tstd:27.3,Bpos:50.1,Bstd:30.6,StrandBias:-0.1,Multiplicity:1.45
0.001	0.227	0.771	0.001
0.001	0.001	0.997	0.001
0.001	0.997	0.001	0.001
0.001	0.187	0.811	0.001
0.001	0.098	0.900	0.001
0.001	0.997	0.001	0.001
0.001	0.087	0.911	0.001
0.001	0.001	0.997	0.001
>TATATATA	7-TATATATA	4.626684	-57.630815	0	T:599.0(9.97%),B:2604.0(6.42%),P:1e-25	Tpos:37.3,Tstd:26.3,Bpos:50.6,Bstd:29.9,StrandBias:-0.0,Multiplicity:1.10
0.107	0.130	0.140	0.623
0.707	0.095	0.113	0.085
0.030	0.087	0.043	0.840
0.814	0.058	0.034	0.094
0.082	0.117	0.047	0.754
0.826	0.032	0.059	0.083
0.107	0.133	0.043	0.717
0.724	0.095	0.110	0.071
>ACTACTAC	8-ACTACTAC	5.205476	-53.260819	0	T:528.0(8.78%),B:2266.1(5.58%),P:1e-23	Tpos:51.8,Tstd:28.9,Bpos:50.4,Bstd:28.7,StrandBias:0.6,Multiplicity:1.03
0.805	0.069	0.084	0.042
0.001	0.853	0.145	0.001
0.016	0.033	0.042	0.909
0.968	0.016	0.001	0.015
0.001	0.969	0.029	0.001
0.001	0.027	0.133	0.839
0.945	0.029	0.025	0.001
0.001	0.818	0.117	0.064
>ACAAGAAG	9-ACAAGAAG	6.969772	-50.417579	0	T:501.0(8.33%),B:2151.6(5.30%),P:1e-21	Tpos:52.7,Tstd:26.1,Bpos:49.5,Bstd:34.8,StrandBias:1.0,Multiplicity:1.06
0.735	0.144	0.095	0.026
0.001	0.838	0.160	0.001
0.887	0.075	0.037	0.001
0.974	0.001	0.024	0.001
0.001	0.016	0.982	0.001
0.931	0.045	0.001	0.023
0.884	0.077	0.038	0.001
0.055	0.039	0.905	0.001
>MMCMMCMM	10-MMCMMCMM	4.955569	-45.479343	0	T:1549.0(25.77%),B:8449.5(20.82%),P:1e-19	Tpos:50.5,Tstd:27.9,Bpos:50.0,Bstd:29.0,StrandBias:1.3,Multiplicity:1.17
0.462	0.464	0.001	0.073
0.463	0.474	0.061	0.001
0.368	0.544	0.001	0.087
0.395	0.537	0.001	0.067
0.454	0.469	0.076	0.001
0.278	0.720	0.001	0.001
0.403	0.471	0.001	0.125
0.442	0.486	0.032	0.040
>AATTAAAA	11-AATTAAAA	3.980135	-43.776534	0	T:1504.0(25.02%),B:8206.7(20.22%),P:1e-19	Tpos:47.6,Tstd:29.8,Bpos:49.5,Bstd:31.0,StrandBias:0.4,Multiplicity:1.38
0.898	0.002	0.056	0.044
0.701	0.008	0.112	0.179
0.185	0.164	0.167	0.484
0.189	0.143	0.184	0.483
0.568	0.146	0.136	0.150
0.687	0.036	0.088	0.189
0.658	0.116	0.033	0.193
0.531	0.220	0.102	0.147
>GAGAGAGA	12-GAGAGAGA	7.091148	-38.530108	0	T:354.0(5.89%),B:1489.9(3.67%),P:1e-16	Tpos:56.3,Tstd:25.7,Bpos:48.7,Bstd:32.6,StrandBias:0.9,Multiplicity:1.04
0.158	0.001	0.822	0.019
0.880	0.081	0.038	0.001
0.001	0.019	0.956	0.024
0.908	0.071	0.001	0.020
0.001	0.001	0.924	0.074
0.929	0.031	0.028	0.012
0.020	0.039	0.889	0.052
0.872	0.001	0.085	0.042
>ATCGATCG	13-ATCGATCG	7.063126	-24.845843	0	T:157.0(2.61%),B:595.2(1.47%),P:1e-10	Tpos:48.6,Tstd:30.3,Bpos:49.4,Bstd:27.2,StrandBias:0.0,Multiplicity:1.03
0.844	0.124	0.001	0.031
0.024	0.063	0.071	0.842
0.001	0.933	0.030	0.036
0.001	0.001	0.997	0.001
0.960	0.001	0.038	0.001
0.001	0.044	0.001	0.954
0.001	0.997	0.001	0.001
0.170	0.033	0.746	0.051
>TAACCTGC	14-TAACCTGC	8.236954	-19.257314	0	T:23.0(0.38%),B:34.7(0.09%),P:1e-8	Tpos:52.6,Tstd:26.9,Bpos:57.7,Bstd:30.9,StrandBias:-1.3,Multiplicity:1.00
0.100	0.100	0.100	0.700
0.700	0.100	0.100	0.100
0.700	0.100	0.100	0.100
0.100	0.700	0.100	0.100
0.100	0.700	0.100	0.100
0.100	0.100	0.100	0.700
0.100	0.100	0.700	0.100
0.100	0.700	0.100	0.100
>CACGCCAC	15-CACGCCAC	9.117394	-17.984651	0	T:78.0(1.30%),B:262.0(0.65%),P:1e-7	Tpos:45.8,Tstd:29.3,Bpos:50.2,Bstd:27.8,StrandBias:0.4,Multiplicity:1.00
0.142	0.856	0.001	0.001
0.997	0.001	0.001	0.001
0.001	0.997	0.001	0.001
0.001	0.001	0.997	0.001
0.001	0.997	0.001	0.001
0.001	0.997	0.001	0.001
0.997	0.001	0.001	0.001
0.001	0.997	0.001	0.001
