>NNCAGCAGGR	1-NNCAGCAGGR	8.320505	-2034.017351	0	T:1747.0(29.07%),B:1783.2(4.39%),P:1e-883	Tpos:51.2,Tstd:9.9,Bpos:50.6,Bstd:37.7,StrandBias:4.8,Multiplicity:1.04
0.303	0.214	0.182	0.301
0.304	0.200	0.278	0.218
0.001	0.986	0.012	0.001
0.997	0.001	0.001	0.001
0.001	0.009	0.989	0.001
0.001	0.901	0.082	0.016
0.984	0.001	0.014	0.001
0.024	0.001	0.961	0.014
0.076	0.124	0.739	0.061
0.270	0.234	0.414	0.083
>SCAGCAGCAG	2-SCAGCAGCAG	7.362325	-883.892802	0	T:1891.0(31.47%),B:4571.9(11.26%),P:1e-383	Tpos:50.4,Tstd:18.1,Bpos:50.7,Bstd:38.9,StrandBias:2.5,Multiplicity:1.08
0.181	0.321	0.470	0.028
0.129	0.795	0.062	0.014
0.784	0.034	0.063	0.119
0.042	0.065	0.846	0.047
0.008	0.984	0.007	0.001
0.940	0.018	0.041	0.001
0.001	0.027	0.971	0.001
0.230	0.633	0.053	0.084
0.712	0.021	0.248	0.019
0.202	0.088	0.667	0.043
>AGGAGGAGGA	3-AGGAGGAGGA	5.256319	-234.444414	0	T:2553.0(42.49%),B:11948.0(29.42%),P:1e-101	Tpos:53.1,Tstd:25.7,Bpos:49.2,Bstd:32.7,StrandBias:0.7,Multiplicity:1.28
0.775	0.026	0.143	0.056
0.281	0.138	0.533	0.048
0.076	0.188	0.710	0.026
0.817	0.001	0.135	0.047
0.262	0.153	0.520	0.065
0.249	0.115	0.635	0.001
0.745	0.007	0.217	0.031
0.247	0.113	0.554	0.086
0.170	0.062	0.767	0.001
0.822	0.037	0.088	0.053
>CATCCTGCAG	4-CATCCTGCAG	7.024499	-153.034675	0	T:512.0(8.52%),B:1479.9(3.64%),P:1e-66	Tpos:52.8,Tstd:23.5,Bpos:51.8,Bstd:36.6,StrandBias:0.4,Multiplicity:1.00
0.033	0.791	0.057	0.119
0.751	0.025	0.160	0.064
0.059	0.054	0.075	0.812
0.050	0.826	0.072	0.052
0.040	0.865	0.058	0.037
0.132	0.075	0.029	0.764
0.046	0.036	0.843	0.075
0.069	0.800	0.073	0.058
0.773	0.088	0.050	0.089
0.071	0.068	0.778	0.083
>TGGTGKTGGT	5-TGGTGKTGGT	5.902259	-137.381253	0	T:1166.0(19.40%),B:4881.8(12.02%),P:1e-59	Tpos:51.2,Tstd:26.8,Bpos:50.0,Bstd:30.2,StrandBias:-1.2,Multiplicity:1.13
0.095	0.001	0.143	0.761
0.019	0.022	0.919	0.040
0.137	0.117	0.639	0.107
0.034	0.001	0.366	0.599
0.008	0.009	0.964	0.019
0.192	0.144	0.307	0.357
0.025	0.154	0.171	0.650
0.001	0.084	0.764	0.151
0.174	0.120	0.527	0.179
0.257	0.001	0.173	0.569
>CTCAGCAGGT	6-CTCAGCAGGT	9.198332	-120.482922	0	T:145.0(2.41%),B:198.7(0.49%),P:1e-52	Tpos:46.5,Tstd:18.3,Bpos:52.2,Bstd:34.0,StrandBias:1.8,Multiplicity:1.00
0.077	0.476	0.176	0.272
0.001	0.208	0.001	0.790
0.001	0.945	0.001	0.053
0.745	0.192	0.001	0.062
0.001	0.001	0.910	0.088
0.001	0.997	0.001	0.001
0.685	0.148	0.166	0.001
0.001	0.076	0.922	0.001
0.001	0.001	0.896	0.102
0.001	0.269	0.076	0.654
>GCGGCGGCSG	7-GCGGCGGCSG	6.329930	-91.910459	0	T:1278.0(21.27%),B:6027.3(14.84%),P:1e-39	Tpos:51.8,Tstd:27.2,Bpos:50.3,Bstd:29.3,StrandBias:-0.1,Multiplicity:1.21
0.190	0.109	0.578	0.123
0.089	0.699	0.035	0.177
0.026	0.359	0.610	0.005
0.044	0.046	0.853	0.057
0.001	0.807	0.029	0.163
0.001	0.306	0.664	0.029
0.001	0.026	0.962	0.011
0.037	0.660	0.115	0.188
0.016	0.414	0.500	0.070
0.046	0.052	0.812	0.090
>TATATAYAHN	8-TATATAYAHN	6.649391	-56.926818	0	T:202.0(3.36%),B:600.3(1.48%),P:1e-24	Tpos:33.0,Tstd:23.0,Bpos:49.8,Bstd:29.1,StrandBias:-0.1,Multiplicity:1.34
0.024	0.006	0.034	0.936
0.774	0.050	0.066	0.110
0.001	0.030	0.022	0.947
0.915	0.001	0.034	0.050
0.069	0.171	0.032	0.728
0.875	0.053	0.064	0.008
0.133	0.328	0.193	0.346
0.596	0.052	0.201	0.151
0.358	0.267	0.115	0.260
0.265	0.217	0.298	0.219
>ACAGCAGWGA	9-ACAGCAGWGA	9.649839	-53.373305	0	T:82.0(1.36%),B:143.5(0.35%),P:1e-23	Tpos:49.9,Tstd:21.1,Bpos:48.9,Bstd:33.4,StrandBias:2.6,Multiplicity:1.01
0.808	0.001	0.001	0.190
0.055	0.889	0.001	0.055
0.870	0.001	0.001	0.128
0.001	0.001	0.997	0.001
0.415	0.583	0.001	0.001
0.890	0.037	0.072	0.001
0.001	0.236	0.762	0.001
0.486	0.001	0.001	0.512
0.134	0.001	0.864	0.001
0.649	0.275	0.001	0.075
>GACGRCGACK	10-GACGRCGACK	7.433677	-44.237381	0	T:431.0(7.17%),B:1842.1(4.54%),P:1e-19	Tpos:53.2,Tstd:28.8,Bpos:48.9,Bstd:27.4,StrandBias:0.2,Multiplicity:1.10
0.030	0.173	0.658	0.139
0.634	0.135	0.001	0.230
0.117	0.545	0.212	0.126
0.001	0.106	0.778	0.115
0.285	0.159	0.382	0.174
0.001	0.997	0.001	0.001
0.062	0.001	0.936	0.001
0.839	0.001	0.001	0.159
0.001	0.997	0.001	0.001
0.057	0.234	0.415	0.295
>ATGGAACTTG	11-ATGGAACTTG	6.928728	-41.568009	0	T:193.0(3.21%),B:648.7(1.60%),P:1e-18	Tpos:51.5,Tstd:29.2,Bpos:49.4,Bstd:27.3,StrandBias:-0.4,Multiplicity:1.03
0.767	0.027	0.091	0.115
0.273	0.148	0.011	0.568
0.238	0.234	0.505	0.023
0.001	0.001	0.924	0.074
0.767	0.014	0.218	0.001
0.694	0.036	0.140	0.130
0.207	0.771	0.021	0.001
0.175	0.016	0.160	0.649
0.001	0.001	0.041	0.957
0.235	0.042	0.722	0.001
>HDGGGDANTT	12-HDGGGDANTT	6.082264	-41.538909	0	T:48.0(0.80%),B:65.4(0.16%),P:1e-18	Tpos:50.1,Tstd:28.1,Bpos:49.9,Bstd:26.8,StrandBias:-1.8,Multiplicity:1.00
0.252	0.265	0.095	0.388
0.289	0.039	0.265	0.407
0.032	0.107	0.555	0.306
0.096	0.231	0.475	0.197
0.052	0.067	0.864	0.017
0.290	0.018	0.395	0.297
0.669	0.073	0.125	0.133
0.328	0.267	0.182	0.223
0.242	0.288	0.017	0.453
0.056	0.267	0.123	0.554
>GCCTATAAAA	13-GCCTATAAAA	8.070455	-38.289196	0	T:96.0(1.60%),B:239.2(0.59%),P:1e-16	Tpos:33.3,Tstd:24.2,Bpos:49.7,Bstd:26.3,StrandBias:1.0,Multiplicity:1.01
0.001	0.194	0.804	0.001
0.096	0.649	0.254	0.001
0.001	0.807	0.191	0.001
0.031	0.001	0.001	0.967
0.612	0.001	0.128	0.259
0.197	0.001	0.183	0.619
0.997	0.001	0.001	0.001
0.843	0.001	0.001	0.155
0.997	0.001	0.001	0.001
0.602	0.001	0.125	0.272
>GCGGCGAGAG	14-GCGGCGAGAG	9.343620	-37.274714	0	T:95.0(1.58%),B:239.6(0.59%),P:1e-16	Tpos:53.9,Tstd:27.3,Bpos:53.7,Bstd:32.8,StrandBias:-0.3,Multiplicity:1.01
0.035	0.001	0.963	0.001
0.001	0.997	0.001	0.001
0.065	0.046	0.888	0.001
0.001	0.001	0.997	0.001
0.031	0.967	0.001	0.001
0.094	0.001	0.904	0.001
0.823	0.175	0.001	0.001
0.001	0.001	0.997	0.001
0.793	0.001	0.112	0.094
0.074	0.066	0.703	0.157
>ACACACACAC	15-ACACACACAC	7.843666	-34.480598	0	T:128.0(2.13%),B:392.9(0.97%),P:1e-14	Tpos:50.4,Tstd:26.8,Bpos:51.4,Bstd:28.2,StrandBias:1.3,Multiplicity:1.02
0.846	0.001	0.001	0.152
0.066	0.869	0.064	0.001
0.743	0.001	0.001	0.255
0.001	0.797	0.028	0.174
0.557	0.230	0.107	0.106
0.001	0.663	0.103	0.233
0.944	0.001	0.054	0.001
0.001	0.725	0.273	0.001
0.889	0.035	0.071	0.005
0.001	0.838	0.160	0.001
>TAATTATTAT	16-TAATTATTAT	4.468977	-33.123852	0	T:773.0(12.86%),B:3962.9(9.76%),P:1e-14	Tpos:45.8,Tstd:29.8,Bpos:49.7,Bstd:28.4,StrandBias:-0.3,Multiplicity:1.20
0.103	0.097	0.105	0.695
0.677	0.096	0.104	0.123
0.698	0.081	0.099	0.122
0.089	0.085	0.085	0.741
0.117	0.100	0.082	0.701
0.695	0.095	0.109	0.101
0.097	0.100	0.098	0.705
0.109	0.104	0.086	0.701
0.684	0.099	0.107	0.110
0.095	0.111	0.091	0.703
>CTACTACTAC	17-CTACTACTAC	7.873083	-32.530530	0	T:58.0(0.97%),B:116.9(0.29%),P:1e-14	Tpos:53.6,Tstd:26.6,Bpos:50.2,Bstd:27.5,StrandBias:1.3,Multiplicity:1.00
0.056	0.815	0.065	0.064
0.040	0.239	0.223	0.499
0.814	0.043	0.024	0.119
0.232	0.715	0.040	0.013
0.006	0.195	0.219	0.580
0.523	0.048	0.231	0.198
0.053	0.736	0.163	0.048
0.125	0.060	0.236	0.579
0.702	0.037	0.217	0.044
0.037	0.540	0.202	0.221
>ACGARTACRC	18-ACGARTACRC	8.321932	-30.049335	0	T:81.0(1.35%),B:212.9(0.52%),P:1e-13	Tpos:49.7,Tstd:27.7,Bpos:49.8,Bstd:26.7,StrandBias:0.4,Multiplicity:1.00
0.750	0.001	0.210	0.039
0.001	0.997	0.001	0.001
0.191	0.317	0.491	0.001
0.997	0.001	0.001	0.001
0.409	0.234	0.357	0.001
0.079	0.214	0.228	0.478
0.997	0.001	0.001	0.001
0.001	0.659	0.001	0.339
0.294	0.184	0.347	0.175
0.059	0.881	0.059	0.001
>AVACGAGACG	19-AVACGAGACG	6.934037	-29.330775	0	T:69.0(1.15%),B:167.9(0.41%),P:1e-12	Tpos:48.4,Tstd:24.9,Bpos:50.2,Bstd:29.1,StrandBias:-0.1,Multiplicity:1.11
0.591	0.118	0.143	0.148
0.268	0.295	0.395	0.042
0.895	0.059	0.002	0.044
0.258	0.428	0.269	0.044
0.141	0.148	0.564	0.147
0.550	0.200	0.064	0.186
0.277	0.229	0.451	0.043
0.652	0.163	0.058	0.127
0.004	0.745	0.248	0.003
0.193	0.103	0.484	0.220
>ACCCACCACT	20-ACCCACCACT	7.337426	-26.211264	0	T:48.0(0.80%),B:99.7(0.25%),P:1e-11	Tpos:57.2,Tstd:27.6,Bpos:49.7,Bstd:21.7,StrandBias:0.7,Multiplicity:1.00
0.531	0.237	0.024	0.208
0.191	0.457	0.153	0.199
0.296	0.658	0.016	0.030
0.255	0.668	0.033	0.044
0.571	0.212	0.036	0.181
0.231	0.705	0.033	0.031
0.033	0.570	0.035	0.362
0.535	0.310	0.117	0.038
0.270	0.672	0.015	0.043
0.031	0.181	0.205	0.583
>AGCTAGCTAT	21-AGCTAGCTAT	9.337620	-26.003149	0	T:67.0(1.11%),B:172.7(0.43%),P:1e-11	Tpos:49.8,Tstd:27.9,Bpos:55.4,Bstd:35.0,StrandBias:0.3,Multiplicity:1.02
0.956	0.001	0.042	0.001
0.001	0.001	0.928	0.070
0.001	0.956	0.042	0.001
0.029	0.001	0.042	0.928
0.977	0.001	0.001	0.021
0.001	0.029	0.928	0.042
0.001	0.997	0.001	0.001
0.099	0.051	0.001	0.849
0.927	0.071	0.001	0.001
0.065	0.084	0.232	0.619
>TTTCTTTACC	22-TTTCTTTACC	11.036188	-23.820561	0	T:11.0(0.18%),B:4.3(0.01%),P:1e-10	Tpos:29.2,Tstd:13.6,Bpos:53.3,Bstd:23.4,StrandBias:10.0,Multiplicity:1.00
0.001	0.001	0.065	0.933
0.001	0.001	0.001	0.997
0.001	0.001	0.001	0.997
0.001	0.997	0.001	0.001
0.001	0.001	0.001	0.997
0.001	0.001	0.001	0.997
0.001	0.001	0.001	0.997
0.997	0.001	0.001	0.001
0.065	0.933	0.001	0.001
0.001	0.997	0.001	0.001
>CTTCGCTGGA	23-CTTCGCTGGA	11.394055	-20.070428	0	T:13.0(0.22%),B:9.6(0.02%),P:1e-8	Tpos:53.2,Tstd:20.0,Bpos:58.9,Bstd:10.3,StrandBias:-1.0,Multiplicity:1.00
0.001	0.997	0.001	0.001
0.001	0.001	0.001	0.997
0.001	0.001	0.001	0.997
0.001	0.911	0.087	0.001
0.001	0.001	0.997	0.001
0.001	0.997	0.001	0.001
0.001	0.001	0.001	0.997
0.001	0.001	0.997	0.001
0.001	0.001	0.997	0.001
0.997	0.001	0.001	0.001
>GAAGGATTTT	24-GAAGGATTTT	13.731652	-14.600093	0	T:7.0(0.12%),B:3.1(0.01%),P:1e-6	Tpos:57.7,Tstd:29.5,Bpos:55.1,Bstd:3.9,StrandBias:2.6,Multiplicity:1.00
0.001	0.001	0.997	0.001
0.997	0.001	0.001	0.001
0.997	0.001	0.001	0.001
0.001	0.001	0.901	0.097
0.001	0.001	0.997	0.001
0.997	0.001	0.001	0.001
0.001	0.001	0.001	0.997
0.001	0.001	0.001	0.997
0.001	0.001	0.001	0.997
0.001	0.001	0.001	0.997
>TGCTTCTTGT	25-TGCTTCTTGT	10.296193	-8.095397	0	T:9.0(0.15%),B:15.0(0.04%),P:1e-3	Tpos:45.6,Tstd:30.9,Bpos:28.7,Bstd:14.5,StrandBias:1.3,Multiplicity:1.00
0.100	0.100	0.100	0.700
0.100	0.100	0.700	0.100
0.100	0.700	0.100	0.100
0.100	0.100	0.100	0.700
0.100	0.100	0.100	0.700
0.100	0.700	0.100	0.100
0.100	0.100	0.100	0.700
0.100	0.100	0.100	0.700
0.100	0.100	0.700	0.100
0.100	0.100	0.100	0.700
>NNGCAGCAGGRV	1-NNGCAGCAGGRV	7.683495	-1752.416067	0	T:2609.0(43.42%),B:5120.2(12.61%),P:1e-761	Tpos:50.8,Tstd:12.8,Bpos:50.3,Bstd:37.2,StrandBias:3.8,Multiplicity:1.12
0.215	0.307	0.303	0.175
0.287	0.233	0.193	0.287
0.223	0.209	0.381	0.187
0.001	0.997	0.001	0.001
0.997	0.001	0.001	0.001
0.001	0.001	0.997	0.001
0.001	0.871	0.127	0.001
0.997	0.001	0.001	0.001
0.001	0.001	0.997	0.001
0.154	0.282	0.563	0.001
0.420	0.232	0.315	0.033
0.297	0.202	0.350	0.151
>AGCAGCAGCAGS	2-AGCAGCAGCAGS	7.272840	-608.937076	0	T:1729.0(28.77%),B:4882.3(12.02%),P:1e-264	Tpos:48.4,Tstd:21.2,Bpos:51.2,Bstd:40.2,StrandBias:1.0,Multiplicity:1.06
0.415	0.175	0.175	0.235
0.149	0.184	0.666	0.001
0.158	0.647	0.185	0.010
0.620	0.024	0.090	0.266
0.011	0.053	0.926	0.010
0.003	0.924	0.038	0.035
0.760	0.004	0.018	0.218
0.029	0.001	0.937	0.033
0.050	0.694	0.160	0.096
0.586	0.051	0.050	0.313
0.055	0.087	0.857	0.001
0.129	0.439	0.309	0.123
>CAGCAGAAAAAA	3-CAGCAGAAAAAA	8.826657	-179.851449	0	T:229.0(3.81%),B:330.6(0.81%),P:1e-78	Tpos:54.5,Tstd:18.7,Bpos:50.9,Bstd:33.5,StrandBias:2.0,Multiplicity:1.01
0.134	0.707	0.101	0.058
0.767	0.073	0.050	0.110
0.119	0.091	0.771	0.019
0.224	0.749	0.001	0.026
0.777	0.063	0.052	0.108
0.078	0.106	0.797	0.019
0.675	0.149	0.111	0.065
0.669	0.076	0.223	0.032
0.692	0.098	0.171	0.039
0.828	0.042	0.129	0.001
0.713	0.159	0.127	0.001
0.794	0.127	0.078	0.001
>GGCAGCAGCAGG	4-GGCAGCAGCAGG	10.817229	-136.226766	0	T:148.0(2.46%),B:181.0(0.45%),P:1e-59	Tpos:58.1,Tstd:22.6,Bpos:55.0,Bstd:38.3,StrandBias:0.7,Multiplicity:1.00
0.001	0.001	0.958	0.040
0.001	0.041	0.876	0.082
0.124	0.711	0.041	0.124
0.723	0.165	0.111	0.001
0.048	0.124	0.663	0.165
0.001	0.724	0.193	0.082
0.827	0.165	0.007	0.001
0.083	0.007	0.786	0.124
0.001	0.997	0.001	0.001
0.958	0.001	0.040	0.001
0.082	0.124	0.793	0.001
0.001	0.001	0.997	0.001
>CGGCGGCGGCGG	5-CGGCGGCGGCGG	6.856351	-133.768448	0	T:1217.0(20.25%),B:5198.7(12.80%),P:1e-58	Tpos:52.6,Tstd:26.4,Bpos:50.7,Bstd:28.7,StrandBias:0.2,Multiplicity:1.23
0.078	0.701	0.122	0.099
0.113	0.103	0.726	0.058
0.123	0.167	0.652	0.058
0.075	0.756	0.092	0.077
0.067	0.067	0.846	0.020
0.045	0.194	0.736	0.025
0.053	0.805	0.036	0.106
0.121	0.035	0.843	0.001
0.097	0.108	0.756	0.039
0.064	0.735	0.167	0.034
0.152	0.091	0.752	0.005
0.105	0.188	0.666	0.041
>CAGMAGRRGAAG	6-CAGMAGRRGAAG	10.550339	-91.977553	0	T:211.0(3.51%),B:489.1(1.20%),P:1e-39	Tpos:55.3,Tstd:23.5,Bpos:48.2,Bstd:34.6,StrandBias:1.0,Multiplicity:1.05
0.248	0.506	0.245	0.001
0.616	0.001	0.382	0.001
0.001	0.001	0.997	0.001
0.436	0.331	0.232	0.001
0.456	0.303	0.240	0.001
0.001	0.001	0.997	0.001
0.377	0.001	0.519	0.103
0.486	0.001	0.512	0.001
0.001	0.001	0.997	0.001
0.997	0.001	0.001	0.001
0.732	0.001	0.266	0.001
0.001	0.001	0.997	0.001
>CCACCACCACCA	7-CCACCACCACCA	8.827857	-89.755988	0	T:353.0(5.87%),B:1098.2(2.70%),P:1e-38	Tpos:53.8,Tstd:26.0,Bpos:49.7,Bstd:31.0,StrandBias:0.8,Multiplicity:1.03
0.110	0.696	0.130	0.064
0.015	0.964	0.015	0.006
0.660	0.029	0.058	0.253
0.006	0.695	0.125	0.174
0.001	0.986	0.012	0.001
0.632	0.001	0.084	0.283
0.013	0.738	0.139	0.110
0.013	0.975	0.006	0.006
0.569	0.161	0.054	0.216
0.045	0.720	0.229	0.006
0.062	0.801	0.111	0.026
0.750	0.045	0.011	0.194
>AADCGAAATCCA	8-AADCGAAATCCA	12.282324	-61.402024	0	T:16.0(0.27%),B:1.4(0.00%),P:1e-26	Tpos:53.5,Tstd:23.2,Bpos:87.5,Bstd:1.4,StrandBias:2.0,Multiplicity:1.00
0.997	0.001	0.001	0.001
0.809	0.001	0.189	0.001
0.285	0.001	0.411	0.303
0.189	0.809	0.001	0.001
0.001	0.398	0.600	0.001
0.997	0.001	0.001	0.001
0.904	0.001	0.094	0.001
0.997	0.001	0.001	0.001
0.001	0.284	0.001	0.714
0.001	0.997	0.001	0.001
0.001	0.809	0.189	0.001
0.997	0.001	0.001	0.001
>BGYWTATATATA	9-BGYWTATATATA	6.270909	-61.088435	0	T:269.0(4.48%),B:880.5(2.17%),P:1e-26	Tpos:34.6,Tstd:24.0,Bpos:50.1,Bstd:29.3,StrandBias:-0.1,Multiplicity:1.03
0.181	0.221	0.229	0.368
0.221	0.126	0.427	0.226
0.152	0.272	0.175	0.400
0.389	0.115	0.229	0.267
0.086	0.100	0.089	0.725
0.522	0.068	0.189	0.221
0.001	0.041	0.001	0.957
0.812	0.001	0.065	0.122
0.011	0.023	0.006	0.960
0.859	0.006	0.109	0.026
0.170	0.072	0.060	0.698
0.771	0.001	0.108	0.120
>TCGTCGTCGTCG	10-TCGTCGTCGTCG	0.927326	-57.267347	0	T:607.0(10.10%),B:2654.8(6.54%),P:1e-24	Tpos:51.7,Tstd:27.6,Bpos:49.2,Bstd:28.3,StrandBias:-0.3,Multiplicity:1.10
0.001	0.001	0.001	0.997
0.001	0.997	0.001	0.001
0.001	0.281	0.717	0.001
0.001	0.001	0.001	0.997
0.001	0.997	0.001	0.001
0.001	0.231	0.767	0.001
0.001	0.001	0.001	0.997
0.001	0.997	0.001	0.001
0.001	0.320	0.678	0.001
0.001	0.001	0.001	0.997
0.001	0.997	0.001	0.001
0.001	0.069	0.929	0.001
>GCGGCSGCGGCA	11-GCGGCSGCGGCA	8.063899	-47.059232	0	T:218.0(3.63%),B:731.0(1.80%),P:1e-20	Tpos:49.1,Tstd:24.7,Bpos:51.1,Bstd:31.6,StrandBias:0.2,Multiplicity:1.00
0.105	0.072	0.772	0.051
0.162	0.509	0.204	0.125
0.212	0.286	0.445	0.058
0.222	0.057	0.659	0.062
0.009	0.659	0.248	0.084
0.115	0.304	0.442	0.140
0.249	0.047	0.611	0.093
0.199	0.475	0.223	0.103
0.225	0.263	0.431	0.081
0.147	0.178	0.578	0.097
0.056	0.865	0.076	0.003
0.615	0.227	0.008	0.150
>CTCKCTCTCTCT	12-CTCKCTCTCTCT	8.749953	-46.341306	0	T:233.0(3.88%),B:806.3(1.99%),P:1e-20	Tpos:59.7,Tstd:22.3,Bpos:51.0,Bstd:33.4,StrandBias:-1.3,Multiplicity:1.07
0.002	0.873	0.059	0.066
0.008	0.039	0.048	0.905
0.040	0.862	0.040	0.058
0.032	0.188	0.341	0.439
0.017	0.903	0.032	0.048
0.008	0.065	0.078	0.849
0.008	0.839	0.040	0.113
0.001	0.178	0.114	0.707
0.008	0.884	0.052	0.056
0.001	0.170	0.114	0.715
0.001	0.902	0.030	0.067
0.035	0.148	0.119	0.698
>GGTTCGTGTMGT	13-GGTTCGTGTMGT	10.848756	-45.588210	0	T:20.0(0.33%),B:6.2(0.02%),P:1e-19	Tpos:59.0,Tstd:26.3,Bpos:40.7,Bstd:16.1,StrandBias:-1.1,Multiplicity:1.00
0.001	0.147	0.851	0.001
0.084	0.148	0.767	0.001
0.074	0.074	0.001	0.851
0.001	0.001	0.147	0.851
0.001	0.850	0.001	0.148
0.074	0.001	0.841	0.084
0.001	0.010	0.074	0.915
0.001	0.074	0.851	0.074
0.148	0.074	0.001	0.777
0.541	0.457	0.001	0.001
0.001	0.073	0.925	0.001
0.001	0.001	0.001	0.997
>GCGGCGGCGGCG	14-GCGGCGGCGGCG	9.749243	-45.257272	0	T:261.0(4.34%),B:950.7(2.34%),P:1e-19	Tpos:50.9,Tstd:28.2,Bpos:45.2,Bstd:32.8,StrandBias:-0.7,Multiplicity:1.02
0.001	0.034	0.964	0.001
0.056	0.804	0.053	0.087
0.029	0.069	0.818	0.084
0.029	0.016	0.897	0.058
0.072	0.782	0.059	0.087
0.029	0.060	0.740	0.171
0.058	0.029	0.818	0.095
0.062	0.827	0.058	0.053
0.029	0.109	0.700	0.162
0.043	0.029	0.831	0.097
0.039	0.898	0.034	0.029
0.022	0.014	0.933	0.031
>GTTAGGGTTTGG	15-GTTAGGGTTTGG	11.006059	-38.667457	0	T:13.0(0.22%),B:2.9(0.01%),P:1e-16	Tpos:44.9,Tstd:25.1,Bpos:46.1,Bstd:18.7,StrandBias:2.6,Multiplicity:1.08
0.001	0.001	0.997	0.001
0.001	0.001	0.001	0.997
0.001	0.001	0.001	0.997
0.933	0.065	0.001	0.001
0.001	0.001	0.933	0.065
0.001	0.001	0.997	0.001
0.001	0.001	0.997	0.001
0.001	0.001	0.001	0.997
0.001	0.001	0.001	0.997
0.001	0.065	0.001	0.933
0.001	0.001	0.933	0.065
0.001	0.001	0.997	0.001
>GAGACGARACGR	16-GAGACGARACGR	12.168594	-38.667457	0	T:13.0(0.22%),B:2.4(0.01%),P:1e-16	Tpos:60.7,Tstd:29.8,Bpos:38.3,Bstd:10.1,StrandBias:0.8,Multiplicity:1.00
0.001	0.001	0.997	0.001
0.997	0.001	0.001	0.001
0.001	0.001	0.997	0.001
0.597	0.001	0.401	0.001
0.001	0.594	0.404	0.001
0.001	0.001	0.997	0.001
0.816	0.001	0.182	0.001
0.401	0.001	0.417	0.181
0.997	0.001	0.001	0.001
0.001	0.594	0.404	0.001
0.001	0.363	0.635	0.001
0.367	0.185	0.448	0.001
>TAGTAGTAGTAG	17-TAGTAGTAGTAG	9.352104	-31.299376	0	T:57.0(0.95%),B:116.5(0.29%),P:1e-13	Tpos:50.7,Tstd:25.7,Bpos:50.2,Bstd:27.6,StrandBias:-0.7,Multiplicity:1.02
0.105	0.099	0.070	0.726
0.755	0.035	0.140	0.070
0.017	0.053	0.929	0.001
0.052	0.072	0.035	0.841
0.808	0.035	0.122	0.035
0.001	0.105	0.877	0.017
0.052	0.088	0.035	0.825
0.858	0.053	0.088	0.001
0.017	0.036	0.930	0.017
0.035	0.106	0.070	0.789
0.761	0.070	0.117	0.052
0.017	0.052	0.914	0.017
>CAGCAGTGGAGG	18-CAGCAGTGGAGG	13.145496	-30.762128	0	T:18.0(0.30%),B:10.9(0.03%),P:1e-13	Tpos:59.2,Tstd:11.4,Bpos:51.4,Bstd:31.2,StrandBias:3.6,Multiplicity:1.00
0.001	0.997	0.001	0.001
0.997	0.001	0.001	0.001
0.001	0.001	0.997	0.001
0.237	0.761	0.001	0.001
0.997	0.001	0.001	0.001
0.001	0.001	0.997	0.001
0.001	0.001	0.001	0.997
0.001	0.001	0.997	0.001
0.221	0.238	0.540	0.001
0.997	0.001	0.001	0.001
0.221	0.001	0.777	0.001
0.222	0.017	0.539	0.222
>NTTTCTTTACCY	19-NTTTCTTTACCY	9.800649	-26.026170	0	T:8.0(0.13%),B:0.5(0.00%),P:1e-11	Tpos:29.8,Tstd:15.7,Bpos:9.0,Bstd:0.0,StrandBias:10.0,Multiplicity:1.00
0.198	0.256	0.285	0.260
0.101	0.167	0.125	0.607
0.091	0.138	0.093	0.678
0.079	0.131	0.128	0.662
0.084	0.698	0.111	0.107
0.096	0.134	0.084	0.686
0.078	0.146	0.119	0.657
0.083	0.181	0.144	0.592
0.487	0.169	0.150	0.194
0.105	0.634	0.118	0.143
0.105	0.639	0.101	0.155
0.217	0.377	0.163	0.244
>TGTTTAGTTAAA	20-TGTTTAGTTAAA	10.409522	-24.031459	0	T:9.0(0.15%),B:2.6(0.01%),P:1e-10	Tpos:54.0,Tstd:33.4,Bpos:34.5,Bstd:23.4,StrandBias:0.3,Multiplicity:1.00
0.100	0.100	0.100	0.700
0.100	0.100	0.700	0.100
0.100	0.100	0.100	0.700
0.100	0.100	0.100	0.700
0.100	0.100	0.100	0.700
0.700	0.100	0.100	0.100
0.100	0.100	0.700	0.100
0.100	0.100	0.100	0.700
0.100	0.100	0.100	0.700
0.700	0.100	0.100	0.100
0.700	0.100	0.100	0.100
0.700	0.100	0.100	0.100
>TCCTCCTCCTCC	21-TCCTCCTCCTCC	11.093014	-23.321291	0	T:84.0(1.40%),B:257.2(0.63%),P:1e-10	Tpos:45.7,Tstd:23.9,Bpos:53.3,Bstd:28.1,StrandBias:-1.3,Multiplicity:1.05
0.069	0.069	0.069	0.793
0.001	0.930	0.068	0.001
0.068	0.930	0.001	0.001
0.001	0.206	0.069	0.724
0.069	0.792	0.001	0.138
0.275	0.723	0.001	0.001
0.078	0.069	0.009	0.844
0.379	0.619	0.001	0.001
0.001	0.997	0.001	0.001
0.001	0.001	0.001	0.997
0.412	0.586	0.001	0.001
0.077	0.913	0.001	0.009
>GCGGCAGCGGCG	22-GCGGCAGCGGCG	9.624788	-19.609815	0	T:131.0(2.18%),B:509.2(1.25%),P:1e-8	Tpos:62.2,Tstd:22.7,Bpos:53.4,Bstd:36.0,StrandBias:0.4,Multiplicity:1.00
0.043	0.033	0.838	0.086
0.082	0.796	0.079	0.043
0.043	0.095	0.786	0.076
0.029	0.085	0.765	0.121
0.119	0.760	0.064	0.057
0.933	0.016	0.001	0.050
0.029	0.050	0.878	0.043
0.029	0.817	0.097	0.057
0.014	0.063	0.887	0.036
0.057	0.029	0.857	0.057
0.086	0.828	0.043	0.043
0.057	0.043	0.864	0.036
>CGACGAGGTCGT	23-CGACGAGGTCGT	11.040555	-19.337869	0	T:27.0(0.45%),B:46.8(0.12%),P:1e-8	Tpos:45.6,Tstd:30.0,Bpos:52.2,Bstd:24.9,StrandBias:-0.6,Multiplicity:1.00
0.229	0.769	0.001	0.001
0.148	0.148	0.703	0.001
0.537	0.237	0.225	0.001
0.001	0.997	0.001	0.001
0.221	0.001	0.777	0.001
0.614	0.384	0.001	0.001
0.306	0.001	0.692	0.001
0.001	0.001	0.769	0.229
0.001	0.001	0.001	0.997
0.073	0.925	0.001	0.001
0.001	0.001	0.997	0.001
0.001	0.001	0.001	0.997
>GCGCCGCCGCCG	24-GCGCCGCCGCCG	12.306740	-8.192226	0	T:39.0(0.65%),B:142.9(0.35%),P:1e-3	Tpos:68.8,Tstd:18.1,Bpos:63.3,Bstd:15.1,StrandBias:-0.6,Multiplicity:1.00
0.001	0.001	0.997	0.001
0.323	0.675	0.001	0.001
0.001	0.001	0.997	0.001
0.262	0.553	0.184	0.001
0.092	0.723	0.184	0.001
0.001	0.001	0.907	0.091
0.276	0.631	0.001	0.092
0.001	0.997	0.001	0.001
0.001	0.092	0.600	0.307
0.001	0.997	0.001	0.001
0.001	0.997	0.001	0.001
0.001	0.001	0.907	0.091
>NNNNNNNNNNNN	25-NNNNNNNNNNNN	-nan	0.000000	0	T:0.0(0.00%),B:0.0(0.00%),P:1e0	Tpos:0.0,Tstd:0.0,Bpos:0.0,Bstd:0.0,StrandBias:0.0,Multiplicity:1.00
-nan	-nan	-nan	-nan
-nan	-nan	-nan	-nan
-nan	-nan	-nan	-nan
-nan	-nan	-nan	-nan
-nan	-nan	-nan	-nan
-nan	-nan	-nan	-nan
-nan	-nan	-nan	-nan
-nan	-nan	-nan	-nan
-nan	-nan	-nan	-nan
-nan	-nan	-nan	-nan
-nan	-nan	-nan	-nan
-nan	-nan	-nan	-nan
>CAGCAG	1-CAGCAG	6.177716	-1706.258087	0	T:3092.0(51.46%),B:7359.6(18.12%),P:1e-741	Tpos:50.7,Tstd:14.8,Bpos:50.3,Bstd:40.0,StrandBias:3.5,Multiplicity:1.34
0.100	0.700	0.100	0.100
0.700	0.100	0.100	0.100
0.100	0.100	0.700	0.100
0.100	0.700	0.100	0.100
0.700	0.100	0.100	0.100
0.100	0.100	0.700	0.100
>CCTCCT	2-CCTCCT	6.605739	-811.277635	0	T:3179.0(52.90%),B:11449.7(28.20%),P:1e-352	Tpos:51.7,Tstd:25.6,Bpos:48.8,Bstd:34.6,StrandBias:-0.8,Multiplicity:1.31
0.001	0.997	0.001	0.001
0.001	0.997	0.001	0.001
0.001	0.001	0.001	0.997
0.001	0.529	0.199	0.271
0.001	0.918	0.001	0.080
0.001	0.001	0.001	0.997
>CGGCSG	3-CGGCSG	5.442069	-48.726691	0	T:1462.0(24.33%),B:7844.6(19.32%),P:1e-21	Tpos:50.9,Tstd:29.0,Bpos:50.4,Bstd:31.0,StrandBias:0.0,Multiplicity:1.15
0.001	0.997	0.001	0.001
0.001	0.419	0.579	0.001
0.274	0.001	0.641	0.084
0.084	0.641	0.001	0.274
0.202	0.392	0.405	0.001
0.001	0.187	0.811	0.001
>TATATA	4-TATATA	6.542482	-47.437977	0	T:363.0(6.04%),B:1449.3(3.57%),P:1e-20	Tpos:34.7,Tstd:24.2,Bpos:50.3,Bstd:31.1,StrandBias:0.4,Multiplicity:1.13
0.001	0.001	0.001	0.997
0.997	0.001	0.001	0.001
0.001	0.001	0.001	0.997
0.997	0.001	0.001	0.001
0.172	0.146	0.001	0.681
0.997	0.001	0.001	0.001
>CGSCGS	5-CGSCGS	5.550759	-42.777069	0	T:1037.0(17.26%),B:5363.4(13.21%),P:1e-18	Tpos:52.0,Tstd:26.9,Bpos:49.9,Bstd:31.3,StrandBias:0.1,Multiplicity:1.41
0.213	0.586	0.001	0.200
0.001	0.001	0.967	0.031
0.113	0.387	0.420	0.080
0.213	0.586	0.001	0.200
0.001	0.001	0.997	0.001
0.081	0.387	0.452	0.080
>GAGAGA	6-GAGAGA	7.085347	-42.087681	0	T:842.0(14.01%),B:4211.0(10.37%),P:1e-18	Tpos:54.6,Tstd:26.1,Bpos:50.1,Bstd:32.8,StrandBias:0.6,Multiplicity:1.09
0.001	0.001	0.997	0.001
0.702	0.296	0.001	0.001
0.001	0.001	0.997	0.001
0.997	0.001	0.001	0.001
0.001	0.001	0.997	0.001
0.997	0.001	0.001	0.001
>CACCAC	7-CACCAC	5.945533	-33.462645	0	T:1340.0(22.30%),B:7430.4(18.30%),P:1e-14	Tpos:51.8,Tstd:28.7,Bpos:49.8,Bstd:30.3,StrandBias:0.9,Multiplicity:1.27
0.001	0.997	0.001	0.001
0.800	0.001	0.198	0.001
0.118	0.880	0.001	0.001
0.001	0.997	0.001	0.001
0.997	0.001	0.001	0.001
0.001	0.997	0.001	0.001
>CCCGTC	8-CCCGTC	4.882304	-33.368724	0	T:1287.0(21.42%),B:7101.8(17.49%),P:1e-14	Tpos:50.8,Tstd:27.5,Bpos:49.4,Bstd:30.4,StrandBias:-0.1,Multiplicity:1.16
0.001	0.997	0.001	0.001
0.001	0.997	0.001	0.001
0.001	0.997	0.001	0.001
0.001	0.001	0.997	0.001
0.001	0.163	0.001	0.835
0.001	0.798	0.001	0.200
>GACGAC	9-GACGAC	6.037853	-26.161104	0	T:1106.0(18.41%),B:6154.0(15.15%),P:1e-11	Tpos:51.6,Tstd:28.6,Bpos:49.7,Bstd:30.1,StrandBias:0.2,Multiplicity:1.26
0.001	0.001	0.997	0.001
0.997	0.001	0.001	0.001
0.001	0.997	0.001	0.001
0.001	0.001	0.824	0.174
0.997	0.001	0.001	0.001
0.001	0.595	0.403	0.001
>TATTAT	10-TATTAT	3.598238	-20.246159	0	T:1308.0(21.77%),B:7604.0(18.73%),P:1e-8	Tpos:46.6,Tstd:30.1,Bpos:50.0,Bstd:30.0,StrandBias:-0.2,Multiplicity:1.43
0.237	0.061	0.027	0.675
0.800	0.169	0.001	0.030
0.112	0.192	0.199	0.498
0.086	0.061	0.058	0.795
0.785	0.058	0.053	0.104
0.272	0.135	0.133	0.460
>KGKSYR	11-KGKSYR	4.536182	-16.742933	0	T:459.0(7.64%),B:2414.5(5.95%),P:1e-7	Tpos:50.2,Tstd:27.5,Bpos:49.8,Bstd:30.5,StrandBias:-1.0,Multiplicity:1.06
0.001	0.050	0.408	0.541
0.001	0.410	0.588	0.001
0.001	0.016	0.445	0.538
0.001	0.459	0.538	0.002
0.001	0.429	0.032	0.538
0.538	0.001	0.460	0.001
>CAGCAGGR	1-CAGCAGGR	4.161567	-2038.830345	0	T:1839.0(30.60%),B:2015.6(4.96%),P:1e-885	Tpos:52.1,Tstd:10.1,Bpos:50.8,Bstd:38.8,StrandBias:4.7,Multiplicity:1.05
0.001	0.997	0.001	0.001
0.997	0.001	0.001	0.001
0.001	0.001	0.997	0.001
0.001	0.997	0.001	0.001
0.997	0.001	0.001	0.001
0.001	0.001	0.997	0.001
0.001	0.001	0.997	0.001
0.411	0.170	0.419	0.001
>CAGCAGGA	2-CAGCAGGA	7.325490	-1253.829435	0	T:2204.0(36.68%),B:4761.8(11.73%),P:1e-544	Tpos:51.8,Tstd:21.8,Bpos:49.7,Bstd:38.5,StrandBias:1.1,Multiplicity:1.06
0.001	0.922	0.076	0.001
0.686	0.001	0.001	0.312
0.216	0.001	0.782	0.001
0.105	0.893	0.001	0.001
0.933	0.001	0.065	0.001
0.201	0.001	0.797	0.001
0.001	0.370	0.628	0.001
0.751	0.001	0.247	0.001
>AGCAGCAG	3-AGCAGCAG	5.617440	-1163.177001	0	T:2859.0(47.58%),B:8072.2(19.88%),P:1e-505	Tpos:50.4,Tstd:19.3,Bpos:50.2,Bstd:38.8,StrandBias:2.5,Multiplicity:1.15
0.779	0.030	0.089	0.102
0.066	0.057	0.858	0.019
0.001	0.988	0.001	0.010
0.986	0.012	0.001	0.001
0.001	0.030	0.968	0.001
0.019	0.906	0.036	0.039
0.965	0.001	0.033	0.001
0.031	0.035	0.876	0.058
>CAGCAGAC	4-CAGCAGAC	8.438233	-176.777706	0	T:470.0(7.82%),B:1197.2(2.95%),P:1e-76	Tpos:53.4,Tstd:19.0,Bpos:52.2,Bstd:38.1,StrandBias:3.0,Multiplicity:1.02
0.001	0.997	0.001	0.001
0.997	0.001	0.001	0.001
0.001	0.001	0.997	0.001
0.001	0.997	0.001	0.001
0.997	0.001	0.001	0.001
0.001	0.001	0.997	0.001
0.997	0.001	0.001	0.001
0.120	0.807	0.072	0.001
>GGCGGCGG	5-GGCGGCGG	5.375043	-87.371451	0	T:1898.0(31.59%),B:9828.3(24.20%),P:1e-37	Tpos:52.4,Tstd:27.4,Bpos:50.0,Bstd:30.5,StrandBias:-0.2,Multiplicity:1.37
0.084	0.121	0.765	0.030
0.048	0.132	0.779	0.041
0.074	0.656	0.135	0.135
0.057	0.118	0.755	0.070
0.073	0.118	0.764	0.045
0.059	0.691	0.123	0.127
0.023	0.160	0.816	0.001
0.060	0.107	0.780	0.053
>GTGGTGTG	6-GTGGTGTG	6.421393	-62.643329	0	T:640.0(10.65%),B:2774.3(6.83%),P:1e-27	Tpos:52.2,Tstd:26.4,Bpos:50.4,Bstd:30.8,StrandBias:-1.2,Multiplicity:1.09
0.048	0.063	0.813	0.076
0.001	0.001	0.001	0.997
0.001	0.116	0.882	0.001
0.046	0.104	0.505	0.345
0.044	0.056	0.195	0.705
0.034	0.026	0.914	0.026
0.001	0.001	0.157	0.841
0.001	0.001	0.622	0.376
>CTCCTTCT	7-CTCCTTCT	7.120752	-61.465115	0	T:686.0(11.42%),B:3041.5(7.49%),P:1e-26	Tpos:54.4,Tstd:25.5,Bpos:51.2,Bstd:33.1,StrandBias:-0.8,Multiplicity:1.07
0.022	0.856	0.089	0.033
0.028	0.001	0.104	0.867
0.017	0.827	0.001	0.155
0.047	0.951	0.001	0.001
0.063	0.001	0.001	0.935
0.016	0.240	0.001	0.743
0.001	0.997	0.001	0.001
0.053	0.001	0.001	0.945
>TATATACA	8-TATATACA	5.261127	-55.564990	0	T:420.0(6.99%),B:1670.4(4.11%),P:1e-24	Tpos:36.4,Tstd:25.6,Bpos:50.5,Bstd:29.8,StrandBias:0.1,Multiplicity:1.16
0.079	0.084	0.039	0.798
0.957	0.011	0.011	0.021
0.014	0.172	0.057	0.757
0.874	0.001	0.089	0.036
0.049	0.178	0.042	0.731
0.852	0.061	0.076	0.011
0.203	0.520	0.135	0.142
0.516	0.178	0.146	0.160
>TCBTCNTC	9-TCBTCNTC	4.599230	-45.587729	0	T:772.0(12.85%),B:3744.2(9.22%),P:1e-19	Tpos:51.4,Tstd:27.6,Bpos:49.4,Bstd:31.2,StrandBias:-0.3,Multiplicity:1.12
0.200	0.050	0.035	0.715
0.244	0.550	0.026	0.180
0.161	0.272	0.343	0.224
0.208	0.126	0.091	0.575
0.271	0.488	0.065	0.176
0.182	0.219	0.324	0.275
0.054	0.230	0.176	0.540
0.159	0.488	0.109	0.243
>GAGAGAGA	10-GAGAGAGA	7.277261	-42.856328	0	T:362.0(6.02%),B:1488.4(3.67%),P:1e-18	Tpos:55.6,Tstd:25.7,Bpos:50.2,Bstd:32.6,StrandBias:0.8,Multiplicity:1.05
0.144	0.001	0.793	0.062
0.882	0.070	0.029	0.019
0.001	0.001	0.969	0.029
0.878	0.073	0.001	0.048
0.001	0.001	0.948	0.050
0.946	0.030	0.001	0.023
0.001	0.001	0.935	0.063
0.839	0.001	0.111	0.049
>YAATAATT	11-YAATAATT	3.844430	-33.968487	0	T:1182.0(19.67%),B:6434.7(15.85%),P:1e-14	Tpos:45.1,Tstd:29.7,Bpos:49.9,Bstd:30.1,StrandBias:0.0,Multiplicity:1.27
0.215	0.239	0.161	0.385
0.603	0.082	0.025	0.290
0.745	0.068	0.104	0.083
0.082	0.078	0.037	0.803
0.584	0.001	0.001	0.414
0.833	0.060	0.052	0.055
0.248	0.119	0.010	0.623
0.076	0.037	0.091	0.796
>ACTACTAC	12-ACTACTAC	6.828887	-29.964798	0	T:201.0(3.34%),B:774.9(1.91%),P:1e-13	Tpos:52.5,Tstd:28.4,Bpos:50.2,Bstd:28.2,StrandBias:0.9,Multiplicity:1.01
0.695	0.180	0.084	0.041
0.001	0.871	0.127	0.001
0.025	0.058	0.065	0.852
0.978	0.001	0.001	0.020
0.001	0.967	0.031	0.001
0.001	0.001	0.031	0.967
0.910	0.039	0.033	0.018
0.001	0.870	0.079	0.050
>CACWCACH	13-CACWCACH	7.673588	-24.226358	0	T:216.0(3.59%),B:907.7(2.24%),P:1e-10	Tpos:51.3,Tstd:26.8,Bpos:50.5,Bstd:29.5,StrandBias:1.1,Multiplicity:1.08
0.192	0.806	0.001	0.001
0.865	0.060	0.001	0.074
0.054	0.834	0.001	0.111
0.404	0.237	0.057	0.302
0.006	0.957	0.001	0.036
0.997	0.001	0.001	0.001
0.001	0.960	0.001	0.038
0.255	0.260	0.112	0.373
>AAMCAAAC	14-AAMCAAAC	4.564977	-23.589999	0	T:607.0(10.10%),B:3157.5(7.78%),P:1e-10	Tpos:49.9,Tstd:28.1,Bpos:50.7,Bstd:31.4,StrandBias:0.7,Multiplicity:1.20
0.737	0.104	0.077	0.082
0.574	0.264	0.035	0.127
0.294	0.423	0.093	0.190
0.157	0.430	0.269	0.144
0.430	0.150	0.191	0.229
0.659	0.092	0.108	0.141
0.533	0.201	0.084	0.182
0.186	0.628	0.099	0.087
>TTTCTAGT	15-TTTCTAGT	10.155528	-20.230183	0	T:59.0(0.98%),B:164.9(0.41%),P:1e-8	Tpos:48.1,Tstd:27.9,Bpos:51.1,Bstd:31.2,StrandBias:-1.1,Multiplicity:1.00
0.001	0.001	0.001	0.997
0.001	0.001	0.001	0.997
0.001	0.001	0.001	0.997
0.001	0.997	0.001	0.001
0.001	0.001	0.001	0.997
0.597	0.001	0.001	0.401
0.001	0.001	0.997	0.001
0.001	0.001	0.001	0.997
>CCAGCGGG	16-CCAGCGGG	9.151733	-19.486680	0	T:130.0(2.16%),B:505.6(1.25%),P:1e-8	Tpos:48.9,Tstd:23.4,Bpos:49.7,Bstd:32.1,StrandBias:1.3,Multiplicity:1.02
0.001	0.997	0.001	0.001
0.001	0.997	0.001	0.001
0.818	0.001	0.180	0.001
0.001	0.001	0.814	0.184
0.001	0.997	0.001	0.001
0.001	0.001	0.997	0.001
0.001	0.001	0.997	0.001
0.001	0.001	0.997	0.001
>CCAAGTTC	17-CCAAGTTC	8.660373	-15.773394	0	T:55.0(0.92%),B:169.2(0.42%),P:1e-6	Tpos:56.0,Tstd:32.3,Bpos:50.6,Bstd:28.6,StrandBias:1.3,Multiplicity:1.00
0.001	0.997	0.001	0.001
0.001	0.890	0.001	0.108
0.997	0.001	0.001	0.001
0.997	0.001	0.001	0.001
0.001	0.001	0.997	0.001
0.001	0.001	0.001	0.997
0.001	0.001	0.001	0.997
0.168	0.830	0.001	0.001
>ATCGATCG	18-ATCGATCG	8.676431	-14.944856	0	T:82.0(1.36%),B:302.6(0.75%),P:1e-6	Tpos:49.1,Tstd:30.6,Bpos:49.4,Bstd:30.2,StrandBias:0.2,Multiplicity:1.03
0.997	0.001	0.001	0.001
0.001	0.001	0.001	0.997
0.001	0.997	0.001	0.001
0.001	0.001	0.997	0.001
0.997	0.001	0.001	0.001
0.001	0.143	0.001	0.855
0.001	0.997	0.001	0.001
0.218	0.001	0.637	0.144
>TGTCAAAA	19-TGTCAAAA	8.236954	-14.360513	0	T:23.0(0.38%),B:45.2(0.11%),P:1e-6	Tpos:51.1,Tstd:31.7,Bpos:51.8,Bstd:27.8,StrandBias:3.2,Multiplicity:1.00
0.100	0.100	0.100	0.700
0.100	0.100	0.700	0.100
0.100	0.100	0.100	0.700
0.100	0.700	0.100	0.100
0.700	0.100	0.100	0.100
0.700	0.100	0.100	0.100
0.700	0.100	0.100	0.100
0.700	0.100	0.100	0.100
>TAGCTAGC	20-TAGCTAGC	6.617261	-12.864247	0	T:118.0(1.96%),B:508.2(1.25%),P:1e-5	Tpos:48.9,Tstd:28.3,Bpos:50.9,Bstd:34.7,StrandBias:-0.1,Multiplicity:1.09
0.001	0.001	0.001	0.997
0.997	0.001	0.001	0.001
0.001	0.001	0.882	0.116
0.001	0.896	0.102	0.001
0.001	0.001	0.001	0.997
0.997	0.001	0.001	0.001
0.001	0.001	0.944	0.054
0.001	0.862	0.136	0.001
>AGGGCGTG	21-AGGGCGTG	9.722249	-12.579837	0	T:84.0(1.40%),B:332.5(0.82%),P:1e-5	Tpos:49.1,Tstd:28.8,Bpos:48.3,Bstd:29.6,StrandBias:0.0,Multiplicity:1.00
0.738	0.260	0.001	0.001
0.001	0.001	0.997	0.001
0.001	0.001	0.997	0.001
0.001	0.001	0.997	0.001
0.001	0.997	0.001	0.001
0.001	0.001	0.997	0.001
0.001	0.001	0.001	0.997
0.001	0.001	0.997	0.001
