>CAGCAGGRNS	1-CAGCAGGRNS	4.538578	-1966.560583	0	T:1631.0(27.12%),B:1567.1(3.87%),P:1e-854	Tpos:52.8,Tstd:9.4,Bpos:49.8,Bstd:38.9,StrandBias:4.8,Multiplicity:1.04
0.001	0.997	0.001	0.001
0.997	0.001	0.001	0.001
0.001	0.001	0.997	0.001
0.001	0.997	0.001	0.001
0.997	0.001	0.001	0.001
0.001	0.001	0.997	0.001
0.001	0.001	0.997	0.001
0.536	0.001	0.462	0.001
0.227	0.291	0.312	0.170
0.001	0.538	0.430	0.031
>VCAGCAGCAG	2-VCAGCAGCAG	7.158335	-730.127486	0	T:1838.0(30.56%),B:4871.2(12.03%),P:1e-317	Tpos:51.5,Tstd:17.5,Bpos:49.4,Bstd:40.3,StrandBias:2.7,Multiplicity:1.09
0.256	0.228	0.369	0.147
0.147	0.783	0.034	0.036
0.769	0.036	0.056	0.139
0.036	0.101	0.843	0.020
0.001	0.988	0.010	0.001
0.988	0.001	0.001	0.010
0.001	0.001	0.997	0.001
0.301	0.634	0.013	0.052
0.857	0.001	0.141	0.001
0.266	0.062	0.590	0.082
>CAGCAGGBTA	3-CAGCAGGBTA	8.448411	-372.744350	0	T:389.0(6.47%),B:454.2(1.12%),P:1e-161	Tpos:52.9,Tstd:11.9,Bpos:51.1,Bstd:38.2,StrandBias:3.7,Multiplicity:1.01
0.001	0.890	0.088	0.021
0.890	0.001	0.040	0.069
0.021	0.021	0.909	0.049
0.048	0.840	0.111	0.001
0.997	0.001	0.001	0.001
0.001	0.011	0.987	0.001
0.119	0.001	0.760	0.120
0.001	0.307	0.392	0.300
0.106	0.173	0.227	0.494
0.837	0.001	0.060	0.102
>AGVAGGAGGA	4-AGVAGGAGGA	5.877265	-347.819348	0	T:1220.0(20.28%),B:3708.6(9.16%),P:1e-151	Tpos:53.1,Tstd:24.4,Bpos:49.3,Bstd:33.2,StrandBias:0.9,Multiplicity:1.09
0.563	0.072	0.180	0.185
0.200	0.015	0.601	0.184
0.218	0.263	0.338	0.181
0.752	0.165	0.018	0.065
0.104	0.293	0.590	0.013
0.211	0.309	0.466	0.015
0.663	0.016	0.305	0.016
0.240	0.103	0.437	0.220
0.400	0.016	0.569	0.015
0.476	0.097	0.197	0.230
>NCAGCAGGCN	5-NCAGCAGGCN	6.271293	-306.251049	0	T:341.0(5.67%),B:427.2(1.05%),P:1e-133	Tpos:55.0,Tstd:11.2,Bpos:50.2,Bstd:44.2,StrandBias:3.3,Multiplicity:1.00
0.308	0.224	0.231	0.237
0.138	0.578	0.148	0.136
0.547	0.154	0.145	0.154
0.148	0.148	0.557	0.147
0.151	0.558	0.146	0.145
0.542	0.160	0.145	0.153
0.159	0.142	0.561	0.138
0.143	0.158	0.548	0.151
0.159	0.546	0.151	0.144
0.265	0.252	0.249	0.234
>TGGTGTTGGT	6-TGGTGTTGGT	4.654898	-144.740156	0	T:1808.0(30.06%),B:8443.8(20.85%),P:1e-62	Tpos:50.6,Tstd:27.2,Bpos:50.3,Bstd:29.6,StrandBias:-1.1,Multiplicity:1.19
0.100	0.090	0.107	0.703
0.102	0.099	0.701	0.098
0.099	0.100	0.683	0.118
0.084	0.090	0.129	0.697
0.090	0.087	0.722	0.101
0.096	0.103	0.133	0.668
0.074	0.109	0.102	0.715
0.083	0.084	0.733	0.100
0.102	0.108	0.679	0.111
0.120	0.082	0.101	0.697
>AGTTCAGCAG	7-AGTTCAGCAG	9.528322	-144.678025	0	T:133.0(2.21%),B:133.6(0.33%),P:1e-62	Tpos:46.1,Tstd:22.0,Bpos:49.2,Bstd:33.1,StrandBias:2.1,Multiplicity:1.00
0.857	0.044	0.034	0.065
0.001	0.035	0.924	0.040
0.001	0.015	0.064	0.920
0.033	0.001	0.057	0.909
0.033	0.943	0.001	0.023
0.922	0.044	0.033	0.001
0.001	0.001	0.935	0.063
0.023	0.899	0.077	0.001
0.797	0.015	0.187	0.001
0.010	0.018	0.971	0.001
>TATATAYACA	8-TATATAYACA	6.087927	-62.538719	0	T:321.0(5.34%),B:1113.7(2.75%),P:1e-27	Tpos:33.7,Tstd:23.4,Bpos:50.9,Bstd:30.6,StrandBias:0.3,Multiplicity:1.14
0.006	0.132	0.096	0.766
0.812	0.024	0.001	0.163
0.053	0.170	0.001	0.776
0.917	0.001	0.081	0.001
0.171	0.248	0.064	0.517
0.918	0.001	0.080	0.001
0.238	0.336	0.033	0.393
0.681	0.095	0.223	0.001
0.241	0.495	0.022	0.242
0.428	0.254	0.144	0.174
>CSGCGBCGSC	9-CSGCGBCGSC	7.076176	-58.605507	0	T:1153.0(19.17%),B:5759.2(14.22%),P:1e-25	Tpos:51.5,Tstd:27.2,Bpos:50.1,Bstd:29.2,StrandBias:-0.0,Multiplicity:1.29
0.001	0.638	0.190	0.171
0.001	0.464	0.534	0.001
0.001	0.235	0.525	0.239
0.001	0.997	0.001	0.001
0.021	0.351	0.627	0.001
0.001	0.256	0.385	0.358
0.001	0.997	0.001	0.001
0.001	0.410	0.588	0.001
0.113	0.263	0.396	0.228
0.001	0.648	0.245	0.106
>CAGCAGTGGG	10-CAGCAGTGGG	10.464556	-55.429343	0	T:55.0(0.91%),B:62.7(0.15%),P:1e-24	Tpos:51.2,Tstd:16.8,Bpos:49.6,Bstd:27.0,StrandBias:1.8,Multiplicity:1.00
0.084	0.836	0.001	0.079
0.823	0.001	0.175	0.001
0.034	0.001	0.921	0.044
0.011	0.919	0.025	0.045
0.997	0.001	0.001	0.001
0.001	0.001	0.990	0.008
0.001	0.033	0.001	0.965
0.001	0.020	0.978	0.001
0.223	0.116	0.660	0.001
0.001	0.001	0.988	0.010
>TTCCCGATTC	11-TTCCCGATTC	9.699146	-43.378549	0	T:31.0(0.52%),B:23.2(0.06%),P:1e-18	Tpos:52.5,Tstd:28.9,Bpos:43.3,Bstd:27.4,StrandBias:0.8,Multiplicity:1.03
0.037	0.062	0.001	0.900
0.001	0.037	0.037	0.925
0.001	0.997	0.001	0.001
0.001	0.792	0.001	0.206
0.001	0.818	0.144	0.037
0.087	0.087	0.825	0.001
0.873	0.001	0.039	0.087
0.037	0.001	0.025	0.937
0.001	0.036	0.001	0.962
0.001	0.997	0.001	0.001
>CAAGAAGGCC	12-CAAGAAGGCC	9.632297	-38.442216	0	T:53.0(0.88%),B:85.1(0.21%),P:1e-16	Tpos:47.2,Tstd:24.0,Bpos:50.5,Bstd:27.8,StrandBias:2.2,Multiplicity:1.00
0.039	0.953	0.001	0.007
0.902	0.096	0.001	0.001
0.909	0.010	0.016	0.065
0.020	0.095	0.884	0.001
0.909	0.074	0.016	0.001
0.978	0.001	0.020	0.001
0.007	0.001	0.953	0.039
0.008	0.001	0.940	0.051
0.155	0.721	0.085	0.039
0.022	0.896	0.075	0.007
>CTACTACTAC	13-CTACTACTAC	6.882748	-36.316080	0	T:244.0(4.06%),B:934.5(2.31%),P:1e-15	Tpos:50.2,Tstd:28.0,Bpos:49.3,Bstd:28.7,StrandBias:0.5,Multiplicity:1.03
0.076	0.768	0.122	0.034
0.080	0.084	0.079	0.757
0.755	0.077	0.094	0.074
0.031	0.822	0.101	0.046
0.080	0.078	0.089	0.753
0.807	0.079	0.040	0.074
0.031	0.864	0.043	0.062
0.061	0.065	0.055	0.819
0.805	0.082	0.057	0.056
0.032	0.856	0.061	0.051
>GAGAGAGAGA	14-GAGAGAGAGA	6.712903	-35.754318	0	T:549.0(9.13%),B:2598.5(6.42%),P:1e-15	Tpos:55.9,Tstd:25.5,Bpos:49.0,Bstd:32.2,StrandBias:0.8,Multiplicity:1.07
0.103	0.064	0.778	0.055
0.835	0.085	0.047	0.033
0.043	0.047	0.829	0.081
0.778	0.080	0.097	0.045
0.071	0.051	0.775	0.103
0.824	0.080	0.054	0.042
0.081	0.060	0.792	0.067
0.797	0.058	0.089	0.056
0.076	0.045	0.815	0.064
0.780	0.058	0.091	0.071
>GTCGTTCTCG	15-GTCGTTCTCG	7.327938	-33.493836	0	T:155.0(2.58%),B:520.7(1.29%),P:1e-14	Tpos:49.7,Tstd:28.4,Bpos:51.5,Bstd:27.3,StrandBias:-0.7,Multiplicity:1.02
0.069	0.071	0.819	0.041
0.041	0.087	0.075	0.797
0.115	0.794	0.055	0.036
0.040	0.076	0.823	0.061
0.129	0.060	0.095	0.716
0.053	0.070	0.017	0.860
0.051	0.854	0.024	0.071
0.088	0.093	0.096	0.723
0.027	0.821	0.054	0.098
0.077	0.076	0.800	0.047
>CAMCTGCAGC	16-CAMCTGCAGC	10.985938	-33.060072	0	T:42.0(0.70%),B:63.3(0.16%),P:1e-14	Tpos:46.2,Tstd:19.0,Bpos:57.3,Bstd:32.6,StrandBias:0.7,Multiplicity:1.00
0.001	0.992	0.006	0.001
0.994	0.001	0.004	0.001
0.557	0.441	0.001	0.001
0.059	0.864	0.001	0.076
0.001	0.001	0.028	0.970
0.001	0.001	0.997	0.001
0.005	0.993	0.001	0.001
0.675	0.246	0.073	0.006
0.283	0.001	0.715	0.001
0.067	0.676	0.001	0.256
>ATAATAATAA	17-ATAATAATAA	6.746826	-32.721493	0	T:159.0(2.64%),B:544.8(1.35%),P:1e-14	Tpos:47.5,Tstd:29.8,Bpos:47.8,Bstd:27.6,StrandBias:0.6,Multiplicity:1.05
0.756	0.057	0.093	0.094
0.061	0.094	0.076	0.769
0.800	0.072	0.089	0.039
0.816	0.075	0.084	0.025
0.027	0.090	0.077	0.806
0.844	0.080	0.030	0.046
0.819	0.057	0.064	0.060
0.076	0.042	0.068	0.814
0.794	0.080	0.045	0.081
0.784	0.051	0.079	0.086
>GACGAGACGG	18-GACGAGACGG	7.430831	-30.815488	0	T:132.0(2.19%),B:430.6(1.06%),P:1e-13	Tpos:51.2,Tstd:27.3,Bpos:53.0,Bstd:25.8,StrandBias:0.2,Multiplicity:1.09
0.031	0.032	0.873	0.064
0.795	0.057	0.078	0.070
0.034	0.811	0.072	0.083
0.124	0.045	0.753	0.078
0.780	0.030	0.119	0.071
0.077	0.071	0.793	0.059
0.798	0.052	0.063	0.087
0.083	0.838	0.036	0.043
0.074	0.099	0.784	0.043
0.067	0.043	0.781	0.109
>ACACACACAC	19-ACACACACAC	7.137815	-30.222690	0	T:140.0(2.33%),B:471.9(1.17%),P:1e-13	Tpos:55.0,Tstd:26.4,Bpos:49.4,Bstd:31.3,StrandBias:1.0,Multiplicity:1.03
0.791	0.062	0.064	0.083
0.071	0.825	0.073	0.031
0.757	0.073	0.103	0.067
0.073	0.842	0.048	0.037
0.793	0.067	0.072	0.068
0.076	0.796	0.059	0.069
0.775	0.091	0.093	0.041
0.072	0.811	0.068	0.049
0.808	0.048	0.084	0.060
0.056	0.803	0.062	0.079
>GTGATCAGAT	20-GTGATCAGAT	10.413993	-24.291843	0	T:20.0(0.33%),B:19.1(0.05%),P:1e-10	Tpos:65.5,Tstd:24.4,Bpos:50.2,Bstd:31.2,StrandBias:-1.2,Multiplicity:1.00
0.112	0.016	0.871	0.001
0.001	0.004	0.016	0.979
0.225	0.001	0.773	0.001
0.922	0.076	0.001	0.001
0.165	0.001	0.001	0.833
0.189	0.606	0.204	0.001
0.811	0.001	0.001	0.187
0.001	0.001	0.997	0.001
0.730	0.262	0.001	0.007
0.001	0.112	0.001	0.886
>TGATCATGTT	21-TGATCATGTT	12.270481	-19.593866	0	T:11.0(0.18%),B:6.1(0.02%),P:1e-8	Tpos:53.7,Tstd:32.9,Bpos:41.6,Bstd:20.0,StrandBias:0.3,Multiplicity:1.00
0.001	0.001	0.001	0.997
0.001	0.001	0.997	0.001
0.997	0.001	0.001	0.001
0.001	0.001	0.001	0.997
0.001	0.789	0.001	0.209
0.997	0.001	0.001	0.001
0.001	0.001	0.001	0.997
0.001	0.001	0.997	0.001
0.001	0.001	0.001	0.997
0.001	0.001	0.001	0.997
>CCATTCMATT	22-CCATTCMATT	9.402139	-17.488227	0	T:29.0(0.48%),B:57.0(0.14%),P:1e-7	Tpos:56.8,Tstd:30.5,Bpos:55.4,Bstd:28.9,StrandBias:-0.7,Multiplicity:1.10
0.283	0.695	0.001	0.021
0.001	0.997	0.001	0.001
0.721	0.001	0.139	0.139
0.013	0.001	0.170	0.816
0.001	0.001	0.001	0.997
0.139	0.512	0.210	0.139
0.371	0.484	0.001	0.143
0.767	0.001	0.001	0.231
0.278	0.001	0.001	0.720
0.001	0.001	0.001	0.997
>CTAGCTGGTT	23-CTAGCTGGTT	10.296193	-17.285843	0	T:7.0(0.12%),B:2.6(0.01%),P:1e-7	Tpos:61.0,Tstd:28.9,Bpos:79.3,Bstd:9.3,StrandBias:0.4,Multiplicity:1.00
0.100	0.700	0.100	0.100
0.100	0.100	0.100	0.700
0.700	0.100	0.100	0.100
0.100	0.100	0.700	0.100
0.100	0.700	0.100	0.100
0.100	0.100	0.100	0.700
0.100	0.100	0.700	0.100
0.100	0.100	0.700	0.100
0.100	0.100	0.100	0.700
0.100	0.100	0.100	0.700
>GGAACCAAAG	24-GGAACCAAAG	10.296193	-12.319456	0	T:8.0(0.13%),B:6.3(0.02%),P:1e-5	Tpos:62.9,Tstd:18.0,Bpos:49.7,Bstd:30.4,StrandBias:1.3,Multiplicity:1.00
0.100	0.100	0.700	0.100
0.100	0.100	0.700	0.100
0.700	0.100	0.100	0.100
0.700	0.100	0.100	0.100
0.100	0.700	0.100	0.100
0.100	0.700	0.100	0.100
0.700	0.100	0.100	0.100
0.700	0.100	0.100	0.100
0.700	0.100	0.100	0.100
0.100	0.100	0.700	0.100
>CGACGACGTC	25-CGACGACGTC	10.296193	-8.371823	0	T:12.0(0.20%),B:23.3(0.06%),P:1e-3	Tpos:68.7,Tstd:19.8,Bpos:43.6,Bstd:20.2,StrandBias:1.0,Multiplicity:1.00
0.100	0.700	0.100	0.100
0.100	0.100	0.700	0.100
0.700	0.100	0.100	0.100
0.100	0.700	0.100	0.100
0.100	0.100	0.700	0.100
0.700	0.100	0.100	0.100
0.100	0.700	0.100	0.100
0.100	0.100	0.700	0.100
0.100	0.100	0.100	0.700
0.100	0.700	0.100	0.100
>VDGCAGCAGGRV	1-VDGCAGCAGGRV	7.210568	-1651.232085	0	T:2685.0(44.64%),B:5670.5(14.00%),P:1e-717	Tpos:51.1,Tstd:13.3,Bpos:50.0,Bstd:38.6,StrandBias:3.6,Multiplicity:1.14
0.244	0.370	0.256	0.131
0.355	0.202	0.221	0.222
0.196	0.245	0.433	0.125
0.001	0.968	0.030	0.001
0.997	0.001	0.001	0.001
0.001	0.001	0.997	0.001
0.001	0.849	0.149	0.001
0.997	0.001	0.001	0.001
0.001	0.001	0.997	0.001
0.096	0.292	0.611	0.001
0.445	0.231	0.298	0.026
0.286	0.281	0.322	0.111
>WVCAGCAGCAGB	2-WVCAGCAGCAGB	5.693978	-657.874774	0	T:2531.0(42.08%),B:8635.6(21.32%),P:1e-285	Tpos:50.9,Tstd:22.5,Bpos:50.2,Bstd:37.8,StrandBias:1.2,Multiplicity:1.13
0.357	0.187	0.204	0.252
0.263	0.278	0.311	0.148
0.065	0.710	0.129	0.096
0.898	0.004	0.017	0.081
0.036	0.075	0.850	0.039
0.071	0.890	0.036	0.003
0.869	0.041	0.001	0.089
0.108	0.046	0.781	0.065
0.029	0.950	0.007	0.014
0.926	0.001	0.015	0.058
0.010	0.007	0.947	0.036
0.152	0.306	0.221	0.322
>CCAGCAGAAAAA	3-CCAGCAGAAAAA	9.346978	-223.941235	0	T:194.0(3.23%),B:179.7(0.44%),P:1e-97	Tpos:51.0,Tstd:17.3,Bpos:48.7,Bstd:40.5,StrandBias:1.8,Multiplicity:1.03
0.080	0.741	0.097	0.082
0.079	0.919	0.001	0.001
0.823	0.048	0.032	0.097
0.080	0.001	0.871	0.048
0.096	0.855	0.048	0.001
0.791	0.064	0.064	0.081
0.064	0.080	0.855	0.001
0.823	0.048	0.096	0.033
0.790	0.065	0.097	0.048
0.790	0.097	0.081	0.032
0.871	0.049	0.048	0.032
0.871	0.048	0.080	0.001
>CGGCGGCGGCGG	4-CGGCGGCGGCGG	7.019562	-118.394723	0	T:1162.0(19.32%),B:5033.4(12.43%),P:1e-51	Tpos:52.4,Tstd:26.3,Bpos:50.1,Bstd:29.5,StrandBias:0.2,Multiplicity:1.22
0.093	0.620	0.197	0.090
0.120	0.125	0.706	0.049
0.114	0.185	0.634	0.067
0.078	0.775	0.066	0.081
0.130	0.069	0.794	0.007
0.069	0.196	0.714	0.021
0.021	0.879	0.033	0.067
0.122	0.032	0.845	0.001
0.103	0.087	0.752	0.058
0.045	0.779	0.165	0.011
0.109	0.113	0.770	0.008
0.149	0.223	0.582	0.046
>CACRGCAGCAAG	5-CACRGCAGCAAG	9.695014	-115.662020	0	T:172.0(2.86%),B:286.6(0.71%),P:1e-50	Tpos:51.8,Tstd:21.1,Bpos:43.8,Bstd:35.0,StrandBias:2.3,Multiplicity:1.00
0.023	0.905	0.071	0.001
0.800	0.001	0.198	0.001
0.216	0.782	0.001	0.001
0.409	0.056	0.416	0.119
0.023	0.287	0.689	0.001
0.191	0.760	0.001	0.048
0.784	0.023	0.192	0.001
0.001	0.297	0.701	0.001
0.167	0.682	0.150	0.001
0.997	0.001	0.001	0.001
0.657	0.001	0.341	0.001
0.001	0.001	0.975	0.023
>TCGTCGTCSTCG	6-TCGTCGTCSTCG	8.638402	-81.917022	0	T:378.0(6.28%),B:1256.2(3.10%),P:1e-35	Tpos:50.0,Tstd:27.9,Bpos:51.0,Bstd:29.0,StrandBias:-0.3,Multiplicity:1.07
0.086	0.154	0.140	0.620
0.001	0.896	0.052	0.051
0.026	0.230	0.640	0.104
0.108	0.035	0.137	0.720
0.001	0.971	0.023	0.005
0.051	0.270	0.618	0.061
0.083	0.085	0.101	0.731
0.001	0.983	0.011	0.005
0.033	0.472	0.442	0.053
0.006	0.050	0.055	0.889
0.001	0.927	0.058	0.014
0.065	0.275	0.633	0.027
>GHATATATATAT	7-GHATATATATAT	5.700552	-55.522742	0	T:333.0(5.54%),B:1223.9(3.02%),P:1e-24	Tpos:38.6,Tstd:26.9,Bpos:51.2,Bstd:29.3,StrandBias:-0.2,Multiplicity:1.07
0.045	0.163	0.501	0.291
0.227	0.237	0.185	0.351
0.507	0.026	0.250	0.217
0.121	0.070	0.118	0.691
0.632	0.038	0.263	0.067
0.064	0.169	0.019	0.748
0.774	0.022	0.054	0.150
0.115	0.022	0.016	0.847
0.812	0.016	0.083	0.089
0.064	0.169	0.045	0.722
0.706	0.038	0.112	0.144
0.113	0.019	0.108	0.760
>CAGCAGGTGAGT	8-CAGCAGGTGAGT	11.874828	-53.348226	0	T:20.0(0.33%),B:4.4(0.01%),P:1e-23	Tpos:50.5,Tstd:9.8,Bpos:28.2,Bstd:6.2,StrandBias:3.9,Multiplicity:1.00
0.001	0.997	0.001	0.001
0.997	0.001	0.001	0.001
0.001	0.001	0.997	0.001
0.001	0.997	0.001	0.001
0.775	0.075	0.075	0.075
0.001	0.001	0.997	0.001
0.001	0.001	0.997	0.001
0.001	0.001	0.001	0.997
0.001	0.074	0.924	0.001
0.849	0.075	0.075	0.001
0.075	0.075	0.849	0.001
0.075	0.175	0.075	0.675
>AAAAGCVACCAC	9-AAAAGCVACCAC	10.189314	-51.663599	0	T:39.0(0.65%),B:31.9(0.08%),P:1e-22	Tpos:51.8,Tstd:28.5,Bpos:49.3,Bstd:25.9,StrandBias:1.7,Multiplicity:1.00
0.861	0.001	0.137	0.001
0.896	0.102	0.001	0.001
0.826	0.001	0.172	0.001
0.691	0.138	0.170	0.001
0.001	0.138	0.794	0.067
0.034	0.795	0.170	0.001
0.276	0.343	0.211	0.170
0.828	0.170	0.001	0.001
0.034	0.931	0.034	0.001
0.001	0.829	0.067	0.103
0.997	0.001	0.001	0.001
0.204	0.794	0.001	0.001
>TTGGACACAGCA	10-TTGGACACAGCA	11.706006	-47.692470	0	T:17.0(0.28%),B:3.5(0.01%),P:1e-20	Tpos:56.4,Tstd:24.1,Bpos:57.5,Bstd:0.4,StrandBias:0.0,Multiplicity:1.00
0.096	0.001	0.336	0.567
0.160	0.080	0.080	0.680
0.079	0.001	0.919	0.001
0.001	0.001	0.997	0.001
0.839	0.080	0.080	0.001
0.001	0.919	0.001	0.079
0.835	0.001	0.163	0.001
0.001	0.997	0.001	0.001
0.903	0.016	0.001	0.080
0.001	0.001	0.997	0.001
0.001	0.919	0.079	0.001
0.839	0.001	0.080	0.080
>TTAGTGTAAAGA	11-TTAGTGTAAAGA	10.673048	-47.495886	0	T:13.0(0.22%),B:1.0(0.00%),P:1e-20	Tpos:34.8,Tstd:29.0,Bpos:18.2,Bstd:4.5,StrandBias:-0.7,Multiplicity:1.00
0.074	0.148	0.148	0.630
0.148	0.001	0.080	0.771
0.703	0.001	0.222	0.074
0.073	0.001	0.925	0.001
0.001	0.154	0.088	0.757
0.074	0.074	0.851	0.001
0.001	0.073	0.001	0.925
0.851	0.001	0.147	0.001
0.704	0.074	0.074	0.148
0.997	0.001	0.001	0.001
0.001	0.001	0.925	0.073
0.993	0.001	0.001	0.005
>CACCAACCCCAA	12-CACCAACCCCAA	8.911112	-45.565725	0	T:140.0(2.33%),B:387.2(0.96%),P:1e-19	Tpos:47.6,Tstd:26.4,Bpos:49.9,Bstd:27.6,StrandBias:1.4,Multiplicity:1.07
0.053	0.945	0.001	0.001
0.510	0.226	0.151	0.113
0.134	0.679	0.164	0.023
0.001	0.961	0.037	0.001
0.901	0.097	0.001	0.001
0.611	0.104	0.128	0.157
0.061	0.710	0.228	0.001
0.186	0.401	0.234	0.180
0.123	0.720	0.156	0.001
0.084	0.908	0.007	0.001
0.997	0.001	0.001	0.001
0.563	0.146	0.105	0.186
>GGAGTGGGTGGG	13-GGAGTGGGTGGG	9.571492	-45.475595	0	T:85.0(1.41%),B:173.5(0.43%),P:1e-19	Tpos:51.8,Tstd:27.9,Bpos:49.5,Bstd:26.7,StrandBias:-0.6,Multiplicity:1.03
0.001	0.066	0.869	0.064
0.083	0.084	0.832	0.001
0.792	0.073	0.066	0.069
0.082	0.001	0.916	0.001
0.101	0.078	0.045	0.776
0.082	0.001	0.851	0.066
0.094	0.001	0.872	0.033
0.084	0.062	0.853	0.001
0.133	0.045	0.050	0.772
0.099	0.001	0.838	0.062
0.061	0.094	0.795	0.050
0.094	0.001	0.828	0.077
>ACACACACGCAC	14-ACACACACGCAC	8.892998	-45.412657	0	T:99.0(1.65%),B:224.0(0.55%),P:1e-19	Tpos:52.7,Tstd:26.2,Bpos:50.4,Bstd:31.8,StrandBias:0.9,Multiplicity:1.04
0.832	0.058	0.097	0.013
0.040	0.867	0.053	0.040
0.813	0.071	0.103	0.013
0.026	0.921	0.040	0.013
0.873	0.026	0.088	0.013
0.079	0.858	0.062	0.001
0.881	0.040	0.053	0.026
0.080	0.765	0.098	0.057
0.212	0.093	0.655	0.040
0.027	0.893	0.040	0.040
0.867	0.026	0.080	0.027
0.014	0.783	0.137	0.066
>CACAGCAGCAGC	15-CACAGCAGCAGC	10.618192	-45.314102	0	T:82.0(1.36%),B:163.3(0.40%),P:1e-19	Tpos:46.3,Tstd:22.8,Bpos:55.6,Bstd:23.2,StrandBias:10.0,Multiplicity:1.00
0.001	0.997	0.001	0.001
0.981	0.001	0.017	0.001
0.051	0.847	0.051	0.051
0.807	0.065	0.051	0.077
0.026	0.090	0.807	0.077
0.026	0.802	0.129	0.043
0.724	0.103	0.142	0.031
0.072	0.051	0.834	0.043
0.180	0.718	0.051	0.051
0.802	0.051	0.146	0.001
0.180	0.051	0.679	0.090
0.001	0.997	0.001	0.001
>TTAATTAAGAGA	16-TTAATTAAGAGA	11.841589	-43.020972	0	T:12.0(0.20%),B:0.8(0.00%),P:1e-18	Tpos:38.8,Tstd:33.9,Bpos:59.2,Bstd:7.4,StrandBias:1.0,Multiplicity:1.00
0.001	0.001	0.001	0.997
0.181	0.001	0.181	0.637
0.625	0.001	0.181	0.193
0.818	0.180	0.001	0.001
0.261	0.001	0.001	0.737
0.001	0.001	0.001	0.997
0.818	0.001	0.001	0.180
0.997	0.001	0.001	0.001
0.180	0.001	0.818	0.001
0.997	0.001	0.001	0.001
0.001	0.001	0.636	0.362
0.997	0.001	0.001	0.001
>AGGATGTCCTTG	17-AGGATGTCCTTG	13.058969	-42.941523	0	T:17.0(0.28%),B:4.2(0.01%),P:1e-18	Tpos:52.2,Tstd:26.1,Bpos:43.6,Bstd:25.2,StrandBias:-1.7,Multiplicity:1.00
0.928	0.070	0.001	0.001
0.001	0.001	0.928	0.070
0.001	0.001	0.997	0.001
0.928	0.070	0.001	0.001
0.071	0.071	0.001	0.857
0.001	0.071	0.857	0.071
0.071	0.071	0.001	0.857
0.001	0.997	0.001	0.001
0.070	0.928	0.001	0.001
0.001	0.001	0.070	0.928
0.001	0.001	0.070	0.928
0.001	0.070	0.928	0.001
>GCGGBGGHGGHG	18-GCGGBGGHGGHG	8.862706	-39.678133	0	T:333.0(5.54%),B:1362.8(3.36%),P:1e-17	Tpos:52.1,Tstd:28.7,Bpos:49.9,Bstd:30.1,StrandBias:-0.8,Multiplicity:1.05
0.001	0.001	0.997	0.001
0.190	0.481	0.001	0.328
0.081	0.256	0.503	0.160
0.105	0.001	0.893	0.001
0.180	0.344	0.232	0.244
0.037	0.300	0.484	0.179
0.001	0.001	0.997	0.001
0.261	0.327	0.158	0.253
0.099	0.233	0.615	0.053
0.001	0.001	0.885	0.113
0.252	0.351	0.172	0.225
0.026	0.001	0.937	0.036
>AAGAGAGAGAGA	19-AAGAGAGAGAGA	7.485573	-39.356086	0	T:336.0(5.59%),B:1381.1(3.41%),P:1e-17	Tpos:57.5,Tstd:24.3,Bpos:48.2,Bstd:31.0,StrandBias:0.9,Multiplicity:1.06
0.522	0.168	0.246	0.064
0.729	0.063	0.184	0.024
0.094	0.047	0.835	0.024
0.923	0.024	0.052	0.001
0.072	0.040	0.841	0.047
0.854	0.064	0.081	0.001
0.001	0.047	0.929	0.023
0.843	0.047	0.109	0.001
0.047	0.023	0.929	0.001
0.865	0.023	0.111	0.001
0.092	0.001	0.884	0.023
0.902	0.001	0.096	0.001
>GAACTACACAAA	20-GAACTACACAAA	11.020831	-34.008122	0	T:23.0(0.38%),B:16.2(0.04%),P:1e-14	Tpos:51.4,Tstd:28.6,Bpos:54.9,Bstd:15.6,StrandBias:0.3,Multiplicity:1.00
0.001	0.076	0.778	0.145
0.724	0.206	0.001	0.069
0.930	0.001	0.001	0.068
0.282	0.716	0.001	0.001
0.069	0.146	0.138	0.647
0.922	0.001	0.069	0.008
0.275	0.723	0.001	0.001
0.997	0.001	0.001	0.001
0.001	0.721	0.277	0.001
0.861	0.001	0.001	0.137
0.997	0.001	0.001	0.001
0.997	0.001	0.001	0.001
>TCKAAATCTCCC	21-TCKAAATCTCCC	12.187113	-33.076139	0	T:15.0(0.25%),B:6.0(0.01%),P:1e-14	Tpos:55.7,Tstd:32.3,Bpos:63.1,Bstd:20.9,StrandBias:-0.2,Multiplicity:1.00
0.001	0.001	0.001	0.997
0.001	0.997	0.001	0.001
0.001	0.100	0.400	0.500
0.799	0.199	0.001	0.001
0.599	0.399	0.001	0.001
0.997	0.001	0.001	0.001
0.001	0.001	0.001	0.997
0.001	0.997	0.001	0.001
0.001	0.001	0.001	0.997
0.001	0.699	0.001	0.299
0.001	0.899	0.099	0.001
0.099	0.899	0.001	0.001
>CAAGAAGAAGGA	22-CAAGAAGAAGGA	9.808480	-32.653320	0	T:91.0(1.51%),B:241.3(0.60%),P:1e-14	Tpos:55.0,Tstd:26.4,Bpos:50.7,Bstd:33.6,StrandBias:1.4,Multiplicity:1.07
0.077	0.866	0.056	0.001
0.753	0.092	0.082	0.073
0.799	0.073	0.091	0.037
0.036	0.075	0.888	0.001
0.834	0.073	0.092	0.001
0.914	0.018	0.049	0.019
0.092	0.055	0.852	0.001
0.838	0.050	0.111	0.001
0.780	0.092	0.073	0.055
0.073	0.073	0.853	0.001
0.135	0.037	0.791	0.037
0.816	0.055	0.092	0.037
>AGGAACGCAVGA	23-AGGAACGCAVGA	13.523225	-31.137195	0	T:11.0(0.18%),B:2.3(0.01%),P:1e-13	Tpos:58.5,Tstd:16.6,Bpos:41.7,Bstd:12.4,StrandBias:10.0,Multiplicity:1.00
0.997	0.001	0.001	0.001
0.001	0.001	0.997	0.001
0.001	0.001	0.997	0.001
0.620	0.378	0.001	0.001
0.997	0.001	0.001	0.001
0.001	0.997	0.001	0.001
0.417	0.001	0.581	0.001
0.001	0.997	0.001	0.001
0.997	0.001	0.001	0.001
0.297	0.405	0.285	0.013
0.001	0.001	0.714	0.284
0.997	0.001	0.001	0.001
>CGGGMGGCGRGA	24-CGGGMGGCGRGA	9.367356	-30.258276	0	T:128.0(2.13%),B:416.0(1.03%),P:1e-13	Tpos:50.4,Tstd:27.5,Bpos:50.2,Bstd:30.6,StrandBias:-0.2,Multiplicity:1.04
0.001	0.731	0.267	0.001
0.232	0.220	0.476	0.073
0.001	0.001	0.997	0.001
0.001	0.001	0.997	0.001
0.487	0.511	0.001	0.001
0.145	0.001	0.853	0.001
0.001	0.001	0.997	0.001
0.036	0.962	0.001	0.001
0.001	0.001	0.997	0.001
0.487	0.001	0.511	0.001
0.219	0.183	0.597	0.001
0.962	0.001	0.036	0.001
>TCATCATACCAT	25-TCATCATACCAT	12.818613	-27.521368	0	T:10.0(0.17%),B:2.9(0.01%),P:1e-11	Tpos:58.9,Tstd:29.0,Bpos:57.5,Bstd:11.0,StrandBias:0.0,Multiplicity:1.00
0.001	0.180	0.001	0.818
0.001	0.997	0.001	0.001
0.997	0.001	0.001	0.001
0.001	0.001	0.001	0.997
0.001	0.997	0.001	0.001
0.818	0.180	0.001	0.001
0.180	0.001	0.001	0.818
0.590	0.228	0.181	0.001
0.180	0.818	0.001	0.001
0.001	0.997	0.001	0.001
0.997	0.001	0.001	0.001
0.001	0.001	0.001	0.997
>CAGCAG	1-CAGCAG	6.177716	-1767.243340	0	T:3112.0(51.74%),B:7244.4(17.89%),P:1e-767	Tpos:51.1,Tstd:14.9,Bpos:49.9,Bstd:40.9,StrandBias:3.5,Multiplicity:1.34
0.100	0.700	0.100	0.100
0.700	0.100	0.100	0.100
0.100	0.100	0.700	0.100
0.100	0.700	0.100	0.100
0.700	0.100	0.100	0.100
0.100	0.100	0.700	0.100
>CCTCCT	2-CCTCCT	6.727706	-868.339199	0	T:3209.0(53.35%),B:11271.4(27.83%),P:1e-377	Tpos:51.6,Tstd:25.6,Bpos:49.6,Bstd:34.6,StrandBias:-0.8,Multiplicity:1.31
0.001	0.997	0.001	0.001
0.001	0.997	0.001	0.001
0.001	0.001	0.001	0.997
0.001	0.499	0.207	0.293
0.001	0.997	0.001	0.001
0.001	0.001	0.001	0.997
>MTAYTA	3-MTAYTA	4.593696	-51.280872	0	T:1932.0(32.12%),B:10702.1(26.42%),P:1e-22	Tpos:47.6,Tstd:29.1,Bpos:50.0,Bstd:30.8,StrandBias:0.5,Multiplicity:1.46
0.427	0.445	0.001	0.127
0.387	0.001	0.047	0.565
0.997	0.001	0.001	0.001
0.160	0.489	0.001	0.350
0.306	0.001	0.001	0.692
0.997	0.001	0.001	0.001
>TATATA	4-TATATA	6.779482	-44.143571	0	T:353.0(5.87%),B:1423.1(3.51%),P:1e-19	Tpos:34.7,Tstd:24.3,Bpos:49.6,Bstd:31.4,StrandBias:0.4,Multiplicity:1.14
0.001	0.001	0.001	0.997
0.997	0.001	0.001	0.001
0.001	0.001	0.001	0.997
0.997	0.001	0.001	0.001
0.218	0.001	0.001	0.780
0.997	0.001	0.001	0.001
>CCGCCG	5-CCGCCG	6.566867	-43.465738	0	T:1297.0(21.56%),B:6910.8(17.06%),P:1e-18	Tpos:51.0,Tstd:28.2,Bpos:50.1,Bstd:31.0,StrandBias:-0.0,Multiplicity:1.47
0.001	0.997	0.001	0.001
0.001	0.799	0.199	0.001
0.001	0.001	0.997	0.001
0.001	0.997	0.001	0.001
0.001	0.883	0.115	0.001
0.001	0.001	0.997	0.001
>GAGAGA	6-GAGAGA	6.422183	-27.768642	0	T:822.0(13.67%),B:4350.2(10.74%),P:1e-12	Tpos:54.9,Tstd:26.0,Bpos:49.4,Bstd:32.6,StrandBias:0.5,Multiplicity:1.09
0.137	0.001	0.861	0.001
0.806	0.192	0.001	0.001
0.001	0.001	0.917	0.081
0.997	0.001	0.001	0.001
0.001	0.001	0.997	0.001
0.997	0.001	0.001	0.001
>CACCAC	7-CACCAC	6.936251	-26.364571	0	T:1063.0(17.67%),B:5860.2(14.47%),P:1e-11	Tpos:52.1,Tstd:28.3,Bpos:49.8,Bstd:30.2,StrandBias:0.9,Multiplicity:1.26
0.001	0.997	0.001	0.001
0.743	0.001	0.255	0.001
0.001	0.997	0.001	0.001
0.001	0.997	0.001	0.001
0.997	0.001	0.001	0.001
0.001	0.997	0.001	0.001
>GGGGGG	8-GGGGGG	4.928503	-25.820075	0	T:2111.0(35.10%),B:12557.3(31.00%),P:1e-11	Tpos:50.5,Tstd:28.2,Bpos:49.8,Bstd:30.6,StrandBias:-0.4,Multiplicity:1.31
0.001	0.001	0.940	0.058
0.001	0.208	0.790	0.001
0.001	0.184	0.742	0.073
0.001	0.091	0.855	0.053
0.111	0.048	0.730	0.111
0.001	0.001	0.997	0.001
>CGTCGT	9-CGTCGT	6.191441	-21.521443	0	T:848.0(14.10%),B:4656.5(11.50%),P:1e-9	Tpos:50.7,Tstd:28.5,Bpos:50.2,Bstd:28.8,StrandBias:-0.4,Multiplicity:1.24
0.001	0.845	0.153	0.001
0.001	0.001	0.997	0.001
0.001	0.001	0.001	0.997
0.209	0.789	0.001	0.001
0.001	0.001	0.997	0.001
0.001	0.001	0.001	0.997
>TCGATC	10-TCGATC	6.063881	-20.993539	0	T:628.0(10.44%),B:3327.8(8.22%),P:1e-9	Tpos:50.3,Tstd:28.7,Bpos:49.7,Bstd:30.0,StrandBias:-0.0,Multiplicity:1.16
0.001	0.193	0.001	0.805
0.001	0.997	0.001	0.001
0.001	0.001	0.997	0.001
0.997	0.001	0.001	0.001
0.001	0.001	0.001	0.997
0.001	0.866	0.001	0.132
>CACACA	11-CACACA	6.177716	-14.284470	0	T:332.0(5.52%),B:1702.9(4.20%),P:1e-6	Tpos:52.1,Tstd:26.2,Bpos:49.9,Bstd:33.0,StrandBias:1.1,Multiplicity:1.04
0.100	0.700	0.100	0.100
0.700	0.100	0.100	0.100
0.100	0.700	0.100	0.100
0.700	0.100	0.100	0.100
0.100	0.700	0.100	0.100
0.700	0.100	0.100	0.100
>CAGCAGGR	1-CAGCAGGR	4.161567	-2130.374323	0	T:1852.0(30.79%),B:1931.8(4.77%),P:1e-925	Tpos:52.1,Tstd:10.2,Bpos:49.8,Bstd:39.9,StrandBias:4.7,Multiplicity:1.04
0.001	0.997	0.001	0.001
0.997	0.001	0.001	0.001
0.001	0.001	0.997	0.001
0.001	0.997	0.001	0.001
0.997	0.001	0.001	0.001
0.001	0.001	0.997	0.001
0.001	0.001	0.997	0.001
0.419	0.174	0.406	0.001
>CAGMAGRR	2-CAGMAGRR	6.001881	-1263.555025	0	T:2397.0(39.85%),B:5531.3(13.66%),P:1e-548	Tpos:51.7,Tstd:22.8,Bpos:49.6,Bstd:34.9,StrandBias:1.5,Multiplicity:1.07
0.350	0.648	0.001	0.001
0.682	0.001	0.077	0.240
0.001	0.001	0.996	0.002
0.368	0.369	0.215	0.047
0.552	0.001	0.221	0.226
0.189	0.123	0.687	0.001
0.289	0.001	0.438	0.272
0.571	0.001	0.427	0.001
>AGCAGCAG	3-AGCAGCAG	5.501705	-1220.298020	0	T:2858.0(47.51%),B:7820.8(19.31%),P:1e-529	Tpos:51.0,Tstd:19.3,Bpos:49.8,Bstd:40.0,StrandBias:2.6,Multiplicity:1.14
0.798	0.036	0.078	0.088
0.067	0.066	0.841	0.026
0.001	0.997	0.001	0.001
0.997	0.001	0.001	0.001
0.001	0.045	0.953	0.001
0.024	0.901	0.048	0.027
0.975	0.001	0.023	0.001
0.040	0.035	0.860	0.065
>CARCRGCA	4-CARCRGCA	5.924946	-657.774843	0	T:2396.0(39.83%),B:7920.6(19.55%),P:1e-285	Tpos:51.3,Tstd:24.6,Bpos:50.0,Bstd:34.9,StrandBias:1.2,Multiplicity:1.09
0.083	0.804	0.038	0.075
0.659	0.031	0.112	0.198
0.392	0.034	0.401	0.173
0.001	0.997	0.001	0.001
0.453	0.086	0.406	0.055
0.164	0.048	0.705	0.083
0.164	0.564	0.108	0.164
0.828	0.001	0.167	0.004
>SGCSGCCG	5-SGCSGCCG	6.130467	-68.226795	0	T:1475.0(24.52%),B:7530.6(18.59%),P:1e-29	Tpos:51.7,Tstd:27.5,Bpos:50.2,Bstd:30.0,StrandBias:0.0,Multiplicity:1.32
0.001	0.540	0.458	0.001
0.001	0.194	0.804	0.001
0.095	0.853	0.044	0.008
0.001	0.478	0.520	0.001
0.001	0.001	0.997	0.001
0.001	0.917	0.081	0.001
0.001	0.575	0.423	0.001
0.001	0.001	0.997	0.001
>CCACCACC	6-CCACCACC	7.170327	-60.071255	0	T:616.0(10.24%),B:2662.8(6.57%),P:1e-26	Tpos:54.4,Tstd:28.4,Bpos:50.1,Bstd:28.8,StrandBias:0.6,Multiplicity:1.04
0.114	0.884	0.001	0.001
0.001	0.997	0.001	0.001
0.852	0.001	0.120	0.027
0.065	0.896	0.001	0.038
0.001	0.997	0.001	0.001
0.900	0.045	0.054	0.001
0.072	0.861	0.025	0.042
0.026	0.900	0.001	0.073
>TATATATA	7-TATATATA	4.871908	-51.099022	0	T:438.0(7.28%),B:1801.3(4.45%),P:1e-22	Tpos:36.5,Tstd:25.8,Bpos:51.0,Bstd:30.2,StrandBias:-0.0,Multiplicity:1.09
0.144	0.152	0.107	0.597
0.695	0.082	0.125	0.098
0.022	0.073	0.067	0.838
0.819	0.062	0.033	0.086
0.064	0.108	0.036	0.792
0.835	0.039	0.058	0.068
0.118	0.135	0.049	0.698
0.731	0.110	0.053	0.106
>TCGTCGTC	8-TCGTCGTC	5.860446	-50.614470	0	T:881.0(14.65%),B:4286.3(10.58%),P:1e-21	Tpos:51.2,Tstd:28.5,Bpos:49.8,Bstd:29.6,StrandBias:-0.1,Multiplicity:1.11
0.068	0.033	0.001	0.898
0.020	0.953	0.026	0.001
0.072	0.069	0.821	0.038
0.001	0.027	0.033	0.939
0.041	0.957	0.001	0.001
0.045	0.116	0.818	0.021
0.001	0.039	0.001	0.959
0.041	0.907	0.001	0.051
>GAGAKMGA	9-GAGAKMGA	6.439692	-43.725039	0	T:502.0(8.35%),B:2228.9(5.50%),P:1e-18	Tpos:53.9,Tstd:26.7,Bpos:50.4,Bstd:31.3,StrandBias:0.5,Multiplicity:1.10
0.090	0.001	0.677	0.232
0.781	0.217	0.001	0.001
0.001	0.001	0.810	0.188
0.908	0.022	0.001	0.069
0.001	0.001	0.447	0.551
0.445	0.553	0.001	0.001
0.001	0.001	0.932	0.066
0.997	0.001	0.001	0.001
>GTGTGTGT	10-GTGTGTGT	7.920885	-39.073658	0	T:166.0(2.76%),B:536.9(1.33%),P:1e-16	Tpos:50.3,Tstd:26.2,Bpos:48.2,Bstd:31.9,StrandBias:-1.5,Multiplicity:1.02
0.021	0.081	0.815	0.083
0.001	0.055	0.001	0.943
0.001	0.055	0.943	0.001
0.001	0.001	0.047	0.951
0.014	0.001	0.968	0.017
0.044	0.044	0.092	0.820
0.025	0.001	0.929	0.045
0.032	0.135	0.001	0.832
>ACGAGACG	11-ACGAGACG	6.473903	-34.011729	0	T:352.0(5.85%),B:1524.2(3.76%),P:1e-14	Tpos:49.8,Tstd:29.9,Bpos:50.7,Bstd:30.2,StrandBias:0.4,Multiplicity:1.06
0.940	0.001	0.001	0.058
0.001	0.941	0.057	0.001
0.156	0.038	0.805	0.001
0.953	0.001	0.045	0.001
0.102	0.046	0.727	0.125
0.829	0.056	0.072	0.043
0.050	0.948	0.001	0.001
0.001	0.060	0.938	0.001
>AATAATAA	12-AATAATAA	5.784562	-31.478783	0	T:301.0(5.00%),B:1278.9(3.16%),P:1e-13	Tpos:46.4,Tstd:29.8,Bpos:48.6,Bstd:30.0,StrandBias:0.2,Multiplicity:1.10
0.604	0.001	0.068	0.327
0.490	0.242	0.077	0.191
0.050	0.001	0.001	0.948
0.890	0.062	0.042	0.006
0.893	0.024	0.001	0.082
0.002	0.001	0.001	0.996
0.503	0.166	0.001	0.330
0.972	0.004	0.001	0.023
>ATCAACAA	13-ATCAACAA	7.136796	-31.207230	0	T:283.0(4.70%),B:1185.9(2.93%),P:1e-13	Tpos:51.6,Tstd:28.7,Bpos:49.4,Bstd:28.7,StrandBias:0.5,Multiplicity:1.03
0.909	0.001	0.089	0.001
0.047	0.016	0.075	0.862
0.001	0.997	0.001	0.001
0.852	0.020	0.112	0.016
0.924	0.044	0.001	0.031
0.001	0.934	0.064	0.001
0.747	0.105	0.042	0.106
0.939	0.059	0.001	0.001
>CTACTAST	14-CTACTAST	5.560359	-26.920800	0	T:499.0(8.30%),B:2449.6(6.05%),P:1e-11	Tpos:50.4,Tstd:29.5,Bpos:49.8,Bstd:29.9,StrandBias:0.3,Multiplicity:1.07
0.105	0.656	0.170	0.069
0.131	0.001	0.003	0.865
0.914	0.055	0.003	0.028
0.001	0.824	0.174	0.001
0.276	0.001	0.001	0.722
0.901	0.001	0.001	0.097
0.243	0.414	0.342	0.001
0.039	0.100	0.004	0.857
>CACGCCAC	15-CACGCCAC	8.961997	-26.352705	0	T:129.0(2.14%),B:445.8(1.10%),P:1e-11	Tpos:48.2,Tstd:27.7,Bpos:51.5,Bstd:25.6,StrandBias:0.6,Multiplicity:1.02
0.001	0.787	0.211	0.001
0.997	0.001	0.001	0.001
0.001	0.997	0.001	0.001
0.001	0.001	0.844	0.154
0.001	0.997	0.001	0.001
0.001	0.997	0.001	0.001
0.997	0.001	0.001	0.001
0.001	0.997	0.001	0.001
>TAGGGTTT	16-TAGGGTTT	8.396008	-22.698603	0	T:109.0(1.81%),B:375.3(0.93%),P:1e-9	Tpos:50.8,Tstd:26.2,Bpos:49.4,Bstd:26.8,StrandBias:-0.3,Multiplicity:1.05
0.001	0.095	0.156	0.748
0.997	0.001	0.001	0.001
0.001	0.001	0.997	0.001
0.001	0.001	0.997	0.001
0.001	0.001	0.906	0.092
0.001	0.001	0.001	0.997
0.001	0.001	0.001	0.997
0.001	0.001	0.001	0.997
>AAATTCCC	17-AAATTCCC	7.074293	-18.714322	0	T:102.0(1.70%),B:370.8(0.92%),P:1e-8	Tpos:49.0,Tstd:29.7,Bpos:49.7,Bstd:30.3,StrandBias:1.3,Multiplicity:1.01
0.997	0.001	0.001	0.001
0.926	0.001	0.072	0.001
0.846	0.001	0.001	0.152
0.001	0.001	0.001	0.997
0.017	0.137	0.001	0.845
0.001	0.997	0.001	0.001
0.052	0.946	0.001	0.001
0.001	0.997	0.001	0.001
>CACCCACC	18-CACCCACC	9.522859	-14.409218	0	T:100.0(1.66%),B:396.9(0.98%),P:1e-6	Tpos:50.3,Tstd:26.8,Bpos:52.0,Bstd:29.4,StrandBias:1.2,Multiplicity:1.09
0.001	0.997	0.001	0.001
0.997	0.001	0.001	0.001
0.001	0.785	0.001	0.213
0.001	0.997	0.001	0.001
0.001	0.997	0.001	0.001
0.997	0.001	0.001	0.001
0.001	0.997	0.001	0.001
0.001	0.997	0.001	0.001
>TGTCAAAA	19-TGTCAAAA	9.503901	-14.201486	0	T:43.0(0.71%),B:124.4(0.31%),P:1e-6	Tpos:52.5,Tstd:31.6,Bpos:56.4,Bstd:29.0,StrandBias:1.7,Multiplicity:1.00
0.001	0.001	0.001	0.997
0.001	0.209	0.789	0.001
0.001	0.001	0.001	0.997
0.001	0.997	0.001	0.001
0.997	0.001	0.001	0.001
0.997	0.001	0.001	0.001
0.997	0.001	0.001	0.001
0.997	0.001	0.001	0.001
