>CAGCAG	1-CAGCAG	6.177716	-608.336294	0	T:990.0(53.54%),B:7864.8(17.70%),P:1e-264	Tpos:60.2,Tstd:14.4,Bpos:50.4,Bstd:41.1,StrandBias:3.5,Multiplicity:1.35
0.100	0.700	0.100	0.100
0.700	0.100	0.100	0.100
0.100	0.100	0.700	0.100
0.100	0.700	0.100	0.100
0.700	0.100	0.100	0.100
0.100	0.100	0.700	0.100
>AGGAGA	2-AGGAGA	4.760139	-30.647760	0	T:876.0(47.38%),B:17248.2(38.82%),P:1e-13	Tpos:53.5,Tstd:27.3,Bpos:50.4,Bstd:34.3,StrandBias:0.6,Multiplicity:1.53
0.997	0.001	0.001	0.001
0.001	0.001	0.997	0.001
0.196	0.001	0.802	0.001
0.997	0.001	0.001	0.001
0.158	0.001	0.840	0.001
0.771	0.001	0.227	0.001
>TATATA	3-TATATA	5.929187	-21.541721	0	T:145.0(7.84%),B:2027.0(4.56%),P:1e-9	Tpos:38.2,Tstd:21.6,Bpos:50.4,Bstd:31.7,StrandBias:0.2,Multiplicity:1.18
0.001	0.115	0.001	0.883
0.833	0.052	0.061	0.054
0.001	0.150	0.001	0.848
0.850	0.001	0.001	0.148
0.001	0.001	0.001	0.997
0.997	0.001	0.001	0.001
>TKGTTT	4-TKGTTT	5.427839	-15.346768	0	T:205.0(11.09%),B:3439.3(7.74%),P:1e-6	Tpos:46.9,Tstd:29.0,Bpos:49.7,Bstd:31.8,StrandBias:-0.7,Multiplicity:1.08
0.001	0.001	0.291	0.707
0.069	0.123	0.477	0.331
0.160	0.001	0.704	0.135
0.123	0.001	0.353	0.523
0.001	0.001	0.001	0.997
0.192	0.001	0.160	0.647
>CGCCGS	5-CGCCGS	6.442062	-13.555146	0	T:598.0(32.34%),B:12155.6(27.36%),P:1e-5	Tpos:51.5,Tstd:28.5,Bpos:49.8,Bstd:31.7,StrandBias:0.0,Multiplicity:1.65
0.001	0.698	0.300	0.001
0.001	0.001	0.997	0.001
0.001	0.997	0.001	0.001
0.001	0.997	0.001	0.001
0.001	0.001	0.997	0.001
0.001	0.481	0.517	0.001
>TATTAW	6-TATTAW	5.157787	-12.017804	0	T:131.0(7.08%),B:2111.9(4.75%),P:1e-5	Tpos:39.5,Tstd:27.9,Bpos:50.1,Bstd:31.4,StrandBias:-0.0,Multiplicity:1.14
0.001	0.198	0.007	0.794
0.997	0.001	0.001	0.001
0.374	0.008	0.001	0.617
0.001	0.139	0.001	0.859
0.662	0.198	0.139	0.001
0.382	0.163	0.203	0.252
>CAATCA	7-CAATCA	4.388008	-11.137481	0	T:216.0(11.68%),B:3903.7(8.79%),P:1e-4	Tpos:48.6,Tstd:28.4,Bpos:49.6,Bstd:29.1,StrandBias:0.1,Multiplicity:1.11
0.001	0.997	0.001	0.001
0.835	0.001	0.163	0.001
0.997	0.001	0.001	0.001
0.001	0.001	0.001	0.997
0.001	0.997	0.001	0.001
0.876	0.001	0.122	0.001
>CACCAC	8-CACCAC	6.177716	-8.830080	0	T:190.0(10.28%),B:3505.5(7.89%),P:1e-3	Tpos:49.0,Tstd:27.7,Bpos:49.7,Bstd:31.0,StrandBias:1.1,Multiplicity:1.30
0.100	0.700	0.100	0.100
0.700	0.100	0.100	0.100
0.100	0.700	0.100	0.100
0.100	0.700	0.100	0.100
0.700	0.100	0.100	0.100
0.100	0.700	0.100	0.100
