>CAGCAGGR	1-CAGCAGGR	4.161567	-731.770353	0	T:607.0(32.83%),B:2156.8(4.85%),P:1e-317	Tpos:62.9,Tstd:10.4,Bpos:49.8,Bstd:40.2,StrandBias:4.9,Multiplicity:1.04
0.001	0.997	0.001	0.001
0.997	0.001	0.001	0.001
0.001	0.001	0.997	0.001
0.001	0.997	0.001	0.001
0.997	0.001	0.001	0.001
0.001	0.001	0.997	0.001
0.001	0.001	0.997	0.001
0.477	0.128	0.394	0.001
>TRCTGCTG	2-TRCTGCTG	7.625051	-155.169011	0	T:402.0(21.74%),B:3770.2(8.49%),P:1e-67	Tpos:59.8,Tstd:16.2,Bpos:50.5,Bstd:39.9,StrandBias:-2.9,Multiplicity:1.08
0.001	0.160	0.001	0.838
0.374	0.001	0.399	0.226
0.001	0.976	0.014	0.009
0.001	0.052	0.020	0.927
0.001	0.001	0.997	0.001
0.014	0.984	0.001	0.001
0.001	0.001	0.001	0.997
0.021	0.001	0.977	0.001
>HAATAATA	3-HAATAATA	5.680071	-29.603206	0	T:190.0(10.28%),B:2607.6(5.87%),P:1e-12	Tpos:43.0,Tstd:27.3,Bpos:49.1,Bstd:30.1,StrandBias:0.5,Multiplicity:1.08
0.334	0.196	0.168	0.301
0.997	0.001	0.001	0.001
0.755	0.001	0.161	0.083
0.001	0.343	0.001	0.655
0.843	0.155	0.001	0.001
0.686	0.163	0.150	0.001
0.001	0.247	0.144	0.608
0.646	0.001	0.191	0.162
>CACCACCC	4-CACCACCC	8.094527	-29.131887	0	T:117.0(6.33%),B:1341.3(3.02%),P:1e-12	Tpos:46.3,Tstd:28.4,Bpos:49.8,Bstd:29.9,StrandBias:1.5,Multiplicity:1.05
0.054	0.944	0.001	0.001
0.690	0.308	0.001	0.001
0.224	0.774	0.001	0.001
0.001	0.960	0.038	0.001
0.809	0.001	0.189	0.001
0.005	0.906	0.088	0.001
0.355	0.553	0.091	0.001
0.397	0.601	0.001	0.001
>CGCCGCCG	5-CGCCGCCG	7.396960	-25.285643	0	T:277.0(14.98%),B:4436.8(9.99%),P:1e-10	Tpos:56.1,Tstd:26.8,Bpos:49.6,Bstd:30.5,StrandBias:-0.1,Multiplicity:1.19
0.001	0.934	0.001	0.064
0.001	0.099	0.899	0.001
0.001	0.821	0.075	0.103
0.001	0.949	0.019	0.031
0.027	0.001	0.949	0.023
0.032	0.920	0.020	0.028
0.001	0.661	0.248	0.090
0.036	0.001	0.962	0.001
>TAATTAGG	6-TAATTAGG	7.101300	-25.227443	0	T:46.0(2.49%),B:339.8(0.76%),P:1e-10	Tpos:37.8,Tstd:27.1,Bpos:51.1,Bstd:28.0,StrandBias:-0.7,Multiplicity:1.00
0.046	0.001	0.001	0.952
0.697	0.150	0.037	0.116
0.951	0.018	0.030	0.001
0.231	0.020	0.007	0.742
0.001	0.001	0.001	0.997
0.981	0.017	0.001	0.001
0.001	0.001	0.997	0.001
0.109	0.065	0.764	0.062
>CTCGTCTT	7-CTCGTCTT	3.579139	-24.521308	0	T:175.0(9.46%),B:2487.5(5.60%),P:1e-10	Tpos:46.2,Tstd:28.2,Bpos:50.3,Bstd:29.1,StrandBias:-0.4,Multiplicity:1.04
0.001	0.610	0.388	0.001
0.001	0.001	0.001	0.997
0.035	0.806	0.001	0.158
0.001	0.001	0.997	0.001
0.042	0.005	0.001	0.952
0.001	0.997	0.001	0.001
0.354	0.001	0.001	0.644
0.001	0.001	0.001	0.997
>TATATATA	8-TATATATA	6.199385	-21.345206	0	T:87.0(4.71%),B:1012.0(2.28%),P:1e-9	Tpos:37.2,Tstd:19.3,Bpos:50.0,Bstd:32.1,StrandBias:0.2,Multiplicity:1.10
0.097	0.178	0.056	0.669
0.887	0.022	0.044	0.047
0.046	0.121	0.039	0.794
0.858	0.086	0.008	0.048
0.093	0.199	0.054	0.654
0.866	0.001	0.124	0.009
0.040	0.189	0.196	0.575
0.705	0.109	0.123	0.063
>CTCTCTCT	9-CTCTCTCT	7.224537	-21.227233	0	T:137.0(7.41%),B:1889.2(4.25%),P:1e-9	Tpos:59.1,Tstd:26.2,Bpos:51.4,Bstd:33.1,StrandBias:-0.6,Multiplicity:1.08
0.017	0.846	0.001	0.136
0.050	0.001	0.024	0.925
0.032	0.828	0.083	0.057
0.086	0.001	0.057	0.856
0.026	0.972	0.001	0.001
0.114	0.031	0.040	0.815
0.001	0.981	0.001	0.017
0.001	0.083	0.017	0.899
>TCGATCGA	10-TCGATCGA	9.074462	-20.317203	0	T:32.0(1.73%),B:214.1(0.48%),P:1e-8	Tpos:55.5,Tstd:25.1,Bpos:48.9,Bstd:27.7,StrandBias:0.6,Multiplicity:1.17
0.001	0.001	0.087	0.911
0.001	0.997	0.001	0.001
0.001	0.001	0.997	0.001
0.997	0.001	0.001	0.001
0.067	0.001	0.001	0.931
0.001	0.997	0.001	0.001
0.061	0.028	0.636	0.275
0.578	0.001	0.420	0.001
>GDCGKGGA	11-GDCGKGGA	7.792622	-17.068629	0	T:135.0(7.30%),B:1988.2(4.48%),P:1e-7	Tpos:48.0,Tstd:29.0,Bpos:50.0,Bstd:28.7,StrandBias:0.1,Multiplicity:1.07
0.001	0.001	0.997	0.001
0.338	0.001	0.355	0.307
0.001	0.908	0.001	0.090
0.001	0.001	0.997	0.001
0.001	0.001	0.460	0.538
0.339	0.001	0.659	0.001
0.001	0.001	0.797	0.201
0.975	0.023	0.001	0.001
>CAAACCAA	12-CAAACCAA	5.786797	-16.419333	0	T:153.0(8.27%),B:2357.3(5.31%),P:1e-7	Tpos:52.4,Tstd:28.8,Bpos:49.9,Bstd:31.4,StrandBias:0.7,Multiplicity:1.11
0.090	0.805	0.083	0.022
0.851	0.041	0.027	0.081
0.997	0.001	0.001	0.001
0.877	0.051	0.071	0.001
0.057	0.864	0.047	0.032
0.001	0.958	0.040	0.001
0.973	0.001	0.001	0.025
0.794	0.001	0.100	0.105
>GTACAAYT	13-GTACAAYT	8.046298	-15.218947	0	T:27.0(1.46%),B:202.8(0.46%),P:1e-6	Tpos:46.0,Tstd:29.3,Bpos:48.8,Bstd:27.1,StrandBias:0.0,Multiplicity:1.04
0.134	0.001	0.718	0.147
0.001	0.001	0.001	0.997
0.997	0.001	0.001	0.001
0.013	0.652	0.334	0.001
0.956	0.026	0.005	0.013
0.552	0.001	0.155	0.292
0.201	0.474	0.001	0.324
0.001	0.002	0.198	0.799
>GAGTAACG	14-GAGTAACG	8.236954	-14.459548	0	T:8.0(0.43%),B:16.8(0.04%),P:1e-6	Tpos:50.6,Tstd:29.9,Bpos:49.5,Bstd:20.0,StrandBias:0.7,Multiplicity:1.00
0.100	0.100	0.700	0.100
0.700	0.100	0.100	0.100
0.100	0.100	0.700	0.100
0.100	0.100	0.100	0.700
0.700	0.100	0.100	0.100
0.700	0.100	0.100	0.100
0.100	0.700	0.100	0.100
0.100	0.100	0.700	0.100
>TATAGCGA	15-TATAGCGA	8.236954	-11.507749	0	T:8.0(0.43%),B:24.5(0.06%),P:1e-4	Tpos:28.4,Tstd:13.3,Bpos:50.1,Bstd:20.8,StrandBias:0.7,Multiplicity:1.00
0.100	0.100	0.100	0.700
0.700	0.100	0.100	0.100
0.100	0.100	0.100	0.700
0.700	0.100	0.100	0.100
0.100	0.100	0.700	0.100
0.100	0.700	0.100	0.100
0.100	0.100	0.700	0.100
0.700	0.100	0.100	0.100
>GCGAAAGC	16-GCGAAAGC	8.236954	-10.749081	0	T:15.0(0.81%),B:97.1(0.22%),P:1e-4	Tpos:62.5,Tstd:25.6,Bpos:52.1,Bstd:38.0,StrandBias:1.5,Multiplicity:1.00
0.100	0.100	0.700	0.100
0.100	0.700	0.100	0.100
0.100	0.100	0.700	0.100
0.700	0.100	0.100	0.100
0.700	0.100	0.100	0.100
0.700	0.100	0.100	0.100
0.100	0.100	0.700	0.100
0.100	0.700	0.100	0.100
>GCGAGAAC	17-GCGAGAAC	8.236954	-10.193545	0	T:14.0(0.76%),B:90.7(0.20%),P:1e-4	Tpos:56.9,Tstd:25.0,Bpos:46.8,Bstd:34.2,StrandBias:-1.9,Multiplicity:1.00
0.100	0.100	0.700	0.100
0.100	0.700	0.100	0.100
0.100	0.100	0.700	0.100
0.700	0.100	0.100	0.100
0.100	0.100	0.700	0.100
0.700	0.100	0.100	0.100
0.700	0.100	0.100	0.100
0.100	0.700	0.100	0.100
