>CAGCAGGRGR	1-CAGCAGGRGR	8.620071	-632.505445	0	T:479.0(25.91%),B:1444.8(3.25%),P:1e-274	Tpos:64.4,Tstd:8.1,Bpos:49.7,Bstd:40.6,StrandBias:5.5,Multiplicity:1.03
0.001	0.997	0.001	0.001
0.988	0.001	0.001	0.010
0.001	0.001	0.997	0.001
0.001	0.997	0.001	0.001
0.997	0.001	0.001	0.001
0.001	0.001	0.997	0.001
0.001	0.077	0.921	0.001
0.558	0.001	0.440	0.001
0.289	0.116	0.461	0.134
0.339	0.179	0.383	0.100
>AMCAGCAGKN	2-AMCAGCAGKN	6.567835	-629.476926	0	T:865.0(46.78%),B:5762.7(12.97%),P:1e-273	Tpos:57.7,Tstd:17.2,Bpos:50.4,Bstd:39.0,StrandBias:2.7,Multiplicity:1.11
0.613	0.164	0.120	0.103
0.291	0.384	0.201	0.124
0.008	0.957	0.034	0.001
0.917	0.001	0.046	0.036
0.061	0.021	0.910	0.008
0.035	0.897	0.024	0.044
0.915	0.038	0.019	0.028
0.057	0.010	0.903	0.030
0.177	0.111	0.394	0.318
0.168	0.221	0.313	0.298
>CAGCAGGAGC	3-CAGCAGGAGC	7.887289	-194.370206	0	T:315.0(17.04%),B:2106.5(4.74%),P:1e-84	Tpos:60.1,Tstd:23.0,Bpos:50.7,Bstd:34.8,StrandBias:1.7,Multiplicity:1.03
0.001	0.893	0.105	0.001
0.837	0.017	0.001	0.145
0.001	0.001	0.997	0.001
0.021	0.840	0.138	0.001
0.613	0.145	0.166	0.076
0.158	0.001	0.734	0.107
0.191	0.032	0.776	0.001
0.789	0.209	0.001	0.001
0.042	0.186	0.482	0.289
0.177	0.636	0.186	0.001
>VGCAGCAGCR	4-VGCAGCAGCR	8.073736	-89.287023	0	T:325.0(17.58%),B:3595.3(8.09%),P:1e-38	Tpos:57.5,Tstd:22.0,Bpos:50.1,Bstd:35.4,StrandBias:1.6,Multiplicity:1.07
0.340	0.319	0.296	0.046
0.001	0.001	0.726	0.272
0.063	0.935	0.001	0.001
0.665	0.001	0.333	0.001
0.170	0.189	0.640	0.001
0.001	0.902	0.096	0.001
0.494	0.105	0.325	0.077
0.095	0.001	0.903	0.001
0.230	0.768	0.001	0.001
0.463	0.100	0.436	0.001
>GAAGCGGCMG	5-GAAGCGGCMG	8.275251	-57.981293	0	T:153.0(8.27%),B:1407.1(3.17%),P:1e-25	Tpos:46.2,Tstd:25.0,Bpos:48.1,Bstd:32.9,StrandBias:0.6,Multiplicity:1.02
0.001	0.001	0.997	0.001
0.677	0.085	0.237	0.001
0.947	0.001	0.001	0.051
0.001	0.026	0.972	0.001
0.001	0.837	0.066	0.096
0.291	0.073	0.635	0.001
0.076	0.184	0.739	0.001
0.007	0.540	0.140	0.313
0.456	0.445	0.098	0.001
0.001	0.001	0.942	0.056
>CCAGCAGGCC	6-CCAGCAGGCC	8.370977	-51.162866	0	T:119.0(6.44%),B:1013.0(2.28%),P:1e-22	Tpos:50.8,Tstd:27.5,Bpos:48.7,Bstd:34.1,StrandBias:1.6,Multiplicity:1.00
0.001	0.716	0.263	0.020
0.245	0.544	0.029	0.182
0.638	0.145	0.055	0.162
0.110	0.011	0.816	0.063
0.043	0.802	0.154	0.001
0.817	0.181	0.001	0.001
0.001	0.001	0.997	0.001
0.001	0.001	0.856	0.142
0.038	0.808	0.089	0.065
0.001	0.997	0.001	0.001
>GCAGCAGGTG	7-GCAGCAGGTG	8.133623	-41.635569	0	T:101.0(5.46%),B:885.6(1.99%),P:1e-18	Tpos:55.1,Tstd:27.1,Bpos:49.2,Bstd:33.5,StrandBias:0.9,Multiplicity:1.02
0.175	0.200	0.531	0.094
0.034	0.964	0.001	0.001
0.794	0.097	0.006	0.103
0.001	0.001	0.997	0.001
0.071	0.629	0.075	0.225
0.622	0.001	0.324	0.053
0.127	0.001	0.733	0.139
0.088	0.001	0.910	0.001
0.001	0.001	0.010	0.988
0.162	0.001	0.836	0.001
>ACCACACCAA	8-ACCACACCAA	7.999026	-33.990623	0	T:56.0(3.03%),B:377.2(0.85%),P:1e-14	Tpos:48.1,Tstd:26.5,Bpos:50.2,Bstd:25.5,StrandBias:0.9,Multiplicity:1.10
0.869	0.042	0.030	0.059
0.142	0.719	0.078	0.061
0.034	0.844	0.058	0.064
0.821	0.055	0.074	0.050
0.102	0.729	0.126	0.043
0.824	0.075	0.056	0.045
0.032	0.780	0.045	0.143
0.064	0.813	0.072	0.051
0.874	0.032	0.063	0.031
0.735	0.114	0.118	0.033
>TATATATATG	9-TATATATATG	6.727399	-33.980426	0	T:85.0(4.60%),B:762.6(1.72%),P:1e-14	Tpos:37.0,Tstd:21.5,Bpos:49.3,Bstd:30.9,StrandBias:0.0,Multiplicity:1.13
0.032	0.035	0.078	0.855
0.740	0.070	0.129	0.061
0.056	0.105	0.065	0.774
0.829	0.087	0.010	0.074
0.036	0.048	0.046	0.870
0.749	0.067	0.132	0.052
0.031	0.099	0.073	0.797
0.821	0.062	0.048	0.069
0.096	0.033	0.093	0.778
0.046	0.094	0.790	0.070
>ACTGTCCKGC	10-ACTGTCCKGC	8.832077	-33.941509	0	T:24.0(1.30%),B:64.9(0.15%),P:1e-14	Tpos:57.5,Tstd:25.1,Bpos:51.4,Bstd:26.6,StrandBias:1.3,Multiplicity:1.00
0.798	0.024	0.001	0.177
0.066	0.896	0.037	0.001
0.036	0.036	0.021	0.907
0.144	0.249	0.462	0.144
0.036	0.001	0.048	0.915
0.258	0.481	0.001	0.259
0.112	0.653	0.036	0.199
0.165	0.054	0.376	0.406
0.001	0.066	0.689	0.244
0.021	0.827	0.060	0.092
>AATCATAGGC	11-AATCATAGGC	10.744619	-33.172573	0	T:13.0(0.70%),B:11.1(0.02%),P:1e-14	Tpos:47.2,Tstd:19.4,Bpos:37.1,Bstd:30.3,StrandBias:3.6,Multiplicity:1.00
0.882	0.001	0.116	0.001
0.623	0.259	0.001	0.117
0.117	0.001	0.271	0.611
0.001	0.882	0.001	0.116
0.994	0.001	0.004	0.001
0.234	0.001	0.001	0.764
0.997	0.001	0.001	0.001
0.001	0.001	0.997	0.001
0.001	0.117	0.648	0.234
0.001	0.997	0.001	0.001
>GAATTGTACA	12-GAATTGTACA	11.361779	-31.014010	0	T:10.0(0.54%),B:5.3(0.01%),P:1e-13	Tpos:26.5,Tstd:13.3,Bpos:56.7,Bstd:19.1,StrandBias:3.2,Multiplicity:1.00
0.001	0.105	0.893	0.001
0.997	0.001	0.001	0.001
0.997	0.001	0.001	0.001
0.001	0.001	0.001	0.997
0.001	0.001	0.001	0.997
0.001	0.001	0.997	0.001
0.001	0.001	0.001	0.997
0.893	0.105	0.001	0.001
0.001	0.997	0.001	0.001
0.893	0.001	0.105	0.001
>ACCCCGTCCT	13-ACCCCGTCCT	11.764429	-30.923149	0	T:12.0(0.65%),B:10.2(0.02%),P:1e-13	Tpos:56.2,Tstd:23.5,Bpos:50.3,Bstd:14.6,StrandBias:-0.5,Multiplicity:1.00
0.997	0.001	0.001	0.001
0.001	0.997	0.001	0.001
0.001	0.872	0.001	0.126
0.001	0.997	0.001	0.001
0.001	0.997	0.001	0.001
0.001	0.001	0.997	0.001
0.001	0.001	0.001	0.997
0.001	0.997	0.001	0.001
0.001	0.997	0.001	0.001
0.001	0.001	0.001	0.997
>NGAGTAACGN	14-NGAGTAACGN	6.545386	-30.826904	0	T:7.0(0.38%),B:1.4(0.00%),P:1e-13	Tpos:51.1,Tstd:31.9,Bpos:61.7,Bstd:15.6,StrandBias:1.3,Multiplicity:1.00
0.255	0.213	0.231	0.301
0.177	0.135	0.540	0.148
0.563	0.145	0.123	0.169
0.170	0.170	0.516	0.144
0.156	0.120	0.127	0.597
0.577	0.137	0.122	0.164
0.590	0.121	0.127	0.162
0.164	0.524	0.140	0.172
0.168	0.132	0.550	0.150
0.240	0.252	0.227	0.281
>SCAGCARRCA	15-SCAGCARRCA	7.366377	-28.669414	0	T:85.0(4.60%),B:842.9(1.90%),P:1e-12	Tpos:53.1,Tstd:25.0,Bpos:50.4,Bstd:39.3,StrandBias:2.3,Multiplicity:1.00
0.051	0.522	0.383	0.044
0.320	0.571	0.060	0.049
0.477	0.075	0.256	0.192
0.064	0.160	0.567	0.209
0.248	0.632	0.053	0.067
0.559	0.391	0.027	0.023
0.346	0.193	0.343	0.117
0.387	0.034	0.507	0.072
0.064	0.818	0.076	0.042
0.867	0.028	0.058	0.047
>CCAAGATYAC	16-CCAAGATYAC	10.353481	-26.373671	0	T:13.0(0.70%),B:19.9(0.04%),P:1e-11	Tpos:39.3,Tstd:21.8,Bpos:52.4,Bstd:22.3,StrandBias:-0.7,Multiplicity:1.00
0.001	0.997	0.001	0.001
0.001	0.997	0.001	0.001
0.997	0.001	0.001	0.001
0.626	0.372	0.001	0.001
0.001	0.001	0.997	0.001
0.997	0.001	0.001	0.001
0.001	0.001	0.001	0.997
0.001	0.510	0.001	0.488
0.898	0.100	0.001	0.001
0.001	0.997	0.001	0.001
>GTACTAAGGA	17-GTACTAAGGA	11.818496	-26.011124	0	T:7.0(0.38%),B:2.9(0.01%),P:1e-11	Tpos:42.4,Tstd:34.8,Bpos:36.8,Bstd:16.1,StrandBias:-2.6,Multiplicity:1.00
0.001	0.001	0.997	0.001
0.001	0.001	0.001	0.997
0.997	0.001	0.001	0.001
0.001	0.997	0.001	0.001
0.001	0.001	0.001	0.997
0.997	0.001	0.001	0.001
0.997	0.001	0.001	0.001
0.001	0.001	0.865	0.133
0.001	0.001	0.997	0.001
0.997	0.001	0.001	0.001
>GAAAGCCCGA	18-GAAAGCCCGA	10.296193	-25.697863	0	T:6.0(0.32%),B:1.3(0.00%),P:1e-11	Tpos:65.3,Tstd:23.1,Bpos:35.0,Bstd:18.3,StrandBias:10.0,Multiplicity:1.00
0.100	0.100	0.700	0.100
0.700	0.100	0.100	0.100
0.700	0.100	0.100	0.100
0.700	0.100	0.100	0.100
0.100	0.100	0.700	0.100
0.100	0.700	0.100	0.100
0.100	0.700	0.100	0.100
0.100	0.700	0.100	0.100
0.100	0.100	0.700	0.100
0.700	0.100	0.100	0.100
>TAGCTAAAGT	19-TAGCTAAAGT	10.296193	-25.697863	0	T:6.0(0.32%),B:0.0(0.00%),P:1e-11	Tpos:63.0,Tstd:26.1,Bpos:0.0,Bstd:0.0,StrandBias:10.0,Multiplicity:1.00
0.100	0.100	0.100	0.700
0.700	0.100	0.100	0.100
0.100	0.100	0.700	0.100
0.100	0.700	0.100	0.100
0.100	0.100	0.100	0.700
0.700	0.100	0.100	0.100
0.700	0.100	0.100	0.100
0.700	0.100	0.100	0.100
0.100	0.100	0.700	0.100
0.100	0.100	0.100	0.700
>AAAAGAGGCT	20-AAAAGAGGCT	11.818496	-23.361499	0	T:8.0(0.43%),B:5.5(0.01%),P:1e-10	Tpos:62.0,Tstd:29.6,Bpos:49.2,Bstd:20.6,StrandBias:10.0,Multiplicity:1.00
0.997	0.001	0.001	0.001
0.997	0.001	0.001	0.001
0.997	0.001	0.001	0.001
0.997	0.001	0.001	0.001
0.001	0.001	0.997	0.001
0.865	0.001	0.001	0.133
0.001	0.001	0.997	0.001
0.001	0.001	0.997	0.001
0.001	0.997	0.001	0.001
0.001	0.001	0.001	0.997
>AGTCAGCATT	21-AGTCAGCATT	11.818496	-23.209098	0	T:7.0(0.38%),B:3.8(0.01%),P:1e-10	Tpos:36.9,Tstd:10.5,Bpos:69.7,Bstd:14.1,StrandBias:2.6,Multiplicity:1.00
0.997	0.001	0.001	0.001
0.001	0.001	0.997	0.001
0.001	0.001	0.001	0.997
0.001	0.997	0.001	0.001
0.865	0.001	0.133	0.001
0.001	0.001	0.997	0.001
0.001	0.997	0.001	0.001
0.997	0.001	0.001	0.001
0.001	0.001	0.001	0.997
0.001	0.001	0.001	0.997
>CSGSCCGSNV	22-CSGSCCGSNV	7.297279	-22.379629	0	T:266.0(14.39%),B:4342.8(9.78%),P:1e-9	Tpos:51.2,Tstd:28.4,Bpos:49.8,Bstd:30.2,StrandBias:-0.1,Multiplicity:1.10
0.001	0.997	0.001	0.001
0.001	0.556	0.442	0.001
0.003	0.261	0.485	0.250
0.001	0.466	0.503	0.030
0.001	0.997	0.001	0.001
0.061	0.546	0.334	0.059
0.001	0.001	0.997	0.001
0.001	0.505	0.493	0.001
0.313	0.223	0.274	0.190
0.346	0.253	0.401	0.001
>CCAGTTCACT	23-CCAGTTCACT	10.296193	-21.574500	0	T:6.0(0.32%),B:2.8(0.01%),P:1e-9	Tpos:63.2,Tstd:24.2,Bpos:44.0,Bstd:0.0,StrandBias:-2.3,Multiplicity:1.00
0.100	0.700	0.100	0.100
0.100	0.700	0.100	0.100
0.700	0.100	0.100	0.100
0.100	0.100	0.700	0.100
0.100	0.100	0.100	0.700
0.100	0.100	0.100	0.700
0.100	0.700	0.100	0.100
0.700	0.100	0.100	0.100
0.100	0.700	0.100	0.100
0.100	0.100	0.100	0.700
>ACCACCACCA	24-ACCACCACCA	9.590014	-18.740646	0	T:27.0(1.46%),B:169.6(0.38%),P:1e-8	Tpos:44.9,Tstd:28.5,Bpos:47.9,Bstd:25.7,StrandBias:2.8,Multiplicity:1.00
0.997	0.001	0.001	0.001
0.001	0.946	0.001	0.052
0.001	0.840	0.158	0.001
0.997	0.001	0.001	0.001
0.001	0.997	0.001	0.001
0.001	0.978	0.001	0.020
0.997	0.001	0.001	0.001
0.028	0.970	0.001	0.001
0.001	0.997	0.001	0.001
0.918	0.001	0.080	0.001
>TGGGCAGAAG	25-TGGGCAGAAG	10.516061	-17.571144	0	T:18.0(0.97%),B:82.4(0.19%),P:1e-7	Tpos:49.0,Tstd:22.1,Bpos:50.4,Bstd:36.8,StrandBias:3.0,Multiplicity:1.00
0.314	0.036	0.001	0.649
0.268	0.001	0.730	0.001
0.001	0.001	0.597	0.401
0.001	0.001	0.901	0.097
0.001	0.997	0.001	0.001
0.997	0.001	0.001	0.001
0.001	0.001	0.933	0.065
0.866	0.001	0.132	0.001
0.997	0.001	0.001	0.001
0.001	0.027	0.971	0.001
