>MGCAGCAGGAGS	1-MGCAGCAGGAGS	8.353231	-599.445908	0	T:672.0(36.34%),B:3480.3(7.83%),P:1e-260	Tpos:61.8,Tstd:12.7,Bpos:50.3,Bstd:39.7,StrandBias:4.1,Multiplicity:1.10
0.383	0.238	0.183	0.195
0.256	0.198	0.440	0.106
0.006	0.908	0.085	0.001
0.997	0.001	0.001	0.001
0.001	0.001	0.997	0.001
0.001	0.956	0.042	0.001
0.997	0.001	0.001	0.001
0.001	0.001	0.997	0.001
0.033	0.250	0.711	0.006
0.506	0.153	0.251	0.090
0.188	0.224	0.443	0.144
0.215	0.273	0.398	0.115
>CGCAGCAGCAGG	2-CGCAGCAGCAGG	5.990841	-192.714345	0	T:919.0(49.70%),B:12541.6(28.23%),P:1e-83	Tpos:52.8,Tstd:23.6,Bpos:50.3,Bstd:35.7,StrandBias:1.1,Multiplicity:1.23
0.177	0.442	0.219	0.162
0.120	0.114	0.683	0.083
0.100	0.679	0.174	0.047
0.515	0.182	0.157	0.146
0.049	0.109	0.837	0.005
0.017	0.803	0.164	0.016
0.582	0.124	0.157	0.137
0.029	0.049	0.914	0.008
0.114	0.710	0.141	0.035
0.546	0.145	0.182	0.127
0.158	0.066	0.716	0.060
0.146	0.186	0.591	0.077
>CCASCASCAGMA	3-CCASCASCAGMA	9.164370	-75.899885	0	T:130.0(7.03%),B:888.2(2.00%),P:1e-32	Tpos:48.7,Tstd:22.6,Bpos:48.8,Bstd:32.6,StrandBias:3.1,Multiplicity:1.03
0.001	0.845	0.057	0.097
0.081	0.811	0.011	0.097
0.903	0.001	0.040	0.056
0.016	0.472	0.491	0.021
0.001	0.943	0.036	0.020
0.978	0.020	0.001	0.001
0.183	0.389	0.408	0.020
0.230	0.663	0.001	0.106
0.785	0.041	0.140	0.034
0.073	0.349	0.577	0.001
0.324	0.432	0.020	0.224
0.813	0.101	0.077	0.009
>CAGCAGGRAGAG	4-CAGCAGGRAGAG	10.587697	-73.072181	0	T:47.0(2.54%),B:103.2(0.23%),P:1e-31	Tpos:58.4,Tstd:26.1,Bpos:48.6,Bstd:27.7,StrandBias:2.0,Multiplicity:1.00
0.121	0.741	0.137	0.001
0.546	0.097	0.156	0.201
0.065	0.001	0.902	0.032
0.214	0.666	0.119	0.001
0.909	0.001	0.001	0.089
0.001	0.064	0.903	0.032
0.333	0.001	0.531	0.135
0.491	0.097	0.379	0.033
0.869	0.001	0.001	0.129
0.294	0.097	0.608	0.001
0.976	0.022	0.001	0.001
0.310	0.001	0.567	0.122
>WGKCTCCWWGCT	5-WGKCTCCWWGCT	9.944957	-47.409316	0	T:14.0(0.76%),B:5.9(0.01%),P:1e-20	Tpos:44.5,Tstd:25.6,Bpos:53.2,Bstd:29.9,StrandBias:1.3,Multiplicity:1.00
0.566	0.001	0.001	0.432
0.001	0.001	0.997	0.001
0.001	0.001	0.552	0.446
0.001	0.997	0.001	0.001
0.001	0.001	0.001	0.997
0.001	0.985	0.001	0.013
0.001	0.997	0.001	0.001
0.446	0.001	0.001	0.552
0.566	0.001	0.001	0.432
0.001	0.001	0.997	0.001
0.001	0.997	0.001	0.001
0.001	0.001	0.001	0.997
>TTGATCGATCGG	6-TTGATCGATCGG	13.740561	-46.957993	0	T:10.0(0.54%),B:1.1(0.00%),P:1e-20	Tpos:59.6,Tstd:22.1,Bpos:49.0,Bstd:0.0,StrandBias:-1.2,Multiplicity:1.00
0.001	0.138	0.001	0.860
0.306	0.001	0.138	0.555
0.001	0.001	0.997	0.001
0.997	0.001	0.001	0.001
0.138	0.001	0.001	0.860
0.001	0.997	0.001	0.001
0.001	0.001	0.997	0.001
0.997	0.001	0.001	0.001
0.001	0.001	0.001	0.997
0.001	0.997	0.001	0.001
0.001	0.001	0.860	0.138
0.001	0.001	0.997	0.001
>GGAGAGYCTACT	7-GGAGAGYCTACT	13.774308	-41.471014	0	T:9.0(0.49%),B:1.9(0.00%),P:1e-18	Tpos:80.6,Tstd:9.5,Bpos:88.0,Bstd:0.0,StrandBias:0.3,Multiplicity:1.00
0.001	0.001	0.997	0.001
0.001	0.001	0.846	0.152
0.997	0.001	0.001	0.001
0.001	0.001	0.997	0.001
0.997	0.001	0.001	0.001
0.001	0.001	0.997	0.001
0.001	0.541	0.001	0.457
0.001	0.997	0.001	0.001
0.001	0.001	0.001	0.997
0.846	0.001	0.152	0.001
0.001	0.997	0.001	0.001
0.001	0.001	0.001	0.997
>CAATTGTACAAA	8-CAATTGTACAAA	13.793233	-36.089854	0	T:8.0(0.43%),B:0.5(0.00%),P:1e-15	Tpos:30.5,Tstd:13.2,Bpos:78.0,Bstd:0.0,StrandBias:10.0,Multiplicity:1.00
0.011	0.614	0.374	0.001
0.988	0.010	0.001	0.001
0.686	0.001	0.312	0.001
0.001	0.001	0.001	0.997
0.001	0.010	0.001	0.988
0.001	0.312	0.686	0.001
0.001	0.001	0.001	0.997
0.997	0.001	0.001	0.001
0.301	0.697	0.001	0.001
0.997	0.001	0.001	0.001
0.697	0.301	0.001	0.001
0.997	0.001	0.001	0.001
>ACAGGACGGGGT	9-ACAGGACGGGGT	13.999226	-35.269946	0	T:9.0(0.49%),B:2.2(0.00%),P:1e-15	Tpos:52.2,Tstd:23.9,Bpos:50.3,Bstd:12.6,StrandBias:1.8,Multiplicity:1.00
0.643	0.001	0.355	0.001
0.001	0.643	0.355	0.001
0.997	0.001	0.001	0.001
0.001	0.001	0.997	0.001
0.001	0.001	0.997	0.001
0.785	0.213	0.001	0.001
0.001	0.928	0.070	0.001
0.001	0.001	0.997	0.001
0.001	0.001	0.997	0.001
0.001	0.142	0.856	0.001
0.001	0.001	0.997	0.001
0.070	0.001	0.001	0.928
>ACCAGCAGTGAA	10-ACCAGCAGTGAA	11.540144	-35.215843	0	T:17.0(0.92%),B:23.3(0.05%),P:1e-15	Tpos:61.6,Tstd:6.7,Bpos:53.7,Bstd:41.4,StrandBias:10.0,Multiplicity:1.00
0.735	0.176	0.001	0.088
0.177	0.470	0.265	0.088
0.001	0.911	0.087	0.001
0.823	0.001	0.088	0.088
0.092	0.001	0.906	0.001
0.001	0.997	0.001	0.001
0.997	0.001	0.001	0.001
0.087	0.001	0.911	0.001
0.269	0.001	0.088	0.642
0.001	0.001	0.822	0.176
0.814	0.004	0.181	0.001
0.994	0.001	0.004	0.001
>GGGGCGCGCAGT	11-GGGGCGCGCAGT	12.355432	-30.826904	0	T:7.0(0.38%),B:0.0(0.00%),P:1e-13	Tpos:70.1,Tstd:23.6,Bpos:0.0,Bstd:0.0,StrandBias:10.0,Multiplicity:1.00
0.100	0.100	0.700	0.100
0.100	0.100	0.700	0.100
0.100	0.100	0.700	0.100
0.100	0.100	0.700	0.100
0.100	0.700	0.100	0.100
0.100	0.100	0.700	0.100
0.100	0.700	0.100	0.100
0.100	0.100	0.700	0.100
0.100	0.700	0.100	0.100
0.700	0.100	0.100	0.100
0.100	0.100	0.700	0.100
0.100	0.100	0.100	0.700
>GCAAGCATAGGC	12-GCAAGCATAGGC	12.355432	-30.826904	0	T:7.0(0.38%),B:0.5(0.00%),P:1e-13	Tpos:55.3,Tstd:13.2,Bpos:15.0,Bstd:0.0,StrandBias:10.0,Multiplicity:1.00
0.100	0.100	0.700	0.100
0.100	0.700	0.100	0.100
0.700	0.100	0.100	0.100
0.700	0.100	0.100	0.100
0.100	0.100	0.700	0.100
0.100	0.700	0.100	0.100
0.700	0.100	0.100	0.100
0.100	0.100	0.100	0.700
0.700	0.100	0.100	0.100
0.100	0.100	0.700	0.100
0.100	0.100	0.700	0.100
0.100	0.700	0.100	0.100
>STCAGSCTTGGG	13-STCAGSCTTGGG	13.460253	-30.581488	0	T:8.0(0.43%),B:2.5(0.01%),P:1e-13	Tpos:44.5,Tstd:18.4,Bpos:57.6,Bstd:25.0,StrandBias:1.6,Multiplicity:1.00
0.001	0.432	0.566	0.001
0.001	0.001	0.001	0.997
0.001	0.997	0.001	0.001
0.997	0.001	0.001	0.001
0.001	0.001	0.997	0.001
0.001	0.566	0.432	0.001
0.134	0.864	0.001	0.001
0.001	0.001	0.001	0.997
0.001	0.001	0.001	0.997
0.001	0.001	0.997	0.001
0.001	0.001	0.997	0.001
0.001	0.001	0.997	0.001
>AGCTAGCTCCCC	14-AGCTAGCTCCCC	13.040440	-27.374563	0	T:8.0(0.43%),B:3.1(0.01%),P:1e-11	Tpos:54.4,Tstd:30.7,Bpos:31.2,Bstd:27.1,StrandBias:-0.2,Multiplicity:1.00
0.997	0.001	0.001	0.001
0.001	0.001	0.997	0.001
0.001	0.997	0.001	0.001
0.001	0.001	0.001	0.997
0.997	0.001	0.001	0.001
0.001	0.001	0.997	0.001
0.001	0.997	0.001	0.001
0.001	0.001	0.001	0.997
0.001	0.583	0.415	0.001
0.001	0.997	0.001	0.001
0.083	0.915	0.001	0.001
0.001	0.583	0.415	0.001
>CGACGACGACGA	15-CGACGACGACGA	9.081069	-26.232012	0	T:82.0(4.43%),B:837.2(1.88%),P:1e-11	Tpos:51.2,Tstd:27.7,Bpos:50.4,Bstd:25.2,StrandBias:0.5,Multiplicity:1.01
0.001	0.893	0.050	0.056
0.039	0.088	0.861	0.012
0.789	0.057	0.111	0.043
0.031	0.843	0.032	0.094
0.015	0.036	0.948	0.001
0.733	0.063	0.135	0.069
0.045	0.856	0.039	0.060
0.016	0.063	0.896	0.025
0.796	0.064	0.083	0.057
0.056	0.844	0.084	0.016
0.066	0.079	0.813	0.042
0.734	0.142	0.069	0.055
>TTTTATTGGCGA	16-TTTTATTGGCGA	10.409522	-26.011124	0	T:7.0(0.38%),B:2.9(0.01%),P:1e-11	Tpos:30.7,Tstd:2.6,Bpos:48.3,Bstd:12.0,StrandBias:-1.3,Multiplicity:1.00
0.100	0.100	0.100	0.700
0.100	0.100	0.100	0.700
0.100	0.100	0.100	0.700
0.100	0.100	0.100	0.700
0.700	0.100	0.100	0.100
0.100	0.100	0.100	0.700
0.100	0.100	0.100	0.700
0.100	0.100	0.700	0.100
0.100	0.100	0.700	0.100
0.100	0.700	0.100	0.100
0.100	0.100	0.700	0.100
0.700	0.100	0.100	0.100
>TGAGTAACGAAA	17-TGAGTAACGAAA	8.572191	-25.831555	0	T:26.0(1.41%),B:112.3(0.25%),P:1e-11	Tpos:48.8,Tstd:29.7,Bpos:47.2,Bstd:31.7,StrandBias:1.4,Multiplicity:1.00
0.137	0.068	0.160	0.635
0.023	0.091	0.840	0.046
0.750	0.068	0.068	0.114
0.068	0.114	0.772	0.046
0.161	0.070	0.182	0.587
0.667	0.068	0.241	0.024
0.770	0.001	0.138	0.091
0.196	0.572	0.115	0.117
0.068	0.046	0.816	0.070
0.955	0.001	0.022	0.022
0.840	0.046	0.046	0.068
0.804	0.046	0.104	0.046
>MATAYATATATA	18-MATAYATATATA	5.440573	-25.719750	0	T:175.0(9.46%),B:2449.0(5.51%),P:1e-11	Tpos:40.6,Tstd:22.7,Bpos:49.6,Bstd:30.7,StrandBias:0.4,Multiplicity:1.13
0.298	0.410	0.089	0.203
0.662	0.173	0.057	0.108
0.132	0.148	0.176	0.544
0.607	0.113	0.202	0.078
0.164	0.476	0.001	0.359
0.931	0.044	0.001	0.024
0.242	0.202	0.064	0.492
0.830	0.020	0.121	0.029
0.064	0.144	0.054	0.738
0.745	0.044	0.142	0.069
0.093	0.323	0.054	0.530
0.898	0.035	0.034	0.033
>GGACGGCGCGTG	19-GGACGGCGCGTG	12.355432	-25.697863	0	T:6.0(0.32%),B:1.3(0.00%),P:1e-11	Tpos:18.7,Tstd:3.0,Bpos:17.7,Bstd:8.0,StrandBias:0.0,Multiplicity:1.00
0.100	0.100	0.700	0.100
0.100	0.100	0.700	0.100
0.700	0.100	0.100	0.100
0.100	0.700	0.100	0.100
0.100	0.100	0.700	0.100
0.100	0.100	0.700	0.100
0.100	0.700	0.100	0.100
0.100	0.100	0.700	0.100
0.100	0.700	0.100	0.100
0.100	0.100	0.700	0.100
0.100	0.100	0.100	0.700
0.100	0.100	0.700	0.100
>TTCTCCCCTCTA	20-TTCTCCCCTCTA	12.355432	-25.697863	0	T:6.0(0.32%),B:0.0(0.00%),P:1e-11	Tpos:31.7,Tstd:5.5,Bpos:0.0,Bstd:0.0,StrandBias:10.0,Multiplicity:1.00
0.100	0.100	0.100	0.700
0.100	0.100	0.100	0.700
0.100	0.700	0.100	0.100
0.100	0.100	0.100	0.700
0.100	0.700	0.100	0.100
0.100	0.700	0.100	0.100
0.100	0.700	0.100	0.100
0.100	0.700	0.100	0.100
0.100	0.100	0.100	0.700
0.100	0.700	0.100	0.100
0.100	0.100	0.100	0.700
0.700	0.100	0.100	0.100
>SCGCCKWTWTAG	21-SCGCCKWTWTAG	12.186549	-25.109885	0	T:8.0(0.43%),B:4.5(0.01%),P:1e-10	Tpos:30.8,Tstd:11.5,Bpos:21.9,Bstd:17.5,StrandBias:2.8,Multiplicity:1.00
0.001	0.566	0.432	0.001
0.001	0.997	0.001	0.001
0.001	0.001	0.997	0.001
0.001	0.997	0.001	0.001
0.001	0.997	0.001	0.001
0.001	0.001	0.432	0.566
0.566	0.001	0.001	0.432
0.001	0.001	0.001	0.997
0.440	0.001	0.001	0.558
0.001	0.001	0.001	0.997
0.997	0.001	0.001	0.001
0.001	0.001	0.880	0.118
>CTGATCATCAGA	22-CTGATCATCAGA	12.457756	-25.109885	0	T:8.0(0.43%),B:4.3(0.01%),P:1e-10	Tpos:29.8,Tstd:24.3,Bpos:26.5,Bstd:15.4,StrandBias:-0.6,Multiplicity:1.00
0.001	0.997	0.001	0.001
0.001	0.001	0.001	0.997
0.147	0.001	0.705	0.147
0.704	0.001	0.001	0.294
0.001	0.001	0.001	0.997
0.001	0.704	0.294	0.001
0.997	0.001	0.001	0.001
0.001	0.001	0.001	0.997
0.001	0.997	0.001	0.001
0.735	0.263	0.001	0.001
0.001	0.001	0.997	0.001
0.852	0.001	0.146	0.001
>CGCASCCSCASC	23-CGCASCCSCASC	9.931902	-23.172917	0	T:41.0(2.22%),B:297.0(0.67%),P:1e-10	Tpos:51.4,Tstd:30.1,Bpos:58.0,Bstd:26.4,StrandBias:1.0,Multiplicity:1.00
0.074	0.895	0.030	0.001
0.217	0.146	0.401	0.235
0.030	0.939	0.030	0.001
0.815	0.075	0.109	0.001
0.030	0.355	0.493	0.121
0.001	0.677	0.063	0.259
0.310	0.629	0.030	0.031
0.032	0.408	0.437	0.123
0.021	0.856	0.091	0.032
0.918	0.031	0.021	0.030
0.030	0.376	0.379	0.214
0.030	0.787	0.024	0.159
>CCGTAGCGCGCC	24-CCGTAGCGCGCC	12.194553	-21.055536	0	T:10.0(0.54%),B:14.6(0.03%),P:1e-9	Tpos:37.6,Tstd:32.0,Bpos:59.3,Bstd:29.8,StrandBias:1.2,Multiplicity:1.00
0.001	0.925	0.073	0.001
0.001	0.925	0.073	0.001
0.001	0.147	0.851	0.001
0.148	0.074	0.074	0.704
0.684	0.074	0.078	0.164
0.073	0.001	0.925	0.001
0.001	0.851	0.147	0.001
0.001	0.001	0.997	0.001
0.148	0.777	0.074	0.001
0.001	0.001	0.925	0.073
0.001	0.851	0.074	0.074
0.074	0.614	0.311	0.001
>ACACCAGCCGTA	25-ACACCAGCCGTA	10.409522	-16.183160	0	T:6.0(0.32%),B:5.2(0.01%),P:1e-7	Tpos:60.8,Tstd:21.0,Bpos:42.6,Bstd:23.8,StrandBias:10.0,Multiplicity:1.00
0.700	0.100	0.100	0.100
0.100	0.700	0.100	0.100
0.700	0.100	0.100	0.100
0.100	0.700	0.100	0.100
0.100	0.700	0.100	0.100
0.700	0.100	0.100	0.100
0.100	0.100	0.700	0.100
0.100	0.700	0.100	0.100
0.100	0.700	0.100	0.100
0.100	0.100	0.700	0.100
0.100	0.100	0.100	0.700
0.700	0.100	0.100	0.100
