Now running MotifSetReduce.pl with arguments -m cluster9.meme -l 5 -t 0.09 -c 0.5 ...



Consensus motifs at merging threshold 0.09:

DE	motif_10_40m (6 positions) IC=  7.608
0.006	0.018	0.077	0.900	T	1.430
0.002	0.929	0.012	0.057	C	1.568
0.115	0.707	0.175	0.003	C	0.824
0.907	0.038	0.052	0.003	A	1.443
0.036	0.052	0.106	0.807	T	1.014
0.026	0.882	0.016	0.076	C	1.327
XX

DE	motif_10_17mmt (7 positions) IC=  5.124
0.050	0.057	0.263	0.630	T	0.620
0.062	0.192	0.641	0.105	G	0.542
0.287	0.034	0.664	0.015	G	0.835
0.799	0.051	0.050	0.100	A	0.976
0.108	0.049	0.073	0.770	T	0.873
0.182	0.075	0.638	0.104	G	0.518
0.301	0.032	0.638	0.029	G	0.761
XX
