Now running MotifSetReduce.pl with arguments -m cluster1.meme -l 5 -t 0.09 -c 0.5 ...



Consensus motifs at merging threshold 0.09:

DE	motif_train1_93 (8 positions) IC= 14.932
0.001	0.997	0.001	0.001	C	1.966
0.997	0.001	0.001	0.001	A	1.966
0.001	0.001	0.997	0.001	G	1.966
0.001	0.997	0.001	0.001	C	1.966
0.820	0.138	0.001	0.041	A	1.172
0.997	0.001	0.001	0.001	A	1.966
0.001	0.001	0.997	0.001	G	1.966
0.001	0.997	0.001	0.001	C	1.966
XX

DE	motif_train2_10t (9 positions) IC= 12.009
0.001	0.599	0.158	0.242	Y	0.631
0.223	0.015	0.153	0.609	T	0.576
0.964	0.001	0.033	0.002	A	1.759
0.001	0.001	0.996	0.002	G	1.956
0.001	0.001	0.997	0.001	G	1.966
0.152	0.058	0.725	0.065	G	0.756
0.001	0.033	0.001	0.965	T	1.768
0.001	0.001	0.001	0.997	T	1.966
0.274	0.139	0.001	0.586	W	0.631
XX

DE	motif_10_29mmmm (6 positions) IC=  6.625
0.023	0.133	0.048	0.797	T	1.018
0.030	0.915	0.029	0.026	C	1.446
0.065	0.055	0.836	0.044	G	1.101
0.056	0.174	0.040	0.730	T	0.811
0.032	0.842	0.030	0.096	C	1.157
0.049	0.071	0.047	0.834	T	1.092
XX

DE	motif_10_2m (9 positions) IC=  6.578
0.215	0.018	0.754	0.013	G	1.028
0.277	0.030	0.686	0.007	G	0.914
0.419	0.013	0.556	0.012	R	0.848
0.611	0.165	0.116	0.108	A	0.428
0.157	0.197	0.507	0.140	N	0.226
0.069	0.109	0.662	0.161	G	0.570
0.108	0.203	0.684	0.004	G	0.779
0.237	0.007	0.747	0.009	G	1.082
0.587	0.005	0.334	0.073	R	0.702
XX

DE	motif_train2_31m (7 positions) IC=  6.311
0.018	0.136	0.085	0.761	T	0.901
0.007	0.084	0.665	0.244	G	0.764
0.042	0.423	0.429	0.106	S	0.418
0.005	0.197	0.056	0.742	T	0.946
0.005	0.056	0.032	0.907	T	1.442
0.004	0.184	0.057	0.755	T	0.979
0.006	0.073	0.713	0.209	G	0.862
XX

DE	motif_10_32mmmmmt (5 positions) IC=  5.922
0.916	0.021	0.025	0.038	A	1.457
0.844	0.070	0.061	0.025	A	1.144
0.187	0.724	0.044	0.045	C	0.809
0.019	0.867	0.099	0.015	C	1.293
0.073	0.862	0.033	0.032	C	1.218
XX

DE	motif_train1_81mmm (6 positions) IC=  5.466
0.898	0.024	0.070	0.008	A	1.406
0.907	0.053	0.036	0.003	A	1.446
0.346	0.184	0.347	0.124	N	0.118
0.045	0.657	0.223	0.074	C	0.639
0.621	0.211	0.159	0.008	A	0.619
0.849	0.041	0.106	0.004	A	1.237
XX

DE	motif_train3_31mmmmmmm (5 positions) IC=  5.422
0.700	0.154	0.102	0.044	A	0.690
0.973	0.007	0.015	0.005	A	1.780
0.807	0.062	0.075	0.056	A	0.988
0.203	0.558	0.091	0.149	M	0.340
0.024	0.947	0.021	0.008	C	1.622
XX

DE	motif_10_5mmmmm (5 positions) IC=  4.602
0.010	0.854	0.015	0.122	C	1.279
0.014	0.320	0.297	0.369	N	0.336
0.026	0.321	0.036	0.617	T	0.735
0.009	0.799	0.027	0.166	C	1.110
0.016	0.103	0.047	0.834	T	1.142
XX

DE	motif_train9_66 (6 positions) IC=  3.859
0.100	0.700	0.100	0.100	C	0.643
0.100	0.100	0.700	0.100	G	0.643
0.700	0.100	0.100	0.100	A	0.643
0.100	0.100	0.700	0.100	G	0.643
0.700	0.100	0.100	0.100	A	0.643
0.100	0.700	0.100	0.100	C	0.643
XX

DE	motif_train1_27mmmmm (6 positions) IC=  3.653
0.098	0.648	0.109	0.145	C	0.514
0.094	0.722	0.076	0.108	C	0.711
0.112	0.758	0.053	0.077	C	0.833
0.342	0.303	0.166	0.188	N	0.065
0.103	0.696	0.071	0.131	C	0.644
0.083	0.777	0.055	0.085	C	0.886
XX

DE	motif_10_65mm (5 positions) IC=  3.442
0.095	0.183	0.597	0.125	S	0.411
0.130	0.152	0.080	0.639	T	0.501
0.043	0.770	0.088	0.099	C	0.875
0.064	0.065	0.103	0.767	T	0.857
0.045	0.742	0.081	0.132	C	0.799
XX

DE	motif_train1_3m (5 positions) IC=  3.436
0.198	0.609	0.129	0.064	C	0.467
0.159	0.147	0.192	0.502	N	0.215
0.026	0.056	0.093	0.826	T	1.088
0.015	0.695	0.053	0.237	C	0.826
0.103	0.762	0.078	0.057	C	0.841
XX

DE	motif_train2_27m (5 positions) IC=  3.357
0.265	0.503	0.008	0.224	M	0.453
0.240	0.618	0.025	0.118	C	0.582
0.186	0.758	0.018	0.039	C	0.959
0.278	0.643	0.020	0.058	C	0.723
0.324	0.587	0.023	0.066	M	0.639
XX

DE	motif_train1_29mm (5 positions) IC=  3.229
0.592	0.349	0.049	0.010	M	0.743
0.737	0.206	0.044	0.013	A	0.927
0.623	0.215	0.118	0.045	A	0.533
0.298	0.479	0.177	0.046	M	0.323
0.263	0.646	0.072	0.020	C	0.702
XX

DE	motif_10_27mmmm (5 positions) IC=  3.114
0.184	0.126	0.189	0.501	N	0.221
0.027	0.112	0.088	0.773	T	0.908
0.033	0.521	0.129	0.318	Y	0.443
0.051	0.794	0.043	0.113	C	0.967
0.214	0.644	0.084	0.058	C	0.575
XX

DE	motif_train3_2mm (5 positions) IC=  2.983
0.018	0.447	0.188	0.346	Y	0.392
0.034	0.440	0.052	0.475	Y	0.582
0.004	0.559	0.164	0.274	Y	0.561
0.017	0.329	0.157	0.498	Y	0.453
0.007	0.746	0.034	0.213	C	0.995
XX

DE	motif_10_28mmmmmmt (5 positions) IC=  2.621
0.512	0.365	0.049	0.074	M	0.484
0.315	0.610	0.055	0.019	C	0.701
0.502	0.318	0.114	0.065	M	0.361
0.212	0.590	0.113	0.085	M	0.419
0.250	0.645	0.033	0.073	C	0.656
XX

DE	motif_10_4m (5 positions) IC=  2.471
0.458	0.208	0.197	0.137	N	0.158
0.221	0.226	0.186	0.368	N	0.052
0.072	0.511	0.107	0.310	Y	0.361
0.068	0.821	0.052	0.059	C	1.041
0.163	0.744	0.068	0.025	C	0.858
XX
