Now running MotifSetReduce.pl with arguments -m cluster5.meme -l 5 -t 0.09 -c 0.5 ...



Consensus motifs at merging threshold 0.09:

DE	motif_train2_12mm (7 positions) IC=  9.240
0.007	0.903	0.010	0.081	C	1.462
0.011	0.039	0.018	0.931	T	1.541
0.023	0.001	0.968	0.009	G	1.760
0.078	0.808	0.077	0.037	C	1.002
0.034	0.848	0.043	0.075	C	1.158
0.075	0.075	0.028	0.823	T	1.066
0.025	0.056	0.871	0.048	G	1.250
XX

DE	motif_10_37m (8 positions) IC=  6.007
0.114	0.204	0.655	0.027	G	0.635
0.136	0.661	0.188	0.015	C	0.669
0.521	0.281	0.106	0.091	M	0.336
0.149	0.067	0.759	0.026	G	0.893
0.040	0.142	0.791	0.027	G	1.005
0.097	0.821	0.053	0.030	C	1.065
0.513	0.222	0.191	0.074	N	0.289
0.101	0.053	0.829	0.018	G	1.114
XX

DE	motif_train3_38mmmm (5 positions) IC=  5.065
0.014	0.807	0.074	0.105	C	1.045
0.111	0.166	0.132	0.591	Y	0.385
0.066	0.015	0.838	0.081	G	1.143
0.019	0.850	0.092	0.039	C	1.192
0.021	0.879	0.030	0.070	C	1.301
XX

DE	motif_10_14mt (5 positions) IC=  2.506
0.040	0.629	0.058	0.274	C	0.646
0.117	0.238	0.194	0.451	N	0.167
0.101	0.169	0.653	0.076	G	0.548
0.035	0.620	0.199	0.146	C	0.535
0.043	0.626	0.068	0.263	C	0.610
XX

DE	motif_10_74t (5 positions) IC=  1.742
0.271	0.192	0.375	0.162	N	0.076
0.230	0.087	0.581	0.102	R	0.415
0.154	0.704	0.076	0.066	C	0.687
0.301	0.139	0.388	0.172	N	0.116
0.366	0.060	0.500	0.074	R	0.448
XX
