Now running MotifSetReduce.pl with arguments -m cluster6.meme -l 5 -t 0.09 -c 0.5 ...



Consensus motifs at merging threshold 0.09:

DE	motif_10_33 (12 positions) IC= 10.411
0.052	0.027	0.902	0.019	G	1.395
0.743	0.113	0.095	0.049	A	0.790
0.041	0.066	0.874	0.019	G	1.274
0.768	0.120	0.085	0.027	A	0.897
0.085	0.153	0.667	0.095	G	0.571
0.280	0.160	0.126	0.435	N	0.164
0.068	0.079	0.828	0.025	G	1.088
0.804	0.090	0.064	0.042	A	0.988
0.083	0.039	0.837	0.041	G	1.116
0.692	0.085	0.176	0.047	A	0.682
0.118	0.578	0.215	0.089	S	0.392
0.100	0.054	0.817	0.029	G	1.054
XX

DE	motif_10_10mmmmmmmmmmmmm (5 positions) IC=  3.214
0.081	0.218	0.121	0.581	Y	0.403
0.032	0.766	0.114	0.089	C	0.879
0.057	0.088	0.262	0.593	K	0.503
0.032	0.870	0.054	0.043	C	1.242
0.131	0.121	0.352	0.395	N	0.187
XX
