Now running MotifSetReduce.pl with arguments -m cluster3.meme -l 5 -t 0.09 -c 0.5 ...



Consensus motifs at merging threshold 0.09:

DE	motif_10_31mmm (5 positions) IC=  5.347
0.021	0.814	0.128	0.037	C	1.086
0.720	0.024	0.186	0.070	A	0.808
0.040	0.908	0.045	0.007	C	1.437
0.782	0.012	0.158	0.047	A	1.015
0.024	0.755	0.205	0.016	C	1.001
XX

DE	motif_10_7mm (5 positions) IC=  4.375
0.042	0.876	0.060	0.022	C	1.277
0.659	0.051	0.200	0.090	A	0.608
0.025	0.811	0.154	0.010	C	1.138
0.673	0.051	0.189	0.087	A	0.635
0.063	0.644	0.273	0.020	C	0.716
XX

DE	motif_10_81mmmmmmmmm (5 positions) IC=  2.975
0.091	0.740	0.123	0.046	C	0.788
0.626	0.089	0.158	0.127	A	0.468
0.120	0.689	0.137	0.054	C	0.642
0.499	0.072	0.177	0.252	W	0.283
0.094	0.741	0.122	0.043	C	0.794
XX
