>CAGCAGGRGR	1-CAGCAGGRGR	8.620071	-632.505445	0	T:479.0(25.91%),B:1444.8(3.25%),P:1e-274	Tpos:64.4,Tstd:8.1,Bpos:49.7,Bstd:40.6,StrandBias:5.5,Multiplicity:1.03
0.001	0.997	0.001	0.001
0.988	0.001	0.001	0.010
0.001	0.001	0.997	0.001
0.001	0.997	0.001	0.001
0.997	0.001	0.001	0.001
0.001	0.001	0.997	0.001
0.001	0.077	0.921	0.001
0.558	0.001	0.440	0.001
0.289	0.116	0.461	0.134
0.339	0.179	0.383	0.100
>AMCAGCAGKN	2-AMCAGCAGKN	6.567835	-629.476926	0	T:865.0(46.78%),B:5762.7(12.97%),P:1e-273	Tpos:57.7,Tstd:17.2,Bpos:50.4,Bstd:39.0,StrandBias:2.7,Multiplicity:1.11
0.613	0.164	0.120	0.103
0.291	0.384	0.201	0.124
0.008	0.957	0.034	0.001
0.917	0.001	0.046	0.036
0.061	0.021	0.910	0.008
0.035	0.897	0.024	0.044
0.915	0.038	0.019	0.028
0.057	0.010	0.903	0.030
0.177	0.111	0.394	0.318
0.168	0.221	0.313	0.298
>CAGCAGGAGC	3-CAGCAGGAGC	7.887289	-194.370206	0	T:315.0(17.04%),B:2106.5(4.74%),P:1e-84	Tpos:60.1,Tstd:23.0,Bpos:50.7,Bstd:34.8,StrandBias:1.7,Multiplicity:1.03
0.001	0.893	0.105	0.001
0.837	0.017	0.001	0.145
0.001	0.001	0.997	0.001
0.021	0.840	0.138	0.001
0.613	0.145	0.166	0.076
0.158	0.001	0.734	0.107
0.191	0.032	0.776	0.001
0.789	0.209	0.001	0.001
0.042	0.186	0.482	0.289
0.177	0.636	0.186	0.001
>VGCAGCAGCR	4-VGCAGCAGCR	8.073736	-89.287023	0	T:325.0(17.58%),B:3595.3(8.09%),P:1e-38	Tpos:57.5,Tstd:22.0,Bpos:50.1,Bstd:35.4,StrandBias:1.6,Multiplicity:1.07
0.340	0.319	0.296	0.046
0.001	0.001	0.726	0.272
0.063	0.935	0.001	0.001
0.665	0.001	0.333	0.001
0.170	0.189	0.640	0.001
0.001	0.902	0.096	0.001
0.494	0.105	0.325	0.077
0.095	0.001	0.903	0.001
0.230	0.768	0.001	0.001
0.463	0.100	0.436	0.001
>GAAGCGGCMG	5-GAAGCGGCMG	8.275251	-57.981293	0	T:153.0(8.27%),B:1407.1(3.17%),P:1e-25	Tpos:46.2,Tstd:25.0,Bpos:48.1,Bstd:32.9,StrandBias:0.6,Multiplicity:1.02
0.001	0.001	0.997	0.001
0.677	0.085	0.237	0.001
0.947	0.001	0.001	0.051
0.001	0.026	0.972	0.001
0.001	0.837	0.066	0.096
0.291	0.073	0.635	0.001
0.076	0.184	0.739	0.001
0.007	0.540	0.140	0.313
0.456	0.445	0.098	0.001
0.001	0.001	0.942	0.056
>CCAGCAGGCC	6-CCAGCAGGCC	8.370977	-51.162866	0	T:119.0(6.44%),B:1013.0(2.28%),P:1e-22	Tpos:50.8,Tstd:27.5,Bpos:48.7,Bstd:34.1,StrandBias:1.6,Multiplicity:1.00
0.001	0.716	0.263	0.020
0.245	0.544	0.029	0.182
0.638	0.145	0.055	0.162
0.110	0.011	0.816	0.063
0.043	0.802	0.154	0.001
0.817	0.181	0.001	0.001
0.001	0.001	0.997	0.001
0.001	0.001	0.856	0.142
0.038	0.808	0.089	0.065
0.001	0.997	0.001	0.001
>GCAGCAGGTG	7-GCAGCAGGTG	8.133623	-41.635569	0	T:101.0(5.46%),B:885.6(1.99%),P:1e-18	Tpos:55.1,Tstd:27.1,Bpos:49.2,Bstd:33.5,StrandBias:0.9,Multiplicity:1.02
0.175	0.200	0.531	0.094
0.034	0.964	0.001	0.001
0.794	0.097	0.006	0.103
0.001	0.001	0.997	0.001
0.071	0.629	0.075	0.225
0.622	0.001	0.324	0.053
0.127	0.001	0.733	0.139
0.088	0.001	0.910	0.001
0.001	0.001	0.010	0.988
0.162	0.001	0.836	0.001
>ACCACACCAA	8-ACCACACCAA	7.999026	-33.990623	0	T:56.0(3.03%),B:377.2(0.85%),P:1e-14	Tpos:48.1,Tstd:26.5,Bpos:50.2,Bstd:25.5,StrandBias:0.9,Multiplicity:1.10
0.869	0.042	0.030	0.059
0.142	0.719	0.078	0.061
0.034	0.844	0.058	0.064
0.821	0.055	0.074	0.050
0.102	0.729	0.126	0.043
0.824	0.075	0.056	0.045
0.032	0.780	0.045	0.143
0.064	0.813	0.072	0.051
0.874	0.032	0.063	0.031
0.735	0.114	0.118	0.033
>TATATATATG	9-TATATATATG	6.727399	-33.980426	0	T:85.0(4.60%),B:762.6(1.72%),P:1e-14	Tpos:37.0,Tstd:21.5,Bpos:49.3,Bstd:30.9,StrandBias:0.0,Multiplicity:1.13
0.032	0.035	0.078	0.855
0.740	0.070	0.129	0.061
0.056	0.105	0.065	0.774
0.829	0.087	0.010	0.074
0.036	0.048	0.046	0.870
0.749	0.067	0.132	0.052
0.031	0.099	0.073	0.797
0.821	0.062	0.048	0.069
0.096	0.033	0.093	0.778
0.046	0.094	0.790	0.070
>ACTGTCCKGC	10-ACTGTCCKGC	8.832077	-33.941509	0	T:24.0(1.30%),B:64.9(0.15%),P:1e-14	Tpos:57.5,Tstd:25.1,Bpos:51.4,Bstd:26.6,StrandBias:1.3,Multiplicity:1.00
0.798	0.024	0.001	0.177
0.066	0.896	0.037	0.001
0.036	0.036	0.021	0.907
0.144	0.249	0.462	0.144
0.036	0.001	0.048	0.915
0.258	0.481	0.001	0.259
0.112	0.653	0.036	0.199
0.165	0.054	0.376	0.406
0.001	0.066	0.689	0.244
0.021	0.827	0.060	0.092
>AATCATAGGC	11-AATCATAGGC	10.744619	-33.172573	0	T:13.0(0.70%),B:11.1(0.02%),P:1e-14	Tpos:47.2,Tstd:19.4,Bpos:37.1,Bstd:30.3,StrandBias:3.6,Multiplicity:1.00
0.882	0.001	0.116	0.001
0.623	0.259	0.001	0.117
0.117	0.001	0.271	0.611
0.001	0.882	0.001	0.116
0.994	0.001	0.004	0.001
0.234	0.001	0.001	0.764
0.997	0.001	0.001	0.001
0.001	0.001	0.997	0.001
0.001	0.117	0.648	0.234
0.001	0.997	0.001	0.001
>GAATTGTACA	12-GAATTGTACA	11.361779	-31.014010	0	T:10.0(0.54%),B:5.3(0.01%),P:1e-13	Tpos:26.5,Tstd:13.3,Bpos:56.7,Bstd:19.1,StrandBias:3.2,Multiplicity:1.00
0.001	0.105	0.893	0.001
0.997	0.001	0.001	0.001
0.997	0.001	0.001	0.001
0.001	0.001	0.001	0.997
0.001	0.001	0.001	0.997
0.001	0.001	0.997	0.001
0.001	0.001	0.001	0.997
0.893	0.105	0.001	0.001
0.001	0.997	0.001	0.001
0.893	0.001	0.105	0.001
>ACCCCGTCCT	13-ACCCCGTCCT	11.764429	-30.923149	0	T:12.0(0.65%),B:10.2(0.02%),P:1e-13	Tpos:56.2,Tstd:23.5,Bpos:50.3,Bstd:14.6,StrandBias:-0.5,Multiplicity:1.00
0.997	0.001	0.001	0.001
0.001	0.997	0.001	0.001
0.001	0.872	0.001	0.126
0.001	0.997	0.001	0.001
0.001	0.997	0.001	0.001
0.001	0.001	0.997	0.001
0.001	0.001	0.001	0.997
0.001	0.997	0.001	0.001
0.001	0.997	0.001	0.001
0.001	0.001	0.001	0.997
>NGAGTAACGN	14-NGAGTAACGN	6.545386	-30.826904	0	T:7.0(0.38%),B:1.4(0.00%),P:1e-13	Tpos:51.1,Tstd:31.9,Bpos:61.7,Bstd:15.6,StrandBias:1.3,Multiplicity:1.00
0.255	0.213	0.231	0.301
0.177	0.135	0.540	0.148
0.563	0.145	0.123	0.169
0.170	0.170	0.516	0.144
0.156	0.120	0.127	0.597
0.577	0.137	0.122	0.164
0.590	0.121	0.127	0.162
0.164	0.524	0.140	0.172
0.168	0.132	0.550	0.150
0.240	0.252	0.227	0.281
>SCAGCARRCA	15-SCAGCARRCA	7.366377	-28.669414	0	T:85.0(4.60%),B:842.9(1.90%),P:1e-12	Tpos:53.1,Tstd:25.0,Bpos:50.4,Bstd:39.3,StrandBias:2.3,Multiplicity:1.00
0.051	0.522	0.383	0.044
0.320	0.571	0.060	0.049
0.477	0.075	0.256	0.192
0.064	0.160	0.567	0.209
0.248	0.632	0.053	0.067
0.559	0.391	0.027	0.023
0.346	0.193	0.343	0.117
0.387	0.034	0.507	0.072
0.064	0.818	0.076	0.042
0.867	0.028	0.058	0.047
>CCAAGATYAC	16-CCAAGATYAC	10.353481	-26.373671	0	T:13.0(0.70%),B:19.9(0.04%),P:1e-11	Tpos:39.3,Tstd:21.8,Bpos:52.4,Bstd:22.3,StrandBias:-0.7,Multiplicity:1.00
0.001	0.997	0.001	0.001
0.001	0.997	0.001	0.001
0.997	0.001	0.001	0.001
0.626	0.372	0.001	0.001
0.001	0.001	0.997	0.001
0.997	0.001	0.001	0.001
0.001	0.001	0.001	0.997
0.001	0.510	0.001	0.488
0.898	0.100	0.001	0.001
0.001	0.997	0.001	0.001
>GTACTAAGGA	17-GTACTAAGGA	11.818496	-26.011124	0	T:7.0(0.38%),B:2.9(0.01%),P:1e-11	Tpos:42.4,Tstd:34.8,Bpos:36.8,Bstd:16.1,StrandBias:-2.6,Multiplicity:1.00
0.001	0.001	0.997	0.001
0.001	0.001	0.001	0.997
0.997	0.001	0.001	0.001
0.001	0.997	0.001	0.001
0.001	0.001	0.001	0.997
0.997	0.001	0.001	0.001
0.997	0.001	0.001	0.001
0.001	0.001	0.865	0.133
0.001	0.001	0.997	0.001
0.997	0.001	0.001	0.001
>GAAAGCCCGA	18-GAAAGCCCGA	10.296193	-25.697863	0	T:6.0(0.32%),B:1.3(0.00%),P:1e-11	Tpos:65.3,Tstd:23.1,Bpos:35.0,Bstd:18.3,StrandBias:10.0,Multiplicity:1.00
0.100	0.100	0.700	0.100
0.700	0.100	0.100	0.100
0.700	0.100	0.100	0.100
0.700	0.100	0.100	0.100
0.100	0.100	0.700	0.100
0.100	0.700	0.100	0.100
0.100	0.700	0.100	0.100
0.100	0.700	0.100	0.100
0.100	0.100	0.700	0.100
0.700	0.100	0.100	0.100
>TAGCTAAAGT	19-TAGCTAAAGT	10.296193	-25.697863	0	T:6.0(0.32%),B:0.0(0.00%),P:1e-11	Tpos:63.0,Tstd:26.1,Bpos:0.0,Bstd:0.0,StrandBias:10.0,Multiplicity:1.00
0.100	0.100	0.100	0.700
0.700	0.100	0.100	0.100
0.100	0.100	0.700	0.100
0.100	0.700	0.100	0.100
0.100	0.100	0.100	0.700
0.700	0.100	0.100	0.100
0.700	0.100	0.100	0.100
0.700	0.100	0.100	0.100
0.100	0.100	0.700	0.100
0.100	0.100	0.100	0.700
>AAAAGAGGCT	20-AAAAGAGGCT	11.818496	-23.361499	0	T:8.0(0.43%),B:5.5(0.01%),P:1e-10	Tpos:62.0,Tstd:29.6,Bpos:49.2,Bstd:20.6,StrandBias:10.0,Multiplicity:1.00
0.997	0.001	0.001	0.001
0.997	0.001	0.001	0.001
0.997	0.001	0.001	0.001
0.997	0.001	0.001	0.001
0.001	0.001	0.997	0.001
0.865	0.001	0.001	0.133
0.001	0.001	0.997	0.001
0.001	0.001	0.997	0.001
0.001	0.997	0.001	0.001
0.001	0.001	0.001	0.997
>AGTCAGCATT	21-AGTCAGCATT	11.818496	-23.209098	0	T:7.0(0.38%),B:3.8(0.01%),P:1e-10	Tpos:36.9,Tstd:10.5,Bpos:69.7,Bstd:14.1,StrandBias:2.6,Multiplicity:1.00
0.997	0.001	0.001	0.001
0.001	0.001	0.997	0.001
0.001	0.001	0.001	0.997
0.001	0.997	0.001	0.001
0.865	0.001	0.133	0.001
0.001	0.001	0.997	0.001
0.001	0.997	0.001	0.001
0.997	0.001	0.001	0.001
0.001	0.001	0.001	0.997
0.001	0.001	0.001	0.997
>CSGSCCGSNV	22-CSGSCCGSNV	7.297279	-22.379629	0	T:266.0(14.39%),B:4342.8(9.78%),P:1e-9	Tpos:51.2,Tstd:28.4,Bpos:49.8,Bstd:30.2,StrandBias:-0.1,Multiplicity:1.10
0.001	0.997	0.001	0.001
0.001	0.556	0.442	0.001
0.003	0.261	0.485	0.250
0.001	0.466	0.503	0.030
0.001	0.997	0.001	0.001
0.061	0.546	0.334	0.059
0.001	0.001	0.997	0.001
0.001	0.505	0.493	0.001
0.313	0.223	0.274	0.190
0.346	0.253	0.401	0.001
>CCAGTTCACT	23-CCAGTTCACT	10.296193	-21.574500	0	T:6.0(0.32%),B:2.8(0.01%),P:1e-9	Tpos:63.2,Tstd:24.2,Bpos:44.0,Bstd:0.0,StrandBias:-2.3,Multiplicity:1.00
0.100	0.700	0.100	0.100
0.100	0.700	0.100	0.100
0.700	0.100	0.100	0.100
0.100	0.100	0.700	0.100
0.100	0.100	0.100	0.700
0.100	0.100	0.100	0.700
0.100	0.700	0.100	0.100
0.700	0.100	0.100	0.100
0.100	0.700	0.100	0.100
0.100	0.100	0.100	0.700
>ACCACCACCA	24-ACCACCACCA	9.590014	-18.740646	0	T:27.0(1.46%),B:169.6(0.38%),P:1e-8	Tpos:44.9,Tstd:28.5,Bpos:47.9,Bstd:25.7,StrandBias:2.8,Multiplicity:1.00
0.997	0.001	0.001	0.001
0.001	0.946	0.001	0.052
0.001	0.840	0.158	0.001
0.997	0.001	0.001	0.001
0.001	0.997	0.001	0.001
0.001	0.978	0.001	0.020
0.997	0.001	0.001	0.001
0.028	0.970	0.001	0.001
0.001	0.997	0.001	0.001
0.918	0.001	0.080	0.001
>TGGGCAGAAG	25-TGGGCAGAAG	10.516061	-17.571144	0	T:18.0(0.97%),B:82.4(0.19%),P:1e-7	Tpos:49.0,Tstd:22.1,Bpos:50.4,Bstd:36.8,StrandBias:3.0,Multiplicity:1.00
0.314	0.036	0.001	0.649
0.268	0.001	0.730	0.001
0.001	0.001	0.597	0.401
0.001	0.001	0.901	0.097
0.001	0.997	0.001	0.001
0.997	0.001	0.001	0.001
0.001	0.001	0.933	0.065
0.866	0.001	0.132	0.001
0.997	0.001	0.001	0.001
0.001	0.027	0.971	0.001
>MGCAGCAGGAGS	1-MGCAGCAGGAGS	8.353231	-599.445908	0	T:672.0(36.34%),B:3480.3(7.83%),P:1e-260	Tpos:61.8,Tstd:12.7,Bpos:50.3,Bstd:39.7,StrandBias:4.1,Multiplicity:1.10
0.383	0.238	0.183	0.195
0.256	0.198	0.440	0.106
0.006	0.908	0.085	0.001
0.997	0.001	0.001	0.001
0.001	0.001	0.997	0.001
0.001	0.956	0.042	0.001
0.997	0.001	0.001	0.001
0.001	0.001	0.997	0.001
0.033	0.250	0.711	0.006
0.506	0.153	0.251	0.090
0.188	0.224	0.443	0.144
0.215	0.273	0.398	0.115
>CGCAGCAGCAGG	2-CGCAGCAGCAGG	5.990841	-192.714345	0	T:919.0(49.70%),B:12541.6(28.23%),P:1e-83	Tpos:52.8,Tstd:23.6,Bpos:50.3,Bstd:35.7,StrandBias:1.1,Multiplicity:1.23
0.177	0.442	0.219	0.162
0.120	0.114	0.683	0.083
0.100	0.679	0.174	0.047
0.515	0.182	0.157	0.146
0.049	0.109	0.837	0.005
0.017	0.803	0.164	0.016
0.582	0.124	0.157	0.137
0.029	0.049	0.914	0.008
0.114	0.710	0.141	0.035
0.546	0.145	0.182	0.127
0.158	0.066	0.716	0.060
0.146	0.186	0.591	0.077
>CCASCASCAGMA	3-CCASCASCAGMA	9.164370	-75.899885	0	T:130.0(7.03%),B:888.2(2.00%),P:1e-32	Tpos:48.7,Tstd:22.6,Bpos:48.8,Bstd:32.6,StrandBias:3.1,Multiplicity:1.03
0.001	0.845	0.057	0.097
0.081	0.811	0.011	0.097
0.903	0.001	0.040	0.056
0.016	0.472	0.491	0.021
0.001	0.943	0.036	0.020
0.978	0.020	0.001	0.001
0.183	0.389	0.408	0.020
0.230	0.663	0.001	0.106
0.785	0.041	0.140	0.034
0.073	0.349	0.577	0.001
0.324	0.432	0.020	0.224
0.813	0.101	0.077	0.009
>CAGCAGGRAGAG	4-CAGCAGGRAGAG	10.587697	-73.072181	0	T:47.0(2.54%),B:103.2(0.23%),P:1e-31	Tpos:58.4,Tstd:26.1,Bpos:48.6,Bstd:27.7,StrandBias:2.0,Multiplicity:1.00
0.121	0.741	0.137	0.001
0.546	0.097	0.156	0.201
0.065	0.001	0.902	0.032
0.214	0.666	0.119	0.001
0.909	0.001	0.001	0.089
0.001	0.064	0.903	0.032
0.333	0.001	0.531	0.135
0.491	0.097	0.379	0.033
0.869	0.001	0.001	0.129
0.294	0.097	0.608	0.001
0.976	0.022	0.001	0.001
0.310	0.001	0.567	0.122
>WGKCTCCWWGCT	5-WGKCTCCWWGCT	9.944957	-47.409316	0	T:14.0(0.76%),B:5.9(0.01%),P:1e-20	Tpos:44.5,Tstd:25.6,Bpos:53.2,Bstd:29.9,StrandBias:1.3,Multiplicity:1.00
0.566	0.001	0.001	0.432
0.001	0.001	0.997	0.001
0.001	0.001	0.552	0.446
0.001	0.997	0.001	0.001
0.001	0.001	0.001	0.997
0.001	0.985	0.001	0.013
0.001	0.997	0.001	0.001
0.446	0.001	0.001	0.552
0.566	0.001	0.001	0.432
0.001	0.001	0.997	0.001
0.001	0.997	0.001	0.001
0.001	0.001	0.001	0.997
>TTGATCGATCGG	6-TTGATCGATCGG	13.740561	-46.957993	0	T:10.0(0.54%),B:1.1(0.00%),P:1e-20	Tpos:59.6,Tstd:22.1,Bpos:49.0,Bstd:0.0,StrandBias:-1.2,Multiplicity:1.00
0.001	0.138	0.001	0.860
0.306	0.001	0.138	0.555
0.001	0.001	0.997	0.001
0.997	0.001	0.001	0.001
0.138	0.001	0.001	0.860
0.001	0.997	0.001	0.001
0.001	0.001	0.997	0.001
0.997	0.001	0.001	0.001
0.001	0.001	0.001	0.997
0.001	0.997	0.001	0.001
0.001	0.001	0.860	0.138
0.001	0.001	0.997	0.001
>GGAGAGYCTACT	7-GGAGAGYCTACT	13.774308	-41.471014	0	T:9.0(0.49%),B:1.9(0.00%),P:1e-18	Tpos:80.6,Tstd:9.5,Bpos:88.0,Bstd:0.0,StrandBias:0.3,Multiplicity:1.00
0.001	0.001	0.997	0.001
0.001	0.001	0.846	0.152
0.997	0.001	0.001	0.001
0.001	0.001	0.997	0.001
0.997	0.001	0.001	0.001
0.001	0.001	0.997	0.001
0.001	0.541	0.001	0.457
0.001	0.997	0.001	0.001
0.001	0.001	0.001	0.997
0.846	0.001	0.152	0.001
0.001	0.997	0.001	0.001
0.001	0.001	0.001	0.997
>CAATTGTACAAA	8-CAATTGTACAAA	13.793233	-36.089854	0	T:8.0(0.43%),B:0.5(0.00%),P:1e-15	Tpos:30.5,Tstd:13.2,Bpos:78.0,Bstd:0.0,StrandBias:10.0,Multiplicity:1.00
0.011	0.614	0.374	0.001
0.988	0.010	0.001	0.001
0.686	0.001	0.312	0.001
0.001	0.001	0.001	0.997
0.001	0.010	0.001	0.988
0.001	0.312	0.686	0.001
0.001	0.001	0.001	0.997
0.997	0.001	0.001	0.001
0.301	0.697	0.001	0.001
0.997	0.001	0.001	0.001
0.697	0.301	0.001	0.001
0.997	0.001	0.001	0.001
>ACAGGACGGGGT	9-ACAGGACGGGGT	13.999226	-35.269946	0	T:9.0(0.49%),B:2.2(0.00%),P:1e-15	Tpos:52.2,Tstd:23.9,Bpos:50.3,Bstd:12.6,StrandBias:1.8,Multiplicity:1.00
0.643	0.001	0.355	0.001
0.001	0.643	0.355	0.001
0.997	0.001	0.001	0.001
0.001	0.001	0.997	0.001
0.001	0.001	0.997	0.001
0.785	0.213	0.001	0.001
0.001	0.928	0.070	0.001
0.001	0.001	0.997	0.001
0.001	0.001	0.997	0.001
0.001	0.142	0.856	0.001
0.001	0.001	0.997	0.001
0.070	0.001	0.001	0.928
>ACCAGCAGTGAA	10-ACCAGCAGTGAA	11.540144	-35.215843	0	T:17.0(0.92%),B:23.3(0.05%),P:1e-15	Tpos:61.6,Tstd:6.7,Bpos:53.7,Bstd:41.4,StrandBias:10.0,Multiplicity:1.00
0.735	0.176	0.001	0.088
0.177	0.470	0.265	0.088
0.001	0.911	0.087	0.001
0.823	0.001	0.088	0.088
0.092	0.001	0.906	0.001
0.001	0.997	0.001	0.001
0.997	0.001	0.001	0.001
0.087	0.001	0.911	0.001
0.269	0.001	0.088	0.642
0.001	0.001	0.822	0.176
0.814	0.004	0.181	0.001
0.994	0.001	0.004	0.001
>GGGGCGCGCAGT	11-GGGGCGCGCAGT	12.355432	-30.826904	0	T:7.0(0.38%),B:0.0(0.00%),P:1e-13	Tpos:70.1,Tstd:23.6,Bpos:0.0,Bstd:0.0,StrandBias:10.0,Multiplicity:1.00
0.100	0.100	0.700	0.100
0.100	0.100	0.700	0.100
0.100	0.100	0.700	0.100
0.100	0.100	0.700	0.100
0.100	0.700	0.100	0.100
0.100	0.100	0.700	0.100
0.100	0.700	0.100	0.100
0.100	0.100	0.700	0.100
0.100	0.700	0.100	0.100
0.700	0.100	0.100	0.100
0.100	0.100	0.700	0.100
0.100	0.100	0.100	0.700
>GCAAGCATAGGC	12-GCAAGCATAGGC	12.355432	-30.826904	0	T:7.0(0.38%),B:0.5(0.00%),P:1e-13	Tpos:55.3,Tstd:13.2,Bpos:15.0,Bstd:0.0,StrandBias:10.0,Multiplicity:1.00
0.100	0.100	0.700	0.100
0.100	0.700	0.100	0.100
0.700	0.100	0.100	0.100
0.700	0.100	0.100	0.100
0.100	0.100	0.700	0.100
0.100	0.700	0.100	0.100
0.700	0.100	0.100	0.100
0.100	0.100	0.100	0.700
0.700	0.100	0.100	0.100
0.100	0.100	0.700	0.100
0.100	0.100	0.700	0.100
0.100	0.700	0.100	0.100
>STCAGSCTTGGG	13-STCAGSCTTGGG	13.460253	-30.581488	0	T:8.0(0.43%),B:2.5(0.01%),P:1e-13	Tpos:44.5,Tstd:18.4,Bpos:57.6,Bstd:25.0,StrandBias:1.6,Multiplicity:1.00
0.001	0.432	0.566	0.001
0.001	0.001	0.001	0.997
0.001	0.997	0.001	0.001
0.997	0.001	0.001	0.001
0.001	0.001	0.997	0.001
0.001	0.566	0.432	0.001
0.134	0.864	0.001	0.001
0.001	0.001	0.001	0.997
0.001	0.001	0.001	0.997
0.001	0.001	0.997	0.001
0.001	0.001	0.997	0.001
0.001	0.001	0.997	0.001
>AGCTAGCTCCCC	14-AGCTAGCTCCCC	13.040440	-27.374563	0	T:8.0(0.43%),B:3.1(0.01%),P:1e-11	Tpos:54.4,Tstd:30.7,Bpos:31.2,Bstd:27.1,StrandBias:-0.2,Multiplicity:1.00
0.997	0.001	0.001	0.001
0.001	0.001	0.997	0.001
0.001	0.997	0.001	0.001
0.001	0.001	0.001	0.997
0.997	0.001	0.001	0.001
0.001	0.001	0.997	0.001
0.001	0.997	0.001	0.001
0.001	0.001	0.001	0.997
0.001	0.583	0.415	0.001
0.001	0.997	0.001	0.001
0.083	0.915	0.001	0.001
0.001	0.583	0.415	0.001
>CGACGACGACGA	15-CGACGACGACGA	9.081069	-26.232012	0	T:82.0(4.43%),B:837.2(1.88%),P:1e-11	Tpos:51.2,Tstd:27.7,Bpos:50.4,Bstd:25.2,StrandBias:0.5,Multiplicity:1.01
0.001	0.893	0.050	0.056
0.039	0.088	0.861	0.012
0.789	0.057	0.111	0.043
0.031	0.843	0.032	0.094
0.015	0.036	0.948	0.001
0.733	0.063	0.135	0.069
0.045	0.856	0.039	0.060
0.016	0.063	0.896	0.025
0.796	0.064	0.083	0.057
0.056	0.844	0.084	0.016
0.066	0.079	0.813	0.042
0.734	0.142	0.069	0.055
>TTTTATTGGCGA	16-TTTTATTGGCGA	10.409522	-26.011124	0	T:7.0(0.38%),B:2.9(0.01%),P:1e-11	Tpos:30.7,Tstd:2.6,Bpos:48.3,Bstd:12.0,StrandBias:-1.3,Multiplicity:1.00
0.100	0.100	0.100	0.700
0.100	0.100	0.100	0.700
0.100	0.100	0.100	0.700
0.100	0.100	0.100	0.700
0.700	0.100	0.100	0.100
0.100	0.100	0.100	0.700
0.100	0.100	0.100	0.700
0.100	0.100	0.700	0.100
0.100	0.100	0.700	0.100
0.100	0.700	0.100	0.100
0.100	0.100	0.700	0.100
0.700	0.100	0.100	0.100
>TGAGTAACGAAA	17-TGAGTAACGAAA	8.572191	-25.831555	0	T:26.0(1.41%),B:112.3(0.25%),P:1e-11	Tpos:48.8,Tstd:29.7,Bpos:47.2,Bstd:31.7,StrandBias:1.4,Multiplicity:1.00
0.137	0.068	0.160	0.635
0.023	0.091	0.840	0.046
0.750	0.068	0.068	0.114
0.068	0.114	0.772	0.046
0.161	0.070	0.182	0.587
0.667	0.068	0.241	0.024
0.770	0.001	0.138	0.091
0.196	0.572	0.115	0.117
0.068	0.046	0.816	0.070
0.955	0.001	0.022	0.022
0.840	0.046	0.046	0.068
0.804	0.046	0.104	0.046
>MATAYATATATA	18-MATAYATATATA	5.440573	-25.719750	0	T:175.0(9.46%),B:2449.0(5.51%),P:1e-11	Tpos:40.6,Tstd:22.7,Bpos:49.6,Bstd:30.7,StrandBias:0.4,Multiplicity:1.13
0.298	0.410	0.089	0.203
0.662	0.173	0.057	0.108
0.132	0.148	0.176	0.544
0.607	0.113	0.202	0.078
0.164	0.476	0.001	0.359
0.931	0.044	0.001	0.024
0.242	0.202	0.064	0.492
0.830	0.020	0.121	0.029
0.064	0.144	0.054	0.738
0.745	0.044	0.142	0.069
0.093	0.323	0.054	0.530
0.898	0.035	0.034	0.033
>GGACGGCGCGTG	19-GGACGGCGCGTG	12.355432	-25.697863	0	T:6.0(0.32%),B:1.3(0.00%),P:1e-11	Tpos:18.7,Tstd:3.0,Bpos:17.7,Bstd:8.0,StrandBias:0.0,Multiplicity:1.00
0.100	0.100	0.700	0.100
0.100	0.100	0.700	0.100
0.700	0.100	0.100	0.100
0.100	0.700	0.100	0.100
0.100	0.100	0.700	0.100
0.100	0.100	0.700	0.100
0.100	0.700	0.100	0.100
0.100	0.100	0.700	0.100
0.100	0.700	0.100	0.100
0.100	0.100	0.700	0.100
0.100	0.100	0.100	0.700
0.100	0.100	0.700	0.100
>TTCTCCCCTCTA	20-TTCTCCCCTCTA	12.355432	-25.697863	0	T:6.0(0.32%),B:0.0(0.00%),P:1e-11	Tpos:31.7,Tstd:5.5,Bpos:0.0,Bstd:0.0,StrandBias:10.0,Multiplicity:1.00
0.100	0.100	0.100	0.700
0.100	0.100	0.100	0.700
0.100	0.700	0.100	0.100
0.100	0.100	0.100	0.700
0.100	0.700	0.100	0.100
0.100	0.700	0.100	0.100
0.100	0.700	0.100	0.100
0.100	0.700	0.100	0.100
0.100	0.100	0.100	0.700
0.100	0.700	0.100	0.100
0.100	0.100	0.100	0.700
0.700	0.100	0.100	0.100
>SCGCCKWTWTAG	21-SCGCCKWTWTAG	12.186549	-25.109885	0	T:8.0(0.43%),B:4.5(0.01%),P:1e-10	Tpos:30.8,Tstd:11.5,Bpos:21.9,Bstd:17.5,StrandBias:2.8,Multiplicity:1.00
0.001	0.566	0.432	0.001
0.001	0.997	0.001	0.001
0.001	0.001	0.997	0.001
0.001	0.997	0.001	0.001
0.001	0.997	0.001	0.001
0.001	0.001	0.432	0.566
0.566	0.001	0.001	0.432
0.001	0.001	0.001	0.997
0.440	0.001	0.001	0.558
0.001	0.001	0.001	0.997
0.997	0.001	0.001	0.001
0.001	0.001	0.880	0.118
>CTGATCATCAGA	22-CTGATCATCAGA	12.457756	-25.109885	0	T:8.0(0.43%),B:4.3(0.01%),P:1e-10	Tpos:29.8,Tstd:24.3,Bpos:26.5,Bstd:15.4,StrandBias:-0.6,Multiplicity:1.00
0.001	0.997	0.001	0.001
0.001	0.001	0.001	0.997
0.147	0.001	0.705	0.147
0.704	0.001	0.001	0.294
0.001	0.001	0.001	0.997
0.001	0.704	0.294	0.001
0.997	0.001	0.001	0.001
0.001	0.001	0.001	0.997
0.001	0.997	0.001	0.001
0.735	0.263	0.001	0.001
0.001	0.001	0.997	0.001
0.852	0.001	0.146	0.001
>CGCASCCSCASC	23-CGCASCCSCASC	9.931902	-23.172917	0	T:41.0(2.22%),B:297.0(0.67%),P:1e-10	Tpos:51.4,Tstd:30.1,Bpos:58.0,Bstd:26.4,StrandBias:1.0,Multiplicity:1.00
0.074	0.895	0.030	0.001
0.217	0.146	0.401	0.235
0.030	0.939	0.030	0.001
0.815	0.075	0.109	0.001
0.030	0.355	0.493	0.121
0.001	0.677	0.063	0.259
0.310	0.629	0.030	0.031
0.032	0.408	0.437	0.123
0.021	0.856	0.091	0.032
0.918	0.031	0.021	0.030
0.030	0.376	0.379	0.214
0.030	0.787	0.024	0.159
>CCGTAGCGCGCC	24-CCGTAGCGCGCC	12.194553	-21.055536	0	T:10.0(0.54%),B:14.6(0.03%),P:1e-9	Tpos:37.6,Tstd:32.0,Bpos:59.3,Bstd:29.8,StrandBias:1.2,Multiplicity:1.00
0.001	0.925	0.073	0.001
0.001	0.925	0.073	0.001
0.001	0.147	0.851	0.001
0.148	0.074	0.074	0.704
0.684	0.074	0.078	0.164
0.073	0.001	0.925	0.001
0.001	0.851	0.147	0.001
0.001	0.001	0.997	0.001
0.148	0.777	0.074	0.001
0.001	0.001	0.925	0.073
0.001	0.851	0.074	0.074
0.074	0.614	0.311	0.001
>ACACCAGCCGTA	25-ACACCAGCCGTA	10.409522	-16.183160	0	T:6.0(0.32%),B:5.2(0.01%),P:1e-7	Tpos:60.8,Tstd:21.0,Bpos:42.6,Bstd:23.8,StrandBias:10.0,Multiplicity:1.00
0.700	0.100	0.100	0.100
0.100	0.700	0.100	0.100
0.700	0.100	0.100	0.100
0.100	0.700	0.100	0.100
0.100	0.700	0.100	0.100
0.700	0.100	0.100	0.100
0.100	0.100	0.700	0.100
0.100	0.700	0.100	0.100
0.100	0.700	0.100	0.100
0.100	0.100	0.700	0.100
0.100	0.100	0.100	0.700
0.700	0.100	0.100	0.100
>CAGCAG	1-CAGCAG	6.177716	-608.336294	0	T:990.0(53.54%),B:7864.8(17.70%),P:1e-264	Tpos:60.2,Tstd:14.4,Bpos:50.4,Bstd:41.1,StrandBias:3.5,Multiplicity:1.35
0.100	0.700	0.100	0.100
0.700	0.100	0.100	0.100
0.100	0.100	0.700	0.100
0.100	0.700	0.100	0.100
0.700	0.100	0.100	0.100
0.100	0.100	0.700	0.100
>AGGAGA	2-AGGAGA	4.760139	-30.647760	0	T:876.0(47.38%),B:17248.2(38.82%),P:1e-13	Tpos:53.5,Tstd:27.3,Bpos:50.4,Bstd:34.3,StrandBias:0.6,Multiplicity:1.53
0.997	0.001	0.001	0.001
0.001	0.001	0.997	0.001
0.196	0.001	0.802	0.001
0.997	0.001	0.001	0.001
0.158	0.001	0.840	0.001
0.771	0.001	0.227	0.001
>TATATA	3-TATATA	5.929187	-21.541721	0	T:145.0(7.84%),B:2027.0(4.56%),P:1e-9	Tpos:38.2,Tstd:21.6,Bpos:50.4,Bstd:31.7,StrandBias:0.2,Multiplicity:1.18
0.001	0.115	0.001	0.883
0.833	0.052	0.061	0.054
0.001	0.150	0.001	0.848
0.850	0.001	0.001	0.148
0.001	0.001	0.001	0.997
0.997	0.001	0.001	0.001
>TKGTTT	4-TKGTTT	5.427839	-15.346768	0	T:205.0(11.09%),B:3439.3(7.74%),P:1e-6	Tpos:46.9,Tstd:29.0,Bpos:49.7,Bstd:31.8,StrandBias:-0.7,Multiplicity:1.08
0.001	0.001	0.291	0.707
0.069	0.123	0.477	0.331
0.160	0.001	0.704	0.135
0.123	0.001	0.353	0.523
0.001	0.001	0.001	0.997
0.192	0.001	0.160	0.647
>CGCCGS	5-CGCCGS	6.442062	-13.555146	0	T:598.0(32.34%),B:12155.6(27.36%),P:1e-5	Tpos:51.5,Tstd:28.5,Bpos:49.8,Bstd:31.7,StrandBias:0.0,Multiplicity:1.65
0.001	0.698	0.300	0.001
0.001	0.001	0.997	0.001
0.001	0.997	0.001	0.001
0.001	0.997	0.001	0.001
0.001	0.001	0.997	0.001
0.001	0.481	0.517	0.001
>TATTAW	6-TATTAW	5.157787	-12.017804	0	T:131.0(7.08%),B:2111.9(4.75%),P:1e-5	Tpos:39.5,Tstd:27.9,Bpos:50.1,Bstd:31.4,StrandBias:-0.0,Multiplicity:1.14
0.001	0.198	0.007	0.794
0.997	0.001	0.001	0.001
0.374	0.008	0.001	0.617
0.001	0.139	0.001	0.859
0.662	0.198	0.139	0.001
0.382	0.163	0.203	0.252
>CAATCA	7-CAATCA	4.388008	-11.137481	0	T:216.0(11.68%),B:3903.7(8.79%),P:1e-4	Tpos:48.6,Tstd:28.4,Bpos:49.6,Bstd:29.1,StrandBias:0.1,Multiplicity:1.11
0.001	0.997	0.001	0.001
0.835	0.001	0.163	0.001
0.997	0.001	0.001	0.001
0.001	0.001	0.001	0.997
0.001	0.997	0.001	0.001
0.876	0.001	0.122	0.001
>CACCAC	8-CACCAC	6.177716	-8.830080	0	T:190.0(10.28%),B:3505.5(7.89%),P:1e-3	Tpos:49.0,Tstd:27.7,Bpos:49.7,Bstd:31.0,StrandBias:1.1,Multiplicity:1.30
0.100	0.700	0.100	0.100
0.700	0.100	0.100	0.100
0.100	0.700	0.100	0.100
0.100	0.700	0.100	0.100
0.700	0.100	0.100	0.100
0.100	0.700	0.100	0.100
>CAGCAGGR	1-CAGCAGGR	4.161567	-731.770353	0	T:607.0(32.83%),B:2156.8(4.85%),P:1e-317	Tpos:62.9,Tstd:10.4,Bpos:49.8,Bstd:40.2,StrandBias:4.9,Multiplicity:1.04
0.001	0.997	0.001	0.001
0.997	0.001	0.001	0.001
0.001	0.001	0.997	0.001
0.001	0.997	0.001	0.001
0.997	0.001	0.001	0.001
0.001	0.001	0.997	0.001
0.001	0.001	0.997	0.001
0.477	0.128	0.394	0.001
>TRCTGCTG	2-TRCTGCTG	7.625051	-155.169011	0	T:402.0(21.74%),B:3770.2(8.49%),P:1e-67	Tpos:59.8,Tstd:16.2,Bpos:50.5,Bstd:39.9,StrandBias:-2.9,Multiplicity:1.08
0.001	0.160	0.001	0.838
0.374	0.001	0.399	0.226
0.001	0.976	0.014	0.009
0.001	0.052	0.020	0.927
0.001	0.001	0.997	0.001
0.014	0.984	0.001	0.001
0.001	0.001	0.001	0.997
0.021	0.001	0.977	0.001
>HAATAATA	3-HAATAATA	5.680071	-29.603206	0	T:190.0(10.28%),B:2607.6(5.87%),P:1e-12	Tpos:43.0,Tstd:27.3,Bpos:49.1,Bstd:30.1,StrandBias:0.5,Multiplicity:1.08
0.334	0.196	0.168	0.301
0.997	0.001	0.001	0.001
0.755	0.001	0.161	0.083
0.001	0.343	0.001	0.655
0.843	0.155	0.001	0.001
0.686	0.163	0.150	0.001
0.001	0.247	0.144	0.608
0.646	0.001	0.191	0.162
>CACCACCC	4-CACCACCC	8.094527	-29.131887	0	T:117.0(6.33%),B:1341.3(3.02%),P:1e-12	Tpos:46.3,Tstd:28.4,Bpos:49.8,Bstd:29.9,StrandBias:1.5,Multiplicity:1.05
0.054	0.944	0.001	0.001
0.690	0.308	0.001	0.001
0.224	0.774	0.001	0.001
0.001	0.960	0.038	0.001
0.809	0.001	0.189	0.001
0.005	0.906	0.088	0.001
0.355	0.553	0.091	0.001
0.397	0.601	0.001	0.001
>CGCCGCCG	5-CGCCGCCG	7.396960	-25.285643	0	T:277.0(14.98%),B:4436.8(9.99%),P:1e-10	Tpos:56.1,Tstd:26.8,Bpos:49.6,Bstd:30.5,StrandBias:-0.1,Multiplicity:1.19
0.001	0.934	0.001	0.064
0.001	0.099	0.899	0.001
0.001	0.821	0.075	0.103
0.001	0.949	0.019	0.031
0.027	0.001	0.949	0.023
0.032	0.920	0.020	0.028
0.001	0.661	0.248	0.090
0.036	0.001	0.962	0.001
>TAATTAGG	6-TAATTAGG	7.101300	-25.227443	0	T:46.0(2.49%),B:339.8(0.76%),P:1e-10	Tpos:37.8,Tstd:27.1,Bpos:51.1,Bstd:28.0,StrandBias:-0.7,Multiplicity:1.00
0.046	0.001	0.001	0.952
0.697	0.150	0.037	0.116
0.951	0.018	0.030	0.001
0.231	0.020	0.007	0.742
0.001	0.001	0.001	0.997
0.981	0.017	0.001	0.001
0.001	0.001	0.997	0.001
0.109	0.065	0.764	0.062
>CTCGTCTT	7-CTCGTCTT	3.579139	-24.521308	0	T:175.0(9.46%),B:2487.5(5.60%),P:1e-10	Tpos:46.2,Tstd:28.2,Bpos:50.3,Bstd:29.1,StrandBias:-0.4,Multiplicity:1.04
0.001	0.610	0.388	0.001
0.001	0.001	0.001	0.997
0.035	0.806	0.001	0.158
0.001	0.001	0.997	0.001
0.042	0.005	0.001	0.952
0.001	0.997	0.001	0.001
0.354	0.001	0.001	0.644
0.001	0.001	0.001	0.997
>TATATATA	8-TATATATA	6.199385	-21.345206	0	T:87.0(4.71%),B:1012.0(2.28%),P:1e-9	Tpos:37.2,Tstd:19.3,Bpos:50.0,Bstd:32.1,StrandBias:0.2,Multiplicity:1.10
0.097	0.178	0.056	0.669
0.887	0.022	0.044	0.047
0.046	0.121	0.039	0.794
0.858	0.086	0.008	0.048
0.093	0.199	0.054	0.654
0.866	0.001	0.124	0.009
0.040	0.189	0.196	0.575
0.705	0.109	0.123	0.063
>CTCTCTCT	9-CTCTCTCT	7.224537	-21.227233	0	T:137.0(7.41%),B:1889.2(4.25%),P:1e-9	Tpos:59.1,Tstd:26.2,Bpos:51.4,Bstd:33.1,StrandBias:-0.6,Multiplicity:1.08
0.017	0.846	0.001	0.136
0.050	0.001	0.024	0.925
0.032	0.828	0.083	0.057
0.086	0.001	0.057	0.856
0.026	0.972	0.001	0.001
0.114	0.031	0.040	0.815
0.001	0.981	0.001	0.017
0.001	0.083	0.017	0.899
>TCGATCGA	10-TCGATCGA	9.074462	-20.317203	0	T:32.0(1.73%),B:214.1(0.48%),P:1e-8	Tpos:55.5,Tstd:25.1,Bpos:48.9,Bstd:27.7,StrandBias:0.6,Multiplicity:1.17
0.001	0.001	0.087	0.911
0.001	0.997	0.001	0.001
0.001	0.001	0.997	0.001
0.997	0.001	0.001	0.001
0.067	0.001	0.001	0.931
0.001	0.997	0.001	0.001
0.061	0.028	0.636	0.275
0.578	0.001	0.420	0.001
>GDCGKGGA	11-GDCGKGGA	7.792622	-17.068629	0	T:135.0(7.30%),B:1988.2(4.48%),P:1e-7	Tpos:48.0,Tstd:29.0,Bpos:50.0,Bstd:28.7,StrandBias:0.1,Multiplicity:1.07
0.001	0.001	0.997	0.001
0.338	0.001	0.355	0.307
0.001	0.908	0.001	0.090
0.001	0.001	0.997	0.001
0.001	0.001	0.460	0.538
0.339	0.001	0.659	0.001
0.001	0.001	0.797	0.201
0.975	0.023	0.001	0.001
>CAAACCAA	12-CAAACCAA	5.786797	-16.419333	0	T:153.0(8.27%),B:2357.3(5.31%),P:1e-7	Tpos:52.4,Tstd:28.8,Bpos:49.9,Bstd:31.4,StrandBias:0.7,Multiplicity:1.11
0.090	0.805	0.083	0.022
0.851	0.041	0.027	0.081
0.997	0.001	0.001	0.001
0.877	0.051	0.071	0.001
0.057	0.864	0.047	0.032
0.001	0.958	0.040	0.001
0.973	0.001	0.001	0.025
0.794	0.001	0.100	0.105
>GTACAAYT	13-GTACAAYT	8.046298	-15.218947	0	T:27.0(1.46%),B:202.8(0.46%),P:1e-6	Tpos:46.0,Tstd:29.3,Bpos:48.8,Bstd:27.1,StrandBias:0.0,Multiplicity:1.04
0.134	0.001	0.718	0.147
0.001	0.001	0.001	0.997
0.997	0.001	0.001	0.001
0.013	0.652	0.334	0.001
0.956	0.026	0.005	0.013
0.552	0.001	0.155	0.292
0.201	0.474	0.001	0.324
0.001	0.002	0.198	0.799
>GAGTAACG	14-GAGTAACG	8.236954	-14.459548	0	T:8.0(0.43%),B:16.8(0.04%),P:1e-6	Tpos:50.6,Tstd:29.9,Bpos:49.5,Bstd:20.0,StrandBias:0.7,Multiplicity:1.00
0.100	0.100	0.700	0.100
0.700	0.100	0.100	0.100
0.100	0.100	0.700	0.100
0.100	0.100	0.100	0.700
0.700	0.100	0.100	0.100
0.700	0.100	0.100	0.100
0.100	0.700	0.100	0.100
0.100	0.100	0.700	0.100
>TATAGCGA	15-TATAGCGA	8.236954	-11.507749	0	T:8.0(0.43%),B:24.5(0.06%),P:1e-4	Tpos:28.4,Tstd:13.3,Bpos:50.1,Bstd:20.8,StrandBias:0.7,Multiplicity:1.00
0.100	0.100	0.100	0.700
0.700	0.100	0.100	0.100
0.100	0.100	0.100	0.700
0.700	0.100	0.100	0.100
0.100	0.100	0.700	0.100
0.100	0.700	0.100	0.100
0.100	0.100	0.700	0.100
0.700	0.100	0.100	0.100
>GCGAAAGC	16-GCGAAAGC	8.236954	-10.749081	0	T:15.0(0.81%),B:97.1(0.22%),P:1e-4	Tpos:62.5,Tstd:25.6,Bpos:52.1,Bstd:38.0,StrandBias:1.5,Multiplicity:1.00
0.100	0.100	0.700	0.100
0.100	0.700	0.100	0.100
0.100	0.100	0.700	0.100
0.700	0.100	0.100	0.100
0.700	0.100	0.100	0.100
0.700	0.100	0.100	0.100
0.100	0.100	0.700	0.100
0.100	0.700	0.100	0.100
>GCGAGAAC	17-GCGAGAAC	8.236954	-10.193545	0	T:14.0(0.76%),B:90.7(0.20%),P:1e-4	Tpos:56.9,Tstd:25.0,Bpos:46.8,Bstd:34.2,StrandBias:-1.9,Multiplicity:1.00
0.100	0.100	0.700	0.100
0.100	0.700	0.100	0.100
0.100	0.100	0.700	0.100
0.700	0.100	0.100	0.100
0.100	0.100	0.700	0.100
0.700	0.100	0.100	0.100
0.700	0.100	0.100	0.100
0.100	0.700	0.100	0.100
