>BBTHTATATA	1-BBTHTATATA	4.922905	-1633.646010	0	T:5212.0(23.05%),B:2620.8(10.00%),P:1e-709	Tpos:32.1,Tstd:11.6,Bpos:50.8,Bstd:37.1,StrandBias:0.1,Multiplicity:1.07
0.107	0.344	0.286	0.263
0.113	0.352	0.302	0.233
0.107	0.235	0.147	0.511
0.384	0.250	0.122	0.244
0.001	0.083	0.003	0.913
0.584	0.050	0.019	0.347
0.151	0.004	0.001	0.844
0.774	0.038	0.040	0.148
0.260	0.007	0.004	0.729
0.680	0.088	0.125	0.107
>YYYCCNTTCC	2-YYYCCNTTCC	5.370713	-1091.684920	0	T:8349.0(36.92%),B:6060.9(23.12%),P:1e-474	Tpos:54.8,Tstd:27.2,Bpos:50.3,Bstd:32.7,StrandBias:2.0,Multiplicity:1.18
0.183	0.306	0.140	0.371
0.001	0.467	0.002	0.530
0.001	0.551	0.045	0.403
0.001	0.630	0.183	0.186
0.222	0.515	0.257	0.006
0.298	0.328	0.188	0.186
0.188	0.167	0.228	0.418
0.001	0.357	0.001	0.641
0.001	0.726	0.023	0.250
0.020	0.710	0.269	0.001
>CMMMCCCMCC	3-CMMMCCCMCC	4.461794	-1056.201665	0	T:11082.0(49.01%),B:8959.2(34.17%),P:1e-458	Tpos:54.3,Tstd:25.7,Bpos:50.4,Bstd:30.1,StrandBias:2.5,Multiplicity:1.35
0.358	0.594	0.001	0.047
0.467	0.531	0.001	0.001
0.423	0.443	0.003	0.131
0.378	0.411	0.001	0.209
0.344	0.520	0.001	0.135
0.383	0.587	0.029	0.001
0.363	0.635	0.001	0.001
0.350	0.451	0.019	0.180
0.324	0.557	0.001	0.118
0.296	0.532	0.001	0.171
>CTCTCSTCTC	4-CTCTCSTCTC	4.778776	-941.213374	0	T:10660.0(47.14%),B:8710.3(33.22%),P:1e-408	Tpos:56.7,Tstd:26.2,Bpos:49.8,Bstd:32.7,StrandBias:1.8,Multiplicity:1.49
0.069	0.574	0.220	0.137
0.101	0.150	0.084	0.665
0.037	0.811	0.065	0.087
0.072	0.214	0.154	0.560
0.068	0.777	0.064	0.091
0.075	0.321	0.464	0.140
0.153	0.162	0.126	0.559
0.037	0.767	0.089	0.107
0.078	0.172	0.093	0.657
0.005	0.722	0.087	0.186
>CGTTTCSTTT	5-CGTTTCSTTT	5.527414	-525.322325	0	T:5623.0(24.87%),B:4310.4(16.44%),P:1e-228	Tpos:51.5,Tstd:26.7,Bpos:49.9,Bstd:32.4,StrandBias:-0.2,Multiplicity:1.15
0.006	0.624	0.263	0.107
0.043	0.148	0.607	0.202
0.035	0.290	0.067	0.608
0.001	0.005	0.017	0.977
0.001	0.081	0.214	0.704
0.019	0.630	0.296	0.055
0.061	0.393	0.455	0.092
0.022	0.215	0.075	0.688
0.001	0.103	0.017	0.879
0.001	0.214	0.202	0.583
>TCTCTCTCTC	6-TCTCTCTCTC	4.977233	-471.942329	0	T:5522.0(24.42%),B:4314.5(16.46%),P:1e-204	Tpos:56.9,Tstd:27.3,Bpos:51.0,Bstd:33.6,StrandBias:1.3,Multiplicity:1.09
0.079	0.113	0.118	0.690
0.087	0.708	0.097	0.108
0.094	0.109	0.154	0.643
0.077	0.731	0.088	0.104
0.093	0.119	0.116	0.672
0.074	0.720	0.087	0.119
0.083	0.115	0.115	0.687
0.072	0.751	0.089	0.088
0.092	0.113	0.121	0.674
0.077	0.721	0.103	0.099
>CACACGCRCA	7-CACACGCRCA	6.538655	-388.250037	0	T:2434.0(10.76%),B:1558.1(5.94%),P:1e-168	Tpos:55.4,Tstd:26.4,Bpos:51.2,Bstd:29.7,StrandBias:1.3,Multiplicity:1.09
0.038	0.899	0.062	0.001
0.617	0.001	0.358	0.024
0.008	0.845	0.146	0.001
0.855	0.001	0.054	0.090
0.078	0.657	0.262	0.003
0.327	0.072	0.482	0.120
0.055	0.852	0.092	0.001
0.477	0.057	0.405	0.061
0.031	0.798	0.160	0.011
0.673	0.232	0.078	0.017
>CTAGGGTTTN	8-CTAGGGTTTN	10.227154	-320.451926	0	T:495.0(2.19%),B:144.2(0.55%),P:1e-139	Tpos:53.2,Tstd:27.5,Bpos:44.8,Bstd:35.9,StrandBias:-0.5,Multiplicity:1.02
0.001	0.997	0.001	0.001
0.001	0.001	0.153	0.845
0.981	0.001	0.002	0.016
0.001	0.001	0.997	0.001
0.001	0.001	0.997	0.001
0.001	0.012	0.986	0.001
0.001	0.001	0.001	0.997
0.001	0.001	0.001	0.997
0.001	0.137	0.001	0.861
0.209	0.282	0.239	0.270
>AGGCAGGCAG	9-AGGCAGGCAG	6.886108	-287.736168	0	T:1805.0(7.98%),B:1149.6(4.38%),P:1e-124	Tpos:53.3,Tstd:26.7,Bpos:48.3,Bstd:29.7,StrandBias:-0.3,Multiplicity:1.06
0.749	0.096	0.087	0.068
0.094	0.075	0.785	0.046
0.056	0.090	0.790	0.064
0.069	0.858	0.057	0.016
0.823	0.041	0.069	0.067
0.072	0.101	0.789	0.038
0.081	0.093	0.767	0.059
0.052	0.856	0.047	0.045
0.770	0.078	0.091	0.061
0.082	0.076	0.814	0.028
>CGCCGCCGCC	10-CGCCGCCGCC	8.476539	-229.177231	0	T:1577.0(6.97%),B:1033.8(3.94%),P:1e-99	Tpos:63.3,Tstd:26.0,Bpos:50.2,Bstd:32.7,StrandBias:1.4,Multiplicity:1.06
0.126	0.803	0.047	0.024
0.039	0.055	0.892	0.014
0.090	0.908	0.001	0.001
0.027	0.952	0.020	0.001
0.053	0.018	0.903	0.026
0.027	0.906	0.066	0.001
0.001	0.947	0.032	0.020
0.001	0.001	0.941	0.057
0.001	0.997	0.001	0.001
0.044	0.890	0.001	0.065
>CTACAAATAC	11-CTACAAATAC	8.275768	-189.672483	0	T:231.0(1.02%),B:54.9(0.21%),P:1e-82	Tpos:38.3,Tstd:20.2,Bpos:51.2,Bstd:30.2,StrandBias:1.4,Multiplicity:1.00
0.085	0.689	0.183	0.043
0.075	0.008	0.029	0.888
0.774	0.059	0.100	0.067
0.027	0.861	0.096	0.016
0.899	0.033	0.032	0.036
0.912	0.027	0.034	0.027
0.732	0.069	0.154	0.045
0.037	0.019	0.075	0.869
0.728	0.120	0.047	0.105
0.074	0.654	0.217	0.055
>SCGCACCGCA	12-SCGCACCGCA	8.491620	-185.300347	0	T:726.0(3.21%),B:381.7(1.46%),P:1e-80	Tpos:56.3,Tstd:27.0,Bpos:49.4,Bstd:28.4,StrandBias:1.1,Multiplicity:1.04
0.200	0.251	0.376	0.173
0.171	0.827	0.001	0.001
0.231	0.001	0.767	0.001
0.066	0.932	0.001	0.001
0.828	0.170	0.001	0.001
0.293	0.489	0.209	0.008
0.001	0.827	0.171	0.001
0.001	0.001	0.997	0.001
0.001	0.997	0.001	0.001
0.765	0.001	0.233	0.001
>CGACTGGCGA	13-CGACTGGCGA	8.722124	-176.159470	0	T:95.0(0.42%),B:7.5(0.03%),P:1e-76	Tpos:56.8,Tstd:24.7,Bpos:44.5,Bstd:17.5,StrandBias:-1.5,Multiplicity:1.00
0.001	0.936	0.001	0.062
0.001	0.001	0.997	0.001
0.997	0.001	0.001	0.001
0.001	0.997	0.001	0.001
0.001	0.001	0.001	0.997
0.201	0.001	0.736	0.062
0.001	0.001	0.895	0.103
0.001	0.997	0.001	0.001
0.001	0.001	0.997	0.001
0.997	0.001	0.001	0.001
>TCCGTCMGTC	14-TCCGTCMGTC	6.392809	-173.211077	0	T:631.0(2.79%),B:320.6(1.22%),P:1e-75	Tpos:54.1,Tstd:27.3,Bpos:52.4,Bstd:27.6,StrandBias:1.3,Multiplicity:1.01
0.105	0.227	0.147	0.521
0.019	0.741	0.072	0.168
0.228	0.498	0.199	0.074
0.112	0.185	0.549	0.154
0.091	0.194	0.180	0.535
0.034	0.767	0.097	0.102
0.369	0.384	0.219	0.028
0.184	0.139	0.569	0.108
0.091	0.209	0.121	0.579
0.051	0.685	0.104	0.160
>CTAGCTAGCT	15-CTAGCTAGCT	8.784531	-163.538864	0	T:334.0(1.48%),B:121.7(0.46%),P:1e-71	Tpos:58.7,Tstd:27.4,Bpos:51.3,Bstd:29.6,StrandBias:0.0,Multiplicity:1.05
0.099	0.742	0.082	0.077
0.036	0.157	0.015	0.792
0.571	0.095	0.060	0.274
0.028	0.064	0.777	0.131
0.022	0.895	0.062	0.021
0.124	0.019	0.019	0.838
0.663	0.069	0.039	0.229
0.022	0.061	0.803	0.114
0.140	0.721	0.085	0.054
0.109	0.078	0.109	0.704
>TAGCAGCAGC	16-TAGCAGCAGC	7.780319	-157.111448	0	T:1143.0(5.05%),B:760.4(2.90%),P:1e-68	Tpos:56.1,Tstd:27.2,Bpos:50.1,Bstd:31.5,StrandBias:0.6,Multiplicity:1.03
0.123	0.196	0.001	0.680
0.823	0.019	0.001	0.157
0.023	0.097	0.879	0.001
0.001	0.789	0.028	0.182
0.660	0.116	0.149	0.075
0.010	0.099	0.890	0.001
0.028	0.733	0.031	0.208
0.641	0.035	0.102	0.222
0.070	0.001	0.928	0.001
0.001	0.997	0.001	0.001
>TGCSGACTGC	17-TGCSGACTGC	8.609687	-148.512386	0	T:258.0(1.14%),B:83.5(0.32%),P:1e-64	Tpos:54.9,Tstd:27.2,Bpos:52.7,Bstd:31.6,StrandBias:-1.0,Multiplicity:1.03
0.074	0.116	0.120	0.690
0.012	0.031	0.903	0.054
0.040	0.777	0.155	0.028
0.157	0.292	0.396	0.155
0.202	0.001	0.662	0.135
0.525	0.109	0.228	0.138
0.043	0.706	0.174	0.077
0.086	0.104	0.146	0.664
0.036	0.004	0.878	0.082
0.014	0.984	0.001	0.001
>AGHACAGCAS	18-AGHACAGCAS	7.144465	-144.831074	0	T:841.0(3.72%),B:518.2(1.98%),P:1e-62	Tpos:53.7,Tstd:27.3,Bpos:50.2,Bstd:28.6,StrandBias:0.3,Multiplicity:1.06
0.841	0.048	0.022	0.089
0.221	0.066	0.676	0.037
0.193	0.310	0.165	0.333
0.745	0.109	0.005	0.141
0.047	0.700	0.116	0.137
0.660	0.025	0.055	0.260
0.024	0.062	0.892	0.022
0.189	0.530	0.157	0.124
0.954	0.019	0.010	0.017
0.042	0.517	0.424	0.017
>TACTAGTAGT	19-TACTAGTAGT	6.910932	-140.976159	0	T:538.0(2.38%),B:279.4(1.07%),P:1e-61	Tpos:46.6,Tstd:25.5,Bpos:46.0,Bstd:28.2,StrandBias:-0.0,Multiplicity:1.05
0.045	0.102	0.030	0.823
0.847	0.081	0.069	0.003
0.006	0.616	0.344	0.034
0.003	0.099	0.001	0.897
0.965	0.001	0.033	0.001
0.001	0.354	0.642	0.003
0.001	0.109	0.044	0.846
0.830	0.037	0.083	0.050
0.037	0.261	0.686	0.016
0.099	0.230	0.025	0.646
>AAGCAAAGCA	20-AAGCAAAGCA	12.473324	-122.446658	0	T:95.0(0.42%),B:13.5(0.05%),P:1e-53	Tpos:59.1,Tstd:26.1,Bpos:61.7,Bstd:23.2,StrandBias:1.1,Multiplicity:1.04
0.997	0.001	0.001	0.001
0.997	0.001	0.001	0.001
0.001	0.001	0.997	0.001
0.001	0.997	0.001	0.001
0.997	0.001	0.001	0.001
0.997	0.001	0.001	0.001
0.997	0.001	0.001	0.001
0.001	0.001	0.997	0.001
0.001	0.997	0.001	0.001
0.742	0.256	0.001	0.001
>ACTGCACTGC	21-ACTGCACTGC	7.701528	-89.488050	0	T:295.0(1.30%),B:143.2(0.55%),P:1e-38	Tpos:55.7,Tstd:28.1,Bpos:48.7,Bstd:28.2,StrandBias:0.5,Multiplicity:1.07
0.393	0.207	0.182	0.218
0.078	0.635	0.232	0.055
0.080	0.024	0.224	0.672
0.080	0.041	0.790	0.089
0.032	0.684	0.260	0.024
0.555	0.271	0.134	0.040
0.119	0.503	0.215	0.163
0.194	0.067	0.022	0.717
0.066	0.222	0.694	0.018
0.016	0.741	0.118	0.125
>TTTCTTTACC	22-TTTCTTTACC	8.901859	-71.742707	0	T:34.0(0.15%),B:2.8(0.01%),P:1e-31	Tpos:49.5,Tstd:22.5,Bpos:50.0,Bstd:33.7,StrandBias:1.4,Multiplicity:1.00
0.001	0.001	0.001	0.997
0.001	0.001	0.008	0.990
0.001	0.001	0.049	0.949
0.001	0.997	0.001	0.001
0.001	0.001	0.049	0.949
0.001	0.001	0.001	0.997
0.001	0.001	0.001	0.997
0.997	0.001	0.001	0.001
0.001	0.997	0.001	0.001
0.001	0.990	0.008	0.001
>TATCTSCATC	23-TATCTSCATC	10.889832	-56.092089	0	T:40.0(0.18%),B:5.7(0.02%),P:1e-24	Tpos:48.1,Tstd:26.5,Bpos:35.1,Bstd:2.9,StrandBias:1.1,Multiplicity:1.00
0.001	0.001	0.001	0.997
0.997	0.001	0.001	0.001
0.001	0.134	0.001	0.864
0.001	0.933	0.001	0.065
0.188	0.001	0.001	0.810
0.239	0.412	0.348	0.001
0.199	0.665	0.001	0.135
0.997	0.001	0.001	0.001
0.133	0.001	0.333	0.533
0.065	0.933	0.001	0.001
>TGAGATGAGC	24-TGAGATGAGC	9.443606	-52.129077	0	T:135.0(0.60%),B:58.8(0.22%),P:1e-22	Tpos:53.4,Tstd:26.6,Bpos:55.4,Bstd:27.5,StrandBias:-1.0,Multiplicity:1.01
0.152	0.053	0.001	0.794
0.074	0.001	0.924	0.001
0.928	0.018	0.001	0.053
0.001	0.001	0.993	0.005
0.756	0.208	0.001	0.035
0.034	0.001	0.006	0.959
0.001	0.075	0.918	0.006
0.874	0.018	0.074	0.034
0.001	0.052	0.946	0.001
0.006	0.913	0.075	0.006
>CTACACGGCC	25-CTACACGGCC	12.483510	-45.191269	0	T:35.0(0.15%),B:5.6(0.02%),P:1e-19	Tpos:57.4,Tstd:28.2,Bpos:52.8,Bstd:20.4,StrandBias:1.2,Multiplicity:1.05
0.001	0.997	0.001	0.001
0.001	0.265	0.001	0.733
0.997	0.001	0.001	0.001
0.001	0.973	0.001	0.025
0.997	0.001	0.001	0.001
0.001	0.997	0.001	0.001
0.001	0.001	0.997	0.001
0.001	0.001	0.997	0.001
0.001	0.997	0.001	0.001
0.001	0.997	0.001	0.001
>TATATAWANVVV	1-TATATAWANVVV	5.158601	-1703.286151	0	T:4493.0(19.87%),B:2018.1(7.70%),P:1e-739	Tpos:31.8,Tstd:10.5,Bpos:51.2,Bstd:36.9,StrandBias:-0.0,Multiplicity:1.11
0.106	0.184	0.109	0.601
0.511	0.135	0.060	0.294
0.054	0.025	0.007	0.914
0.790	0.001	0.004	0.205
0.207	0.006	0.017	0.770
0.945	0.001	0.015	0.039
0.318	0.058	0.185	0.439
0.599	0.131	0.211	0.059
0.218	0.234	0.300	0.247
0.327	0.239	0.321	0.113
0.195	0.329	0.325	0.150
0.214	0.341	0.328	0.117
>CCACTCCACTCC	2-CCACTCCACTCC	4.839701	-1385.992638	0	T:10305.0(45.57%),B:7611.1(29.03%),P:1e-601	Tpos:56.9,Tstd:25.6,Bpos:50.0,Bstd:32.0,StrandBias:2.5,Multiplicity:1.37
0.044	0.830	0.059	0.067
0.059	0.791	0.071	0.079
0.528	0.203	0.093	0.176
0.054	0.797	0.069	0.080
0.086	0.144	0.078	0.692
0.025	0.865	0.051	0.059
0.042	0.867	0.042	0.049
0.545	0.190	0.116	0.149
0.065	0.794	0.061	0.080
0.094	0.143	0.082	0.681
0.061	0.772	0.072	0.095
0.046	0.837	0.058	0.059
>TCKYCTCBTCTC	3-TCKYCTCBTCTC	4.982583	-1069.521418	0	T:12538.0(55.45%),B:10544.0(40.21%),P:1e-464	Tpos:56.3,Tstd:26.0,Bpos:49.7,Bstd:32.9,StrandBias:1.5,Multiplicity:1.28
0.007	0.371	0.086	0.536
0.004	0.737	0.062	0.197
0.050	0.203	0.312	0.436
0.006	0.446	0.078	0.470
0.018	0.675	0.087	0.220
0.002	0.268	0.139	0.591
0.001	0.748	0.026	0.225
0.047	0.373	0.303	0.278
0.008	0.280	0.098	0.614
0.001	0.773	0.037	0.189
0.005	0.289	0.209	0.497
0.009	0.706	0.043	0.242
>CCMAMCCMAMCM	4-CCMAMCCMAMCM	2.286366	-903.078937	0	T:7875.0(34.83%),B:5881.3(22.43%),P:1e-392	Tpos:53.9,Tstd:25.4,Bpos:50.4,Bstd:30.3,StrandBias:2.3,Multiplicity:1.17
0.334	0.662	0.003	0.001
0.339	0.659	0.001	0.001
0.500	0.498	0.001	0.001
0.868	0.130	0.001	0.001
0.536	0.434	0.029	0.001
0.369	0.616	0.014	0.001
0.322	0.676	0.001	0.001
0.479	0.519	0.001	0.001
0.643	0.355	0.001	0.001
0.526	0.460	0.013	0.001
0.351	0.605	0.043	0.001
0.438	0.560	0.001	0.001
>TCACTCACTCTC	5-TCACTCACTCTC	5.998239	-501.435867	0	T:3548.0(15.69%),B:2387.6(9.11%),P:1e-217	Tpos:56.8,Tstd:26.5,Bpos:51.0,Bstd:31.7,StrandBias:1.7,Multiplicity:1.06
0.103	0.155	0.159	0.583
0.060	0.792	0.076	0.072
0.467	0.139	0.173	0.221
0.069	0.735	0.120	0.076
0.112	0.101	0.205	0.582
0.058	0.798	0.107	0.037
0.483	0.098	0.209	0.211
0.091	0.728	0.111	0.070
0.125	0.121	0.170	0.584
0.036	0.797	0.102	0.065
0.190	0.109	0.193	0.508
0.057	0.757	0.093	0.093
>ACACAGACACAG	6-ACACAGACACAG	7.402157	-252.240371	0	T:661.0(2.92%),B:281.9(1.08%),P:1e-109	Tpos:53.7,Tstd:26.8,Bpos:54.6,Bstd:25.7,StrandBias:0.7,Multiplicity:1.04
0.728	0.080	0.107	0.085
0.078	0.754	0.111	0.057
0.769	0.066	0.104	0.061
0.084	0.724	0.135	0.057
0.734	0.071	0.115	0.080
0.053	0.095	0.778	0.074
0.674	0.108	0.138	0.080
0.073	0.774	0.090	0.063
0.774	0.059	0.114	0.053
0.057	0.769	0.108	0.066
0.786	0.080	0.072	0.062
0.066	0.142	0.737	0.055
>KAGCTAGGGTTT	7-KAGCTAGGGTTT	8.642974	-225.056491	0	T:301.0(1.33%),B:77.6(0.30%),P:1e-97	Tpos:56.6,Tstd:26.5,Bpos:47.5,Bstd:35.7,StrandBias:-0.8,Multiplicity:1.01
0.138	0.001	0.418	0.443
0.686	0.169	0.138	0.007
0.007	0.007	0.979	0.007
0.001	0.992	0.006	0.001
0.001	0.001	0.001	0.997
0.997	0.001	0.001	0.001
0.001	0.001	0.997	0.001
0.001	0.001	0.997	0.001
0.001	0.001	0.992	0.006
0.001	0.001	0.001	0.997
0.001	0.001	0.001	0.997
0.007	0.007	0.020	0.966
>TCGCAAGTCGCA	8-TCGCAAGTCGCA	7.376051	-207.084904	0	T:486.0(2.15%),B:193.1(0.74%),P:1e-89	Tpos:53.4,Tstd:27.1,Bpos:49.3,Bstd:28.1,StrandBias:0.6,Multiplicity:1.04
0.069	0.097	0.113	0.721
0.070	0.699	0.112	0.119
0.069	0.095	0.776	0.060
0.029	0.891	0.070	0.010
0.724	0.090	0.096	0.090
0.733	0.106	0.107	0.054
0.089	0.175	0.659	0.077
0.072	0.089	0.097	0.742
0.057	0.731	0.101	0.111
0.070	0.083	0.787	0.060
0.080	0.818	0.079	0.023
0.707	0.109	0.100	0.084
>CAGCCGCCGCCC	9-CAGCCGCCGCCC	8.320688	-205.670216	0	T:1485.0(6.57%),B:987.3(3.77%),P:1e-89	Tpos:62.1,Tstd:26.7,Bpos:50.3,Bstd:32.3,StrandBias:1.2,Multiplicity:1.04
0.091	0.798	0.059	0.052
0.546	0.237	0.139	0.078
0.067	0.083	0.775	0.075
0.057	0.811	0.071	0.061
0.075	0.774	0.070	0.081
0.064	0.057	0.822	0.057
0.048	0.806	0.089	0.057
0.095	0.746	0.101	0.058
0.064	0.046	0.850	0.040
0.054	0.769	0.115	0.062
0.107	0.712	0.095	0.086
0.118	0.592	0.209	0.081
>ATCCATCCATCC	10-ATCCATCCATCC	7.303039	-202.483416	0	T:760.0(3.36%),B:391.5(1.49%),P:1e-87	Tpos:55.4,Tstd:26.6,Bpos:49.4,Bstd:26.9,StrandBias:2.1,Multiplicity:1.01
0.678	0.130	0.103	0.089
0.079	0.078	0.083	0.760
0.042	0.806	0.059	0.093
0.066	0.745	0.122	0.067
0.742	0.067	0.114	0.077
0.051	0.063	0.119	0.767
0.041	0.805	0.055	0.099
0.064	0.756	0.112	0.068
0.738	0.073	0.121	0.068
0.066	0.096	0.098	0.740
0.058	0.766	0.066	0.110
0.099	0.699	0.119	0.083
>CTACAAATACGC	11-CTACAAATACGC	9.023141	-198.432693	0	T:60.0(0.27%),B:1.2(0.00%),P:1e-86	Tpos:42.0,Tstd:20.3,Bpos:31.3,Bstd:12.7,StrandBias:3.4,Multiplicity:1.00
0.165	0.609	0.102	0.124
0.214	0.138	0.040	0.608
0.685	0.110	0.061	0.144
0.102	0.782	0.071	0.045
0.804	0.077	0.081	0.038
0.747	0.122	0.007	0.124
0.560	0.221	0.193	0.026
0.122	0.114	0.009	0.755
0.587	0.158	0.130	0.125
0.077	0.618	0.193	0.112
0.161	0.201	0.451	0.187
0.152	0.612	0.121	0.115
>GSCTGCCTGCCT	12-GSCTGCCTGCCT	8.495500	-193.090625	0	T:821.0(3.63%),B:447.7(1.71%),P:1e-83	Tpos:54.1,Tstd:26.5,Bpos:48.7,Bstd:29.5,StrandBias:-0.3,Multiplicity:1.02
0.087	0.153	0.592	0.168
0.020	0.501	0.464	0.015
0.010	0.749	0.033	0.208
0.059	0.174	0.097	0.670
0.001	0.003	0.988	0.008
0.018	0.667	0.256	0.059
0.001	0.754	0.083	0.162
0.027	0.085	0.079	0.809
0.025	0.027	0.925	0.023
0.011	0.728	0.255	0.006
0.065	0.613	0.038	0.284
0.033	0.183	0.261	0.523
>CTASTASTAGTA	13-CTASTASTAGTA	6.676325	-153.552845	0	T:785.0(3.47%),B:461.7(1.76%),P:1e-66	Tpos:47.1,Tstd:24.9,Bpos:48.5,Bstd:27.0,StrandBias:-0.2,Multiplicity:1.05
0.046	0.550	0.313	0.091
0.117	0.096	0.066	0.721
0.590	0.030	0.322	0.058
0.017	0.541	0.419	0.023
0.055	0.109	0.030	0.806
0.747	0.020	0.213	0.020
0.011	0.552	0.427	0.010
0.054	0.086	0.008	0.852
0.722	0.028	0.200	0.050
0.028	0.363	0.577	0.032
0.084	0.107	0.082	0.727
0.630	0.107	0.173	0.090
>GCTAGCTAGCTA	14-GCTAGCTAGCTA	8.072678	-132.422368	0	T:517.0(2.29%),B:271.5(1.04%),P:1e-57	Tpos:59.7,Tstd:25.9,Bpos:50.8,Bstd:27.5,StrandBias:-0.0,Multiplicity:1.03
0.122	0.076	0.791	0.011
0.047	0.900	0.032	0.021
0.054	0.079	0.064	0.803
0.641	0.061	0.059	0.239
0.001	0.021	0.973	0.005
0.010	0.870	0.040	0.080
0.016	0.125	0.005	0.854
0.649	0.005	0.067	0.279
0.001	0.010	0.958	0.031
0.025	0.869	0.075	0.031
0.034	0.128	0.015	0.823
0.584	0.147	0.210	0.059
>CGTTTCATTTCC	15-CGTTTCATTTCC	9.306527	-131.648258	0	T:224.0(0.99%),B:71.7(0.27%),P:1e-57	Tpos:49.3,Tstd:26.5,Bpos:47.1,Bstd:25.2,StrandBias:1.4,Multiplicity:1.00
0.110	0.696	0.069	0.125
0.136	0.055	0.724	0.085
0.153	0.056	0.028	0.763
0.001	0.001	0.001	0.997
0.014	0.264	0.001	0.721
0.070	0.846	0.083	0.001
0.655	0.070	0.097	0.178
0.014	0.142	0.139	0.705
0.001	0.001	0.001	0.997
0.106	0.027	0.001	0.866
0.001	0.682	0.042	0.275
0.067	0.862	0.001	0.070
>CTCCCGAATCCC	16-CTCCCGAATCCC	8.809332	-129.529098	0	T:118.0(0.52%),B:20.7(0.08%),P:1e-56	Tpos:58.5,Tstd:25.8,Bpos:48.4,Bstd:27.1,StrandBias:3.2,Multiplicity:1.02
0.216	0.511	0.123	0.150
0.129	0.087	0.171	0.613
0.006	0.754	0.119	0.121
0.116	0.704	0.086	0.094
0.121	0.679	0.101	0.099
0.182	0.135	0.576	0.107
0.567	0.114	0.199	0.120
0.507	0.126	0.155	0.212
0.129	0.159	0.126	0.586
0.071	0.571	0.157	0.201
0.004	0.981	0.007	0.008
0.137	0.735	0.011	0.117
>TTCCATTCCATC	17-TTCCATTCCATC	10.436372	-122.926410	0	T:89.0(0.39%),B:11.5(0.04%),P:1e-53	Tpos:56.5,Tstd:23.6,Bpos:29.4,Bstd:13.1,StrandBias:2.6,Multiplicity:1.00
0.239	0.025	0.008	0.728
0.001	0.312	0.025	0.662
0.017	0.668	0.307	0.008
0.017	0.730	0.236	0.017
0.719	0.034	0.238	0.009
0.032	0.008	0.033	0.927
0.025	0.339	0.017	0.619
0.017	0.599	0.367	0.017
0.025	0.942	0.025	0.008
0.675	0.042	0.120	0.163
0.185	0.290	0.025	0.499
0.160	0.620	0.103	0.117
>TCACAGGCTCCC	18-TCACAGGCTCCC	10.624478	-114.187532	0	T:94.0(0.42%),B:14.1(0.05%),P:1e-49	Tpos:59.0,Tstd:24.4,Bpos:42.0,Bstd:22.5,StrandBias:1.8,Multiplicity:1.00
0.102	0.005	0.150	0.743
0.001	0.948	0.050	0.001
0.568	0.239	0.192	0.001
0.001	0.948	0.001	0.050
0.697	0.102	0.200	0.001
0.050	0.001	0.948	0.001
0.170	0.001	0.778	0.051
0.001	0.997	0.001	0.001
0.001	0.001	0.001	0.997
0.001	0.650	0.298	0.051
0.001	0.858	0.090	0.051
0.060	0.938	0.001	0.001
>CTCGCAGYCGCA	19-CTCGCAGYCGCA	12.066406	-110.536895	0	T:77.0(0.34%),B:9.9(0.04%),P:1e-48	Tpos:58.4,Tstd:26.8,Bpos:53.3,Bstd:30.8,StrandBias:0.4,Multiplicity:1.00
0.001	0.832	0.001	0.166
0.001	0.396	0.001	0.602
0.001	0.936	0.001	0.062
0.001	0.001	0.997	0.001
0.001	0.968	0.030	0.001
0.968	0.001	0.030	0.001
0.062	0.001	0.936	0.001
0.001	0.531	0.001	0.467
0.001	0.964	0.034	0.001
0.030	0.001	0.968	0.001
0.062	0.936	0.001	0.001
0.936	0.001	0.062	0.001
>ASGTCTSGACTC	20-ASGTCTSGACTC	11.301877	-98.138813	0	T:53.0(0.23%),B:4.5(0.02%),P:1e-42	Tpos:59.5,Tstd:22.8,Bpos:39.5,Bstd:8.5,StrandBias:-1.2,Multiplicity:1.00
0.594	0.064	0.278	0.064
0.237	0.318	0.437	0.009
0.008	0.001	0.990	0.001
0.064	0.097	0.073	0.766
0.001	0.997	0.001	0.001
0.064	0.001	0.032	0.903
0.001	0.544	0.454	0.001
0.001	0.001	0.997	0.001
0.967	0.001	0.001	0.031
0.001	0.894	0.073	0.032
0.001	0.001	0.001	0.997
0.001	0.997	0.001	0.001
>TCCRCTAGGGTT	21-TCCRCTAGGGTT	11.894579	-71.688614	0	T:43.0(0.19%),B:4.0(0.02%),P:1e-31	Tpos:56.9,Tstd:24.3,Bpos:70.8,Bstd:9.3,StrandBias:-0.2,Multiplicity:1.00
0.070	0.060	0.332	0.538
0.001	0.953	0.035	0.011
0.047	0.721	0.072	0.160
0.476	0.120	0.335	0.069
0.023	0.918	0.035	0.024
0.012	0.059	0.047	0.882
0.872	0.070	0.023	0.035
0.035	0.023	0.919	0.023
0.012	0.047	0.918	0.023
0.012	0.012	0.941	0.035
0.001	0.057	0.001	0.941
0.023	0.012	0.023	0.942
>TGAAGTCTGAAC	22-TGAAGTCTGAAC	12.340548	-56.212553	0	T:33.0(0.15%),B:3.0(0.01%),P:1e-24	Tpos:53.5,Tstd:22.9,Bpos:29.0,Bstd:0.0,StrandBias:-0.5,Multiplicity:1.06
0.113	0.040	0.001	0.846
0.001	0.001	0.959	0.039
0.959	0.001	0.039	0.001
0.959	0.001	0.001	0.039
0.001	0.212	0.747	0.040
0.001	0.001	0.039	0.959
0.040	0.880	0.040	0.040
0.001	0.001	0.001	0.997
0.039	0.001	0.959	0.001
0.919	0.040	0.001	0.040
0.959	0.039	0.001	0.001
0.040	0.846	0.113	0.001
>CTGATTTTTCTA	23-CTGATTTTTCTA	9.695793	-54.516136	0	T:36.0(0.16%),B:4.7(0.02%),P:1e-23	Tpos:48.1,Tstd:26.1,Bpos:82.9,Bstd:3.4,StrandBias:0.7,Multiplicity:1.00
0.077	0.742	0.081	0.100
0.099	0.087	0.081	0.733
0.078	0.100	0.723	0.099
0.713	0.125	0.081	0.081
0.070	0.073	0.085	0.772
0.068	0.075	0.059	0.798
0.049	0.120	0.063	0.768
0.043	0.105	0.051	0.801
0.064	0.062	0.089	0.785
0.057	0.785	0.079	0.079
0.076	0.122	0.057	0.745
0.637	0.113	0.105	0.145
>AAACAGCAGAGC	24-AAACAGCAGAGC	11.065023	-31.791065	0	T:49.0(0.22%),B:15.1(0.06%),P:1e-13	Tpos:53.8,Tstd:28.4,Bpos:61.3,Bstd:18.5,StrandBias:0.6,Multiplicity:1.00
0.819	0.039	0.119	0.023
0.671	0.162	0.127	0.040
0.728	0.086	0.146	0.040
0.134	0.742	0.047	0.077
0.853	0.031	0.047	0.069
0.001	0.015	0.953	0.031
0.031	0.869	0.069	0.031
0.883	0.047	0.023	0.047
0.063	0.047	0.867	0.023
0.868	0.054	0.016	0.062
0.039	0.031	0.907	0.023
0.070	0.859	0.055	0.016
>CCGCCGCCGCCA	25-CCGCCGCCGCCA	13.962653	-29.713045	0	T:70.0(0.31%),B:29.5(0.11%),P:1e-12	Tpos:58.9,Tstd:24.6,Bpos:63.5,Bstd:18.0,StrandBias:1.1,Multiplicity:1.00
0.001	0.997	0.001	0.001
0.001	0.997	0.001	0.001
0.001	0.001	0.997	0.001
0.361	0.637	0.001	0.001
0.001	0.997	0.001	0.001
0.001	0.001	0.723	0.275
0.001	0.593	0.001	0.405
0.001	0.997	0.001	0.001
0.001	0.001	0.997	0.001
0.001	0.997	0.001	0.001
0.001	0.997	0.001	0.001
0.997	0.001	0.001	0.001
>TATATA	1-TATATA	5.546131	-1464.431644	0	T:4299.0(19.01%),B:2042.7(7.79%),P:1e-635	Tpos:31.5,Tstd:10.9,Bpos:50.0,Bstd:39.2,StrandBias:-0.4,Multiplicity:1.16
0.001	0.041	0.001	0.957
0.672	0.001	0.001	0.326
0.104	0.001	0.001	0.894
0.997	0.001	0.001	0.001
0.001	0.022	0.036	0.941
0.997	0.001	0.001	0.001
>GAGWGR	2-GAGWGR	4.469201	-636.928636	0	T:11870.0(52.49%),B:10685.2(40.75%),P:1e-276	Tpos:55.1,Tstd:27.2,Bpos:49.8,Bstd:33.7,StrandBias:-1.7,Multiplicity:1.54
0.225	0.001	0.773	0.001
0.750	0.138	0.001	0.111
0.013	0.123	0.775	0.089
0.402	0.179	0.146	0.273
0.001	0.191	0.781	0.027
0.519	0.001	0.404	0.076
>CCAACC	3-CCAACC	6.149985	-583.756215	0	T:7096.0(31.38%),B:5670.1(21.63%),P:1e-253	Tpos:53.0,Tstd:27.5,Bpos:50.7,Bstd:31.0,StrandBias:2.3,Multiplicity:1.29
0.003	0.995	0.001	0.001
0.341	0.657	0.001	0.001
0.657	0.341	0.001	0.001
0.995	0.003	0.001	0.001
0.001	0.997	0.001	0.001
0.001	0.997	0.001	0.001
>CCATTC	4-CCATTC	4.083717	-560.773697	0	T:13858.0(61.29%),B:13173.2(50.24%),P:1e-243	Tpos:52.6,Tstd:27.8,Bpos:49.9,Bstd:31.3,StrandBias:1.7,Multiplicity:1.42
0.001	0.871	0.001	0.127
0.105	0.822	0.072	0.001
0.578	0.291	0.130	0.001
0.223	0.020	0.130	0.627
0.020	0.234	0.001	0.745
0.001	0.856	0.001	0.142
>AAAACC	5-AAAACC	3.340897	-474.457358	0	T:3081.0(13.63%),B:2008.9(7.66%),P:1e-206	Tpos:49.6,Tstd:25.9,Bpos:49.6,Bstd:34.1,StrandBias:1.6,Multiplicity:1.08
0.997	0.001	0.001	0.001
0.997	0.001	0.001	0.001
0.997	0.001	0.001	0.001
0.991	0.007	0.001	0.001
0.001	0.997	0.001	0.001
0.001	0.997	0.001	0.001
>CGCMGC	6-CGCMGC	4.373088	-467.290428	0	T:12228.0(54.08%),B:11532.2(43.98%),P:1e-202	Tpos:56.8,Tstd:28.3,Bpos:49.6,Bstd:32.4,StrandBias:0.6,Multiplicity:1.57
0.204	0.550	0.115	0.131
0.289	0.001	0.670	0.040
0.041	0.886	0.072	0.001
0.398	0.372	0.128	0.102
0.082	0.087	0.733	0.098
0.001	0.793	0.129	0.077
>GAGACG	7-GAGACG	3.800123	-465.956114	0	T:11354.0(50.21%),B:10541.7(40.21%),P:1e-202	Tpos:53.5,Tstd:27.6,Bpos:50.5,Bstd:31.9,StrandBias:-1.4,Multiplicity:1.40
0.107	0.001	0.891	0.001
0.862	0.001	0.136	0.001
0.091	0.001	0.907	0.001
0.827	0.001	0.171	0.001
0.001	0.916	0.001	0.082
0.001	0.001	0.997	0.001
>CACACA	8-CACACA	5.012474	-318.411134	0	T:6070.0(26.84%),B:5224.3(19.93%),P:1e-138	Tpos:52.6,Tstd:27.4,Bpos:50.5,Bstd:30.9,StrandBias:1.5,Multiplicity:1.21
0.001	0.997	0.001	0.001
0.933	0.001	0.001	0.065
0.084	0.914	0.001	0.001
0.810	0.001	0.188	0.001
0.001	0.997	0.001	0.001
0.767	0.001	0.122	0.110
>GCAGTC	9-GCAGTC	6.163545	-212.082434	0	T:5177.0(22.89%),B:4600.9(17.55%),P:1e-92	Tpos:52.8,Tstd:28.0,Bpos:50.2,Bstd:29.7,StrandBias:-0.1,Multiplicity:1.11
0.001	0.001	0.770	0.228
0.001	0.997	0.001	0.001
0.997	0.001	0.001	0.001
0.001	0.001	0.997	0.001
0.001	0.001	0.215	0.783
0.001	0.707	0.291	0.001
>ACGCAA	10-ACGCAA	3.362873	-209.971060	0	T:6722.0(29.73%),B:6247.5(23.83%),P:1e-91	Tpos:53.3,Tstd:27.3,Bpos:49.1,Bstd:31.6,StrandBias:0.2,Multiplicity:1.21
0.947	0.051	0.001	0.001
0.001	0.894	0.104	0.001
0.001	0.001	0.997	0.001
0.001	0.997	0.001	0.001
0.997	0.001	0.001	0.001
0.842	0.001	0.156	0.001
>TTGCTT	11-TTGCTT	6.227201	-205.773213	0	T:4329.0(19.14%),B:3741.1(14.27%),P:1e-89	Tpos:51.6,Tstd:27.5,Bpos:50.5,Bstd:33.0,StrandBias:0.2,Multiplicity:1.15
0.001	0.001	0.001	0.997
0.001	0.156	0.001	0.842
0.001	0.196	0.802	0.001
0.001	0.997	0.001	0.001
0.001	0.001	0.001	0.997
0.001	0.001	0.001	0.997
>TTTWWT	12-TTTWWT	5.532566	-187.925918	0	T:2367.0(10.47%),B:1833.1(6.99%),P:1e-81	Tpos:39.0,Tstd:24.3,Bpos:49.4,Bstd:38.6,StrandBias:-0.6,Multiplicity:1.05
0.194	0.218	0.001	0.587
0.001	0.001	0.105	0.893
0.001	0.001	0.001	0.997
0.413	0.001	0.105	0.480
0.442	0.155	0.001	0.402
0.386	0.001	0.001	0.612
>TAATAA	13-TAATAA	6.048948	-173.085728	0	T:1141.0(5.05%),B:735.7(2.81%),P:1e-75	Tpos:36.2,Tstd:21.6,Bpos:49.8,Bstd:34.8,StrandBias:0.0,Multiplicity:1.11
0.001	0.001	0.001	0.997
0.893	0.001	0.001	0.105
0.997	0.001	0.001	0.001
0.001	0.001	0.001	0.997
0.997	0.001	0.001	0.001
0.997	0.001	0.001	0.001
>AGACAG	14-AGACAG	5.369348	-167.065097	0	T:4133.0(18.28%),B:3657.6(13.95%),P:1e-72	Tpos:50.8,Tstd:27.5,Bpos:50.3,Bstd:31.9,StrandBias:-0.5,Multiplicity:1.08
0.997	0.001	0.001	0.001
0.001	0.098	0.900	0.001
0.997	0.001	0.001	0.001
0.379	0.619	0.001	0.001
0.872	0.001	0.001	0.126
0.001	0.001	0.997	0.001
>CCACCA	15-CCACCA	6.177716	-145.916867	0	T:2917.0(12.90%),B:2479.8(9.46%),P:1e-63	Tpos:54.7,Tstd:28.1,Bpos:49.7,Bstd:30.1,StrandBias:1.6,Multiplicity:1.19
0.100	0.700	0.100	0.100
0.100	0.700	0.100	0.100
0.700	0.100	0.100	0.100
0.100	0.700	0.100	0.100
0.100	0.700	0.100	0.100
0.700	0.100	0.100	0.100
>CTACTA	16-CTACTA	7.413581	-129.432943	0	T:1193.0(5.28%),B:850.3(3.24%),P:1e-56	Tpos:45.9,Tstd:26.9,Bpos:48.2,Bstd:28.9,StrandBias:0.3,Multiplicity:1.22
0.001	0.997	0.001	0.001
0.001	0.001	0.001	0.997
0.997	0.001	0.001	0.001
0.001	0.587	0.411	0.001
0.001	0.001	0.001	0.997
0.997	0.001	0.001	0.001
>CTTATC	17-CTTATC	6.177716	-95.467766	0	T:993.0(4.39%),B:730.1(2.78%),P:1e-41	Tpos:42.6,Tstd:24.2,Bpos:47.4,Bstd:31.7,StrandBias:1.5,Multiplicity:1.04
0.100	0.700	0.100	0.100
0.100	0.100	0.100	0.700
0.100	0.100	0.100	0.700
0.700	0.100	0.100	0.100
0.100	0.100	0.100	0.700
0.100	0.700	0.100	0.100
>CGCATC	18-CGCATC	7.178813	-86.304164	0	T:1744.0(7.71%),B:1477.6(5.64%),P:1e-37	Tpos:52.3,Tstd:27.6,Bpos:50.3,Bstd:30.5,StrandBias:1.5,Multiplicity:1.05
0.001	0.997	0.001	0.001
0.001	0.001	0.997	0.001
0.001	0.997	0.001	0.001
0.997	0.001	0.001	0.001
0.001	0.001	0.001	0.997
0.001	0.673	0.001	0.325
>TTTAAA	19-TTTAAA	7.924406	-59.830257	0	T:511.0(2.26%),B:357.4(1.36%),P:1e-25	Tpos:30.9,Tstd:17.8,Bpos:47.3,Bstd:39.0,StrandBias:0.0,Multiplicity:1.01
0.001	0.001	0.001	0.997
0.001	0.001	0.001	0.997
0.313	0.001	0.001	0.685
0.997	0.001	0.001	0.001
0.997	0.001	0.001	0.001
0.997	0.001	0.001	0.001
>TAGCTA	20-TAGCTA	6.836480	-58.283882	0	T:560.0(2.48%),B:404.1(1.54%),P:1e-25	Tpos:55.1,Tstd:29.2,Bpos:49.0,Bstd:31.6,StrandBias:0.0,Multiplicity:1.16
0.001	0.112	0.001	0.886
0.997	0.001	0.001	0.001
0.001	0.234	0.653	0.112
0.346	0.652	0.001	0.001
0.005	0.001	0.219	0.775
0.780	0.218	0.001	0.001
>TACATA	21-TACATA	6.072383	-41.235553	0	T:534.0(2.36%),B:415.7(1.59%),P:1e-17	Tpos:38.1,Tstd:22.1,Bpos:49.9,Bstd:32.4,StrandBias:0.9,Multiplicity:1.07
0.001	0.075	0.001	0.923
0.695	0.003	0.016	0.286
0.076	0.696	0.001	0.227
0.583	0.067	0.349	0.001
0.062	0.001	0.251	0.686
0.593	0.344	0.062	0.001
>CCTACC	22-CCTACC	6.177716	-38.514645	0	T:1001.0(4.43%),B:883.9(3.37%),P:1e-16	Tpos:50.1,Tstd:29.7,Bpos:50.4,Bstd:29.0,StrandBias:1.5,Multiplicity:1.04
0.100	0.700	0.100	0.100
0.100	0.700	0.100	0.100
0.100	0.100	0.100	0.700
0.700	0.100	0.100	0.100
0.100	0.700	0.100	0.100
0.100	0.700	0.100	0.100
>YNTWTAWA	1-YNTWTAWA	6.149096	-1409.820955	0	T:3631.0(16.06%),B:1587.0(6.05%),P:1e-612	Tpos:31.4,Tstd:9.9,Bpos:50.6,Bstd:38.7,StrandBias:0.2,Multiplicity:1.04
0.108	0.287	0.211	0.394
0.291	0.255	0.179	0.276
0.198	0.001	0.001	0.800
0.554	0.001	0.001	0.444
0.061	0.001	0.001	0.937
0.780	0.029	0.001	0.190
0.501	0.001	0.001	0.497
0.864	0.001	0.001	0.134
>YYCMVTCC	2-YYCMVTCC	5.167484	-1028.559668	0	T:9522.0(42.11%),B:7352.8(28.04%),P:1e-446	Tpos:52.9,Tstd:27.7,Bpos:49.1,Bstd:31.1,StrandBias:1.7,Multiplicity:1.17
0.223	0.260	0.111	0.405
0.001	0.554	0.001	0.444
0.001	0.997	0.001	0.001
0.474	0.345	0.180	0.001
0.324	0.216	0.363	0.097
0.013	0.011	0.001	0.975
0.001	0.604	0.001	0.394
0.207	0.595	0.023	0.175
>CTCCCYTC	3-CTCCCYTC	4.676785	-921.794480	0	T:12028.0(53.19%),B:10250.0(39.09%),P:1e-400	Tpos:55.6,Tstd:26.8,Bpos:50.0,Bstd:33.3,StrandBias:1.7,Multiplicity:1.55
0.049	0.513	0.154	0.284
0.038	0.096	0.072	0.794
0.021	0.875	0.024	0.080
0.038	0.494	0.240	0.228
0.142	0.610	0.065	0.183
0.031	0.401	0.238	0.330
0.056	0.059	0.054	0.831
0.001	0.851	0.001	0.147
>CMCMMCCC	4-CMCMMCCC	4.870814	-838.607296	0	T:8836.0(39.08%),B:6970.1(26.58%),P:1e-364	Tpos:54.3,Tstd:26.6,Bpos:50.4,Bstd:30.5,StrandBias:2.5,Multiplicity:1.36
0.001	0.997	0.001	0.001
0.556	0.442	0.001	0.001
0.278	0.720	0.001	0.001
0.478	0.385	0.001	0.136
0.429	0.559	0.001	0.011
0.119	0.840	0.001	0.040
0.265	0.733	0.001	0.001
0.276	0.722	0.001	0.001
>CCGCCGCC	5-CCGCCGCC	4.353593	-625.521922	0	T:14706.0(65.04%),B:14017.3(53.46%),P:1e-271	Tpos:55.6,Tstd:27.7,Bpos:50.1,Bstd:31.9,StrandBias:1.0,Multiplicity:1.62
0.001	0.997	0.001	0.001
0.210	0.572	0.217	0.001
0.114	0.134	0.751	0.001
0.001	0.923	0.020	0.056
0.283	0.530	0.050	0.137
0.053	0.151	0.640	0.156
0.001	0.703	0.295	0.001
0.228	0.588	0.086	0.098
>GAGAGAGA	6-GAGAGAGA	5.279499	-489.244039	0	T:4203.0(18.59%),B:3009.7(11.48%),P:1e-212	Tpos:56.8,Tstd:27.2,Bpos:50.6,Bstd:32.8,StrandBias:-1.5,Multiplicity:1.12
0.001	0.048	0.950	0.001
0.849	0.096	0.001	0.054
0.028	0.026	0.932	0.014
0.840	0.053	0.020	0.087
0.001	0.046	0.936	0.017
0.780	0.057	0.044	0.119
0.001	0.001	0.965	0.033
0.884	0.020	0.031	0.065
>AAACCCTA	7-AAACCCTA	8.619279	-485.743820	0	T:1010.0(4.47%),B:371.2(1.42%),P:1e-210	Tpos:55.0,Tstd:26.7,Bpos:46.9,Bstd:32.1,StrandBias:0.9,Multiplicity:1.03
0.899	0.001	0.099	0.001
0.997	0.001	0.001	0.001
0.997	0.001	0.001	0.001
0.001	0.997	0.001	0.001
0.001	0.997	0.001	0.001
0.001	0.997	0.001	0.001
0.001	0.001	0.001	0.997
0.869	0.129	0.001	0.001
>CACACGCA	8-CACACGCA	5.254065	-450.882164	0	T:4535.0(20.06%),B:3391.6(12.94%),P:1e-195	Tpos:54.1,Tstd:27.3,Bpos:50.9,Bstd:30.1,StrandBias:1.2,Multiplicity:1.11
0.089	0.766	0.102	0.043
0.881	0.045	0.033	0.041
0.155	0.698	0.113	0.034
0.687	0.023	0.072	0.218
0.028	0.774	0.116	0.082
0.249	0.068	0.563	0.120
0.060	0.873	0.058	0.009
0.761	0.076	0.054	0.109
>CTCRTCTC	9-CTCRTCTC	6.235920	-389.699719	0	T:2645.0(11.70%),B:1741.3(6.64%),P:1e-169	Tpos:53.0,Tstd:27.4,Bpos:50.2,Bstd:30.8,StrandBias:1.5,Multiplicity:1.04
0.044	0.856	0.054	0.046
0.046	0.321	0.066	0.567
0.155	0.682	0.001	0.162
0.450	0.001	0.489	0.060
0.021	0.001	0.175	0.803
0.001	0.866	0.015	0.118
0.174	0.137	0.065	0.624
0.065	0.724	0.015	0.196
>TTTTTATT	10-TTTTTATT	4.987293	-297.719118	0	T:4246.0(18.78%),B:3421.2(13.05%),P:1e-129	Tpos:42.0,Tstd:25.4,Bpos:49.7,Bstd:36.8,StrandBias:-0.3,Multiplicity:1.12
0.044	0.038	0.075	0.843
0.080	0.101	0.098	0.721
0.109	0.128	0.030	0.733
0.079	0.087	0.030	0.804
0.065	0.106	0.091	0.738
0.649	0.120	0.114	0.117
0.078	0.068	0.042	0.812
0.128	0.096	0.072	0.704
>TAAATAGA	11-TAAATAGA	5.879052	-280.354388	0	T:1242.0(5.49%),B:691.0(2.64%),P:1e-121	Tpos:46.3,Tstd:26.6,Bpos:48.0,Bstd:30.9,StrandBias:-0.2,Multiplicity:1.10
0.001	0.001	0.001	0.997
0.897	0.001	0.001	0.101
0.683	0.001	0.315	0.001
0.877	0.121	0.001	0.001
0.001	0.001	0.001	0.997
0.997	0.001	0.001	0.001
0.024	0.001	0.974	0.001
0.677	0.212	0.110	0.001
>CACACAGC	12-CACACAGC	5.391526	-274.297201	0	T:3774.0(16.69%),B:3008.9(11.48%),P:1e-119	Tpos:52.6,Tstd:26.8,Bpos:49.2,Bstd:30.3,StrandBias:1.0,Multiplicity:1.07
0.067	0.816	0.057	0.060
0.796	0.048	0.061	0.095
0.140	0.588	0.187	0.085
0.683	0.112	0.126	0.079
0.046	0.887	0.020	0.047
0.733	0.082	0.071	0.114
0.067	0.037	0.808	0.088
0.082	0.852	0.019	0.047
>GCARCGCA	13-GCARCGCA	6.463903	-227.350460	0	T:2127.0(9.41%),B:1530.4(5.84%),P:1e-98	Tpos:54.8,Tstd:28.0,Bpos:50.7,Bstd:30.6,StrandBias:0.2,Multiplicity:1.11
0.081	0.016	0.856	0.047
0.080	0.796	0.023	0.101
0.847	0.070	0.043	0.040
0.403	0.242	0.270	0.086
0.170	0.527	0.122	0.181
0.011	0.011	0.877	0.101
0.027	0.811	0.093	0.069
0.885	0.045	0.060	0.010
>GTGAGATG	14-GTGAGATG	7.192229	-195.917857	0	T:1623.0(7.18%),B:1125.6(4.29%),P:1e-85	Tpos:52.9,Tstd:27.3,Bpos:52.5,Bstd:29.4,StrandBias:-1.6,Multiplicity:1.01
0.083	0.001	0.915	0.001
0.001	0.282	0.168	0.549
0.001	0.001	0.997	0.001
0.805	0.001	0.001	0.193
0.001	0.001	0.997	0.001
0.573	0.064	0.086	0.277
0.001	0.401	0.001	0.597
0.001	0.001	0.997	0.001
>AACCGVAA	15-AACCGVAA	6.097403	-165.172997	0	T:1657.0(7.33%),B:1210.6(4.62%),P:1e-71	Tpos:48.0,Tstd:27.3,Bpos:49.5,Bstd:32.4,StrandBias:0.2,Multiplicity:1.04
0.677	0.038	0.195	0.090
0.714	0.001	0.080	0.205
0.301	0.509	0.001	0.189
0.001	0.691	0.168	0.140
0.001	0.001	0.997	0.001
0.354	0.311	0.290	0.045
0.764	0.020	0.179	0.037
0.869	0.001	0.129	0.001
>TCCGTCTC	16-TCCGTCTC	8.415515	-141.408788	0	T:1095.0(4.84%),B:742.4(2.83%),P:1e-61	Tpos:57.2,Tstd:27.9,Bpos:52.1,Bstd:28.7,StrandBias:1.7,Multiplicity:1.01
0.001	0.001	0.001	0.997
0.001	0.997	0.001	0.001
0.114	0.884	0.001	0.001
0.156	0.001	0.842	0.001
0.001	0.136	0.001	0.862
0.001	0.997	0.001	0.001
0.001	0.155	0.001	0.843
0.001	0.997	0.001	0.001
>TACTAGTA	17-TACTAGTA	5.653853	-138.582953	0	T:1174.0(5.19%),B:817.3(3.12%),P:1e-60	Tpos:43.4,Tstd:24.9,Bpos:49.9,Bstd:30.6,StrandBias:-0.0,Multiplicity:1.10
0.001	0.069	0.129	0.801
0.687	0.054	0.219	0.040
0.001	0.601	0.295	0.103
0.002	0.158	0.001	0.839
0.882	0.001	0.064	0.053
0.066	0.156	0.589	0.189
0.141	0.001	0.001	0.857
0.641	0.199	0.050	0.110
>TGCCTGCC	18-TGCCTGCC	7.928556	-137.139989	0	T:761.0(3.37%),B:461.9(1.76%),P:1e-59	Tpos:52.6,Tstd:26.7,Bpos:49.6,Bstd:29.5,StrandBias:0.4,Multiplicity:1.11
0.060	0.001	0.001	0.938
0.001	0.001	0.997	0.001
0.001	0.997	0.001	0.001
0.001	0.877	0.001	0.121
0.001	0.001	0.001	0.997
0.058	0.001	0.817	0.124
0.001	0.997	0.001	0.001
0.001	0.997	0.001	0.001
>AAAAGRAA	19-AAAAGRAA	7.365610	-135.450938	0	T:1208.0(5.34%),B:853.6(3.26%),P:1e-58	Tpos:43.5,Tstd:25.9,Bpos:52.4,Bstd:31.6,StrandBias:-0.8,Multiplicity:1.02
0.710	0.001	0.001	0.288
0.997	0.001	0.001	0.001
0.997	0.001	0.001	0.001
0.444	0.279	0.001	0.276
0.001	0.001	0.997	0.001
0.441	0.001	0.354	0.204
0.928	0.008	0.063	0.001
0.922	0.001	0.076	0.001
>TATTTAAG	20-TATTTAAG	9.841740	-135.086632	0	T:150.0(0.66%),B:33.0(0.13%),P:1e-58	Tpos:32.1,Tstd:12.1,Bpos:46.1,Bstd:32.2,StrandBias:0.3,Multiplicity:1.00
0.001	0.001	0.001	0.997
0.997	0.001	0.001	0.001
0.001	0.001	0.001	0.997
0.001	0.001	0.001	0.997
0.001	0.001	0.001	0.997
0.997	0.001	0.001	0.001
0.997	0.001	0.001	0.001
0.001	0.293	0.705	0.001
>GATAAGGA	21-GATAAGGA	4.161567	-128.897966	0	T:449.0(1.99%),B:223.2(0.85%),P:1e-55	Tpos:44.5,Tstd:24.8,Bpos:49.6,Bstd:31.3,StrandBias:-1.8,Multiplicity:1.02
0.001	0.001	0.997	0.001
0.997	0.001	0.001	0.001
0.001	0.001	0.001	0.997
0.997	0.001	0.001	0.001
0.997	0.001	0.001	0.001
0.001	0.001	0.997	0.001
0.001	0.001	0.997	0.001
0.744	0.001	0.076	0.179
>AGGGTTTA	22-AGGGTTTA	8.236954	-125.856099	0	T:187.0(0.83%),B:53.8(0.21%),P:1e-54	Tpos:51.9,Tstd:27.3,Bpos:32.9,Bstd:30.6,StrandBias:-1.9,Multiplicity:1.00
0.700	0.100	0.100	0.100
0.100	0.100	0.700	0.100
0.100	0.100	0.700	0.100
0.100	0.100	0.700	0.100
0.100	0.100	0.100	0.700
0.100	0.100	0.100	0.700
0.100	0.100	0.100	0.700
0.700	0.100	0.100	0.100
>ACAGCACA	23-ACAGCACA	6.972054	-123.240936	0	T:1027.0(4.54%),B:711.4(2.71%),P:1e-53	Tpos:51.9,Tstd:27.5,Bpos:49.5,Bstd:28.7,StrandBias:0.7,Multiplicity:1.05
0.978	0.001	0.001	0.020
0.001	0.802	0.092	0.105
0.980	0.001	0.018	0.001
0.001	0.001	0.909	0.089
0.033	0.756	0.178	0.033
0.896	0.019	0.045	0.040
0.077	0.882	0.040	0.001
0.893	0.085	0.021	0.001
>CCCRCCGC	24-CCCRCCGC	9.120040	-115.003295	0	T:815.0(3.60%),B:537.0(2.05%),P:1e-49	Tpos:53.6,Tstd:32.7,Bpos:39.1,Bstd:34.2,StrandBias:2.2,Multiplicity:1.00
0.204	0.632	0.001	0.163
0.001	0.997	0.001	0.001
0.020	0.874	0.105	0.001
0.467	0.164	0.367	0.001
0.001	0.997	0.001	0.001
0.128	0.864	0.001	0.007
0.001	0.163	0.835	0.001
0.001	0.959	0.039	0.001
>TATATACT	25-TATATACT	9.373183	-79.997515	0	T:387.0(1.71%),B:224.0(0.85%),P:1e-34	Tpos:33.4,Tstd:18.3,Bpos:62.4,Bstd:27.9,StrandBias:0.5,Multiplicity:1.00
0.001	0.001	0.001	0.997
0.997	0.001	0.001	0.001
0.001	0.001	0.001	0.997
0.997	0.001	0.001	0.001
0.280	0.001	0.001	0.718
0.997	0.001	0.001	0.001
0.001	0.653	0.001	0.345
0.001	0.001	0.001	0.997
