>TATATADRVV	1-TATATADRVV	5.591809	-1707.371692	0	T:4026.0(17.80%),B:1681.8(6.41%),P:1e-741	Tpos:31.6,Tstd:10.2,Bpos:49.2,Bstd:37.3,StrandBias:-0.0,Multiplicity:1.74
0.040	0.027	0.032	0.901
0.714	0.008	0.002	0.276
0.053	0.001	0.008	0.938
0.879	0.001	0.003	0.117
0.324	0.006	0.052	0.618
0.927	0.003	0.068	0.002
0.252	0.170	0.239	0.339
0.396	0.227	0.248	0.129
0.222	0.304	0.325	0.149
0.252	0.301	0.341	0.106
>CCTCCCCTCC	2-CCTCCCCTCC	5.649576	-1342.488451	0	T:9349.0(41.34%),B:6706.6(25.55%),P:1e-583	Tpos:56.1,Tstd:25.9,Bpos:50.4,Bstd:32.4,StrandBias:2.3,Multiplicity:1.45
0.040	0.586	0.009	0.365
0.002	0.721	0.074	0.203
0.117	0.258	0.079	0.546
0.005	0.800	0.006	0.189
0.001	0.641	0.281	0.077
0.194	0.512	0.145	0.149
0.141	0.413	0.244	0.202
0.075	0.001	0.046	0.878
0.001	0.741	0.001	0.257
0.001	0.826	0.023	0.150
>WTYCCATTCC	3-WTYCCATTCC	4.874957	-1163.673149	0	T:8724.0(38.58%),B:6335.7(24.13%),P:1e-505	Tpos:53.4,Tstd:26.9,Bpos:50.5,Bstd:32.0,StrandBias:2.1,Multiplicity:1.19
0.421	0.227	0.076	0.277
0.294	0.171	0.036	0.499
0.033	0.446	0.036	0.486
0.010	0.847	0.056	0.087
0.170	0.627	0.149	0.054
0.497	0.297	0.084	0.121
0.291	0.139	0.073	0.497
0.022	0.350	0.026	0.602
0.015	0.706	0.082	0.197
0.112	0.732	0.097	0.059
>KKGKKKKKKK	4-KKGKKKKKKK	5.562616	-837.258044	0	T:6742.0(29.81%),B:4876.0(18.57%),P:1e-363	Tpos:53.3,Tstd:26.0,Bpos:49.8,Bstd:30.3,StrandBias:-2.3,Multiplicity:1.20
0.001	0.190	0.382	0.427
0.001	0.001	0.536	0.462
0.001	0.001	0.599	0.399
0.001	0.138	0.467	0.394
0.001	0.003	0.554	0.442
0.173	0.106	0.396	0.325
0.001	0.001	0.465	0.533
0.001	0.015	0.527	0.457
0.001	0.001	0.478	0.520
0.001	0.001	0.549	0.449
>CGTTTCGTTT	5-CGTTTCGTTT	5.532743	-787.844283	0	T:4974.0(22.00%),B:3283.3(12.51%),P:1e-342	Tpos:52.2,Tstd:26.7,Bpos:49.3,Bstd:30.8,StrandBias:0.2,Multiplicity:1.15
0.001	0.793	0.145	0.061
0.019	0.085	0.699	0.197
0.052	0.235	0.050	0.663
0.001	0.324	0.065	0.610
0.001	0.058	0.102	0.839
0.001	0.692	0.276	0.031
0.130	0.200	0.569	0.101
0.063	0.252	0.024	0.661
0.001	0.225	0.119	0.655
0.037	0.133	0.062	0.768
>CACWCNTCAC	6-CACWCNTCAC	6.092230	-588.995803	0	T:3681.0(16.28%),B:2387.6(9.09%),P:1e-255	Tpos:55.3,Tstd:26.5,Bpos:49.5,Bstd:29.1,StrandBias:1.8,Multiplicity:1.09
0.045	0.880	0.062	0.013
0.659	0.054	0.165	0.122
0.024	0.917	0.050	0.009
0.362	0.107	0.069	0.462
0.033	0.743	0.190	0.034
0.228	0.273	0.321	0.178
0.015	0.188	0.311	0.486
0.001	0.960	0.033	0.006
0.720	0.043	0.049	0.188
0.071	0.807	0.089	0.033
>CMGCMGCCGC	7-CMGCMGCCGC	4.963115	-566.487001	0	T:8857.0(39.17%),B:7552.5(28.77%),P:1e-246	Tpos:56.9,Tstd:27.4,Bpos:50.5,Bstd:31.2,StrandBias:1.1,Multiplicity:1.24
0.206	0.585	0.031	0.178
0.293	0.434	0.131	0.142
0.196	0.056	0.718	0.030
0.165	0.567	0.123	0.145
0.327	0.443	0.037	0.193
0.180	0.213	0.468	0.139
0.037	0.762	0.173	0.028
0.211	0.396	0.186	0.207
0.150	0.217	0.408	0.224
0.055	0.857	0.040	0.048
>TCTCTCTCTC	8-TCTCTCTCTC	5.269215	-511.635024	0	T:5648.0(24.98%),B:4366.6(16.63%),P:1e-222	Tpos:56.9,Tstd:26.7,Bpos:49.6,Bstd:33.5,StrandBias:1.5,Multiplicity:1.11
0.076	0.142	0.131	0.651
0.032	0.730	0.110	0.128
0.092	0.164	0.138	0.606
0.050	0.748	0.111	0.091
0.124	0.110	0.132	0.634
0.074	0.751	0.099	0.076
0.101	0.114	0.099	0.686
0.089	0.810	0.021	0.080
0.110	0.095	0.137	0.658
0.081	0.729	0.095	0.095
>WAAACCCTAS	9-WAAACCCTAS	9.604750	-483.779828	0	T:712.0(3.15%),B:199.6(0.76%),P:1e-210	Tpos:55.6,Tstd:26.3,Bpos:52.3,Bstd:32.3,StrandBias:1.0,Multiplicity:1.02
0.428	0.158	0.121	0.293
0.857	0.001	0.141	0.001
0.997	0.001	0.001	0.001
0.997	0.001	0.001	0.001
0.001	0.997	0.001	0.001
0.001	0.997	0.001	0.001
0.001	0.997	0.001	0.001
0.111	0.001	0.001	0.887
0.830	0.168	0.001	0.001
0.168	0.406	0.425	0.001
>CACACDCACA	10-CACACDCACA	7.034407	-439.180568	0	T:1674.0(7.40%),B:875.6(3.34%),P:1e-190	Tpos:54.8,Tstd:26.3,Bpos:51.7,Bstd:30.2,StrandBias:1.4,Multiplicity:1.07
0.001	0.946	0.052	0.001
0.748	0.020	0.182	0.050
0.013	0.757	0.196	0.034
0.691	0.086	0.149	0.074
0.029	0.724	0.246	0.001
0.279	0.091	0.270	0.360
0.001	0.907	0.091	0.001
0.580	0.051	0.357	0.012
0.001	0.997	0.001	0.001
0.821	0.032	0.091	0.056
>CTGCCTGCCT	11-CTGCCTGCCT	6.877538	-296.102499	0	T:1835.0(8.11%),B:1165.3(4.44%),P:1e-128	Tpos:53.4,Tstd:26.8,Bpos:51.8,Bstd:29.2,StrandBias:0.3,Multiplicity:1.05
0.029	0.861	0.062	0.048
0.025	0.123	0.041	0.811
0.071	0.050	0.811	0.068
0.059	0.772	0.112	0.057
0.038	0.766	0.094	0.102
0.072	0.065	0.045	0.818
0.036	0.078	0.837	0.049
0.096	0.776	0.082	0.046
0.019	0.767	0.092	0.122
0.029	0.074	0.112	0.785
>GCAGSCMGCM	12-GCAGSCMGCM	7.132948	-265.128351	0	T:2399.0(10.61%),B:1716.7(6.54%),P:1e-115	Tpos:54.2,Tstd:28.8,Bpos:50.2,Bstd:31.6,StrandBias:0.8,Multiplicity:1.04
0.041	0.203	0.752	0.004
0.001	0.832	0.166	0.001
0.635	0.363	0.001	0.001
0.337	0.001	0.661	0.001
0.157	0.307	0.361	0.175
0.001	0.749	0.001	0.249
0.278	0.402	0.180	0.140
0.001	0.001	0.997	0.001
0.018	0.767	0.214	0.001
0.430	0.417	0.094	0.059
>DGCARMGCAR	13-DGCARMGCAR	7.059503	-233.352251	0	T:1148.0(5.08%),B:666.2(2.54%),P:1e-101	Tpos:56.7,Tstd:27.1,Bpos:51.4,Bstd:30.1,StrandBias:-0.1,Multiplicity:1.08
0.267	0.097	0.284	0.352
0.043	0.031	0.885	0.041
0.021	0.911	0.037	0.031
0.845	0.033	0.073	0.049
0.412	0.019	0.490	0.079
0.367	0.261	0.158	0.214
0.052	0.044	0.887	0.017
0.056	0.877	0.027	0.040
0.807	0.046	0.094	0.053
0.378	0.055	0.526	0.041
>TACTAGTAGT	14-TACTAGTAGT	5.658432	-202.976610	0	T:1219.0(5.39%),B:762.9(2.91%),P:1e-88	Tpos:47.1,Tstd:25.6,Bpos:49.1,Bstd:27.1,StrandBias:-0.1,Multiplicity:1.06
0.150	0.159	0.128	0.563
0.662	0.046	0.204	0.088
0.037	0.589	0.306	0.068
0.072	0.102	0.058	0.768
0.750	0.023	0.143	0.084
0.009	0.370	0.607	0.014
0.017	0.197	0.031	0.755
0.722	0.070	0.116	0.092
0.034	0.292	0.621	0.053
0.106	0.268	0.147	0.479
>CCTTATCTTC	15-CCTTATCTTC	8.818717	-201.372789	0	T:363.0(1.61%),B:120.7(0.46%),P:1e-87	Tpos:45.2,Tstd:24.1,Bpos:47.3,Bstd:37.3,StrandBias:2.9,Multiplicity:1.03
0.028	0.789	0.008	0.175
0.032	0.778	0.019	0.171
0.004	0.020	0.015	0.961
0.026	0.035	0.134	0.805
0.988	0.010	0.001	0.001
0.024	0.032	0.039	0.905
0.028	0.933	0.004	0.035
0.004	0.345	0.008	0.643
0.049	0.221	0.043	0.687
0.095	0.521	0.099	0.285
>GATGRATGAG	16-GATGRATGAG	7.399776	-171.055472	0	T:273.0(1.21%),B:82.6(0.31%),P:1e-74	Tpos:51.5,Tstd:26.7,Bpos:54.0,Bstd:27.0,StrandBias:-2.3,Multiplicity:1.01
0.001	0.001	0.997	0.001
0.997	0.001	0.001	0.001
0.001	0.001	0.001	0.997
0.001	0.001	0.727	0.271
0.453	0.001	0.545	0.001
0.997	0.001	0.001	0.001
0.001	0.001	0.005	0.993
0.001	0.001	0.997	0.001
0.463	0.267	0.269	0.001
0.018	0.001	0.957	0.024
>TAATAAAAMG	17-TAATAAAAMG	7.179575	-167.202908	0	T:756.0(3.34%),B:423.2(1.61%),P:1e-72	Tpos:36.4,Tstd:21.5,Bpos:47.7,Bstd:35.8,StrandBias:0.3,Multiplicity:1.03
0.173	0.037	0.171	0.619
0.953	0.012	0.023	0.012
0.958	0.012	0.024	0.006
0.001	0.054	0.011	0.934
0.958	0.006	0.024	0.012
0.937	0.023	0.012	0.028
0.672	0.031	0.047	0.250
0.446	0.225	0.189	0.140
0.400	0.314	0.166	0.120
0.259	0.146	0.527	0.068
>AAAGCAAAGC	18-AAAGCAAAGC	10.315687	-128.185890	0	T:173.0(0.77%),B:45.7(0.17%),P:1e-55	Tpos:56.8,Tstd:27.5,Bpos:39.1,Bstd:27.2,StrandBias:1.2,Multiplicity:1.01
0.522	0.224	0.253	0.001
0.981	0.017	0.001	0.001
0.997	0.001	0.001	0.001
0.001	0.001	0.909	0.089
0.118	0.880	0.001	0.001
0.977	0.021	0.001	0.001
0.816	0.182	0.001	0.001
0.909	0.089	0.001	0.001
0.001	0.001	0.997	0.001
0.001	0.997	0.001	0.001
>TCGCGACTCG	19-TCGCGACTCG	8.680363	-127.721648	0	T:117.0(0.52%),B:20.5(0.08%),P:1e-55	Tpos:57.0,Tstd:28.4,Bpos:35.6,Bstd:20.2,StrandBias:0.6,Multiplicity:1.07
0.172	0.110	0.066	0.652
0.013	0.864	0.032	0.091
0.029	0.131	0.641	0.199
0.167	0.662	0.124	0.047
0.234	0.248	0.477	0.042
0.703	0.095	0.084	0.118
0.156	0.445	0.277	0.122
0.026	0.054	0.013	0.907
0.006	0.839	0.105	0.050
0.055	0.252	0.639	0.054
>AGCTAGCTAG	20-AGCTAGCTAG	8.614975	-125.781349	0	T:469.0(2.07%),B:241.9(0.92%),P:1e-54	Tpos:57.3,Tstd:27.0,Bpos:47.2,Bstd:29.1,StrandBias:-0.1,Multiplicity:1.04
0.746	0.083	0.092	0.079
0.326	0.035	0.631	0.008
0.095	0.903	0.001	0.001
0.231	0.044	0.045	0.680
0.997	0.001	0.001	0.001
0.001	0.001	0.997	0.001
0.001	0.997	0.001	0.001
0.140	0.001	0.120	0.739
0.760	0.001	0.238	0.001
0.001	0.015	0.983	0.001
>AGAGTCCAGA	21-AGAGTCCAGA	9.034442	-99.114438	0	T:176.0(0.78%),B:58.1(0.22%),P:1e-43	Tpos:52.0,Tstd:25.1,Bpos:54.1,Bstd:29.2,StrandBias:0.7,Multiplicity:1.04
0.977	0.001	0.021	0.001
0.012	0.034	0.953	0.001
0.987	0.001	0.011	0.001
0.081	0.061	0.857	0.001
0.048	0.001	0.085	0.866
0.001	0.778	0.064	0.157
0.001	0.891	0.044	0.064
0.935	0.004	0.049	0.012
0.001	0.080	0.918	0.001
0.917	0.001	0.048	0.034
>GCAACTGCAA	22-GCAACTGCAA	10.265742	-79.801846	0	T:111.0(0.49%),B:30.1(0.11%),P:1e-34	Tpos:56.6,Tstd:27.0,Bpos:50.4,Bstd:22.6,StrandBias:0.6,Multiplicity:1.09
0.001	0.001	0.997	0.001
0.001	0.997	0.001	0.001
0.955	0.001	0.001	0.043
0.955	0.001	0.043	0.001
0.001	0.750	0.138	0.111
0.001	0.001	0.001	0.997
0.001	0.001	0.997	0.001
0.043	0.955	0.001	0.001
0.971	0.001	0.027	0.001
0.971	0.001	0.001	0.027
>TACAGMCTAC	23-TACAGMCTAC	8.069010	-74.778458	0	T:83.0(0.37%),B:18.4(0.07%),P:1e-32	Tpos:51.2,Tstd:28.8,Bpos:48.6,Bstd:24.2,StrandBias:0.2,Multiplicity:1.01
0.134	0.132	0.071	0.663
0.734	0.039	0.013	0.214
0.109	0.636	0.180	0.075
0.559	0.026	0.185	0.230
0.018	0.310	0.659	0.013
0.270	0.401	0.162	0.167
0.076	0.742	0.059	0.123
0.107	0.049	0.032	0.812
0.621	0.046	0.104	0.229
0.040	0.881	0.016	0.063
>TCGATCGAGC	24-TCGATCGAGC	11.102534	-39.073029	0	T:26.0(0.11%),B:3.4(0.01%),P:1e-16	Tpos:65.8,Tstd:20.8,Bpos:34.5,Bstd:17.4,StrandBias:0.9,Multiplicity:1.00
0.001	0.001	0.001	0.997
0.001	0.997	0.001	0.001
0.001	0.001	0.997	0.001
0.933	0.001	0.001	0.065
0.001	0.001	0.001	0.997
0.001	0.997	0.001	0.001
0.001	0.001	0.997	0.001
0.997	0.001	0.001	0.001
0.001	0.001	0.997	0.001
0.001	0.997	0.001	0.001
>CGGTTCTTTA	25-CGGTTCTTTA	10.313263	-36.910845	0	T:36.0(0.16%),B:7.1(0.03%),P:1e-16	Tpos:48.3,Tstd:27.7,Bpos:47.9,Bstd:11.6,StrandBias:1.8,Multiplicity:1.00
0.009	0.986	0.001	0.004
0.010	0.010	0.970	0.010
0.015	0.003	0.757	0.225
0.001	0.062	0.085	0.852
0.058	0.154	0.001	0.787
0.082	0.759	0.154	0.005
0.028	0.015	0.126	0.831
0.010	0.001	0.126	0.863
0.135	0.001	0.001	0.863
0.863	0.001	0.135	0.001
>TATATAWANVVV	1-TATATAWANVVV	5.008647	-1829.631796	0	T:5117.0(22.63%),B:2401.9(9.15%),P:1e-794	Tpos:32.0,Tstd:11.1,Bpos:49.8,Bstd:35.6,StrandBias:-0.0,Multiplicity:1.09
0.100	0.199	0.165	0.536
0.468	0.159	0.064	0.309
0.001	0.001	0.001	0.997
0.778	0.001	0.001	0.220
0.248	0.001	0.011	0.740
0.955	0.001	0.011	0.033
0.348	0.053	0.179	0.419
0.573	0.148	0.201	0.078
0.244	0.225	0.290	0.241
0.294	0.246	0.330	0.130
0.200	0.322	0.329	0.150
0.215	0.327	0.344	0.114
>CCCCCCCCCCCC	2-CCCCCCCCCCCC	4.818405	-1163.773156	0	T:8792.0(38.88%),B:6403.0(24.39%),P:1e-505	Tpos:55.9,Tstd:25.3,Bpos:50.3,Bstd:30.3,StrandBias:2.7,Multiplicity:1.28
0.142	0.773	0.007	0.078
0.269	0.659	0.030	0.042
0.307	0.603	0.038	0.052
0.328	0.595	0.028	0.049
0.320	0.570	0.039	0.071
0.336	0.599	0.040	0.025
0.281	0.588	0.084	0.047
0.288	0.514	0.087	0.111
0.228	0.718	0.012	0.042
0.291	0.488	0.103	0.117
0.182	0.685	0.055	0.078
0.271	0.681	0.005	0.043
>TCTCCTCTCCTC	3-TCTCCTCTCCTC	4.271389	-1132.934675	0	T:14175.0(62.69%),B:12325.2(46.95%),P:1e-492	Tpos:56.4,Tstd:25.8,Bpos:49.8,Bstd:32.6,StrandBias:1.9,Multiplicity:1.45
0.032	0.338	0.073	0.557
0.024	0.781	0.055	0.140
0.023	0.185	0.113	0.679
0.010	0.741	0.055	0.194
0.049	0.608	0.133	0.210
0.044	0.212	0.083	0.661
0.013	0.816	0.044	0.127
0.028	0.245	0.146	0.581
0.014	0.647	0.084	0.255
0.026	0.709	0.084	0.181
0.040	0.207	0.114	0.639
0.018	0.779	0.062	0.141
>TCCCATTCCATT	4-TCCCATTCCATT	5.321097	-996.789249	0	T:5544.0(24.52%),B:3532.8(13.46%),P:1e-432	Tpos:52.3,Tstd:26.6,Bpos:51.5,Bstd:29.4,StrandBias:1.8,Multiplicity:1.11
0.089	0.128	0.093	0.690
0.048	0.532	0.071	0.349
0.035	0.796	0.081	0.088
0.187	0.607	0.147	0.059
0.644	0.100	0.149	0.107
0.132	0.127	0.100	0.641
0.027	0.137	0.052	0.784
0.025	0.824	0.048	0.103
0.052	0.835	0.082	0.031
0.569	0.257	0.113	0.061
0.271	0.125	0.122	0.481
0.054	0.315	0.093	0.538
>AAACCCTAGCCM	5-AAACCCTAGCCM	8.173214	-466.953945	0	T:1048.0(4.63%),B:406.9(1.55%),P:1e-202	Tpos:55.7,Tstd:26.4,Bpos:53.7,Bstd:33.6,StrandBias:1.2,Multiplicity:1.03
0.665	0.069	0.174	0.092
0.951	0.012	0.025	0.012
0.928	0.018	0.042	0.012
0.049	0.903	0.042	0.006
0.001	0.981	0.006	0.012
0.001	0.993	0.001	0.005
0.085	0.043	0.018	0.854
0.793	0.122	0.048	0.037
0.214	0.100	0.661	0.025
0.229	0.478	0.148	0.145
0.145	0.420	0.207	0.227
0.284	0.361	0.182	0.173
>AAACCAAACCAA	6-AAACCAAACCAA	6.207265	-384.756711	0	T:2864.0(12.67%),B:1946.1(7.41%),P:1e-167	Tpos:50.0,Tstd:26.1,Bpos:48.6,Bstd:33.0,StrandBias:1.1,Multiplicity:1.06
0.628	0.211	0.139	0.022
0.756	0.109	0.121	0.014
0.605	0.081	0.234	0.080
0.200	0.443	0.287	0.070
0.302	0.546	0.137	0.015
0.812	0.097	0.086	0.005
0.914	0.031	0.053	0.002
0.634	0.065	0.239	0.062
0.183	0.453	0.299	0.065
0.321	0.510	0.145	0.024
0.708	0.172	0.103	0.017
0.651	0.123	0.184	0.042
>ATCCATCCATCC	7-ATCCATCCATCC	7.505763	-255.593638	0	T:640.0(2.83%),B:265.9(1.01%),P:1e-111	Tpos:55.0,Tstd:26.4,Bpos:46.8,Bstd:23.6,StrandBias:1.5,Multiplicity:1.01
0.475	0.192	0.248	0.084
0.164	0.186	0.051	0.599
0.019	0.765	0.147	0.069
0.034	0.625	0.271	0.070
0.570	0.038	0.365	0.027
0.061	0.087	0.108	0.744
0.009	0.738	0.080	0.173
0.109	0.637	0.205	0.049
0.561	0.064	0.347	0.028
0.140	0.085	0.093	0.682
0.069	0.804	0.039	0.088
0.166	0.523	0.200	0.111
>CTGCCTGCCTGC	8-CTGCCTGCCTGC	7.690997	-222.853982	0	T:782.0(3.46%),B:390.8(1.49%),P:1e-96	Tpos:53.7,Tstd:26.8,Bpos:51.7,Bstd:28.0,StrandBias:-0.5,Multiplicity:1.02
0.041	0.506	0.156	0.297
0.110	0.102	0.149	0.639
0.026	0.080	0.780	0.114
0.064	0.588	0.285	0.063
0.083	0.517	0.082	0.318
0.154	0.070	0.200	0.576
0.026	0.067	0.828	0.079
0.067	0.686	0.155	0.092
0.016	0.534	0.093	0.357
0.122	0.088	0.234	0.556
0.048	0.118	0.698	0.136
0.044	0.595	0.232	0.129
>TAGTAGTAGYAG	9-TAGTAGTAGYAG	7.522433	-186.414311	0	T:616.0(2.72%),B:298.4(1.14%),P:1e-80	Tpos:47.7,Tstd:25.7,Bpos:47.8,Bstd:27.0,StrandBias:-0.0,Multiplicity:1.05
0.072	0.128	0.107	0.693
0.613	0.060	0.130	0.197
0.040	0.273	0.649	0.038
0.051	0.290	0.045	0.614
0.862	0.033	0.065	0.040
0.041	0.245	0.683	0.031
0.047	0.195	0.035	0.723
0.712	0.033	0.092	0.163
0.041	0.194	0.737	0.028
0.062	0.370	0.052	0.516
0.775	0.056	0.084	0.085
0.054	0.168	0.738	0.040
>CBGCHGCCYGCN	10-CBGCHGCCYGCN	8.529216	-171.010694	0	T:852.0(3.77%),B:496.9(1.89%),P:1e-74	Tpos:55.3,Tstd:27.7,Bpos:47.0,Bstd:30.7,StrandBias:0.6,Multiplicity:1.02
0.001	0.997	0.001	0.001
0.001	0.312	0.330	0.356
0.001	0.225	0.773	0.001
0.001	0.997	0.001	0.001
0.262	0.273	0.153	0.312
0.001	0.001	0.997	0.001
0.001	0.881	0.117	0.001
0.001	0.997	0.001	0.001
0.001	0.538	0.045	0.416
0.001	0.001	0.997	0.001
0.001	0.997	0.001	0.001
0.238	0.283	0.171	0.308
>GCCTACAAATAC	11-GCCTACAAATAC	10.276996	-160.918891	0	T:51.0(0.23%),B:1.9(0.01%),P:1e-69	Tpos:35.9,Tstd:15.0,Bpos:55.2,Bstd:12.2,StrandBias:4.2,Multiplicity:1.00
0.015	0.081	0.824	0.080
0.095	0.821	0.042	0.042
0.015	0.897	0.042	0.046
0.081	0.054	0.014	0.851
0.877	0.042	0.027	0.054
0.041	0.918	0.027	0.014
0.877	0.054	0.054	0.015
0.822	0.068	0.041	0.069
0.823	0.055	0.095	0.027
0.109	0.027	0.041	0.823
0.702	0.080	0.109	0.109
0.042	0.793	0.123	0.042
>CACAGCACAGCA	12-CACAGCACAGCA	7.506942	-159.796460	0	T:731.0(3.23%),B:411.1(1.57%),P:1e-69	Tpos:55.7,Tstd:26.2,Bpos:53.3,Bstd:30.2,StrandBias:0.9,Multiplicity:1.02
0.087	0.785	0.069	0.059
0.661	0.072	0.161	0.106
0.063	0.779	0.101	0.057
0.718	0.078	0.104	0.100
0.068	0.070	0.809	0.053
0.063	0.828	0.067	0.042
0.688	0.083	0.118	0.111
0.071	0.787	0.092	0.050
0.716	0.087	0.097	0.100
0.092	0.068	0.769	0.071
0.068	0.798	0.080	0.054
0.665	0.098	0.108	0.129
>ATTTCAAATTTC	13-ATTTCAAATTTC	11.048991	-129.821080	0	T:52.0(0.23%),B:2.4(0.01%),P:1e-56	Tpos:45.6,Tstd:25.7,Bpos:33.0,Bstd:0.0,StrandBias:0.3,Multiplicity:1.00
0.595	0.076	0.111	0.218
0.114	0.001	0.034	0.851
0.001	0.001	0.001	0.997
0.034	0.313	0.001	0.652
0.001	0.930	0.068	0.001
0.843	0.001	0.034	0.122
0.671	0.001	0.327	0.001
0.785	0.034	0.001	0.180
0.034	0.034	0.001	0.931
0.001	0.001	0.001	0.997
0.001	0.001	0.068	0.930
0.035	0.792	0.138	0.035
>CACTCGCACAGC	14-CACTCGCACAGC	11.113722	-118.272752	0	T:93.0(0.41%),B:13.5(0.05%),P:1e-51	Tpos:62.4,Tstd:21.5,Bpos:42.1,Bstd:11.0,StrandBias:1.7,Multiplicity:1.00
0.001	0.997	0.001	0.001
0.856	0.001	0.115	0.028
0.028	0.842	0.129	0.001
0.238	0.038	0.268	0.456
0.032	0.672	0.267	0.029
0.091	0.001	0.851	0.057
0.001	0.997	0.001	0.001
0.997	0.001	0.001	0.001
0.001	0.997	0.001	0.001
0.849	0.091	0.001	0.059
0.029	0.198	0.744	0.029
0.207	0.671	0.058	0.064
>TCGCGAGTCGCS	15-TCGCGAGTCGCS	12.193897	-107.970563	0	T:61.0(0.27%),B:5.6(0.02%),P:1e-46	Tpos:56.2,Tstd:27.8,Bpos:50.2,Bstd:23.5,StrandBias:0.2,Multiplicity:1.06
0.110	0.001	0.001	0.888
0.001	0.953	0.045	0.001
0.001	0.023	0.953	0.023
0.001	0.976	0.022	0.001
0.023	0.249	0.727	0.001
0.952	0.024	0.023	0.001
0.134	0.348	0.513	0.005
0.023	0.023	0.023	0.931
0.023	0.831	0.001	0.145
0.001	0.064	0.934	0.001
0.122	0.853	0.001	0.024
0.001	0.520	0.478	0.001
>GTGAGTSHGTGA	16-GTGAGTSHGTGA	10.531353	-105.316223	0	T:60.0(0.27%),B:5.7(0.02%),P:1e-45	Tpos:61.1,Tstd:25.5,Bpos:60.8,Bstd:6.5,StrandBias:-0.9,Multiplicity:1.00
0.016	0.097	0.830	0.057
0.076	0.314	0.027	0.583
0.001	0.086	0.912	0.001
0.508	0.205	0.008	0.279
0.029	0.050	0.894	0.027
0.100	0.204	0.227	0.469
0.019	0.471	0.486	0.024
0.343	0.346	0.043	0.268
0.001	0.004	0.994	0.001
0.136	0.143	0.040	0.681
0.001	0.007	0.991	0.001
0.453	0.108	0.222	0.217
>GTCCGGACTCCN	17-GTCCGGACTCCN	10.715801	-103.376536	0	T:67.0(0.30%),B:8.0(0.03%),P:1e-44	Tpos:47.0,Tstd:25.7,Bpos:55.2,Bstd:10.9,StrandBias:0.1,Multiplicity:1.00
0.038	0.137	0.751	0.074
0.001	0.001	0.035	0.963
0.035	0.929	0.035	0.001
0.001	0.997	0.001	0.001
0.198	0.036	0.471	0.295
0.001	0.035	0.962	0.002
0.963	0.001	0.001	0.035
0.035	0.929	0.035	0.001
0.035	0.001	0.001	0.963
0.001	0.963	0.035	0.001
0.035	0.963	0.001	0.001
0.162	0.294	0.249	0.295
>TCGCAATTCGCA	18-TCGCAATTCGCA	10.805233	-100.954375	0	T:54.0(0.24%),B:4.5(0.02%),P:1e-43	Tpos:62.2,Tstd:25.4,Bpos:46.3,Bstd:17.3,StrandBias:0.4,Multiplicity:1.00
0.033	0.101	0.068	0.798
0.049	0.731	0.152	0.068
0.019	0.068	0.848	0.065
0.015	0.983	0.001	0.001
0.902	0.016	0.049	0.033
0.831	0.068	0.085	0.016
0.052	0.049	0.098	0.801
0.049	0.049	0.082	0.820
0.065	0.715	0.184	0.036
0.049	0.082	0.820	0.049
0.016	0.918	0.033	0.033
0.866	0.036	0.049	0.049
>RCTAGCTAGCTA	19-RCTAGCTAGCTA	9.466092	-98.423896	0	T:250.0(1.11%),B:105.9(0.40%),P:1e-42	Tpos:61.7,Tstd:25.3,Bpos:51.7,Bstd:28.5,StrandBias:0.1,Multiplicity:1.01
0.290	0.226	0.425	0.058
0.152	0.552	0.155	0.141
0.145	0.221	0.121	0.513
0.899	0.041	0.043	0.017
0.001	0.052	0.946	0.001
0.001	0.997	0.001	0.001
0.008	0.008	0.001	0.983
0.966	0.001	0.008	0.025
0.001	0.001	0.997	0.001
0.008	0.942	0.049	0.001
0.017	0.183	0.024	0.776
0.571	0.070	0.239	0.120
>GCAGACTGCAGW	20-GCAGACTGCAGW	10.879232	-89.134119	0	T:61.0(0.27%),B:7.8(0.03%),P:1e-38	Tpos:58.6,Tstd:21.8,Bpos:54.2,Bstd:43.8,StrandBias:0.3,Multiplicity:1.00
0.113	0.026	0.844	0.017
0.087	0.769	0.135	0.009
0.920	0.044	0.019	0.017
0.055	0.240	0.652	0.053
0.705	0.133	0.043	0.119
0.018	0.929	0.018	0.035
0.036	0.102	0.052	0.810
0.044	0.018	0.858	0.080
0.052	0.758	0.189	0.001
0.904	0.052	0.018	0.026
0.168	0.136	0.678	0.018
0.560	0.023	0.001	0.416
>TGCGAGTTGCGA	21-TGCGAGTTGCGA	10.313359	-84.709966	0	T:48.0(0.21%),B:4.4(0.02%),P:1e-36	Tpos:52.8,Tstd:24.9,Bpos:55.5,Bstd:16.3,StrandBias:-0.7,Multiplicity:1.05
0.001	0.001	0.001	0.997
0.011	0.001	0.987	0.001
0.001	0.626	0.001	0.372
0.001	0.001	0.997	0.001
0.987	0.001	0.011	0.001
0.001	0.001	0.997	0.001
0.001	0.011	0.001	0.987
0.001	0.001	0.011	0.987
0.001	0.001	0.997	0.001
0.012	0.697	0.012	0.279
0.001	0.001	0.987	0.011
0.997	0.001	0.001	0.001
>GGACTGCGGAGG	22-GGACTGCGGAGG	11.065744	-76.935841	0	T:82.0(0.36%),B:17.2(0.07%),P:1e-33	Tpos:60.3,Tstd:24.7,Bpos:49.3,Bstd:21.7,StrandBias:-2.8,Multiplicity:1.00
0.001	0.001	0.936	0.062
0.001	0.001	0.997	0.001
0.936	0.062	0.001	0.001
0.001	0.997	0.001	0.001
0.001	0.063	0.051	0.885
0.001	0.001	0.997	0.001
0.197	0.767	0.018	0.018
0.001	0.001	0.997	0.001
0.001	0.062	0.936	0.001
0.811	0.063	0.063	0.063
0.063	0.126	0.685	0.126
0.001	0.063	0.873	0.063
>CTCGCTCGCTCS	23-CTCGCTCGCTCS	11.856162	-75.377596	0	T:92.0(0.41%),B:22.5(0.09%),P:1e-32	Tpos:60.8,Tstd:26.0,Bpos:34.5,Bstd:28.8,StrandBias:0.7,Multiplicity:1.00
0.001	0.997	0.001	0.001
0.008	0.066	0.001	0.925
0.256	0.666	0.001	0.077
0.001	0.016	0.951	0.032
0.001	0.997	0.001	0.001
0.041	0.065	0.017	0.877
0.230	0.737	0.008	0.025
0.001	0.001	0.997	0.001
0.001	0.997	0.001	0.001
0.040	0.085	0.040	0.835
0.165	0.580	0.254	0.001
0.063	0.424	0.325	0.188
>CCGCATCCGCAT	24-CCGCATCCGCAT	11.227869	-55.767986	0	T:56.0(0.25%),B:11.0(0.04%),P:1e-24	Tpos:58.1,Tstd:28.6,Bpos:58.9,Bstd:17.4,StrandBias:1.3,Multiplicity:1.02
0.040	0.892	0.027	0.041
0.027	0.919	0.020	0.034
0.027	0.040	0.887	0.046
0.034	0.926	0.020	0.020
0.735	0.124	0.087	0.054
0.199	0.027	0.157	0.617
0.020	0.912	0.041	0.027
0.047	0.906	0.034	0.013
0.053	0.041	0.879	0.027
0.054	0.886	0.040	0.020
0.778	0.114	0.041	0.067
0.199	0.040	0.078	0.683
>ACTCGCAGTCTC	25-ACTCGCAGTCTC	11.090253	-30.815600	0	T:74.0(0.33%),B:31.7(0.12%),P:1e-13	Tpos:54.9,Tstd:25.7,Bpos:42.8,Bstd:14.4,StrandBias:1.3,Multiplicity:1.00
0.561	0.030	0.408	0.001
0.001	0.725	0.273	0.001
0.183	0.001	0.029	0.787
0.117	0.881	0.001	0.001
0.001	0.060	0.799	0.140
0.001	0.997	0.001	0.001
0.551	0.301	0.147	0.001
0.001	0.001	0.940	0.058
0.058	0.242	0.087	0.613
0.001	0.997	0.001	0.001
0.029	0.001	0.135	0.835
0.001	0.997	0.001	0.001
>TATATA	1-TATATA	5.189390	-1534.810472	0	T:4304.0(19.03%),B:1997.7(7.61%),P:1e-666	Tpos:31.5,Tstd:10.9,Bpos:48.7,Bstd:39.0,StrandBias:-0.4,Multiplicity:1.16
0.001	0.037	0.001	0.961
0.653	0.001	0.001	0.345
0.075	0.001	0.001	0.923
0.997	0.001	0.001	0.001
0.001	0.029	0.034	0.936
0.997	0.001	0.001	0.001
>CCACTC	2-CCACTC	5.135995	-705.288484	0	T:12267.0(54.25%),B:10989.5(41.86%),P:1e-306	Tpos:54.2,Tstd:27.3,Bpos:50.4,Bstd:31.7,StrandBias:1.9,Multiplicity:1.54
0.001	0.892	0.001	0.106
0.001	0.997	0.001	0.001
0.720	0.001	0.089	0.190
0.082	0.730	0.089	0.099
0.106	0.100	0.001	0.793
0.001	0.997	0.001	0.001
>CGCCTC	3-CGCCTC	3.867996	-601.089733	0	T:13594.0(60.12%),B:12774.7(48.66%),P:1e-261	Tpos:55.3,Tstd:28.6,Bpos:50.3,Bstd:32.1,StrandBias:0.6,Multiplicity:1.52
0.001	0.997	0.001	0.001
0.001	0.001	0.997	0.001
0.001	0.855	0.001	0.143
0.087	0.709	0.143	0.061
0.001	0.001	0.226	0.772
0.001	0.997	0.001	0.001
>CCCGTC	4-CCCGTC	4.049049	-597.178137	0	T:10915.0(48.27%),B:9722.4(37.03%),P:1e-259	Tpos:53.1,Tstd:28.2,Bpos:50.0,Bstd:31.7,StrandBias:1.8,Multiplicity:1.39
0.001	0.726	0.001	0.272
0.001	0.997	0.001	0.001
0.001	0.997	0.001	0.001
0.138	0.001	0.860	0.001
0.001	0.141	0.001	0.857
0.001	0.997	0.001	0.001
>TCTCTT	5-TCTCTT	4.708371	-530.699009	0	T:13066.0(57.78%),B:12340.9(47.01%),P:1e-230	Tpos:53.7,Tstd:27.7,Bpos:49.8,Bstd:32.6,StrandBias:0.8,Multiplicity:1.36
0.001	0.279	0.001	0.719
0.001	0.719	0.279	0.001
0.189	0.001	0.328	0.482
0.001	0.919	0.079	0.001
0.042	0.001	0.199	0.758
0.001	0.404	0.001	0.594
>CAAATC	6-CAAATC	1.808776	-329.432090	0	T:5242.0(23.18%),B:4352.0(16.58%),P:1e-143	Tpos:52.0,Tstd:28.0,Bpos:50.0,Bstd:30.6,StrandBias:1.9,Multiplicity:1.12
0.001	0.997	0.001	0.001
0.969	0.029	0.001	0.001
0.997	0.001	0.001	0.001
0.997	0.001	0.001	0.001
0.001	0.052	0.001	0.946
0.001	0.997	0.001	0.001
>GRAAGG	7-GRAAGG	4.749843	-322.862495	0	T:8612.0(38.08%),B:7930.4(30.21%),P:1e-140	Tpos:51.9,Tstd:27.7,Bpos:50.3,Bstd:32.9,StrandBias:-1.5,Multiplicity:1.23
0.001	0.001	0.997	0.001
0.534	0.001	0.443	0.022
0.619	0.087	0.067	0.227
0.519	0.226	0.028	0.227
0.066	0.269	0.473	0.192
0.001	0.047	0.951	0.001
>CACACA	8-CACACA	4.544148	-319.723676	0	T:5307.0(23.47%),B:4441.7(16.92%),P:1e-138	Tpos:54.2,Tstd:27.3,Bpos:50.3,Bstd:30.9,StrandBias:1.3,Multiplicity:1.17
0.001	0.997	0.001	0.001
0.853	0.001	0.001	0.145
0.001	0.997	0.001	0.001
0.813	0.001	0.185	0.001
0.001	0.997	0.001	0.001
0.864	0.001	0.001	0.134
>GCTGTG	9-GCTGTG	5.208691	-309.519813	0	T:5964.0(26.37%),B:5144.4(19.60%),P:1e-134	Tpos:54.1,Tstd:28.0,Bpos:50.2,Bstd:31.4,StrandBias:-1.0,Multiplicity:1.15
0.001	0.001	0.997	0.001
0.001	0.997	0.001	0.001
0.257	0.001	0.191	0.551
0.001	0.001	0.997	0.001
0.001	0.001	0.001	0.997
0.082	0.001	0.916	0.001
>AAMCCY	10-AAMCCY	5.605447	-254.153304	0	T:3550.0(15.70%),B:2837.7(10.81%),P:1e-110	Tpos:53.6,Tstd:26.1,Bpos:49.5,Bstd:32.8,StrandBias:1.8,Multiplicity:1.14
0.827	0.171	0.001	0.001
0.587	0.411	0.001	0.001
0.482	0.516	0.001	0.001
0.001	0.997	0.001	0.001
0.241	0.689	0.069	0.001
0.180	0.413	0.001	0.406
>AVGCAG	11-AVGCAG	4.562147	-233.298512	0	T:10291.0(45.51%),B:10110.7(38.51%),P:1e-101	Tpos:53.5,Tstd:27.5,Bpos:50.4,Bstd:31.8,StrandBias:0.2,Multiplicity:1.37
0.709	0.289	0.001	0.001
0.279	0.352	0.368	0.001
0.104	0.222	0.673	0.001
0.001	0.777	0.001	0.221
0.899	0.001	0.099	0.001
0.379	0.042	0.578	0.001
>TAATAA	12-TAATAA	4.228378	-222.582985	0	T:2146.0(9.49%),B:1558.5(5.94%),P:1e-96	Tpos:34.1,Tstd:20.4,Bpos:49.0,Bstd:37.3,StrandBias:-0.2,Multiplicity:1.10
0.001	0.001	0.001	0.997
0.894	0.001	0.001	0.104
0.835	0.001	0.001	0.163
0.001	0.001	0.001	0.997
0.997	0.001	0.001	0.001
0.997	0.001	0.001	0.001
>TCGTCT	13-TCGTCT	5.018325	-213.928599	0	T:3676.0(16.26%),B:3060.1(11.66%),P:1e-92	Tpos:51.9,Tstd:28.1,Bpos:50.9,Bstd:29.8,StrandBias:0.3,Multiplicity:1.07
0.001	0.001	0.001	0.997
0.001	0.997	0.001	0.001
0.001	0.001	0.997	0.001
0.166	0.001	0.001	0.832
0.001	0.773	0.001	0.225
0.001	0.001	0.001	0.997
>TTTTTT	14-TTTTTT	5.539246	-184.086930	0	T:4187.0(18.52%),B:3664.2(13.96%),P:1e-79	Tpos:42.5,Tstd:26.5,Bpos:50.1,Bstd:35.4,StrandBias:-0.7,Multiplicity:1.15
0.091	0.098	0.001	0.810
0.001	0.001	0.091	0.907
0.091	0.001	0.340	0.568
0.109	0.001	0.341	0.549
0.301	0.001	0.001	0.697
0.097	0.001	0.001	0.901
>CCACCA	15-CCACCA	6.177716	-132.494330	0	T:2867.0(12.68%),B:2471.9(9.42%),P:1e-57	Tpos:54.6,Tstd:27.8,Bpos:49.5,Bstd:29.6,StrandBias:1.7,Multiplicity:1.18
0.100	0.700	0.100	0.100
0.100	0.700	0.100	0.100
0.700	0.100	0.100	0.100
0.100	0.700	0.100	0.100
0.100	0.700	0.100	0.100
0.700	0.100	0.100	0.100
>CTTATC	16-CTTATC	6.177716	-123.104893	0	T:1009.0(4.46%),B:696.0(2.65%),P:1e-53	Tpos:43.5,Tstd:24.9,Bpos:47.6,Bstd:34.3,StrandBias:1.7,Multiplicity:1.05
0.100	0.700	0.100	0.100
0.100	0.100	0.100	0.700
0.100	0.100	0.100	0.700
0.700	0.100	0.100	0.100
0.100	0.100	0.100	0.700
0.100	0.700	0.100	0.100
>CTACTA	17-CTACTA	7.189254	-98.064159	0	T:1200.0(5.31%),B:919.8(3.50%),P:1e-42	Tpos:45.2,Tstd:26.5,Bpos:48.6,Bstd:30.3,StrandBias:0.2,Multiplicity:1.21
0.001	0.902	0.096	0.001
0.001	0.001	0.001	0.997
0.997	0.001	0.001	0.001
0.001	0.635	0.363	0.001
0.001	0.001	0.001	0.997
0.997	0.001	0.001	0.001
>TCAATC	18-TCAATC	5.967535	-61.092963	0	T:1461.0(6.46%),B:1273.2(4.85%),P:1e-26	Tpos:50.8,Tstd:27.9,Bpos:48.4,Bstd:29.3,StrandBias:1.0,Multiplicity:1.05
0.001	0.001	0.033	0.965
0.001	0.997	0.001	0.001
0.997	0.001	0.001	0.001
0.898	0.001	0.100	0.001
0.001	0.001	0.001	0.997
0.001	0.997	0.001	0.001
>AGCTAG	19-AGCTAG	6.177716	-22.729419	0	T:1333.0(5.89%),B:1301.7(4.96%),P:1e-9	Tpos:56.4,Tstd:28.6,Bpos:50.6,Bstd:31.9,StrandBias:-0.1,Multiplicity:1.26
0.700	0.100	0.100	0.100
0.100	0.100	0.700	0.100
0.100	0.700	0.100	0.100
0.100	0.100	0.100	0.700
0.700	0.100	0.100	0.100
0.100	0.100	0.700	0.100
>KVTWTATA	1-KVTWTATA	2.149317	-1626.662926	0	T:3809.0(16.84%),B:1578.4(6.01%),P:1e-706	Tpos:31.6,Tstd:10.3,Bpos:49.7,Bstd:37.9,StrandBias:0.0,Multiplicity:1.04
0.001	0.103	0.391	0.505
0.359	0.313	0.327	0.001
0.001	0.001	0.001	0.997
0.453	0.001	0.001	0.545
0.001	0.001	0.001	0.997
0.997	0.001	0.001	0.001
0.250	0.001	0.001	0.748
0.997	0.001	0.001	0.001
>GGGATGGG	2-GGGATGGG	5.049844	-1085.500322	0	T:9925.0(43.89%),B:7687.6(29.28%),P:1e-471	Tpos:53.6,Tstd:26.7,Bpos:50.4,Bstd:32.2,StrandBias:-2.4,Multiplicity:1.53
0.001	0.001	0.828	0.170
0.001	0.001	0.997	0.001
0.309	0.001	0.689	0.001
0.558	0.037	0.148	0.257
0.076	0.164	0.162	0.598
0.001	0.039	0.601	0.359
0.001	0.009	0.973	0.017
0.181	0.001	0.817	0.001
>CTCSTCTC	3-CTCSTCTC	4.969827	-1012.101067	0	T:11786.0(52.12%),B:9821.0(37.41%),P:1e-439	Tpos:56.1,Tstd:27.0,Bpos:50.2,Bstd:33.1,StrandBias:1.7,Multiplicity:1.45
0.001	0.682	0.147	0.170
0.036	0.298	0.001	0.665
0.001	0.890	0.001	0.108
0.032	0.461	0.457	0.050
0.056	0.334	0.071	0.539
0.001	0.784	0.001	0.214
0.082	0.039	0.115	0.764
0.001	0.898	0.001	0.100
>ATAAATAG	4-ATAAATAG	7.290246	-717.559773	0	T:1330.0(5.88%),B:452.9(1.73%),P:1e-311	Tpos:33.8,Tstd:16.2,Bpos:47.1,Bstd:37.1,StrandBias:-0.0,Multiplicity:1.02
0.752	0.001	0.003	0.244
0.001	0.001	0.001	0.997
0.734	0.001	0.001	0.264
0.683	0.001	0.160	0.156
0.997	0.001	0.001	0.001
0.169	0.001	0.001	0.829
0.736	0.092	0.097	0.075
0.073	0.272	0.654	0.001
>CACYGCAM	5-CACYGCAM	5.634587	-684.290650	0	T:5687.0(25.15%),B:4101.0(15.62%),P:1e-297	Tpos:54.4,Tstd:27.0,Bpos:50.4,Bstd:29.4,StrandBias:1.6,Multiplicity:1.17
0.171	0.786	0.001	0.042
0.982	0.001	0.016	0.001
0.122	0.731	0.027	0.120
0.194	0.419	0.098	0.289
0.246	0.113	0.460	0.181
0.001	0.997	0.001	0.001
0.672	0.237	0.001	0.090
0.431	0.458	0.026	0.085
>TCCATTTC	6-TCCATTTC	5.796253	-571.696633	0	T:3399.0(15.03%),B:2161.3(8.23%),P:1e-248	Tpos:50.1,Tstd:27.6,Bpos:50.9,Bstd:31.3,StrandBias:1.3,Multiplicity:1.04
0.030	0.078	0.050	0.842
0.079	0.773	0.038	0.110
0.029	0.818	0.119	0.034
0.665	0.063	0.172	0.100
0.110	0.136	0.113	0.641
0.048	0.034	0.001	0.917
0.142	0.221	0.015	0.622
0.168	0.726	0.056	0.050
>CACACACA	7-CACACACA	4.858469	-511.054486	0	T:5658.0(25.02%),B:4377.1(16.67%),P:1e-221	Tpos:55.1,Tstd:26.3,Bpos:49.9,Bstd:29.9,StrandBias:1.8,Multiplicity:1.20
0.089	0.802	0.044	0.065
0.770	0.056	0.101	0.073
0.077	0.823	0.071	0.029
0.636	0.088	0.089	0.187
0.075	0.801	0.089	0.035
0.656	0.061	0.192	0.091
0.057	0.851	0.076	0.016
0.662	0.187	0.072	0.079
>AAACCCTA	8-AAACCCTA	8.150551	-472.832068	0	T:976.0(4.32%),B:357.9(1.36%),P:1e-205	Tpos:55.7,Tstd:26.4,Bpos:51.9,Bstd:34.2,StrandBias:0.9,Multiplicity:1.03
0.997	0.001	0.001	0.001
0.997	0.001	0.001	0.001
0.997	0.001	0.001	0.001
0.001	0.997	0.001	0.001
0.001	0.997	0.001	0.001
0.001	0.997	0.001	0.001
0.001	0.001	0.001	0.997
0.794	0.151	0.001	0.054
>AANCAAAC	9-AANCAAAC	3.956495	-434.560137	0	T:5984.0(26.46%),B:4862.0(18.52%),P:1e-188	Tpos:47.9,Tstd:26.8,Bpos:49.8,Bstd:33.7,StrandBias:0.7,Multiplicity:1.25
0.731	0.096	0.113	0.060
0.597	0.212	0.158	0.033
0.296	0.207	0.287	0.210
0.245	0.430	0.196	0.128
0.501	0.180	0.213	0.106
0.626	0.140	0.148	0.086
0.531	0.162	0.165	0.142
0.240	0.412	0.216	0.132
>TCTCTCTC	10-TCTCTCTC	5.248942	-407.479257	0	T:5637.0(24.93%),B:4570.4(17.41%),P:1e-176	Tpos:55.8,Tstd:27.5,Bpos:50.0,Bstd:34.3,StrandBias:1.1,Multiplicity:1.10
0.079	0.109	0.178	0.634
0.060	0.771	0.049	0.120
0.051	0.030	0.192	0.727
0.079	0.801	0.065	0.055
0.081	0.060	0.096	0.763
0.050	0.842	0.036	0.072
0.043	0.058	0.142	0.757
0.113	0.704	0.029	0.154
>CGTCMGTC	11-CGTCMGTC	6.242033	-378.070346	0	T:2354.0(10.41%),B:1504.5(5.73%),P:1e-164	Tpos:53.5,Tstd:27.8,Bpos:48.0,Bstd:28.8,StrandBias:1.4,Multiplicity:1.06
0.052	0.818	0.032	0.098
0.042	0.230	0.454	0.273
0.001	0.178	0.232	0.589
0.001	0.864	0.001	0.134
0.471	0.426	0.001	0.102
0.166	0.163	0.450	0.221
0.001	0.001	0.001	0.997
0.001	0.829	0.001	0.169
>CCCRCCAC	12-CCCRCCAC	7.650918	-357.518387	0	T:2032.0(8.99%),B:1254.9(4.78%),P:1e-155	Tpos:52.2,Tstd:28.4,Bpos:50.0,Bstd:31.5,StrandBias:2.2,Multiplicity:1.03
0.001	0.997	0.001	0.001
0.187	0.811	0.001	0.001
0.157	0.841	0.001	0.001
0.366	0.171	0.317	0.146
0.001	0.827	0.001	0.171
0.001	0.997	0.001	0.001
0.840	0.001	0.158	0.001
0.001	0.997	0.001	0.001
>GCAGCCGC	13-GCAGCCGC	5.918609	-355.258951	0	T:5266.0(23.29%),B:4314.3(16.43%),P:1e-154	Tpos:58.0,Tstd:27.4,Bpos:50.1,Bstd:31.9,StrandBias:0.7,Multiplicity:1.14
0.001	0.112	0.886	0.001
0.031	0.948	0.001	0.020
0.738	0.214	0.047	0.001
0.001	0.001	0.939	0.059
0.001	0.839	0.050	0.110
0.169	0.761	0.042	0.028
0.001	0.001	0.957	0.041
0.001	0.997	0.001	0.001
>CCTTATCC	14-CCTTATCC	7.658287	-224.425983	0	T:627.0(2.77%),B:277.8(1.06%),P:1e-97	Tpos:43.0,Tstd:24.1,Bpos:44.3,Bstd:34.8,StrandBias:1.9,Multiplicity:1.04
0.001	0.861	0.001	0.137
0.001	0.940	0.058	0.001
0.001	0.001	0.001	0.997
0.001	0.001	0.001	0.997
0.997	0.001	0.001	0.001
0.001	0.001	0.001	0.997
0.001	0.997	0.001	0.001
0.001	0.657	0.001	0.341
>CTCCGTCC	15-CTCCGTCC	8.044894	-222.419496	0	T:965.0(4.27%),B:531.4(2.02%),P:1e-96	Tpos:51.5,Tstd:27.0,Bpos:50.6,Bstd:31.3,StrandBias:1.0,Multiplicity:1.01
0.078	0.832	0.089	0.001
0.001	0.194	0.001	0.804
0.001	0.997	0.001	0.001
0.001	0.997	0.001	0.001
0.001	0.001	0.997	0.001
0.001	0.001	0.001	0.997
0.001	0.855	0.001	0.143
0.100	0.898	0.001	0.001
>GCAACGCA	16-GCAACGCA	7.672729	-210.382935	0	T:905.0(4.00%),B:496.4(1.89%),P:1e-91	Tpos:54.4,Tstd:27.0,Bpos:49.4,Bstd:30.5,StrandBias:0.3,Multiplicity:1.05
0.017	0.020	0.945	0.018
0.024	0.858	0.001	0.117
0.997	0.001	0.001	0.001
0.598	0.093	0.166	0.143
0.027	0.746	0.056	0.171
0.001	0.001	0.997	0.001
0.038	0.960	0.001	0.001
0.903	0.001	0.095	0.001
>CATCCATC	17-CATCCATC	7.178760	-196.920464	0	T:697.0(3.08%),B:349.3(1.33%),P:1e-85	Tpos:51.2,Tstd:28.0,Bpos:47.6,Bstd:24.7,StrandBias:1.4,Multiplicity:1.03
0.001	0.878	0.120	0.001
0.997	0.001	0.001	0.001
0.001	0.001	0.001	0.997
0.001	0.874	0.001	0.124
0.057	0.941	0.001	0.001
0.780	0.001	0.218	0.001
0.001	0.001	0.001	0.997
0.094	0.904	0.001	0.001
>GCAGGCAG	18-GCAGGCAG	8.184193	-184.172734	0	T:977.0(4.32%),B:583.5(2.22%),P:1e-79	Tpos:54.0,Tstd:27.0,Bpos:50.6,Bstd:29.5,StrandBias:-0.2,Multiplicity:1.09
0.001	0.001	0.997	0.001
0.001	0.997	0.001	0.001
0.997	0.001	0.001	0.001
0.001	0.001	0.997	0.001
0.064	0.116	0.819	0.001
0.001	0.997	0.001	0.001
0.870	0.001	0.128	0.001
0.001	0.001	0.997	0.001
>ACTACTAG	19-ACTACTAG	5.749139	-153.011512	0	T:1352.0(5.98%),B:954.1(3.63%),P:1e-66	Tpos:46.6,Tstd:26.2,Bpos:48.4,Bstd:29.7,StrandBias:0.0,Multiplicity:1.08
0.712	0.067	0.128	0.093
0.061	0.571	0.317	0.051
0.027	0.079	0.013	0.881
0.840	0.021	0.127	0.012
0.056	0.582	0.352	0.010
0.017	0.091	0.042	0.850
0.935	0.008	0.049	0.008
0.031	0.275	0.632	0.062
>TAATAAAA	20-TAATAAAA	9.197660	-116.738030	0	T:242.0(1.07%),B:89.7(0.34%),P:1e-50	Tpos:35.0,Tstd:20.7,Bpos:46.1,Bstd:37.0,StrandBias:-0.0,Multiplicity:1.04
0.001	0.001	0.001	0.997
0.997	0.001	0.001	0.001
0.997	0.001	0.001	0.001
0.001	0.001	0.001	0.997
0.997	0.001	0.001	0.001
0.997	0.001	0.001	0.001
0.734	0.001	0.001	0.264
0.789	0.001	0.209	0.001
>TAGCTAGC	21-TAGCTAGC	6.910094	-109.491294	0	T:710.0(3.14%),B:455.8(1.74%),P:1e-47	Tpos:57.4,Tstd:27.7,Bpos:50.5,Bstd:30.0,StrandBias:0.2,Multiplicity:1.12
0.001	0.198	0.001	0.800
0.997	0.001	0.001	0.001
0.001	0.001	0.997	0.001
0.027	0.971	0.001	0.001
0.072	0.001	0.001	0.926
0.997	0.001	0.001	0.001
0.001	0.001	0.973	0.025
0.081	0.793	0.001	0.125
>ATTATATA	22-ATTATATA	8.236954	-78.374425	0	T:159.0(0.70%),B:58.8(0.22%),P:1e-34	Tpos:33.6,Tstd:14.4,Bpos:42.3,Bstd:34.5,StrandBias:-0.5,Multiplicity:1.00
0.700	0.100	0.100	0.100
0.100	0.100	0.100	0.700
0.100	0.100	0.100	0.700
0.700	0.100	0.100	0.100
0.100	0.100	0.100	0.700
0.700	0.100	0.100	0.100
0.100	0.100	0.100	0.700
0.700	0.100	0.100	0.100
>TACAAATA	23-TACAAATA	9.172202	-67.690663	0	T:257.0(1.14%),B:134.6(0.51%),P:1e-29	Tpos:35.8,Tstd:17.2,Bpos:46.1,Bstd:33.6,StrandBias:1.7,Multiplicity:1.00
0.001	0.001	0.001	0.997
0.997	0.001	0.001	0.001
0.001	0.997	0.001	0.001
0.997	0.001	0.001	0.001
0.681	0.150	0.001	0.168
0.997	0.001	0.001	0.001
0.001	0.001	0.001	0.997
0.997	0.001	0.001	0.001
>TCTNGTCT	24-TCTNGTCT	9.049428	-57.110271	0	T:270.0(1.19%),B:155.6(0.59%),P:1e-24	Tpos:58.1,Tstd:25.6,Bpos:48.4,Bstd:30.0,StrandBias:-0.2,Multiplicity:1.03
0.001	0.001	0.001	0.997
0.001	0.997	0.001	0.001
0.001	0.202	0.001	0.796
0.253	0.203	0.265	0.279
0.190	0.001	0.808	0.001
0.001	0.001	0.001	0.997
0.001	0.808	0.001	0.190
0.001	0.001	0.001	0.997
>TCTATAAG	25-TCTATAAG	8.236954	-11.159527	0	T:35.0(0.15%),B:18.4(0.07%),P:1e-4	Tpos:33.5,Tstd:15.2,Bpos:64.8,Bstd:27.9,StrandBias:2.6,Multiplicity:1.00
0.100	0.100	0.100	0.700
0.100	0.700	0.100	0.100
0.100	0.100	0.100	0.700
0.700	0.100	0.100	0.100
0.100	0.100	0.100	0.700
0.700	0.100	0.100	0.100
0.700	0.100	0.100	0.100
0.100	0.100	0.700	0.100
