>BSYHTATATA	1-BSYHTATATA	5.326589	-1791.065112	0	T:4062.0(17.96%),B:1654.0(6.31%),P:1e-777	Tpos:31.5,Tstd:9.9,Bpos:50.7,Bstd:37.1,StrandBias:0.1,Multiplicity:1.03
0.060	0.375	0.276	0.290
0.141	0.365	0.325	0.169
0.072	0.282	0.215	0.430
0.383	0.269	0.082	0.265
0.001	0.001	0.001	0.997
0.741	0.018	0.001	0.240
0.070	0.001	0.001	0.928
0.997	0.001	0.001	0.001
0.214	0.001	0.001	0.784
0.952	0.013	0.025	0.010
>CTCTCSYCTC	2-CTCTCSYCTC	5.106049	-1170.453468	0	T:11308.0(50.01%),B:9008.2(34.36%),P:1e-508	Tpos:56.8,Tstd:26.0,Bpos:49.8,Bstd:33.4,StrandBias:1.9,Multiplicity:1.50
0.014	0.541	0.154	0.291
0.097	0.321	0.049	0.533
0.038	0.702	0.099	0.161
0.004	0.286	0.126	0.584
0.022	0.925	0.001	0.052
0.053	0.400	0.392	0.155
0.092	0.342	0.110	0.456
0.001	0.753	0.042	0.204
0.068	0.126	0.098	0.708
0.001	0.864	0.041	0.094
>CCCATTCCCM	3-CCCATTCCCM	5.215573	-1071.536960	0	T:7688.0(34.00%),B:5439.4(20.75%),P:1e-465	Tpos:53.0,Tstd:27.0,Bpos:50.0,Bstd:30.0,StrandBias:2.1,Multiplicity:1.22
0.018	0.678	0.041	0.263
0.021	0.888	0.060	0.031
0.233	0.637	0.113	0.017
0.496	0.114	0.284	0.105
0.273	0.061	0.132	0.534
0.003	0.346	0.036	0.615
0.009	0.841	0.050	0.100
0.026	0.890	0.082	0.002
0.320	0.483	0.179	0.018
0.428	0.280	0.137	0.155
>CMMMCMCCCC	4-CMMMCMCCCC	5.153614	-942.167328	0	T:8299.0(36.70%),B:6243.1(23.81%),P:1e-409	Tpos:54.6,Tstd:25.8,Bpos:50.0,Bstd:29.8,StrandBias:2.6,Multiplicity:1.24
0.329	0.485	0.001	0.185
0.428	0.570	0.001	0.001
0.412	0.414	0.001	0.173
0.362	0.462	0.001	0.175
0.345	0.509	0.001	0.145
0.406	0.513	0.080	0.001
0.417	0.581	0.001	0.001
0.306	0.466	0.004	0.223
0.360	0.620	0.001	0.019
0.388	0.610	0.001	0.001
>GAYKGACTGA	5-GAYKGACTGA	7.098953	-337.058791	0	T:1504.0(6.65%),B:840.1(3.20%),P:1e-146	Tpos:54.1,Tstd:26.8,Bpos:49.7,Bstd:29.3,StrandBias:-1.7,Multiplicity:1.02
0.032	0.001	0.966	0.001
0.840	0.079	0.070	0.011
0.131	0.361	0.184	0.324
0.001	0.035	0.460	0.504
0.001	0.006	0.992	0.001
0.830	0.095	0.074	0.001
0.172	0.531	0.162	0.135
0.046	0.047	0.348	0.559
0.001	0.001	0.997	0.001
0.726	0.060	0.213	0.001
>CACACGCACA	6-CACACGCACA	6.428801	-331.494939	0	T:2430.0(10.75%),B:1635.8(6.24%),P:1e-143	Tpos:55.0,Tstd:26.4,Bpos:49.1,Bstd:30.1,StrandBias:1.3,Multiplicity:1.08
0.001	0.940	0.058	0.001
0.732	0.001	0.184	0.083
0.048	0.796	0.155	0.001
0.702	0.036	0.163	0.099
0.110	0.658	0.219	0.013
0.301	0.001	0.523	0.175
0.001	0.948	0.050	0.001
0.642	0.005	0.331	0.022
0.097	0.771	0.125	0.007
0.672	0.145	0.134	0.049
>AAAACCCTAG	7-AAAACCCTAG	9.334224	-324.810786	0	T:587.0(2.60%),B:194.1(0.74%),P:1e-141	Tpos:54.4,Tstd:26.6,Bpos:51.7,Bstd:33.7,StrandBias:0.8,Multiplicity:1.02
0.607	0.076	0.146	0.171
0.947	0.001	0.051	0.001
0.997	0.001	0.001	0.001
0.997	0.001	0.001	0.001
0.001	0.984	0.001	0.014
0.001	0.994	0.001	0.004
0.001	0.997	0.001	0.001
0.041	0.001	0.005	0.953
0.902	0.040	0.001	0.057
0.080	0.114	0.805	0.001
>TCTCTCTCTC	8-TCTCTCTCTC	7.000452	-321.379476	0	T:1949.0(8.62%),B:1228.8(4.69%),P:1e-139	Tpos:56.6,Tstd:27.5,Bpos:49.9,Bstd:32.2,StrandBias:1.4,Multiplicity:1.04
0.068	0.071	0.068	0.793
0.057	0.841	0.039	0.063
0.078	0.071	0.103	0.748
0.056	0.794	0.091	0.059
0.059	0.028	0.057	0.856
0.044	0.828	0.091	0.037
0.080	0.076	0.082	0.762
0.074	0.806	0.053	0.067
0.041	0.085	0.106	0.768
0.062	0.803	0.058	0.077
>AAGCRAAGCG	9-AAGCRAAGCG	7.307576	-278.224422	0	T:457.0(2.02%),B:140.4(0.54%),P:1e-120	Tpos:53.9,Tstd:26.5,Bpos:46.7,Bstd:28.3,StrandBias:0.2,Multiplicity:1.04
0.675	0.207	0.081	0.037
0.701	0.064	0.174	0.061
0.115	0.153	0.685	0.047
0.080	0.712	0.186	0.022
0.376	0.190	0.390	0.043
0.621	0.189	0.176	0.014
0.551	0.193	0.201	0.055
0.148	0.128	0.638	0.086
0.139	0.697	0.099	0.065
0.210	0.165	0.537	0.088
>TCTVGASTCS	10-TCTVGASTCS	7.925197	-265.955935	0	T:536.0(2.37%),B:192.4(0.73%),P:1e-115	Tpos:55.4,Tstd:26.3,Bpos:52.6,Bstd:32.0,StrandBias:0.4,Multiplicity:1.05
0.001	0.067	0.001	0.931
0.025	0.870	0.076	0.029
0.075	0.199	0.138	0.588
0.265	0.371	0.314	0.050
0.129	0.348	0.505	0.018
0.725	0.030	0.072	0.173
0.005	0.501	0.492	0.002
0.001	0.100	0.025	0.874
0.045	0.934	0.004	0.017
0.021	0.420	0.294	0.265
>CTTATCCCCT	11-CTTATCCCCT	9.503155	-265.168901	0	T:287.0(1.27%),B:59.3(0.23%),P:1e-115	Tpos:44.1,Tstd:23.3,Bpos:52.0,Bstd:31.2,StrandBias:2.7,Multiplicity:1.02
0.001	0.886	0.051	0.062
0.001	0.001	0.002	0.996
0.007	0.025	0.001	0.967
0.996	0.002	0.001	0.001
0.001	0.001	0.001	0.997
0.001	0.997	0.001	0.001
0.040	0.754	0.001	0.205
0.046	0.777	0.051	0.126
0.031	0.864	0.031	0.074
0.126	0.040	0.001	0.833
>CCGCASYGCA	12-CCGCASYGCA	6.886760	-244.230313	0	T:1730.0(7.65%),B:1145.8(4.37%),P:1e-106	Tpos:56.0,Tstd:26.6,Bpos:49.2,Bstd:30.7,StrandBias:1.0,Multiplicity:1.09
0.199	0.490	0.180	0.131
0.223	0.400	0.176	0.200
0.116	0.001	0.728	0.155
0.045	0.953	0.001	0.001
0.997	0.001	0.001	0.001
0.157	0.375	0.284	0.184
0.250	0.426	0.044	0.280
0.142	0.146	0.711	0.001
0.001	0.997	0.001	0.001
0.628	0.166	0.108	0.098
>CGTTTCGTTT	13-CGTTTCGTTT	7.147495	-212.575601	0	T:1050.0(4.64%),B:609.9(2.33%),P:1e-92	Tpos:48.0,Tstd:26.6,Bpos:49.8,Bstd:32.6,StrandBias:0.0,Multiplicity:1.05
0.006	0.732	0.150	0.112
0.064	0.096	0.748	0.092
0.103	0.123	0.038	0.736
0.001	0.012	0.020	0.967
0.001	0.129	0.009	0.861
0.001	0.843	0.039	0.117
0.155	0.141	0.514	0.190
0.008	0.108	0.062	0.822
0.001	0.004	0.001	0.994
0.099	0.096	0.001	0.804
>CCGCCGCCGC	14-CCGCCGCCGC	9.656537	-212.177167	0	T:1136.0(5.02%),B:680.3(2.59%),P:1e-92	Tpos:62.4,Tstd:26.7,Bpos:49.0,Bstd:32.6,StrandBias:1.4,Multiplicity:1.03
0.001	0.986	0.001	0.012
0.067	0.840	0.052	0.041
0.068	0.001	0.930	0.001
0.034	0.888	0.077	0.001
0.081	0.870	0.048	0.001
0.075	0.001	0.837	0.087
0.013	0.961	0.025	0.001
0.042	0.933	0.024	0.001
0.025	0.046	0.928	0.001
0.059	0.939	0.001	0.001
>CTGCCTGCCT	15-CTGCCTGCCT	8.235937	-208.052898	0	T:740.0(3.27%),B:371.4(1.42%),P:1e-90	Tpos:52.8,Tstd:26.1,Bpos:47.2,Bstd:29.9,StrandBias:0.3,Multiplicity:1.02
0.001	0.872	0.103	0.024
0.025	0.077	0.001	0.897
0.001	0.021	0.977	0.001
0.082	0.784	0.038	0.096
0.001	0.831	0.001	0.167
0.030	0.001	0.128	0.841
0.001	0.001	0.997	0.001
0.001	0.875	0.036	0.088
0.093	0.673	0.018	0.216
0.152	0.252	0.001	0.595
>TACTASTAGT	16-TACTASTAGT	5.770050	-175.802275	0	T:1271.0(5.62%),B:844.7(3.22%),P:1e-76	Tpos:47.7,Tstd:25.6,Bpos:49.6,Bstd:29.3,StrandBias:0.0,Multiplicity:1.07
0.114	0.168	0.154	0.564
0.589	0.054	0.156	0.201
0.005	0.558	0.354	0.083
0.023	0.082	0.010	0.885
0.737	0.011	0.138	0.114
0.002	0.435	0.552	0.011
0.004	0.173	0.033	0.790
0.733	0.046	0.112	0.109
0.017	0.366	0.550	0.067
0.105	0.314	0.084	0.496
>CCAGTCTCCA	17-CCAGTCTCCA	9.411127	-169.702703	0	T:274.0(1.21%),B:83.3(0.32%),P:1e-73	Tpos:60.7,Tstd:26.1,Bpos:52.2,Bstd:26.4,StrandBias:2.1,Multiplicity:1.01
0.010	0.977	0.012	0.001
0.001	0.989	0.001	0.009
0.970	0.001	0.010	0.019
0.001	0.016	0.900	0.083
0.037	0.001	0.155	0.807
0.003	0.896	0.100	0.001
0.143	0.001	0.074	0.782
0.001	0.997	0.001	0.001
0.001	0.993	0.003	0.003
0.820	0.135	0.018	0.027
>AGCTAGCTAS	18-AGCTAGCTAS	8.573171	-143.475831	0	T:501.0(2.22%),B:249.3(0.95%),P:1e-62	Tpos:60.2,Tstd:26.7,Bpos:53.7,Bstd:27.1,StrandBias:0.2,Multiplicity:1.04
0.838	0.001	0.076	0.085
0.018	0.031	0.932	0.019
0.002	0.936	0.044	0.018
0.001	0.283	0.056	0.660
0.880	0.001	0.020	0.099
0.002	0.019	0.977	0.002
0.001	0.939	0.059	0.001
0.085	0.135	0.065	0.715
0.623	0.112	0.196	0.069
0.038	0.451	0.359	0.151
>CTACAAATAC	19-CTACAAATAC	7.095847	-136.628706	0	T:277.0(1.23%),B:100.2(0.38%),P:1e-59	Tpos:36.7,Tstd:18.8,Bpos:55.1,Bstd:31.4,StrandBias:1.3,Multiplicity:1.01
0.102	0.812	0.036	0.050
0.012	0.023	0.001	0.964
0.955	0.004	0.023	0.018
0.001	0.976	0.022	0.001
0.995	0.001	0.001	0.003
0.933	0.036	0.004	0.027
0.948	0.036	0.012	0.004
0.001	0.001	0.023	0.975
0.953	0.001	0.023	0.023
0.121	0.812	0.063	0.004
>GSTTGCTTGC	20-GSTTGCTTGC	7.433083	-124.073870	0	T:466.0(2.06%),B:240.3(0.92%),P:1e-53	Tpos:57.5,Tstd:25.9,Bpos:50.7,Bstd:31.9,StrandBias:-0.7,Multiplicity:1.01
0.005	0.235	0.563	0.197
0.024	0.437	0.319	0.219
0.006	0.365	0.006	0.623
0.001	0.317	0.001	0.681
0.001	0.106	0.889	0.004
0.007	0.458	0.232	0.303
0.002	0.006	0.013	0.979
0.014	0.267	0.175	0.544
0.022	0.235	0.452	0.291
0.004	0.490	0.276	0.230
>CGAATCGAAT	21-CGAATCGAAT	9.709511	-121.273596	0	T:85.0(0.38%),B:11.0(0.04%),P:1e-52	Tpos:53.4,Tstd:27.6,Bpos:51.4,Bstd:22.5,StrandBias:0.6,Multiplicity:1.01
0.001	0.954	0.007	0.038
0.199	0.038	0.762	0.001
0.972	0.020	0.007	0.001
0.985	0.001	0.007	0.007
0.001	0.109	0.059	0.831
0.001	0.940	0.058	0.001
0.038	0.038	0.917	0.007
0.933	0.001	0.059	0.007
0.968	0.018	0.007	0.007
0.001	0.020	0.137	0.842
>TCCGCTTCCG	22-TCCGCTTCCG	9.707226	-119.820370	0	T:278.0(1.23%),B:110.0(0.42%),P:1e-52	Tpos:54.6,Tstd:28.5,Bpos:51.5,Bstd:29.4,StrandBias:1.6,Multiplicity:1.01
0.047	0.001	0.001	0.951
0.004	0.946	0.001	0.049
0.001	0.959	0.039	0.001
0.001	0.004	0.938	0.057
0.004	0.896	0.001	0.099
0.040	0.049	0.140	0.771
0.001	0.036	0.052	0.911
0.001	0.964	0.034	0.001
0.034	0.964	0.001	0.001
0.001	0.001	0.939	0.059
>CAGSCCGCAG	23-CAGSCCGCAG	10.424472	-109.595275	0	T:86.0(0.38%),B:12.1(0.05%),P:1e-47	Tpos:59.5,Tstd:25.5,Bpos:50.7,Bstd:19.2,StrandBias:0.9,Multiplicity:1.05
0.001	0.997	0.001	0.001
0.997	0.001	0.001	0.001
0.001	0.001	0.997	0.001
0.001	0.387	0.527	0.085
0.001	0.997	0.001	0.001
0.001	0.997	0.001	0.001
0.001	0.001	0.997	0.001
0.001	0.997	0.001	0.001
0.997	0.001	0.001	0.001
0.085	0.001	0.913	0.001
>TTGCGAGTTG	24-TTGCGAGTTG	11.068011	-83.052621	0	T:55.0(0.24%),B:6.1(0.02%),P:1e-36	Tpos:56.6,Tstd:25.9,Bpos:53.6,Bstd:22.7,StrandBias:-0.8,Multiplicity:1.00
0.001	0.001	0.167	0.831
0.001	0.001	0.001	0.997
0.001	0.001	0.997	0.001
0.001	0.997	0.001	0.001
0.001	0.082	0.916	0.001
0.997	0.001	0.001	0.001
0.082	0.001	0.916	0.001
0.001	0.001	0.001	0.997
0.001	0.001	0.001	0.997
0.001	0.001	0.997	0.001
>CTCAGCTCAG	25-CTCAGCTCAG	10.659780	-59.296202	0	T:38.0(0.17%),B:4.5(0.02%),P:1e-25	Tpos:56.5,Tstd:27.3,Bpos:36.9,Bstd:33.8,StrandBias:0.2,Multiplicity:1.00
0.001	0.956	0.001	0.042
0.001	0.001	0.001	0.997
0.001	0.991	0.001	0.007
0.997	0.001	0.001	0.001
0.001	0.001	0.997	0.001
0.001	0.997	0.001	0.001
0.001	0.001	0.001	0.997
0.001	0.997	0.001	0.001
0.997	0.001	0.001	0.001
0.001	0.001	0.997	0.001
>TWTATAWANNNV	1-TWTATAWANNNV	5.093762	-1772.042992	0	T:5022.0(22.21%),B:2367.5(9.03%),P:1e-769	Tpos:31.9,Tstd:11.0,Bpos:50.3,Bstd:36.3,StrandBias:-0.0,Multiplicity:1.17
0.122	0.201	0.158	0.519
0.474	0.168	0.031	0.328
0.021	0.001	0.001	0.977
0.758	0.001	0.001	0.240
0.300	0.001	0.016	0.683
0.968	0.001	0.030	0.001
0.337	0.085	0.199	0.378
0.504	0.173	0.208	0.115
0.238	0.241	0.304	0.216
0.268	0.258	0.308	0.166
0.225	0.305	0.300	0.171
0.244	0.298	0.314	0.143
>CCCCMCCCCMCC	2-CCCCMCCCCMCC	4.577780	-1166.746139	0	T:11010.0(48.69%),B:8693.4(33.16%),P:1e-506	Tpos:56.6,Tstd:25.7,Bpos:49.7,Bstd:31.2,StrandBias:2.7,Multiplicity:1.46
0.042	0.870	0.021	0.067
0.121	0.728	0.041	0.110
0.111	0.773	0.047	0.069
0.139	0.745	0.057	0.059
0.369	0.368	0.063	0.200
0.080	0.800	0.066	0.054
0.093	0.667	0.073	0.167
0.105	0.721	0.074	0.100
0.088	0.879	0.028	0.005
0.376	0.309	0.158	0.157
0.046	0.879	0.036	0.039
0.016	0.965	0.008	0.011
>TCKTCTCBTCTC	3-TCKTCTCBTCTC	3.780536	-1032.329718	0	T:11103.0(49.10%),B:9024.7(34.42%),P:1e-448	Tpos:56.0,Tstd:26.0,Bpos:49.3,Bstd:33.0,StrandBias:1.4,Multiplicity:1.25
0.005	0.282	0.043	0.670
0.001	0.905	0.030	0.064
0.031	0.236	0.324	0.409
0.007	0.338	0.048	0.607
0.001	0.831	0.012	0.156
0.001	0.059	0.025	0.915
0.001	0.955	0.001	0.043
0.012	0.331	0.309	0.348
0.004	0.159	0.071	0.766
0.001	0.868	0.020	0.111
0.004	0.074	0.033	0.889
0.001	0.825	0.045	0.129
>CAAACCCAAACC	4-CAAACCCAAACC	6.532656	-594.697267	0	T:2382.0(10.53%),B:1282.3(4.89%),P:1e-258	Tpos:52.6,Tstd:25.5,Bpos:50.4,Bstd:31.9,StrandBias:2.1,Multiplicity:1.11
0.195	0.671	0.104	0.030
0.768	0.143	0.070	0.019
0.920	0.023	0.046	0.011
0.760	0.066	0.127	0.047
0.161	0.640	0.092	0.107
0.055	0.874	0.053	0.018
0.179	0.767	0.048	0.006
0.698	0.111	0.029	0.162
0.894	0.030	0.047	0.029
0.605	0.122	0.185	0.088
0.156	0.661	0.109	0.074
0.135	0.757	0.054	0.054
>TGTGHGTGTGTG	5-TGTGHGTGTGTG	5.935384	-565.965201	0	T:2994.0(13.24%),B:1816.8(6.93%),P:1e-245	Tpos:56.2,Tstd:25.5,Bpos:49.0,Bstd:29.1,StrandBias:-1.9,Multiplicity:1.09
0.100	0.143	0.140	0.617
0.025	0.081	0.811	0.083
0.101	0.224	0.101	0.574
0.012	0.063	0.855	0.070
0.328	0.230	0.133	0.309
0.029	0.181	0.706	0.084
0.129	0.195	0.058	0.618
0.020	0.116	0.765	0.099
0.116	0.181	0.076	0.627
0.018	0.080	0.813	0.089
0.176	0.118	0.123	0.583
0.034	0.078	0.798	0.090
>CCATTCCATTCC	6-CCATTCCATTCC	6.827478	-550.865264	0	T:2094.0(9.26%),B:1097.7(4.19%),P:1e-239	Tpos:53.6,Tstd:27.0,Bpos:50.4,Bstd:29.6,StrandBias:2.4,Multiplicity:1.03
0.072	0.745	0.101	0.082
0.101	0.706	0.099	0.094
0.696	0.108	0.103	0.093
0.081	0.107	0.088	0.724
0.045	0.106	0.067	0.782
0.031	0.809	0.075	0.085
0.068	0.808	0.060	0.064
0.711	0.127	0.083	0.079
0.099	0.094	0.098	0.709
0.047	0.098	0.064	0.791
0.057	0.743	0.096	0.104
0.076	0.779	0.060	0.085
>TAGGGTTTHGSG	7-TAGGGTTTHGSG	8.965948	-367.872971	0	T:745.0(3.29%),B:268.3(1.02%),P:1e-159	Tpos:55.3,Tstd:27.4,Bpos:51.7,Bstd:29.4,StrandBias:-0.8,Multiplicity:1.02
0.001	0.077	0.282	0.640
0.886	0.075	0.001	0.038
0.037	0.001	0.961	0.001
0.001	0.001	0.997	0.001
0.001	0.126	0.798	0.075
0.001	0.001	0.001	0.997
0.001	0.012	0.001	0.986
0.077	0.270	0.001	0.652
0.268	0.295	0.140	0.297
0.206	0.154	0.422	0.217
0.036	0.334	0.411	0.220
0.179	0.220	0.384	0.217
>TGCCTGCCTGCC	8-TGCCTGCCTGCC	6.585259	-208.676030	0	T:2398.0(10.60%),B:1819.1(6.94%),P:1e-90	Tpos:52.5,Tstd:27.2,Bpos:49.6,Bstd:30.6,StrandBias:0.4,Multiplicity:1.03
0.089	0.110	0.116	0.685
0.053	0.089	0.772	0.086
0.066	0.754	0.088	0.092
0.063	0.774	0.081	0.082
0.096	0.082	0.163	0.659
0.048	0.095	0.775	0.082
0.064	0.752	0.120	0.064
0.049	0.822	0.066	0.063
0.072	0.076	0.125	0.727
0.043	0.085	0.780	0.092
0.056	0.778	0.101	0.065
0.087	0.724	0.091	0.098
>KCTCTCTCTCTC	9-KCTCTCTCTCTC	8.087187	-193.523915	0	T:1210.0(5.35%),B:766.8(2.92%),P:1e-84	Tpos:58.6,Tstd:27.0,Bpos:50.1,Bstd:34.4,StrandBias:1.4,Multiplicity:1.02
0.076	0.220	0.405	0.299
0.095	0.752	0.070	0.083
0.044	0.084	0.110	0.762
0.041	0.839	0.071	0.049
0.035	0.039	0.187	0.739
0.049	0.870	0.071	0.010
0.038	0.064	0.137	0.761
0.036	0.877	0.062	0.025
0.028	0.062	0.199	0.711
0.073	0.792	0.076	0.059
0.018	0.132	0.168	0.682
0.074	0.757	0.121	0.048
>TCGCAATTCGCA	10-TCGCAATTCGCA	9.826044	-192.879417	0	T:96.0(0.42%),B:6.8(0.03%),P:1e-83	Tpos:57.4,Tstd:25.3,Bpos:40.9,Bstd:9.8,StrandBias:1.6,Multiplicity:1.03
0.045	0.144	0.074	0.737
0.038	0.786	0.050	0.126
0.047	0.335	0.556	0.062
0.055	0.815	0.129	0.001
0.692	0.132	0.164	0.012
0.650	0.153	0.123	0.074
0.134	0.195	0.140	0.531
0.054	0.123	0.122	0.701
0.074	0.782	0.059	0.085
0.070	0.324	0.530	0.076
0.027	0.776	0.167	0.030
0.663	0.103	0.199	0.035
>GCAGCCCGCAGC	11-GCAGCCCGCAGC	7.408038	-179.296286	0	T:868.0(3.84%),B:499.8(1.91%),P:1e-77	Tpos:56.4,Tstd:26.3,Bpos:53.2,Bstd:29.5,StrandBias:0.5,Multiplicity:1.06
0.098	0.132	0.681	0.089
0.111	0.696	0.121	0.072
0.627	0.154	0.136	0.083
0.097	0.110	0.706	0.087
0.096	0.631	0.182	0.091
0.125	0.666	0.113	0.096
0.153	0.577	0.138	0.132
0.115	0.114	0.688	0.083
0.093	0.722	0.114	0.071
0.616	0.138	0.158	0.088
0.100	0.120	0.690	0.090
0.088	0.703	0.124	0.085
>GCCTACAAATAC	12-GCCTACAAATAC	9.489304	-178.257839	0	T:136.0(0.60%),B:18.5(0.07%),P:1e-77	Tpos:34.1,Tstd:13.0,Bpos:70.6,Bstd:20.6,StrandBias:1.9,Multiplicity:1.00
0.045	0.054	0.777	0.124
0.044	0.757	0.087	0.112
0.012	0.897	0.033	0.058
0.044	0.054	0.022	0.880
0.859	0.065	0.022	0.054
0.054	0.860	0.033	0.053
0.890	0.044	0.054	0.012
0.858	0.054	0.044	0.044
0.772	0.066	0.118	0.044
0.088	0.022	0.053	0.837
0.779	0.034	0.110	0.077
0.023	0.856	0.077	0.044
>TCCATCCATCMM	13-TCCATCCATCMM	9.524051	-172.560657	0	T:250.0(1.11%),B:69.1(0.26%),P:1e-74	Tpos:53.9,Tstd:27.3,Bpos:47.2,Bstd:21.0,StrandBias:2.5,Multiplicity:1.01
0.066	0.133	0.013	0.788
0.001	0.908	0.078	0.013
0.046	0.889	0.013	0.052
0.959	0.013	0.027	0.001
0.001	0.067	0.001	0.931
0.001	0.932	0.027	0.040
0.054	0.865	0.013	0.068
0.973	0.001	0.013	0.013
0.040	0.085	0.065	0.810
0.001	0.959	0.013	0.027
0.295	0.408	0.080	0.216
0.343	0.409	0.133	0.116
>ACACAGCACAGC	14-ACACAGCACAGC	8.905417	-166.065971	0	T:318.0(1.41%),B:110.1(0.42%),P:1e-72	Tpos:57.6,Tstd:24.6,Bpos:54.2,Bstd:24.3,StrandBias:1.0,Multiplicity:1.00
0.689	0.060	0.199	0.052
0.078	0.828	0.077	0.017
0.890	0.042	0.051	0.017
0.052	0.815	0.124	0.009
0.715	0.043	0.164	0.078
0.125	0.026	0.832	0.017
0.017	0.876	0.106	0.001
0.833	0.027	0.131	0.009
0.009	0.964	0.026	0.001
0.944	0.009	0.046	0.001
0.132	0.102	0.704	0.062
0.094	0.748	0.123	0.035
>AAGCAAGCAAGC	15-AAGCAAGCAAGC	7.852121	-164.290124	0	T:754.0(3.33%),B:424.1(1.62%),P:1e-71	Tpos:53.6,Tstd:26.3,Bpos:48.4,Bstd:29.9,StrandBias:0.2,Multiplicity:1.02
0.860	0.044	0.050	0.046
0.571	0.035	0.359	0.035
0.052	0.054	0.877	0.017
0.043	0.831	0.106	0.020
0.937	0.024	0.031	0.008
0.593	0.035	0.364	0.008
0.065	0.039	0.892	0.004
0.035	0.892	0.061	0.012
0.874	0.060	0.035	0.031
0.590	0.031	0.363	0.016
0.040	0.077	0.859	0.024
0.067	0.826	0.051	0.056
>CTACTASTASTA	16-CTACTASTASTA	7.233236	-147.109211	0	T:372.0(1.65%),B:155.4(0.59%),P:1e-63	Tpos:47.7,Tstd:24.7,Bpos:45.1,Bstd:25.7,StrandBias:0.1,Multiplicity:1.04
0.088	0.524	0.260	0.128
0.130	0.184	0.060	0.626
0.641	0.076	0.186	0.097
0.040	0.570	0.363	0.027
0.062	0.114	0.043	0.781
0.760	0.028	0.167	0.045
0.029	0.523	0.421	0.027
0.040	0.142	0.027	0.791
0.678	0.053	0.172	0.097
0.054	0.377	0.509	0.060
0.111	0.180	0.087	0.622
0.607	0.099	0.161	0.133
>GAAGATAAGGAT	17-GAAGATAAGGAT	10.458849	-146.510497	0	T:132.0(0.58%),B:22.4(0.09%),P:1e-63	Tpos:46.2,Tstd:22.2,Bpos:59.0,Bstd:24.0,StrandBias:-3.4,Multiplicity:1.00
0.091	0.001	0.907	0.001
0.759	0.001	0.153	0.087
0.820	0.001	0.178	0.001
0.001	0.001	0.997	0.001
0.997	0.001	0.001	0.001
0.030	0.001	0.001	0.968
0.968	0.001	0.001	0.030
0.957	0.001	0.012	0.030
0.061	0.001	0.937	0.001
0.001	0.001	0.997	0.001
0.752	0.186	0.001	0.061
0.174	0.254	0.061	0.511
>CGGAASTCVGAA	18-CGGAASTCVGAA	10.185676	-133.188017	0	T:53.0(0.23%),B:2.2(0.01%),P:1e-57	Tpos:53.8,Tstd:26.0,Bpos:60.5,Bstd:11.2,StrandBias:0.2,Multiplicity:1.00
0.159	0.578	0.204	0.059
0.270	0.252	0.455	0.023
0.049	0.046	0.893	0.012
0.857	0.039	0.073	0.031
0.864	0.016	0.062	0.058
0.178	0.290	0.355	0.177
0.291	0.031	0.062	0.616
0.043	0.711	0.035	0.211
0.282	0.286	0.378	0.054
0.050	0.031	0.892	0.027
0.667	0.039	0.286	0.008
0.876	0.035	0.039	0.050
>TCGCCAGTCCCC	19-TCGCCAGTCCCC	11.557686	-119.860535	0	T:81.0(0.36%),B:10.0(0.04%),P:1e-52	Tpos:53.3,Tstd:27.9,Bpos:38.7,Bstd:19.3,StrandBias:1.3,Multiplicity:1.00
0.024	0.060	0.030	0.886
0.018	0.922	0.030	0.030
0.041	0.110	0.795	0.054
0.030	0.940	0.024	0.006
0.048	0.886	0.042	0.024
0.866	0.030	0.062	0.042
0.059	0.036	0.881	0.024
0.018	0.048	0.042	0.892
0.012	0.893	0.036	0.059
0.059	0.547	0.335	0.059
0.030	0.905	0.047	0.018
0.012	0.934	0.036	0.018
>CCACAACTCACA	20-CCACAACTCACA	11.987352	-118.643682	0	T:55.0(0.24%),B:3.1(0.01%),P:1e-51	Tpos:55.2,Tstd:26.8,Bpos:26.9,Bstd:4.4,StrandBias:1.7,Multiplicity:1.00
0.063	0.577	0.001	0.359
0.001	0.997	0.001	0.001
0.936	0.001	0.062	0.001
0.001	0.997	0.001	0.001
0.873	0.001	0.125	0.001
0.682	0.001	0.316	0.001
0.062	0.936	0.001	0.001
0.129	0.126	0.063	0.682
0.001	0.936	0.062	0.001
0.870	0.001	0.128	0.001
0.001	0.997	0.001	0.001
0.873	0.001	0.063	0.063
>GCTAGCTAGCTA	21-GCTAGCTAGCTA	8.855876	-103.494514	0	T:270.0(1.19%),B:115.5(0.44%),P:1e-44	Tpos:61.7,Tstd:25.9,Bpos:50.1,Bstd:29.3,StrandBias:-0.1,Multiplicity:1.03
0.097	0.073	0.756	0.074
0.060	0.790	0.099	0.051
0.113	0.126	0.090	0.671
0.697	0.096	0.095	0.112
0.046	0.051	0.857	0.046
0.049	0.867	0.044	0.040
0.102	0.099	0.072	0.727
0.673	0.087	0.098	0.142
0.038	0.051	0.863	0.048
0.054	0.809	0.060	0.077
0.103	0.100	0.112	0.685
0.609	0.129	0.165	0.097
>CCGGATTCCGGA	22-CCGGATTCCGGA	8.400787	-68.758587	0	T:33.0(0.15%),B:2.2(0.01%),P:1e-29	Tpos:49.3,Tstd:29.2,Bpos:32.0,Bstd:7.6,StrandBias:0.2,Multiplicity:1.04
0.149	0.478	0.194	0.179
0.127	0.589	0.160	0.124
0.122	0.162	0.616	0.100
0.136	0.131	0.677	0.056
0.537	0.222	0.149	0.092
0.134	0.171	0.178	0.517
0.080	0.175	0.185	0.560
0.038	0.686	0.143	0.133
0.121	0.587	0.169	0.123
0.135	0.161	0.594	0.110
0.145	0.157	0.629	0.069
0.419	0.248	0.173	0.159
>AGAAACCCAGAA	23-AGAAACCCAGAA	11.083250	-57.353327	0	T:66.0(0.29%),B:15.4(0.06%),P:1e-24	Tpos:50.8,Tstd:26.5,Bpos:38.9,Bstd:22.7,StrandBias:0.0,Multiplicity:1.00
0.966	0.032	0.001	0.001
0.033	0.001	0.933	0.033
0.966	0.032	0.001	0.001
0.931	0.001	0.067	0.001
0.779	0.184	0.035	0.002
0.033	0.675	0.259	0.033
0.227	0.572	0.190	0.011
0.165	0.606	0.161	0.068
0.966	0.001	0.001	0.032
0.001	0.001	0.997	0.001
0.773	0.159	0.002	0.066
0.997	0.001	0.001	0.001
>RCTGCAGTGCAG	24-RCTGCAGTGCAG	8.806965	-52.260202	0	T:91.0(0.40%),B:30.7(0.12%),P:1e-22	Tpos:56.6,Tstd:26.3,Bpos:44.2,Bstd:29.1,StrandBias:-0.2,Multiplicity:1.00
0.371	0.160	0.349	0.120
0.117	0.602	0.195	0.086
0.193	0.115	0.128	0.564
0.085	0.083	0.776	0.056
0.066	0.742	0.115	0.077
0.593	0.113	0.187	0.107
0.095	0.331	0.511	0.063
0.162	0.167	0.087	0.584
0.127	0.107	0.710	0.056
0.102	0.770	0.055	0.073
0.546	0.123	0.083	0.248
0.138	0.217	0.576	0.069
>GTTTCTTTACCC	25-GTTTCTTTACCC	10.680542	-35.927492	0	T:40.0(0.18%),B:9.4(0.04%),P:1e-15	Tpos:49.7,Tstd:22.4,Bpos:48.0,Bstd:0.0,StrandBias:2.8,Multiplicity:1.00
0.016	0.001	0.967	0.016
0.016	0.016	0.001	0.967
0.001	0.001	0.015	0.983
0.001	0.001	0.015	0.983
0.001	0.997	0.001	0.001
0.001	0.001	0.001	0.997
0.001	0.001	0.015	0.983
0.001	0.213	0.001	0.785
0.967	0.016	0.001	0.016
0.001	0.967	0.016	0.016
0.001	0.983	0.001	0.015
0.001	0.983	0.001	0.015
>TATATA	1-TATATA	5.527328	-1589.758196	0	T:4304.0(19.03%),B:1956.4(7.46%),P:1e-690	Tpos:31.5,Tstd:10.9,Bpos:50.5,Bstd:38.4,StrandBias:-0.4,Multiplicity:1.16
0.001	0.028	0.001	0.970
0.635	0.001	0.001	0.363
0.105	0.019	0.001	0.875
0.997	0.001	0.001	0.001
0.001	0.019	0.025	0.955
0.997	0.001	0.001	0.001
>TTATAA	2-TTATAA	2.084612	-732.672854	0	T:5083.0(22.48%),B:3455.6(13.18%),P:1e-318	Tpos:34.3,Tstd:20.1,Bpos:49.6,Bstd:38.5,StrandBias:-0.1,Multiplicity:1.14
0.001	0.001	0.001	0.997
0.040	0.001	0.001	0.958
0.893	0.001	0.001	0.105
0.063	0.001	0.001	0.935
0.997	0.001	0.001	0.001
0.977	0.001	0.001	0.021
>CCACTC	3-CCACTC	4.583092	-656.646288	0	T:12313.0(54.45%),B:11141.2(42.49%),P:1e-285	Tpos:54.3,Tstd:27.3,Bpos:50.4,Bstd:32.4,StrandBias:2.0,Multiplicity:1.54
0.001	0.879	0.001	0.119
0.001	0.997	0.001	0.001
0.764	0.001	0.064	0.171
0.045	0.751	0.133	0.071
0.111	0.093	0.001	0.795
0.001	0.997	0.001	0.001
>GAGNGA	4-GAGNGA	4.575326	-545.327601	0	T:9919.0(43.87%),B:8739.6(33.33%),P:1e-236	Tpos:54.3,Tstd:27.6,Bpos:49.7,Bstd:33.5,StrandBias:-1.2,Multiplicity:1.30
0.361	0.001	0.637	0.001
0.615	0.089	0.086	0.210
0.054	0.132	0.709	0.105
0.230	0.279	0.182	0.309
0.001	0.001	0.997	0.001
0.811	0.001	0.139	0.049
>GRTKGG	5-GRTKGG	4.809543	-519.049529	0	T:10164.0(44.95%),B:9073.4(34.61%),P:1e-225	Tpos:50.9,Tstd:28.0,Bpos:49.3,Bstd:30.2,StrandBias:-2.0,Multiplicity:1.20
0.001	0.001	0.997	0.001
0.449	0.001	0.549	0.001
0.001	0.001	0.001	0.997
0.001	0.001	0.474	0.524
0.001	0.001	0.856	0.142
0.001	0.001	0.997	0.001
>GYKGTG	6-GYKGTG	5.346421	-506.366712	0	T:10868.0(48.06%),B:9886.9(37.71%),P:1e-219	Tpos:56.9,Tstd:27.9,Bpos:49.9,Bstd:32.1,StrandBias:-1.3,Multiplicity:1.50
0.001	0.001	0.997	0.001
0.001	0.437	0.208	0.354
0.001	0.001	0.477	0.521
0.001	0.001	0.790	0.208
0.001	0.313	0.118	0.568
0.001	0.001	0.997	0.001
>CMTTYC	7-CMTTYC	2.535975	-427.846981	0	T:9084.0(40.17%),B:8131.7(31.01%),P:1e-185	Tpos:52.8,Tstd:28.0,Bpos:50.0,Bstd:32.4,StrandBias:1.5,Multiplicity:1.20
0.001	0.997	0.001	0.001
0.462	0.536	0.001	0.001
0.001	0.001	0.013	0.985
0.001	0.001	0.001	0.997
0.001	0.518	0.001	0.480
0.001	0.997	0.001	0.001
>GAGACG	8-GAGACG	6.019754	-375.473582	0	T:5806.0(25.68%),B:4809.8(18.34%),P:1e-163	Tpos:54.4,Tstd:27.6,Bpos:49.2,Bstd:31.9,StrandBias:-1.6,Multiplicity:1.20
0.001	0.001	0.997	0.001
0.855	0.001	0.143	0.001
0.001	0.001	0.997	0.001
0.711	0.001	0.287	0.001
0.001	0.997	0.001	0.001
0.001	0.001	0.997	0.001
>TCCCCT	9-TCCCCT	5.573916	-307.513671	0	T:4920.0(21.76%),B:4073.4(15.54%),P:1e-133	Tpos:53.3,Tstd:27.5,Bpos:49.8,Bstd:34.5,StrandBias:1.5,Multiplicity:1.11
0.001	0.001	0.001	0.997
0.001	0.997	0.001	0.001
0.001	0.997	0.001	0.001
0.001	0.700	0.298	0.001
0.001	0.905	0.093	0.001
0.001	0.001	0.001	0.997
>AGACAG	10-AGACAG	5.480379	-293.279706	0	T:6882.0(30.44%),B:6148.3(23.45%),P:1e-127	Tpos:51.7,Tstd:27.9,Bpos:49.5,Bstd:31.7,StrandBias:-0.5,Multiplicity:1.11
0.997	0.001	0.001	0.001
0.001	0.098	0.900	0.001
0.856	0.001	0.142	0.001
0.111	0.887	0.001	0.001
0.792	0.001	0.106	0.101
0.001	0.001	0.997	0.001
>AAMCCY	11-AAMCCY	5.702080	-286.154643	0	T:3595.0(15.90%),B:2807.9(10.71%),P:1e-124	Tpos:53.3,Tstd:26.1,Bpos:49.9,Bstd:32.0,StrandBias:1.9,Multiplicity:1.14
0.782	0.216	0.001	0.001
0.751	0.247	0.001	0.001
0.466	0.532	0.001	0.001
0.217	0.781	0.001	0.001
0.247	0.751	0.001	0.001
0.134	0.467	0.001	0.399
>TGCGTG	12-TGCGTG	6.054006	-249.243827	0	T:3605.0(15.94%),B:2899.1(11.06%),P:1e-108	Tpos:51.5,Tstd:27.8,Bpos:49.6,Bstd:30.7,StrandBias:-1.1,Multiplicity:1.12
0.001	0.001	0.001	0.997
0.001	0.001	0.997	0.001
0.001	0.685	0.001	0.313
0.001	0.001	0.997	0.001
0.081	0.001	0.001	0.917
0.001	0.001	0.831	0.167
>GCCTGC	13-GCCTGC	5.863524	-218.776923	0	T:5350.0(23.66%),B:4760.1(18.15%),P:1e-95	Tpos:53.0,Tstd:27.7,Bpos:49.1,Bstd:30.8,StrandBias:-0.0,Multiplicity:1.20
0.001	0.001	0.997	0.001
0.163	0.835	0.001	0.001
0.001	0.880	0.001	0.118
0.001	0.001	0.001	0.997
0.118	0.001	0.880	0.001
0.001	0.997	0.001	0.001
>AAACGA	14-AAACGA	6.630447	-209.903269	0	T:3723.0(16.46%),B:3114.4(11.88%),P:1e-91	Tpos:48.8,Tstd:27.9,Bpos:50.6,Bstd:32.0,StrandBias:0.2,Multiplicity:1.10
0.997	0.001	0.001	0.001
0.721	0.001	0.277	0.001
0.997	0.001	0.001	0.001
0.001	0.997	0.001	0.001
0.322	0.001	0.676	0.001
0.997	0.001	0.001	0.001
>ACSGCA	15-ACSGCA	5.844998	-171.677132	0	T:4918.0(21.75%),B:4461.7(17.02%),P:1e-74	Tpos:50.5,Tstd:28.5,Bpos:50.2,Bstd:30.2,StrandBias:0.6,Multiplicity:1.06
0.799	0.001	0.199	0.001
0.001	0.997	0.001	0.001
0.001	0.429	0.415	0.155
0.001	0.001	0.997	0.001
0.001	0.997	0.001	0.001
0.997	0.001	0.001	0.001
>CTAGTA	16-CTAGTA	7.663958	-136.047194	0	T:643.0(2.84%),B:366.7(1.40%),P:1e-59	Tpos:45.0,Tstd:26.5,Bpos:46.6,Bstd:29.3,StrandBias:-0.2,Multiplicity:1.15
0.001	0.825	0.173	0.001
0.001	0.001	0.001	0.997
0.997	0.001	0.001	0.001
0.001	0.360	0.638	0.001
0.001	0.001	0.001	0.997
0.997	0.001	0.001	0.001
>CTTATC	17-CTTATC	6.177716	-123.332057	0	T:1007.0(4.45%),B:693.2(2.64%),P:1e-53	Tpos:43.7,Tstd:24.5,Bpos:49.8,Bstd:33.4,StrandBias:1.6,Multiplicity:1.06
0.100	0.700	0.100	0.100
0.100	0.100	0.100	0.700
0.100	0.100	0.100	0.700
0.700	0.100	0.100	0.100
0.100	0.100	0.100	0.700
0.100	0.700	0.100	0.100
>GCAGTG	18-GCAGTG	4.787993	-111.803971	0	T:5151.0(22.78%),B:4944.9(18.86%),P:1e-48	Tpos:52.9,Tstd:27.7,Bpos:51.3,Bstd:30.5,StrandBias:-0.8,Multiplicity:1.12
0.001	0.001	0.997	0.001
0.001	0.835	0.001	0.163
0.997	0.001	0.001	0.001
0.001	0.001	0.997	0.001
0.001	0.182	0.001	0.816
0.001	0.001	0.997	0.001
>TTGCTT	19-TTGCTT	6.177716	-100.303889	0	T:1625.0(7.19%),B:1321.3(5.04%),P:1e-43	Tpos:51.8,Tstd:27.8,Bpos:50.2,Bstd:33.0,StrandBias:-0.7,Multiplicity:1.05
0.100	0.100	0.100	0.700
0.100	0.100	0.100	0.700
0.100	0.100	0.700	0.100
0.100	0.700	0.100	0.100
0.100	0.100	0.100	0.700
0.100	0.100	0.100	0.700
>TACWAM	20-TACWAM	5.805674	-46.370075	0	T:737.0(3.26%),B:597.1(2.28%),P:1e-20	Tpos:47.2,Tstd:26.4,Bpos:49.8,Bstd:29.6,StrandBias:0.6,Multiplicity:1.17
0.083	0.089	0.001	0.827
0.626	0.150	0.090	0.134
0.001	0.770	0.134	0.095
0.335	0.001	0.217	0.447
0.983	0.001	0.001	0.015
0.441	0.463	0.095	0.001
>TGACTG	21-TGACTG	6.177716	-36.360784	0	T:859.0(3.80%),B:747.8(2.85%),P:1e-15	Tpos:46.4,Tstd:29.3,Bpos:48.1,Bstd:28.4,StrandBias:-0.8,Multiplicity:1.01
0.100	0.100	0.100	0.700
0.100	0.100	0.700	0.100
0.700	0.100	0.100	0.100
0.100	0.700	0.100	0.100
0.100	0.100	0.100	0.700
0.100	0.100	0.700	0.100
>AGCTAG	22-AGCTAG	6.177716	-31.861436	0	T:1361.0(6.02%),B:1282.8(4.89%),P:1e-13	Tpos:56.5,Tstd:28.8,Bpos:51.2,Bstd:31.8,StrandBias:-0.1,Multiplicity:1.27
0.700	0.100	0.100	0.100
0.100	0.100	0.700	0.100
0.100	0.700	0.100	0.100
0.100	0.100	0.100	0.700
0.700	0.100	0.100	0.100
0.100	0.100	0.700	0.100
>BMTWTATA	1-BMTWTATA	6.331394	-1695.749500	0	T:3497.0(15.47%),B:1325.0(5.05%),P:1e-736	Tpos:31.4,Tstd:9.8,Bpos:51.2,Bstd:37.6,StrandBias:0.4,Multiplicity:1.04
0.050	0.405	0.274	0.271
0.436	0.314	0.169	0.081
0.001	0.001	0.011	0.987
0.520	0.028	0.024	0.428
0.175	0.001	0.007	0.817
0.966	0.001	0.032	0.001
0.367	0.023	0.001	0.609
0.919	0.025	0.001	0.055
>GGANGGGA	2-GGANGGGA	4.625362	-1014.094993	0	T:11362.0(50.25%),B:9339.3(35.62%),P:1e-440	Tpos:53.9,Tstd:27.1,Bpos:49.9,Bstd:32.5,StrandBias:-1.9,Multiplicity:1.50
0.054	0.013	0.932	0.001
0.220	0.001	0.778	0.001
0.971	0.016	0.001	0.012
0.318	0.180	0.325	0.177
0.190	0.212	0.433	0.164
0.001	0.150	0.837	0.012
0.001	0.001	0.997	0.001
0.757	0.001	0.241	0.001
>CACMCCCC	3-CACMCCCC	5.038807	-1010.358121	0	T:8680.0(38.39%),B:6518.3(24.86%),P:1e-438	Tpos:54.7,Tstd:26.5,Bpos:50.3,Bstd:31.1,StrandBias:2.5,Multiplicity:1.36
0.029	0.946	0.001	0.024
0.554	0.379	0.056	0.011
0.239	0.721	0.039	0.001
0.438	0.365	0.022	0.175
0.305	0.563	0.048	0.084
0.218	0.689	0.028	0.065
0.177	0.690	0.096	0.037
0.270	0.676	0.033	0.021
>TTWWTWAA	4-TTWWTWAA	5.147009	-1008.765784	0	T:4263.0(18.85%),B:2404.2(9.17%),P:1e-438	Tpos:33.9,Tstd:19.4,Bpos:49.0,Bstd:37.6,StrandBias:-0.2,Multiplicity:1.08
0.141	0.215	0.247	0.397
0.047	0.001	0.115	0.837
0.514	0.015	0.001	0.470
0.460	0.001	0.001	0.538
0.196	0.001	0.001	0.802
0.544	0.001	0.001	0.454
0.770	0.001	0.001	0.228
0.590	0.001	0.001	0.408
>GAGACGAG	5-GAGACGAG	4.293622	-859.548265	0	T:12981.0(57.41%),B:11456.3(43.69%),P:1e-373	Tpos:53.1,Tstd:27.1,Bpos:49.6,Bstd:31.2,StrandBias:-1.1,Multiplicity:1.27
0.246	0.012	0.721	0.021
0.840	0.017	0.086	0.057
0.245	0.059	0.686	0.010
0.569	0.017	0.338	0.076
0.043	0.663	0.065	0.229
0.188	0.051	0.736	0.025
0.682	0.092	0.131	0.095
0.269	0.080	0.606	0.045
>GAGAGAGD	6-GAGAGAGD	4.446338	-645.837105	0	T:10152.0(44.90%),B:8758.9(33.41%),P:1e-280	Tpos:55.5,Tstd:26.9,Bpos:49.8,Bstd:32.7,StrandBias:-1.5,Multiplicity:1.25
0.227	0.031	0.684	0.058
0.513	0.226	0.064	0.197
0.016	0.025	0.920	0.039
0.601	0.187	0.001	0.211
0.011	0.142	0.810	0.037
0.487	0.050	0.175	0.289
0.076	0.165	0.725	0.034
0.374	0.119	0.234	0.273
>AAACCCTA	7-AAACCCTA	8.114331	-476.426641	0	T:1280.0(5.66%),B:555.8(2.12%),P:1e-206	Tpos:54.2,Tstd:26.7,Bpos:49.3,Bstd:33.5,StrandBias:1.0,Multiplicity:1.03
0.913	0.001	0.085	0.001
0.997	0.001	0.001	0.001
0.997	0.001	0.001	0.001
0.001	0.997	0.001	0.001
0.001	0.997	0.001	0.001
0.001	0.997	0.001	0.001
0.070	0.001	0.001	0.928
0.810	0.098	0.001	0.091
>AAGCAAAC	8-AAGCAAAC	5.011082	-465.222579	0	T:5377.0(23.78%),B:4184.8(15.96%),P:1e-202	Tpos:50.3,Tstd:27.1,Bpos:50.1,Bstd:31.7,StrandBias:0.9,Multiplicity:1.19
0.863	0.025	0.049	0.063
0.840	0.113	0.039	0.008
0.219	0.128	0.469	0.184
0.055	0.814	0.106	0.025
0.792	0.109	0.073	0.026
0.826	0.100	0.046	0.028
0.597	0.104	0.175	0.124
0.054	0.800	0.105	0.041
>CRTCCGTC	9-CRTCCGTC	5.649067	-355.918816	0	T:3513.0(15.54%),B:2591.2(9.88%),P:1e-154	Tpos:51.7,Tstd:27.5,Bpos:49.7,Bstd:27.9,StrandBias:1.6,Multiplicity:1.10
0.001	0.875	0.001	0.123
0.357	0.001	0.472	0.170
0.001	0.122	0.001	0.876
0.001	0.993	0.001	0.005
0.331	0.561	0.012	0.096
0.351	0.001	0.528	0.120
0.001	0.001	0.001	0.997
0.001	0.997	0.001	0.001
>GCTGCGGC	10-GCTGCGGC	6.786387	-322.967585	0	T:3803.0(16.82%),B:2932.4(11.18%),P:1e-140	Tpos:58.4,Tstd:27.7,Bpos:50.0,Bstd:32.8,StrandBias:-0.9,Multiplicity:1.12
0.062	0.001	0.936	0.001
0.024	0.951	0.001	0.024
0.037	0.112	0.194	0.657
0.012	0.001	0.986	0.001
0.012	0.936	0.001	0.051
0.042	0.001	0.886	0.071
0.001	0.001	0.997	0.001
0.041	0.745	0.118	0.096
>STGTGTGT	11-STGTGTGT	5.531811	-301.637124	0	T:2191.0(9.69%),B:1467.6(5.60%),P:1e-130	Tpos:52.7,Tstd:26.8,Bpos:48.8,Bstd:29.4,StrandBias:-0.9,Multiplicity:1.05
0.001	0.409	0.430	0.160
0.016	0.027	0.077	0.880
0.075	0.212	0.673	0.040
0.001	0.301	0.056	0.642
0.086	0.143	0.702	0.069
0.266	0.167	0.046	0.521
0.211	0.240	0.522	0.027
0.148	0.050	0.152	0.650
>GGGMSGGR	12-GGGMSGGR	7.059818	-294.261723	0	T:2685.0(11.87%),B:1927.3(7.35%),P:1e-127	Tpos:50.0,Tstd:28.2,Bpos:50.2,Bstd:33.9,StrandBias:-1.8,Multiplicity:1.05
0.001	0.137	0.581	0.281
0.001	0.001	0.793	0.205
0.001	0.001	0.997	0.001
0.533	0.465	0.001	0.001
0.001	0.419	0.481	0.099
0.050	0.136	0.742	0.072
0.001	0.001	0.997	0.001
0.484	0.074	0.384	0.058
>TGCGATGC	13-TGCGATGC	6.339638	-252.767890	0	T:1877.0(8.30%),B:1262.0(4.81%),P:1e-109	Tpos:55.5,Tstd:27.7,Bpos:50.0,Bstd:30.9,StrandBias:-0.5,Multiplicity:1.12
0.001	0.001	0.029	0.969
0.017	0.001	0.973	0.009
0.001	0.981	0.001	0.017
0.048	0.001	0.874	0.077
0.409	0.248	0.169	0.174
0.011	0.001	0.037	0.951
0.016	0.001	0.982	0.001
0.001	0.970	0.028	0.001
>CTACTAGT	14-CTACTAGT	5.845912	-202.897813	0	T:1309.0(5.79%),B:838.6(3.20%),P:1e-88	Tpos:44.2,Tstd:25.1,Bpos:49.5,Bstd:29.7,StrandBias:0.2,Multiplicity:1.06
0.094	0.648	0.213	0.045
0.031	0.035	0.023	0.911
0.841	0.012	0.136	0.011
0.021	0.563	0.291	0.125
0.124	0.054	0.028	0.794
0.867	0.001	0.037	0.095
0.222	0.133	0.588	0.057
0.056	0.100	0.053	0.791
>GCAGGCAG	15-GCAGGCAG	8.102315	-194.157295	0	T:1083.0(4.79%),B:658.4(2.51%),P:1e-84	Tpos:53.2,Tstd:27.0,Bpos:47.4,Bstd:29.9,StrandBias:-0.3,Multiplicity:1.10
0.001	0.001	0.997	0.001
0.001	0.997	0.001	0.001
0.997	0.001	0.001	0.001
0.001	0.001	0.997	0.001
0.001	0.001	0.864	0.134
0.001	0.997	0.001	0.001
0.740	0.148	0.111	0.001
0.001	0.080	0.918	0.001
>TCACAGCC	16-TCACAGCC	6.873319	-150.936756	0	T:1164.0(5.15%),B:788.2(3.01%),P:1e-65	Tpos:55.3,Tstd:26.0,Bpos:48.0,Bstd:30.3,StrandBias:1.0,Multiplicity:1.02
0.324	0.001	0.191	0.484
0.001	0.997	0.001	0.001
0.978	0.020	0.001	0.001
0.001	0.997	0.001	0.001
0.997	0.001	0.001	0.001
0.001	0.001	0.997	0.001
0.087	0.675	0.237	0.001
0.133	0.865	0.001	0.001
>ACCAAACC	17-ACCAAACC	9.737516	-117.297963	0	T:366.0(1.62%),B:172.8(0.66%),P:1e-50	Tpos:46.8,Tstd:24.7,Bpos:49.7,Bstd:28.7,StrandBias:1.5,Multiplicity:1.01
0.997	0.001	0.001	0.001
0.001	0.997	0.001	0.001
0.264	0.734	0.001	0.001
0.997	0.001	0.001	0.001
0.997	0.001	0.001	0.001
0.997	0.001	0.001	0.001
0.001	0.997	0.001	0.001
0.001	0.997	0.001	0.001
>TACATATA	18-TACATATA	7.589982	-116.518154	0	T:493.0(2.18%),B:268.1(1.02%),P:1e-50	Tpos:35.4,Tstd:19.3,Bpos:51.7,Bstd:35.5,StrandBias:0.2,Multiplicity:1.01
0.001	0.001	0.001	0.997
0.912	0.086	0.001	0.001
0.001	0.626	0.372	0.001
0.809	0.001	0.001	0.189
0.201	0.001	0.001	0.797
0.997	0.001	0.001	0.001
0.366	0.001	0.001	0.632
0.871	0.001	0.001	0.127
>TAGCTAGC	19-TAGCTAGC	8.479657	-110.210143	0	T:556.0(2.46%),B:325.3(1.24%),P:1e-47	Tpos:58.2,Tstd:28.1,Bpos:50.7,Bstd:30.7,StrandBias:0.2,Multiplicity:1.15
0.001	0.128	0.001	0.870
0.997	0.001	0.001	0.001
0.001	0.001	0.997	0.001
0.001	0.997	0.001	0.001
0.001	0.001	0.001	0.997
0.997	0.001	0.001	0.001
0.001	0.001	0.997	0.001
0.086	0.792	0.001	0.121
>CTTATCCC	20-CTTATCCC	9.756278	-103.554974	0	T:229.0(1.01%),B:88.1(0.34%),P:1e-44	Tpos:42.8,Tstd:25.4,Bpos:51.7,Bstd:33.5,StrandBias:2.3,Multiplicity:1.01
0.001	0.997	0.001	0.001
0.001	0.001	0.001	0.997
0.001	0.001	0.001	0.997
0.997	0.001	0.001	0.001
0.001	0.001	0.001	0.997
0.001	0.997	0.001	0.001
0.001	0.997	0.001	0.001
0.001	0.729	0.269	0.001
>CAGCCAGC	21-CAGCCAGC	7.159403	-89.365893	0	T:1056.0(4.67%),B:801.9(3.06%),P:1e-38	Tpos:52.9,Tstd:28.7,Bpos:50.8,Bstd:31.5,StrandBias:1.5,Multiplicity:1.09
0.001	0.997	0.001	0.001
0.792	0.206	0.001	0.001
0.001	0.001	0.997	0.001
0.001	0.997	0.001	0.001
0.001	0.997	0.001	0.001
0.901	0.097	0.001	0.001
0.001	0.001	0.997	0.001
0.001	0.997	0.001	0.001
>GAGTGCGG	22-GAGTGCGG	7.999366	-88.086864	0	T:459.0(2.03%),B:272.3(1.04%),P:1e-38	Tpos:51.6,Tstd:27.5,Bpos:46.1,Bstd:30.9,StrandBias:-1.1,Multiplicity:1.01
0.365	0.001	0.633	0.001
0.997	0.001	0.001	0.001
0.272	0.237	0.489	0.001
0.001	0.001	0.269	0.729
0.097	0.298	0.604	0.001
0.001	0.997	0.001	0.001
0.015	0.124	0.860	0.001
0.012	0.001	0.805	0.182
>CCACGCAC	23-CCACGCAC	7.295272	-70.392037	0	T:624.0(2.76%),B:440.8(1.68%),P:1e-30	Tpos:52.9,Tstd:28.0,Bpos:49.9,Bstd:30.3,StrandBias:1.0,Multiplicity:1.08
0.001	0.671	0.327	0.001
0.001	0.997	0.001	0.001
0.997	0.001	0.001	0.001
0.001	0.997	0.001	0.001
0.001	0.001	0.997	0.001
0.001	0.997	0.001	0.001
0.997	0.001	0.001	0.001
0.070	0.928	0.001	0.001
>TAAAGGCS	24-TAAAGGCS	9.125880	-32.393955	0	T:53.0(0.23%),B:17.7(0.07%),P:1e-14	Tpos:41.4,Tstd:24.9,Bpos:64.9,Bstd:16.6,StrandBias:0.0,Multiplicity:1.00
0.001	0.001	0.001	0.997
0.997	0.001	0.001	0.001
0.921	0.077	0.001	0.001
0.921	0.001	0.001	0.077
0.234	0.157	0.608	0.001
0.001	0.304	0.694	0.001
0.143	0.855	0.001	0.001
0.143	0.395	0.461	0.001
>ATTGAACG	25-ATTGAACG	8.465632	-29.067286	0	T:57.0(0.25%),B:21.4(0.08%),P:1e-12	Tpos:35.6,Tstd:19.5,Bpos:41.3,Bstd:28.8,StrandBias:0.0,Multiplicity:1.00
0.997	0.001	0.001	0.001
0.001	0.001	0.001	0.997
0.001	0.001	0.001	0.997
0.001	0.001	0.924	0.074
0.997	0.001	0.001	0.001
0.997	0.001	0.001	0.001
0.001	0.997	0.001	0.001
0.001	0.001	0.997	0.001
