>TATATAWASV	1-TATATAWASV	4.704144	-1671.844109	0	T:5620.0(24.85%),B:2915.8(11.12%),P:1e-726	Tpos:32.1,Tstd:11.9,Bpos:49.5,Bstd:36.2,StrandBias:-0.1,Multiplicity:1.49
0.085	0.106	0.118	0.691
0.619	0.035	0.043	0.303
0.145	0.022	0.013	0.820
0.788	0.001	0.010	0.201
0.341	0.021	0.037	0.601
0.844	0.001	0.154	0.001
0.274	0.145	0.215	0.366
0.495	0.186	0.229	0.091
0.206	0.294	0.392	0.108
0.230	0.290	0.370	0.110
>HTTCCATTCC	2-HTTCCATTCC	5.226996	-1194.396081	0	T:8108.0(35.85%),B:5673.5(21.64%),P:1e-518	Tpos:54.3,Tstd:27.0,Bpos:50.1,Bstd:31.0,StrandBias:2.0,Multiplicity:1.22
0.362	0.267	0.111	0.260
0.179	0.228	0.061	0.532
0.007	0.316	0.039	0.638
0.001	0.953	0.004	0.042
0.138	0.802	0.058	0.002
0.629	0.141	0.150	0.080
0.229	0.170	0.099	0.502
0.001	0.125	0.002	0.872
0.001	0.749	0.037	0.213
0.078	0.910	0.008	0.004
>YCCCYCTCYC	3-YCCCYCTCYC	5.387421	-1167.612730	0	T:11166.0(49.37%),B:8856.9(33.78%),P:1e-507	Tpos:56.8,Tstd:26.1,Bpos:49.9,Bstd:33.7,StrandBias:1.9,Multiplicity:1.44
0.005	0.416	0.038	0.541
0.012	0.557	0.069	0.362
0.004	0.487	0.195	0.314
0.016	0.773	0.170	0.041
0.121	0.324	0.092	0.463
0.021	0.524	0.223	0.232
0.001	0.320	0.031	0.648
0.014	0.882	0.001	0.103
0.001	0.327	0.205	0.467
0.004	0.709	0.003	0.284
>MMMMMMMCMM	4-MMMMMMMCMM	4.121030	-873.738634	0	T:8678.0(38.37%),B:6742.7(25.72%),P:1e-379	Tpos:54.4,Tstd:25.9,Bpos:49.7,Bstd:30.4,StrandBias:2.4,Multiplicity:1.28
0.393	0.492	0.048	0.067
0.448	0.470	0.042	0.040
0.445	0.474	0.040	0.040
0.455	0.452	0.048	0.046
0.423	0.460	0.059	0.058
0.405	0.501	0.047	0.047
0.389	0.506	0.044	0.061
0.380	0.532	0.051	0.037
0.383	0.509	0.057	0.051
0.372	0.510	0.058	0.060
>CCCCCGCCGC	5-CCCCCGCCGC	4.343929	-810.351291	0	T:13232.0(58.50%),B:11845.9(45.18%),P:1e-351	Tpos:55.1,Tstd:27.7,Bpos:49.6,Bstd:31.9,StrandBias:1.4,Multiplicity:1.30
0.137	0.603	0.134	0.126
0.137	0.574	0.150	0.139
0.129	0.576	0.163	0.132
0.135	0.571	0.148	0.146
0.147	0.586	0.147	0.120
0.141	0.133	0.604	0.122
0.115	0.653	0.108	0.124
0.127	0.633	0.106	0.134
0.146	0.162	0.541	0.151
0.109	0.655	0.116	0.120
>CGTTTCGTTT	6-CGTTTCGTTT	6.122673	-402.995025	0	T:2463.0(10.89%),B:1563.1(5.96%),P:1e-175	Tpos:50.8,Tstd:26.7,Bpos:51.5,Bstd:32.0,StrandBias:-0.1,Multiplicity:1.07
0.036	0.872	0.068	0.024
0.038	0.029	0.801	0.132
0.071	0.267	0.024	0.638
0.001	0.105	0.048	0.846
0.001	0.033	0.209	0.757
0.017	0.874	0.073	0.036
0.064	0.202	0.513	0.221
0.036	0.239	0.090	0.635
0.001	0.031	0.068	0.900
0.077	0.152	0.081	0.690
>CACACRCACA	7-CACACRCACA	6.665213	-395.477346	0	T:1859.0(8.22%),B:1064.2(4.06%),P:1e-171	Tpos:56.0,Tstd:26.2,Bpos:49.6,Bstd:29.8,StrandBias:1.4,Multiplicity:1.07
0.001	0.951	0.047	0.001
0.741	0.030	0.130	0.099
0.060	0.720	0.219	0.001
0.677	0.002	0.196	0.125
0.068	0.725	0.191	0.016
0.450	0.040	0.313	0.197
0.010	0.935	0.054	0.001
0.630	0.038	0.184	0.148
0.029	0.864	0.106	0.001
0.775	0.070	0.134	0.021
>TCGTCTCGTC	8-TCGTCTCGTC	6.829165	-391.228945	0	T:2101.0(9.29%),B:1269.3(4.84%),P:1e-169	Tpos:54.4,Tstd:27.6,Bpos:50.5,Bstd:27.3,StrandBias:1.3,Multiplicity:1.09
0.038	0.064	0.041	0.857
0.023	0.881	0.040	0.056
0.083	0.112	0.741	0.064
0.127	0.098	0.092	0.683
0.009	0.887	0.043	0.061
0.035	0.081	0.070	0.814
0.060	0.817	0.039	0.084
0.110	0.100	0.720	0.070
0.072	0.057	0.104	0.767
0.024	0.834	0.082	0.060
>CTAGGGTTTW	9-CTAGGGTTTW	8.707489	-340.175375	0	T:650.0(2.87%),B:224.4(0.86%),P:1e-147	Tpos:54.9,Tstd:25.8,Bpos:46.2,Bstd:31.8,StrandBias:-0.9,Multiplicity:1.02
0.021	0.507	0.271	0.201
0.075	0.044	0.106	0.775
0.840	0.053	0.035	0.072
0.022	0.027	0.924	0.027
0.031	0.011	0.933	0.025
0.014	0.034	0.908	0.044
0.034	0.066	0.015	0.885
0.019	0.025	0.032	0.924
0.036	0.050	0.027	0.887
0.421	0.070	0.154	0.355
>CYGCYTGCYK	10-CYGCYTGCYK	7.020070	-325.839434	0	T:2374.0(10.50%),B:1593.5(6.08%),P:1e-141	Tpos:55.0,Tstd:27.1,Bpos:50.2,Bstd:30.1,StrandBias:-0.2,Multiplicity:1.06
0.001	0.554	0.112	0.333
0.001	0.325	0.223	0.450
0.001	0.001	0.997	0.001
0.001	0.635	0.162	0.202
0.001	0.537	0.001	0.461
0.001	0.012	0.278	0.709
0.001	0.001	0.997	0.001
0.024	0.769	0.122	0.085
0.001	0.451	0.193	0.355
0.102	0.106	0.322	0.470
>CCGCMGCCGC	11-CCGCMGCCGC	6.882770	-311.019094	0	T:2459.0(10.87%),B:1692.4(6.46%),P:1e-135	Tpos:61.1,Tstd:26.7,Bpos:50.3,Bstd:31.7,StrandBias:1.2,Multiplicity:1.06
0.223	0.593	0.004	0.180
0.241	0.459	0.138	0.161
0.122	0.097	0.758	0.023
0.078	0.662	0.138	0.122
0.323	0.442	0.196	0.040
0.084	0.013	0.766	0.137
0.043	0.874	0.017	0.066
0.138	0.548	0.057	0.257
0.146	0.246	0.541	0.067
0.106	0.660	0.042	0.192
>TCCATCCATC	12-TCCATCCATC	7.892598	-254.297383	0	T:416.0(1.84%),B:127.0(0.48%),P:1e-110	Tpos:53.2,Tstd:27.8,Bpos:50.6,Bstd:24.9,StrandBias:2.2,Multiplicity:1.00
0.226	0.302	0.001	0.471
0.024	0.612	0.123	0.241
0.034	0.718	0.158	0.090
0.681	0.001	0.317	0.001
0.147	0.165	0.001	0.687
0.001	0.739	0.029	0.231
0.188	0.565	0.086	0.161
0.586	0.067	0.300	0.047
0.059	0.190	0.001	0.750
0.045	0.715	0.028	0.212
>TASTAGTAGT	13-TASTAGTAGT	6.209184	-204.031429	0	T:994.0(4.39%),B:573.0(2.19%),P:1e-88	Tpos:47.8,Tstd:25.6,Bpos:49.2,Bstd:27.1,StrandBias:-0.2,Multiplicity:1.06
0.124	0.185	0.165	0.526
0.667	0.052	0.200	0.081
0.020	0.497	0.467	0.016
0.054	0.085	0.019	0.842
0.808	0.015	0.118	0.059
0.007	0.352	0.611	0.030
0.010	0.167	0.006	0.817
0.819	0.026	0.062	0.093
0.021	0.149	0.778	0.052
0.107	0.230	0.092	0.571
>AGCTAGCTAG	14-AGCTAGCTAG	8.975999	-158.736707	0	T:297.0(1.31%),B:101.4(0.39%),P:1e-68	Tpos:61.1,Tstd:26.2,Bpos:50.0,Bstd:25.1,StrandBias:-0.2,Multiplicity:1.03
0.896	0.014	0.062	0.028
0.001	0.037	0.942	0.020
0.037	0.921	0.027	0.015
0.001	0.114	0.001	0.884
0.993	0.001	0.001	0.005
0.001	0.004	0.994	0.001
0.034	0.952	0.013	0.001
0.023	0.011	0.037	0.929
0.812	0.114	0.073	0.001
0.012	0.036	0.951	0.001
>GCACAGCACA	15-GCACAGCACA	7.692493	-156.694635	0	T:645.0(2.85%),B:346.8(1.32%),P:1e-68	Tpos:54.7,Tstd:26.3,Bpos:50.5,Bstd:31.3,StrandBias:0.8,Multiplicity:1.07
0.119	0.066	0.752	0.063
0.023	0.861	0.050	0.066
0.762	0.059	0.085	0.094
0.050	0.866	0.070	0.014
0.721	0.030	0.147	0.102
0.010	0.049	0.865	0.076
0.042	0.904	0.037	0.017
0.793	0.030	0.081	0.096
0.093	0.785	0.100	0.022
0.693	0.116	0.113	0.078
>AGAGTMCAGA	16-AGAGTMCAGA	8.071887	-138.657288	0	T:463.0(2.05%),B:225.5(0.86%),P:1e-60	Tpos:54.3,Tstd:27.2,Bpos:48.6,Bstd:30.2,StrandBias:0.2,Multiplicity:1.03
0.914	0.084	0.001	0.001
0.001	0.232	0.766	0.001
0.966	0.016	0.001	0.017
0.001	0.001	0.997	0.001
0.048	0.001	0.254	0.697
0.369	0.436	0.001	0.194
0.064	0.732	0.203	0.001
0.859	0.001	0.077	0.063
0.001	0.286	0.712	0.001
0.902	0.001	0.096	0.001
>CCTTATCTTC	17-CCTTATCTTC	10.956253	-135.294917	0	T:104.0(0.46%),B:14.5(0.06%),P:1e-58	Tpos:43.7,Tstd:20.4,Bpos:49.2,Bstd:21.4,StrandBias:3.9,Multiplicity:1.04
0.001	0.997	0.001	0.001
0.001	0.997	0.001	0.001
0.001	0.001	0.001	0.997
0.001	0.001	0.001	0.997
0.997	0.001	0.001	0.001
0.001	0.001	0.001	0.997
0.001	0.997	0.001	0.001
0.001	0.001	0.001	0.997
0.062	0.245	0.001	0.692
0.001	0.903	0.095	0.001
>VGCAGGKCAG	18-VGCAGGKCAG	9.561747	-133.468079	0	T:406.0(1.80%),B:188.9(0.72%),P:1e-57	Tpos:56.5,Tstd:27.6,Bpos:53.1,Bstd:31.0,StrandBias:-0.5,Multiplicity:1.07
0.339	0.293	0.367	0.001
0.017	0.001	0.652	0.330
0.001	0.997	0.001	0.001
0.982	0.016	0.001	0.001
0.001	0.031	0.967	0.001
0.267	0.200	0.532	0.001
0.071	0.096	0.475	0.358
0.001	0.997	0.001	0.001
0.905	0.093	0.001	0.001
0.001	0.072	0.926	0.001
>AAAGCAAAGC	19-AAAGCAAAGC	8.652043	-126.448217	0	T:63.0(0.28%),B:4.8(0.02%),P:1e-54	Tpos:55.5,Tstd:26.1,Bpos:57.9,Bstd:3.9,StrandBias:1.5,Multiplicity:1.08
0.997	0.001	0.001	0.001
0.997	0.001	0.001	0.001
0.992	0.006	0.001	0.001
0.001	0.001	0.997	0.001
0.001	0.992	0.001	0.006
0.997	0.001	0.001	0.001
0.997	0.001	0.001	0.001
0.992	0.001	0.001	0.006
0.001	0.001	0.997	0.001
0.001	0.941	0.001	0.057
>CAGTCAGTCA	20-CAGTCAGTCA	6.615261	-121.037820	0	T:296.0(1.31%),B:121.7(0.46%),P:1e-52	Tpos:55.8,Tstd:26.3,Bpos:50.3,Bstd:24.8,StrandBias:0.9,Multiplicity:1.00
0.096	0.682	0.136	0.086
0.600	0.131	0.160	0.109
0.194	0.152	0.533	0.121
0.123	0.216	0.143	0.518
0.013	0.741	0.173	0.073
0.588	0.153	0.123	0.136
0.172	0.192	0.523	0.113
0.115	0.240	0.204	0.442
0.067	0.715	0.171	0.047
0.565	0.153	0.137	0.145
>KCTYDCTCGY	21-KCTYDCTCGY	7.710876	-113.356913	0	T:299.0(1.32%),B:128.6(0.49%),P:1e-49	Tpos:56.0,Tstd:28.0,Bpos:62.7,Bstd:17.3,StrandBias:1.6,Multiplicity:1.00
0.061	0.065	0.434	0.440
0.060	0.694	0.029	0.217
0.147	0.195	0.022	0.636
0.168	0.423	0.027	0.381
0.281	0.014	0.389	0.316
0.043	0.872	0.025	0.060
0.117	0.031	0.055	0.797
0.189	0.586	0.062	0.163
0.148	0.269	0.523	0.060
0.143	0.439	0.107	0.310
>ACGCAATTAT	22-ACGCAATTAT	8.854596	-107.649009	0	T:65.0(0.29%),B:6.0(0.02%),P:1e-46	Tpos:43.7,Tstd:25.9,Bpos:31.7,Bstd:13.0,StrandBias:0.7,Multiplicity:1.00
0.888	0.001	0.001	0.110
0.021	0.919	0.059	0.001
0.001	0.110	0.888	0.001
0.001	0.978	0.001	0.020
0.621	0.319	0.001	0.059
0.978	0.001	0.001	0.020
0.021	0.111	0.021	0.847
0.020	0.001	0.001	0.978
0.978	0.020	0.001	0.001
0.021	0.021	0.021	0.937
>CVAGWTGCGW	23-CVAGWTGCGW	8.813112	-89.974061	0	T:50.0(0.22%),B:4.5(0.02%),P:1e-39	Tpos:51.0,Tstd:26.8,Bpos:76.8,Bstd:13.9,StrandBias:-1.3,Multiplicity:1.02
0.395	0.568	0.009	0.028
0.292	0.279	0.363	0.067
0.816	0.030	0.030	0.124
0.071	0.035	0.850	0.044
0.431	0.001	0.018	0.550
0.327	0.028	0.011	0.634
0.353	0.001	0.592	0.054
0.010	0.783	0.114	0.093
0.009	0.027	0.955	0.009
0.452	0.026	0.161	0.361
>RTGCARTGCA	24-RTGCARTGCA	9.566632	-60.236338	0	T:168.0(0.74%),B:76.0(0.29%),P:1e-26	Tpos:52.3,Tstd:27.5,Bpos:51.9,Bstd:22.4,StrandBias:0.0,Multiplicity:1.08
0.418	0.217	0.284	0.081
0.001	0.001	0.001	0.997
0.001	0.004	0.959	0.036
0.012	0.986	0.001	0.001
0.895	0.001	0.001	0.103
0.298	0.090	0.399	0.213
0.001	0.001	0.001	0.997
0.001	0.001	0.997	0.001
0.001	0.997	0.001	0.001
0.944	0.051	0.001	0.004
>AGTAAAATAA	25-AGTAAAATAA	9.535084	-58.614516	0	T:60.0(0.27%),B:12.6(0.05%),P:1e-25	Tpos:34.0,Tstd:25.8,Bpos:57.1,Bstd:29.0,StrandBias:-0.3,Multiplicity:1.04
0.872	0.001	0.126	0.001
0.199	0.126	0.674	0.001
0.001	0.001	0.001	0.997
0.649	0.214	0.001	0.136
0.997	0.001	0.001	0.001
0.872	0.126	0.001	0.001
0.747	0.126	0.001	0.126
0.001	0.001	0.001	0.997
0.872	0.001	0.126	0.001
0.997	0.001	0.001	0.001
>TWTATAWANNNV	1-TWTATAWANNNV	5.247031	-1734.846908	0	T:4592.0(20.30%),B:2069.9(7.90%),P:1e-753	Tpos:31.8,Tstd:10.6,Bpos:49.2,Bstd:35.7,StrandBias:0.0,Multiplicity:1.17
0.126	0.197	0.166	0.511
0.458	0.160	0.057	0.325
0.027	0.001	0.001	0.971
0.740	0.001	0.001	0.258
0.319	0.001	0.014	0.666
0.964	0.001	0.034	0.001
0.348	0.094	0.200	0.357
0.491	0.177	0.212	0.121
0.255	0.234	0.289	0.221
0.286	0.253	0.303	0.158
0.224	0.302	0.305	0.169
0.238	0.297	0.320	0.146
>CCCTTCCCTTCC	2-CCCTTCCCTTCC	2.472225	-1259.373481	0	T:14170.0(62.65%),B:12074.4(46.05%),P:1e-546	Tpos:56.1,Tstd:25.6,Bpos:50.1,Bstd:32.9,StrandBias:2.3,Multiplicity:1.54
0.039	0.820	0.039	0.102
0.022	0.867	0.055	0.056
0.080	0.747	0.051	0.122
0.054	0.136	0.063	0.747
0.001	0.194	0.024	0.781
0.001	0.909	0.001	0.089
0.003	0.910	0.028	0.059
0.081	0.812	0.038	0.069
0.063	0.227	0.079	0.631
0.001	0.194	0.019	0.786
0.001	0.872	0.015	0.112
0.003	0.929	0.021	0.047
>CMMMMMMCMMCM	3-CMMMMMMCMMCM	5.142579	-881.486847	0	T:6108.0(27.01%),B:4197.2(16.01%),P:1e-382	Tpos:55.3,Tstd:25.5,Bpos:48.8,Bstd:29.2,StrandBias:2.5,Multiplicity:1.13
0.303	0.563	0.078	0.056
0.398	0.516	0.051	0.035
0.424	0.516	0.042	0.018
0.451	0.468	0.066	0.015
0.431	0.486	0.054	0.029
0.420	0.513	0.052	0.015
0.406	0.492	0.060	0.042
0.391	0.543	0.042	0.024
0.424	0.512	0.039	0.025
0.405	0.496	0.069	0.029
0.366	0.532	0.059	0.043
0.378	0.508	0.064	0.050
>CTCACAGTCTCA	4-CTCACAGTCTCA	6.447064	-449.034369	0	T:2930.0(12.95%),B:1909.5(7.28%),P:1e-195	Tpos:56.7,Tstd:25.9,Bpos:50.6,Bstd:30.1,StrandBias:1.5,Multiplicity:1.11
0.063	0.724	0.150	0.063
0.128	0.122	0.138	0.612
0.015	0.936	0.028	0.021
0.484	0.084	0.282	0.150
0.050	0.837	0.092	0.021
0.573	0.138	0.160	0.129
0.072	0.232	0.641	0.055
0.119	0.217	0.165	0.499
0.019	0.913	0.035	0.033
0.226	0.067	0.257	0.450
0.017	0.948	0.017	0.018
0.593	0.145	0.202	0.060
>NAAACCCTARNC	5-NAAACCCTARNC	7.049062	-392.534103	0	T:945.0(4.18%),B:382.9(1.46%),P:1e-170	Tpos:55.1,Tstd:26.1,Bpos:47.6,Bstd:32.3,StrandBias:1.2,Multiplicity:1.04
0.309	0.299	0.227	0.165
0.478	0.052	0.304	0.167
0.762	0.075	0.062	0.101
0.698	0.125	0.154	0.023
0.075	0.603	0.211	0.111
0.087	0.722	0.094	0.097
0.071	0.839	0.068	0.022
0.164	0.163	0.137	0.536
0.554	0.240	0.096	0.110
0.293	0.223	0.413	0.071
0.226	0.351	0.214	0.209
0.198	0.430	0.196	0.176
>TCHCMAKTCHCC	6-TCHCMAKTCHCC	9.069051	-325.192431	0	T:356.0(1.57%),B:74.2(0.28%),P:1e-141	Tpos:56.6,Tstd:25.3,Bpos:41.4,Bstd:23.2,StrandBias:2.1,Multiplicity:1.02
0.001	0.291	0.086	0.622
0.007	0.938	0.048	0.007
0.326	0.269	0.120	0.284
0.065	0.900	0.026	0.009
0.395	0.470	0.043	0.093
0.664	0.127	0.200	0.009
0.094	0.143	0.454	0.308
0.124	0.086	0.069	0.721
0.007	0.965	0.011	0.017
0.248	0.352	0.094	0.306
0.163	0.776	0.052	0.009
0.333	0.514	0.112	0.041
>AGACGAGACGAG	7-AGACGAGACGAG	7.814960	-258.413794	0	T:903.0(3.99%),B:449.2(1.71%),P:1e-112	Tpos:56.2,Tstd:26.6,Bpos:50.1,Bstd:29.6,StrandBias:-0.9,Multiplicity:1.00
0.851	0.061	0.053	0.035
0.044	0.061	0.885	0.010
0.644	0.139	0.153	0.064
0.049	0.826	0.054	0.071
0.071	0.049	0.865	0.015
0.926	0.030	0.015	0.029
0.039	0.066	0.865	0.030
0.653	0.107	0.206	0.034
0.025	0.854	0.075	0.046
0.066	0.044	0.870	0.020
0.911	0.020	0.044	0.025
0.053	0.063	0.859	0.025
>CCTTATCTTCTC	8-CCTTATCTTCTC	8.903238	-242.259582	0	T:495.0(2.19%),B:180.0(0.69%),P:1e-105	Tpos:45.5,Tstd:24.4,Bpos:51.8,Bstd:30.1,StrandBias:2.6,Multiplicity:1.02
0.025	0.706	0.145	0.124
0.001	0.855	0.045	0.099
0.012	0.074	0.001	0.913
0.006	0.271	0.105	0.618
0.933	0.001	0.042	0.024
0.001	0.001	0.036	0.962
0.001	0.993	0.001	0.005
0.073	0.194	0.001	0.732
0.025	0.211	0.087	0.677
0.062	0.623	0.142	0.173
0.144	0.116	0.025	0.715
0.186	0.451	0.169	0.194
>CTGCCTGCCTGC	9-CTGCCTGCCTGC	8.429085	-189.754018	0	T:692.0(3.06%),B:351.8(1.34%),P:1e-82	Tpos:53.1,Tstd:27.2,Bpos:52.1,Bstd:28.4,StrandBias:-0.0,Multiplicity:1.03
0.044	0.851	0.069	0.036
0.041	0.107	0.060	0.792
0.013	0.019	0.913	0.055
0.034	0.777	0.149	0.040
0.042	0.818	0.050	0.090
0.065	0.026	0.108	0.801
0.013	0.015	0.956	0.016
0.044	0.761	0.120	0.075
0.004	0.919	0.039	0.038
0.060	0.042	0.086	0.812
0.031	0.097	0.827	0.045
0.026	0.778	0.144	0.052
>AAAGCAAAGCAA	10-AAAGCAAAGCAA	8.838097	-182.509470	0	T:457.0(2.02%),B:189.2(0.72%),P:1e-79	Tpos:57.4,Tstd:25.8,Bpos:47.4,Bstd:28.3,StrandBias:0.7,Multiplicity:1.01
0.548	0.316	0.121	0.015
0.665	0.072	0.257	0.006
0.555	0.227	0.043	0.175
0.046	0.070	0.819	0.065
0.006	0.961	0.015	0.018
0.912	0.024	0.052	0.012
0.676	0.009	0.306	0.009
0.616	0.193	0.028	0.163
0.009	0.022	0.923	0.046
0.022	0.951	0.012	0.015
0.909	0.015	0.055	0.021
0.615	0.050	0.316	0.019
>CTACTACTASTA	11-CTACTACTASTA	5.748196	-171.546225	0	T:1289.0(5.70%),B:866.3(3.30%),P:1e-74	Tpos:48.0,Tstd:25.4,Bpos:48.9,Bstd:26.7,StrandBias:0.1,Multiplicity:1.08
0.051	0.629	0.192	0.128
0.109	0.093	0.062	0.736
0.666	0.042	0.231	0.061
0.022	0.652	0.286	0.040
0.048	0.114	0.032	0.806
0.779	0.034	0.131	0.056
0.008	0.657	0.298	0.037
0.065	0.088	0.040	0.807
0.744	0.040	0.149	0.067
0.033	0.405	0.501	0.061
0.081	0.233	0.076	0.610
0.571	0.104	0.115	0.210
>GCAGCACAGCAC	12-GCAGCACAGCAC	8.008148	-169.819987	0	T:664.0(2.94%),B:348.9(1.33%),P:1e-73	Tpos:56.0,Tstd:25.8,Bpos:50.6,Bstd:27.7,StrandBias:0.8,Multiplicity:1.01
0.156	0.079	0.700	0.065
0.066	0.814	0.072	0.048
0.658	0.099	0.104	0.139
0.057	0.088	0.801	0.054
0.071	0.795	0.068	0.066
0.678	0.099	0.130	0.093
0.051	0.809	0.099	0.041
0.619	0.120	0.121	0.140
0.055	0.065	0.820	0.060
0.069	0.849	0.049	0.033
0.737	0.079	0.093	0.091
0.083	0.719	0.136	0.062
>CTCTGGACTCTG	13-CTCTGGACTCTG	9.150004	-150.724448	0	T:258.0(1.14%),B:82.6(0.32%),P:1e-65	Tpos:57.1,Tstd:25.0,Bpos:48.0,Bstd:27.3,StrandBias:-0.3,Multiplicity:1.08
0.064	0.766	0.151	0.019
0.046	0.074	0.027	0.853
0.001	0.806	0.131	0.062
0.037	0.076	0.094	0.793
0.001	0.027	0.963	0.009
0.179	0.097	0.705	0.019
0.652	0.165	0.093	0.090
0.009	0.782	0.181	0.028
0.001	0.001	0.045	0.953
0.009	0.860	0.122	0.009
0.027	0.094	0.140	0.739
0.001	0.072	0.908	0.019
>ATTCCGCATTCC	14-ATTCCGCATTCC	9.155290	-148.287045	0	T:100.0(0.44%),B:11.2(0.04%),P:1e-64	Tpos:54.4,Tstd:27.7,Bpos:59.4,Bstd:15.0,StrandBias:2.5,Multiplicity:1.02
0.522	0.219	0.087	0.172
0.183	0.127	0.039	0.651
0.001	0.230	0.034	0.735
0.018	0.887	0.031	0.064
0.071	0.762	0.142	0.025
0.130	0.141	0.560	0.169
0.224	0.581	0.121	0.074
0.631	0.102	0.151	0.116
0.131	0.175	0.155	0.539
0.044	0.118	0.083	0.755
0.021	0.817	0.101	0.061
0.053	0.800	0.120	0.027
>GCGTGCGAGTGC	15-GCGTGCGAGTGC	10.873194	-136.654658	0	T:45.0(0.20%),B:1.0(0.00%),P:1e-59	Tpos:52.6,Tstd:27.4,Bpos:65.1,Bstd:5.4,StrandBias:-0.6,Multiplicity:1.00
0.066	0.080	0.811	0.043
0.129	0.696	0.080	0.095
0.048	0.128	0.749	0.075
0.092	0.109	0.088	0.711
0.058	0.081	0.806	0.055
0.085	0.784	0.056	0.075
0.070	0.080	0.787	0.063
0.645	0.161	0.083	0.111
0.043	0.109	0.766	0.082
0.076	0.082	0.091	0.751
0.064	0.067	0.792	0.077
0.110	0.704	0.110	0.076
>TCACTTCACCTC	16-TCACTTCACCTC	8.297052	-136.503253	0	T:405.0(1.79%),B:186.0(0.71%),P:1e-59	Tpos:56.7,Tstd:27.6,Bpos:47.4,Bstd:30.5,StrandBias:2.0,Multiplicity:1.01
0.081	0.066	0.049	0.804
0.017	0.942	0.025	0.016
0.800	0.033	0.082	0.085
0.008	0.910	0.049	0.033
0.102	0.236	0.033	0.629
0.041	0.083	0.049	0.827
0.033	0.900	0.042	0.025
0.909	0.041	0.025	0.025
0.041	0.829	0.081	0.049
0.085	0.801	0.033	0.081
0.058	0.050	0.074	0.818
0.058	0.843	0.066	0.033
>TCACASTTCACA	17-TCACASTTCACA	10.602394	-131.301962	0	T:108.0(0.48%),B:16.1(0.06%),P:1e-57	Tpos:59.8,Tstd:25.7,Bpos:69.6,Bstd:21.4,StrandBias:1.9,Multiplicity:1.00
0.146	0.250	0.001	0.603
0.001	0.997	0.001	0.001
0.997	0.001	0.001	0.001
0.001	0.887	0.056	0.056
0.569	0.001	0.402	0.028
0.001	0.508	0.435	0.056
0.001	0.250	0.028	0.721
0.001	0.392	0.001	0.606
0.001	0.887	0.111	0.001
0.997	0.001	0.001	0.001
0.001	0.997	0.001	0.001
0.720	0.112	0.084	0.084
>ACTCGCMAGTCG	18-ACTCGCMAGTCG	8.994191	-126.565658	0	T:176.0(0.78%),B:47.7(0.18%),P:1e-54	Tpos:56.8,Tstd:25.0,Bpos:55.5,Bstd:23.6,StrandBias:0.7,Multiplicity:1.09
0.573	0.240	0.140	0.047
0.001	0.807	0.191	0.001
0.001	0.001	0.001	0.997
0.001	0.977	0.001	0.021
0.018	0.001	0.980	0.001
0.136	0.845	0.018	0.001
0.371	0.432	0.193	0.003
0.963	0.018	0.018	0.001
0.001	0.303	0.695	0.001
0.001	0.002	0.001	0.996
0.001	0.963	0.018	0.018
0.019	0.041	0.921	0.019
>ATCCATCCATCC	19-ATCCATCCATCC	9.358538	-125.646131	0	T:116.0(0.51%),B:20.7(0.08%),P:1e-54	Tpos:51.2,Tstd:27.8,Bpos:32.6,Bstd:15.7,StrandBias:1.9,Multiplicity:1.00
0.911	0.044	0.044	0.001
0.126	0.001	0.001	0.872
0.001	0.997	0.001	0.001
0.001	0.997	0.001	0.001
0.997	0.001	0.001	0.001
0.001	0.044	0.001	0.954
0.001	0.954	0.001	0.044
0.044	0.911	0.001	0.044
0.954	0.001	0.044	0.001
0.001	0.001	0.001	0.997
0.001	0.997	0.001	0.001
0.237	0.525	0.001	0.237
>GCTAGCTAGCTA	20-GCTAGCTAGCTA	7.710017	-106.570590	0	T:480.0(2.12%),B:268.7(1.02%),P:1e-46	Tpos:60.8,Tstd:25.4,Bpos:50.4,Bstd:27.7,StrandBias:-0.1,Multiplicity:1.03
0.088	0.074	0.766	0.072
0.057	0.796	0.095	0.052
0.138	0.103	0.115	0.644
0.717	0.080	0.088	0.115
0.047	0.048	0.849	0.056
0.050	0.867	0.045	0.038
0.135	0.075	0.074	0.716
0.684	0.099	0.087	0.130
0.036	0.043	0.861	0.060
0.062	0.810	0.065	0.063
0.134	0.090	0.102	0.674
0.616	0.125	0.151	0.108
>MGTTGCAGTTGC	21-MGTTGCAGTTGC	10.806756	-88.900414	0	T:45.0(0.20%),B:3.3(0.01%),P:1e-38	Tpos:60.6,Tstd:28.0,Bpos:63.1,Bstd:9.3,StrandBias:0.7,Multiplicity:1.00
0.343	0.355	0.195	0.107
0.207	0.256	0.491	0.046
0.046	0.224	0.032	0.698
0.043	0.051	0.063	0.843
0.021	0.046	0.908	0.025
0.057	0.855	0.053	0.035
0.554	0.186	0.107	0.153
0.227	0.172	0.561	0.040
0.018	0.320	0.035	0.627
0.032	0.046	0.057	0.865
0.014	0.028	0.926	0.032
0.117	0.772	0.054	0.057
>AAAAATCCCCAA	22-AAAAATCCCCAA	8.689880	-82.004473	0	T:47.0(0.21%),B:4.4(0.02%),P:1e-35	Tpos:50.5,Tstd:25.8,Bpos:70.7,Bstd:28.8,StrandBias:2.4,Multiplicity:1.00
0.655	0.148	0.110	0.087
0.679	0.133	0.105	0.083
0.707	0.100	0.101	0.092
0.709	0.099	0.092	0.100
0.687	0.108	0.087	0.118
0.131	0.103	0.121	0.645
0.110	0.640	0.115	0.135
0.120	0.632	0.118	0.130
0.136	0.656	0.107	0.101
0.156	0.655	0.110	0.079
0.685	0.124	0.106	0.085
0.648	0.128	0.123	0.101
>GCTCACCGCTCA	23-GCTCACCGCTCA	9.800214	-81.707731	0	T:96.0(0.42%),B:22.6(0.09%),P:1e-35	Tpos:56.6,Tstd:26.8,Bpos:45.1,Bstd:22.2,StrandBias:1.2,Multiplicity:1.01
0.044	0.106	0.806	0.044
0.036	0.877	0.052	0.035
0.026	0.107	0.052	0.815
0.017	0.895	0.062	0.026
0.840	0.052	0.072	0.036
0.018	0.834	0.087	0.061
0.095	0.664	0.113	0.128
0.103	0.044	0.817	0.036
0.052	0.877	0.044	0.027
0.018	0.095	0.055	0.832
0.026	0.903	0.036	0.035
0.861	0.035	0.035	0.069
>GCCTCTCGTCTC	24-GCCTCTCGTCTC	10.462097	-63.287296	0	T:92.0(0.41%),B:26.5(0.10%),P:1e-27	Tpos:60.8,Tstd:27.6,Bpos:52.1,Bstd:14.5,StrandBias:1.9,Multiplicity:1.02
0.055	0.039	0.828	0.078
0.028	0.828	0.077	0.067
0.060	0.818	0.056	0.066
0.044	0.043	0.127	0.786
0.033	0.856	0.066	0.045
0.061	0.039	0.096	0.804
0.061	0.813	0.071	0.055
0.050	0.039	0.861	0.050
0.049	0.119	0.066	0.766
0.011	0.873	0.045	0.071
0.033	0.022	0.061	0.884
0.028	0.895	0.043	0.034
>TTCTTTACCCTA	25-TTCTTTACCCTA	8.768711	-31.141091	0	T:43.0(0.19%),B:12.1(0.05%),P:1e-13	Tpos:43.9,Tstd:23.7,Bpos:35.0,Bstd:21.3,StrandBias:2.3,Multiplicity:1.00
0.088	0.114	0.096	0.702
0.090	0.106	0.114	0.690
0.076	0.713	0.094	0.117
0.090	0.105	0.099	0.706
0.091	0.133	0.102	0.674
0.100	0.155	0.110	0.635
0.603	0.118	0.125	0.154
0.085	0.663	0.116	0.136
0.092	0.670	0.095	0.143
0.095	0.702	0.088	0.115
0.126	0.127	0.109	0.638
0.605	0.147	0.128	0.120
>TATATA	1-TATATA	5.458446	-1481.484912	0	T:4310.0(19.06%),B:2037.9(7.77%),P:1e-643	Tpos:31.5,Tstd:10.9,Bpos:49.2,Bstd:38.4,StrandBias:-0.4,Multiplicity:1.16
0.001	0.029	0.001	0.969
0.633	0.001	0.001	0.365
0.097	0.018	0.001	0.884
0.997	0.001	0.001	0.001
0.001	0.029	0.001	0.969
0.997	0.001	0.001	0.001
>CCACTC	2-CCACTC	4.258593	-813.482209	0	T:14670.0(64.86%),B:13531.5(51.61%),P:1e-353	Tpos:54.7,Tstd:27.3,Bpos:50.2,Bstd:33.0,StrandBias:2.0,Multiplicity:1.75
0.001	0.869	0.001	0.129
0.001	0.997	0.001	0.001
0.727	0.001	0.056	0.216
0.043	0.794	0.100	0.063
0.088	0.126	0.001	0.785
0.001	0.997	0.001	0.001
>TTATAA	3-TTATAA	5.466630	-785.719785	0	T:4648.0(20.55%),B:2987.2(11.39%),P:1e-341	Tpos:33.5,Tstd:19.4,Bpos:50.0,Bstd:37.2,StrandBias:-0.2,Multiplicity:1.10
0.001	0.001	0.001	0.997
0.001	0.001	0.001	0.997
0.599	0.001	0.001	0.399
0.382	0.001	0.001	0.616
0.624	0.001	0.001	0.374
0.619	0.001	0.001	0.379
>GGAAGG	4-GGAAGG	4.824258	-489.429265	0	T:9023.0(39.89%),B:7903.0(30.14%),P:1e-212	Tpos:52.5,Tstd:27.8,Bpos:49.3,Bstd:32.9,StrandBias:-1.5,Multiplicity:1.22
0.001	0.001	0.997	0.001
0.403	0.001	0.595	0.001
0.997	0.001	0.001	0.001
0.829	0.169	0.001	0.001
0.001	0.001	0.693	0.305
0.001	0.001	0.997	0.001
>AAGCGA	5-AAGCGA	4.340470	-461.434110	0	T:8296.0(36.68%),B:7193.1(27.44%),P:1e-200	Tpos:53.8,Tstd:27.9,Bpos:50.1,Bstd:31.9,StrandBias:-0.5,Multiplicity:1.29
0.888	0.001	0.078	0.033
0.895	0.001	0.103	0.001
0.061	0.001	0.898	0.040
0.001	0.960	0.001	0.038
0.203	0.001	0.795	0.001
0.869	0.001	0.129	0.001
>AAACCC	6-AAACCC	7.994858	-404.900771	0	T:2199.0(9.72%),B:1335.9(5.10%),P:1e-175	Tpos:53.2,Tstd:25.9,Bpos:49.9,Bstd:34.0,StrandBias:2.0,Multiplicity:1.10
0.997	0.001	0.001	0.001
0.997	0.001	0.001	0.001
0.997	0.001	0.001	0.001
0.263	0.735	0.001	0.001
0.001	0.997	0.001	0.001
0.001	0.997	0.001	0.001
>CGCCGC	7-CGCCGC	5.599198	-371.754224	0	T:10285.0(45.47%),B:9612.9(36.67%),P:1e-161	Tpos:56.5,Tstd:28.7,Bpos:50.3,Bstd:33.5,StrandBias:1.1,Multiplicity:1.44
0.001	0.875	0.123	0.001
0.091	0.137	0.771	0.001
0.001	0.997	0.001	0.001
0.001	0.997	0.001	0.001
0.001	0.001	0.836	0.162
0.001	0.997	0.001	0.001
>GAGACG	8-GAGACG	5.590198	-361.171600	0	T:5317.0(23.51%),B:4345.0(16.57%),P:1e-156	Tpos:52.6,Tstd:27.5,Bpos:49.7,Bstd:31.5,StrandBias:-1.4,Multiplicity:1.14
0.116	0.001	0.882	0.001
0.813	0.001	0.185	0.001
0.092	0.001	0.906	0.001
0.997	0.001	0.001	0.001
0.001	0.997	0.001	0.001
0.001	0.001	0.997	0.001
>CCACCM	9-CCACCM	4.814920	-321.843507	0	T:10341.0(45.72%),B:9833.3(37.51%),P:1e-139	Tpos:53.9,Tstd:28.1,Bpos:49.8,Bstd:30.9,StrandBias:1.8,Multiplicity:1.37
0.127	0.834	0.001	0.038
0.200	0.798	0.001	0.001
0.576	0.001	0.343	0.080
0.209	0.517	0.096	0.178
0.090	0.908	0.001	0.001
0.370	0.486	0.073	0.071
>GCTGTG	10-GCTGTG	4.946744	-286.233080	0	T:7053.0(31.18%),B:6349.7(24.22%),P:1e-124	Tpos:54.2,Tstd:28.0,Bpos:49.8,Bstd:31.7,StrandBias:-0.7,Multiplicity:1.21
0.001	0.001	0.997	0.001
0.001	0.997	0.001	0.001
0.213	0.001	0.001	0.785
0.001	0.001	0.997	0.001
0.001	0.262	0.001	0.736
0.060	0.001	0.938	0.001
>GCCTGC	11-GCCTGC	5.545020	-232.344770	0	T:4729.0(20.91%),B:4074.4(15.54%),P:1e-100	Tpos:51.9,Tstd:27.6,Bpos:49.9,Bstd:30.1,StrandBias:-0.1,Multiplicity:1.16
0.001	0.001	0.997	0.001
0.172	0.826	0.001	0.001
0.001	0.997	0.001	0.001
0.001	0.001	0.001	0.997
0.211	0.001	0.787	0.001
0.001	0.901	0.001	0.097
>CACACA	12-CACACA	5.972084	-218.688019	0	T:3646.0(16.12%),B:3013.9(11.50%),P:1e-94	Tpos:53.6,Tstd:27.4,Bpos:49.3,Bstd:29.2,StrandBias:1.4,Multiplicity:1.14
0.001	0.997	0.001	0.001
0.997	0.001	0.001	0.001
0.001	0.997	0.001	0.001
0.740	0.001	0.258	0.001
0.001	0.997	0.001	0.001
0.867	0.001	0.001	0.131
>CTTATC	13-CTTATC	6.177716	-141.015342	0	T:1000.0(4.42%),B:659.6(2.52%),P:1e-61	Tpos:42.8,Tstd:24.2,Bpos:49.3,Bstd:33.6,StrandBias:1.6,Multiplicity:1.06
0.100	0.700	0.100	0.100
0.100	0.100	0.100	0.700
0.100	0.100	0.100	0.700
0.700	0.100	0.100	0.100
0.100	0.100	0.100	0.700
0.100	0.700	0.100	0.100
>AACGCA	14-AACGCA	6.802159	-136.641956	0	T:1791.0(7.92%),B:1394.5(5.32%),P:1e-59	Tpos:51.8,Tstd:26.7,Bpos:50.4,Bstd:30.7,StrandBias:0.2,Multiplicity:1.06
0.997	0.001	0.001	0.001
0.997	0.001	0.001	0.001
0.001	0.997	0.001	0.001
0.001	0.001	0.997	0.001
0.223	0.775	0.001	0.001
0.997	0.001	0.001	0.001
>CTACTA	15-CTACTA	7.334432	-105.224188	0	T:1192.0(5.27%),B:895.7(3.42%),P:1e-45	Tpos:45.6,Tstd:26.8,Bpos:49.4,Bstd:30.4,StrandBias:0.2,Multiplicity:1.21
0.001	0.895	0.103	0.001
0.001	0.001	0.001	0.997
0.997	0.001	0.001	0.001
0.001	0.575	0.423	0.001
0.001	0.001	0.001	0.997
0.997	0.001	0.001	0.001
>AAACCA	16-AAACCA	7.361134	-87.688515	0	T:2623.0(11.60%),B:2366.7(9.03%),P:1e-38	Tpos:47.0,Tstd:27.6,Bpos:50.1,Bstd:32.8,StrandBias:1.2,Multiplicity:1.10
0.997	0.001	0.001	0.001
0.997	0.001	0.001	0.001
0.997	0.001	0.001	0.001
0.001	0.997	0.001	0.001
0.390	0.608	0.001	0.001
0.997	0.001	0.001	0.001
>AGACAG	17-AGACAG	7.200122	-86.814705	0	T:2587.0(11.44%),B:2332.4(8.90%),P:1e-37	Tpos:51.5,Tstd:27.1,Bpos:50.0,Bstd:32.8,StrandBias:-0.5,Multiplicity:1.07
0.997	0.001	0.001	0.001
0.001	0.001	0.997	0.001
0.997	0.001	0.001	0.001
0.332	0.666	0.001	0.001
0.997	0.001	0.001	0.001
0.001	0.001	0.997	0.001
>TACATA	18-TACATA	6.989557	-53.868636	0	T:1213.0(5.36%),B:1045.0(3.99%),P:1e-23	Tpos:38.5,Tstd:23.4,Bpos:51.4,Bstd:32.7,StrandBias:1.0,Multiplicity:1.06
0.001	0.001	0.001	0.997
0.997	0.001	0.001	0.001
0.001	0.997	0.001	0.001
0.885	0.001	0.113	0.001
0.303	0.001	0.001	0.695
0.997	0.001	0.001	0.001
>AGCTAG	19-AGCTAG	6.177716	-28.290747	0	T:1344.0(5.94%),B:1281.1(4.89%),P:1e-12	Tpos:56.7,Tstd:28.4,Bpos:51.8,Bstd:30.8,StrandBias:-0.1,Multiplicity:1.24
0.700	0.100	0.100	0.100
0.100	0.100	0.700	0.100
0.100	0.700	0.100	0.100
0.100	0.100	0.100	0.700
0.700	0.100	0.100	0.100
0.100	0.100	0.700	0.100
>TATATAWA	1-TATATAWA	5.743965	-1423.080993	0	T:3892.0(17.21%),B:1767.9(6.74%),P:1e-618	Tpos:31.6,Tstd:10.5,Bpos:50.3,Bstd:37.0,StrandBias:0.4,Multiplicity:1.06
0.066	0.156	0.283	0.495
0.541	0.383	0.009	0.067
0.060	0.021	0.001	0.918
0.572	0.016	0.020	0.392
0.105	0.001	0.001	0.893
0.992	0.001	0.006	0.001
0.482	0.137	0.001	0.380
0.675	0.091	0.183	0.051
>CTTTTTAA	2-CTTTTTAA	5.350730	-1381.219018	0	T:4135.0(18.28%),B:1979.9(7.55%),P:1e-599	Tpos:33.5,Tstd:18.1,Bpos:48.6,Bstd:36.4,StrandBias:-0.1,Multiplicity:1.07
0.001	0.634	0.192	0.173
0.074	0.039	0.001	0.886
0.371	0.001	0.001	0.627
0.001	0.001	0.001	0.997
0.349	0.001	0.001	0.649
0.229	0.001	0.001	0.769
0.824	0.001	0.001	0.174
0.838	0.001	0.001	0.160
>GGGATGGG	3-GGGATGGG	4.722697	-1044.765718	0	T:10924.0(48.30%),B:8805.3(33.59%),P:1e-453	Tpos:53.6,Tstd:26.7,Bpos:49.6,Bstd:32.2,StrandBias:-2.4,Multiplicity:1.59
0.026	0.021	0.629	0.324
0.009	0.063	0.835	0.093
0.337	0.001	0.661	0.001
0.520	0.086	0.222	0.172
0.147	0.115	0.232	0.506
0.025	0.047	0.605	0.323
0.044	0.043	0.867	0.046
0.287	0.001	0.669	0.043
>CACAHCSC	4-CACAHCSC	4.535378	-891.199312	0	T:11470.0(50.71%),B:9686.6(36.95%),P:1e-387	Tpos:55.2,Tstd:27.2,Bpos:49.5,Bstd:30.6,StrandBias:1.9,Multiplicity:1.25
0.020	0.859	0.001	0.120
0.556	0.163	0.144	0.137
0.172	0.826	0.001	0.001
0.563	0.321	0.001	0.115
0.248	0.372	0.157	0.223
0.116	0.645	0.162	0.077
0.223	0.378	0.232	0.167
0.192	0.800	0.007	0.001
>RGAGAGAG	5-RGAGAGAG	3.976771	-743.115782	0	T:15159.0(67.02%),B:14278.8(54.46%),P:1e-322	Tpos:55.4,Tstd:26.9,Bpos:50.2,Bstd:33.0,StrandBias:-1.5,Multiplicity:1.57
0.313	0.165	0.394	0.127
0.239	0.020	0.719	0.022
0.503	0.295	0.093	0.109
0.083	0.059	0.850	0.008
0.708	0.101	0.095	0.096
0.094	0.113	0.745	0.048
0.478	0.112	0.282	0.128
0.107	0.141	0.749	0.003
>GGARBGRA	6-GGARBGRA	5.443193	-688.884277	0	T:6772.0(29.94%),B:5145.0(19.62%),P:1e-299	Tpos:54.1,Tstd:28.1,Bpos:51.7,Bstd:32.0,StrandBias:-1.5,Multiplicity:1.10
0.001	0.001	0.770	0.228
0.183	0.001	0.803	0.013
0.852	0.048	0.028	0.072
0.390	0.146	0.371	0.092
0.022	0.295	0.401	0.282
0.089	0.001	0.909	0.001
0.388	0.096	0.437	0.078
0.707	0.136	0.046	0.111
>GGCKGCGG	7-GGCKGCGG	6.848902	-390.152515	0	T:3968.0(17.54%),B:2959.0(11.29%),P:1e-169	Tpos:59.0,Tstd:27.4,Bpos:50.2,Bstd:32.3,StrandBias:-1.4,Multiplicity:1.11
0.052	0.001	0.890	0.057
0.073	0.044	0.882	0.001
0.055	0.920	0.010	0.015
0.092	0.022	0.410	0.477
0.013	0.001	0.985	0.001
0.001	0.989	0.009	0.001
0.001	0.001	0.955	0.043
0.001	0.001	0.997	0.001
>AAACCCHA	8-AAACCCHA	6.850739	-349.848187	0	T:1023.0(4.52%),B:464.7(1.77%),P:1e-151	Tpos:53.9,Tstd:25.7,Bpos:48.2,Bstd:34.9,StrandBias:1.2,Multiplicity:1.03
0.792	0.074	0.048	0.086
0.791	0.063	0.082	0.064
0.729	0.112	0.062	0.097
0.337	0.563	0.061	0.039
0.125	0.650	0.133	0.092
0.097	0.643	0.152	0.108
0.247	0.368	0.092	0.292
0.543	0.184	0.029	0.244
>AAACGAAA	9-AAACGAAA	5.357528	-329.437191	0	T:3242.0(14.33%),B:2383.6(9.09%),P:1e-143	Tpos:48.1,Tstd:27.3,Bpos:50.9,Bstd:32.8,StrandBias:0.3,Multiplicity:1.13
0.815	0.048	0.098	0.039
0.861	0.015	0.054	0.070
0.640	0.095	0.160	0.105
0.075	0.731	0.072	0.122
0.103	0.122	0.705	0.070
0.718	0.075	0.177	0.030
0.853	0.047	0.075	0.025
0.679	0.132	0.110	0.079
>GTGTGTGT	10-GTGTGTGT	5.075055	-292.931637	0	T:3246.0(14.35%),B:2456.6(9.37%),P:1e-127	Tpos:53.0,Tstd:26.7,Bpos:50.4,Bstd:29.9,StrandBias:-1.5,Multiplicity:1.12
0.020	0.160	0.729	0.091
0.034	0.099	0.103	0.764
0.081	0.104	0.744	0.071
0.046	0.127	0.059	0.768
0.037	0.055	0.806	0.102
0.063	0.140	0.059	0.738
0.073	0.125	0.693	0.109
0.117	0.077	0.049	0.757
>TCGATTCG	11-TCGATTCG	6.598959	-288.557317	0	T:1823.0(8.06%),B:1163.0(4.44%),P:1e-125	Tpos:53.2,Tstd:28.1,Bpos:50.9,Bstd:28.2,StrandBias:-0.1,Multiplicity:1.07
0.070	0.138	0.001	0.791
0.001	0.732	0.196	0.071
0.001	0.023	0.975	0.001
0.541	0.134	0.148	0.177
0.252	0.210	0.002	0.536
0.010	0.099	0.001	0.890
0.001	0.854	0.001	0.144
0.030	0.001	0.928	0.041
>TCTCGTCT	12-TCTCGTCT	7.071647	-271.244584	0	T:1792.0(7.92%),B:1160.5(4.43%),P:1e-117	Tpos:52.9,Tstd:26.7,Bpos:52.0,Bstd:29.7,StrandBias:0.7,Multiplicity:1.04
0.001	0.053	0.001	0.945
0.025	0.973	0.001	0.001
0.001	0.115	0.014	0.870
0.294	0.601	0.060	0.045
0.070	0.001	0.873	0.056
0.094	0.050	0.076	0.780
0.001	0.997	0.001	0.001
0.016	0.001	0.001	0.982
>GCAVYGCA	13-GCAVYGCA	6.784955	-242.352056	0	T:2097.0(9.27%),B:1476.1(5.63%),P:1e-105	Tpos:54.2,Tstd:27.7,Bpos:50.2,Bstd:30.5,StrandBias:0.2,Multiplicity:1.11
0.024	0.030	0.912	0.034
0.079	0.807	0.067	0.047
0.842	0.042	0.039	0.077
0.386	0.242	0.265	0.107
0.132	0.416	0.161	0.291
0.009	0.023	0.908	0.060
0.053	0.869	0.036	0.042
0.864	0.040	0.075	0.021
>CTTCCGTC	14-CTTCCGTC	6.925255	-216.337094	0	T:819.0(3.62%),B:423.5(1.62%),P:1e-93	Tpos:51.1,Tstd:28.9,Bpos:51.5,Bstd:26.5,StrandBias:1.2,Multiplicity:1.05
0.001	0.936	0.062	0.001
0.156	0.001	0.337	0.506
0.001	0.007	0.001	0.991
0.001	0.997	0.001	0.001
0.001	0.997	0.001	0.001
0.001	0.001	0.992	0.006
0.066	0.001	0.001	0.932
0.036	0.632	0.001	0.331
>CTGCCTGC	15-CTGCCTGC	6.313829	-213.561633	0	T:1627.0(7.19%),B:1100.8(4.20%),P:1e-92	Tpos:55.0,Tstd:26.8,Bpos:51.5,Bstd:29.3,StrandBias:0.0,Multiplicity:1.10
0.001	0.929	0.001	0.069
0.001	0.112	0.001	0.886
0.001	0.001	0.997	0.001
0.001	0.997	0.001	0.001
0.001	0.836	0.001	0.162
0.001	0.001	0.001	0.997
0.001	0.001	0.997	0.001
0.061	0.861	0.001	0.077
>CTACTAGT	16-CTACTAGT	7.217483	-179.385293	0	T:501.0(2.22%),B:221.6(0.85%),P:1e-77	Tpos:43.8,Tstd:25.7,Bpos:48.7,Bstd:27.3,StrandBias:0.3,Multiplicity:1.04
0.045	0.839	0.101	0.015
0.001	0.016	0.013	0.970
0.981	0.001	0.017	0.001
0.006	0.850	0.143	0.001
0.013	0.029	0.001	0.957
0.972	0.001	0.001	0.026
0.001	0.287	0.711	0.001
0.017	0.106	0.013	0.864
>CCTTATCT	17-CCTTATCT	8.347385	-170.607088	0	T:444.0(1.96%),B:188.3(0.72%),P:1e-74	Tpos:42.3,Tstd:24.3,Bpos:49.9,Bstd:30.8,StrandBias:1.9,Multiplicity:1.02
0.001	0.997	0.001	0.001
0.001	0.903	0.001	0.095
0.001	0.001	0.001	0.997
0.001	0.001	0.001	0.997
0.997	0.001	0.001	0.001
0.001	0.001	0.001	0.997
0.001	0.997	0.001	0.001
0.001	0.308	0.001	0.690
>AGGGTTTA	18-AGGGTTTA	8.518192	-168.251847	0	T:577.0(2.55%),B:284.5(1.09%),P:1e-73	Tpos:49.9,Tstd:28.2,Bpos:45.5,Bstd:32.2,StrandBias:-1.7,Multiplicity:1.00
0.869	0.001	0.129	0.001
0.001	0.001	0.997	0.001
0.001	0.001	0.997	0.001
0.001	0.001	0.997	0.001
0.001	0.001	0.001	0.997
0.001	0.001	0.001	0.997
0.137	0.001	0.001	0.861
0.698	0.300	0.001	0.001
>TATAAGTA	19-TATAAGTA	7.964208	-132.838025	0	T:307.0(1.36%),B:121.8(0.46%),P:1e-57	Tpos:37.9,Tstd:19.9,Bpos:49.4,Bstd:33.8,StrandBias:0.7,Multiplicity:1.01
0.001	0.109	0.156	0.734
0.997	0.001	0.001	0.001
0.001	0.001	0.001	0.997
0.997	0.001	0.001	0.001
0.843	0.155	0.001	0.001
0.001	0.001	0.997	0.001
0.001	0.119	0.072	0.808
0.997	0.001	0.001	0.001
>ACCAACCA	20-ACCAACCA	7.613005	-123.292735	0	T:703.0(3.11%),B:430.8(1.64%),P:1e-53	Tpos:53.8,Tstd:27.6,Bpos:48.5,Bstd:28.0,StrandBias:1.5,Multiplicity:1.07
0.997	0.001	0.001	0.001
0.001	0.796	0.001	0.202
0.118	0.880	0.001	0.001
0.940	0.001	0.001	0.058
0.890	0.001	0.001	0.108
0.001	0.997	0.001	0.001
0.001	0.997	0.001	0.001
0.862	0.001	0.068	0.069
>TCTTMTTC	21-TCTTMTTC	7.760065	-111.625618	0	T:791.0(3.50%),B:521.7(1.99%),P:1e-48	Tpos:51.8,Tstd:26.3,Bpos:50.2,Bstd:32.6,StrandBias:1.4,Multiplicity:1.02
0.197	0.001	0.001	0.801
0.001	0.945	0.001	0.053
0.073	0.177	0.119	0.631
0.001	0.362	0.002	0.635
0.467	0.330	0.126	0.076
0.003	0.001	0.003	0.993
0.196	0.301	0.001	0.502
0.107	0.889	0.001	0.003
>CCCGTTTC	22-CCCGTTTC	8.436197	-91.756323	0	T:495.0(2.19%),B:297.5(1.13%),P:1e-39	Tpos:53.5,Tstd:28.4,Bpos:51.5,Bstd:36.8,StrandBias:1.7,Multiplicity:1.01
0.001	0.900	0.001	0.098
0.001	0.997	0.001	0.001
0.001	0.997	0.001	0.001
0.001	0.001	0.997	0.001
0.001	0.001	0.001	0.997
0.001	0.267	0.001	0.731
0.001	0.001	0.001	0.997
0.001	0.997	0.001	0.001
>GCTAGCTA	23-GCTAGCTA	9.298203	-85.845184	0	T:435.0(1.92%),B:255.5(0.97%),P:1e-37	Tpos:59.0,Tstd:27.3,Bpos:50.5,Bstd:26.9,StrandBias:-0.4,Multiplicity:1.13
0.001	0.086	0.912	0.001
0.001	0.997	0.001	0.001
0.001	0.001	0.001	0.997
0.997	0.001	0.001	0.001
0.001	0.001	0.997	0.001
0.001	0.997	0.001	0.001
0.001	0.001	0.001	0.997
0.812	0.001	0.186	0.001
>AACBGCAA	24-AACBGCAA	8.058088	-70.170920	0	T:504.0(2.23%),B:334.4(1.28%),P:1e-30	Tpos:49.4,Tstd:27.4,Bpos:49.8,Bstd:30.0,StrandBias:0.5,Multiplicity:1.02
0.815	0.001	0.183	0.001
0.997	0.001	0.001	0.001
0.001	0.997	0.001	0.001
0.001	0.352	0.374	0.273
0.001	0.164	0.834	0.001
0.001	0.997	0.001	0.001
0.997	0.001	0.001	0.001
0.976	0.022	0.001	0.001
>TACAAATA	25-TACAAATA	9.494286	-51.429056	0	T:153.0(0.68%),B:71.8(0.27%),P:1e-22	Tpos:33.7,Tstd:16.2,Bpos:64.1,Bstd:28.7,StrandBias:2.1,Multiplicity:1.00
0.001	0.001	0.001	0.997
0.791	0.001	0.001	0.207
0.001	0.997	0.001	0.001
0.997	0.001	0.001	0.001
0.997	0.001	0.001	0.001
0.997	0.001	0.001	0.001
0.001	0.001	0.001	0.997
0.997	0.001	0.001	0.001
