>TATATADVSV	1-TATATADVSV	5.626610	-1712.973590	0	T:4278.0(18.92%),B:1855.8(7.08%),P:1e-743	Tpos:31.8,Tstd:10.6,Bpos:52.7,Bstd:37.8,StrandBias:-0.1,Multiplicity:1.65
0.024	0.025	0.128	0.823
0.661	0.006	0.001	0.332
0.070	0.001	0.001	0.928
0.824	0.001	0.001	0.174
0.321	0.001	0.013	0.665
0.995	0.001	0.003	0.001
0.224	0.175	0.256	0.345
0.349	0.242	0.266	0.144
0.217	0.290	0.378	0.115
0.267	0.294	0.334	0.105
>CMMCCCCCCC	2-CMMCCCCCCC	4.296868	-896.758200	0	T:11406.0(50.44%),B:9609.4(36.64%),P:1e-389	Tpos:54.3,Tstd:25.8,Bpos:50.2,Bstd:30.4,StrandBias:2.5,Multiplicity:1.39
0.349	0.526	0.001	0.124
0.440	0.558	0.001	0.001
0.413	0.444	0.013	0.130
0.351	0.504	0.001	0.144
0.328	0.540	0.014	0.118
0.361	0.575	0.063	0.001
0.396	0.602	0.001	0.001
0.336	0.498	0.035	0.131
0.331	0.544	0.001	0.124
0.323	0.608	0.001	0.068
>TCCCCTCCCC	3-TCCCCTCCCC	5.761743	-805.528802	0	T:6811.0(30.12%),B:4988.0(19.02%),P:1e-349	Tpos:55.7,Tstd:27.4,Bpos:50.1,Bstd:31.1,StrandBias:1.8,Multiplicity:1.17
0.017	0.078	0.098	0.807
0.006	0.930	0.009	0.055
0.027	0.745	0.220	0.008
0.290	0.569	0.114	0.027
0.093	0.511	0.342	0.054
0.052	0.001	0.259	0.688
0.002	0.761	0.049	0.188
0.007	0.743	0.094	0.156
0.070	0.667	0.139	0.124
0.031	0.684	0.284	0.001
>CGTTTCGTTT	4-CGTTTCGTTT	4.529626	-675.548474	0	T:7822.0(34.59%),B:6231.6(23.76%),P:1e-293	Tpos:50.5,Tstd:26.8,Bpos:50.5,Bstd:31.3,StrandBias:-0.1,Multiplicity:1.24
0.052	0.734	0.133	0.081
0.078	0.107	0.690	0.125
0.080	0.162	0.089	0.669
0.042	0.127	0.087	0.744
0.037	0.113	0.150	0.700
0.046	0.750	0.123	0.081
0.104	0.158	0.628	0.110
0.106	0.128	0.116	0.650
0.044	0.156	0.097	0.703
0.052	0.115	0.101	0.732
>TCTCTCTCTC	5-TCTCTCTCTC	3.623235	-623.204341	0	T:14676.0(64.90%),B:13988.3(53.34%),P:1e-270	Tpos:55.7,Tstd:26.5,Bpos:49.8,Bstd:32.9,StrandBias:1.6,Multiplicity:1.51
0.101	0.203	0.126	0.570
0.091	0.644	0.117	0.148
0.100	0.197	0.151	0.552
0.091	0.633	0.125	0.151
0.107	0.197	0.140	0.556
0.087	0.632	0.125	0.156
0.110	0.186	0.143	0.561
0.084	0.632	0.117	0.167
0.092	0.194	0.139	0.575
0.087	0.647	0.112	0.154
>STCTCSACTC	6-STCTCSACTC	6.887607	-474.528666	0	T:2319.0(10.25%),B:1355.7(5.17%),P:1e-206	Tpos:56.1,Tstd:26.1,Bpos:47.8,Bstd:29.6,StrandBias:0.8,Multiplicity:1.08
0.001	0.488	0.411	0.099
0.066	0.051	0.083	0.800
0.001	0.997	0.001	0.001
0.139	0.202	0.219	0.441
0.126	0.558	0.185	0.131
0.189	0.342	0.366	0.103
0.794	0.001	0.050	0.155
0.001	0.625	0.373	0.001
0.001	0.001	0.001	0.997
0.001	0.997	0.001	0.001
>CYGCCTGCCT	7-CYGCCTGCCT	6.976870	-344.526207	0	T:2730.0(12.07%),B:1885.6(7.19%),P:1e-149	Tpos:53.9,Tstd:27.0,Bpos:51.8,Bstd:29.4,StrandBias:0.2,Multiplicity:1.06
0.001	0.701	0.050	0.248
0.067	0.353	0.214	0.366
0.001	0.001	0.988	0.010
0.001	0.713	0.244	0.042
0.001	0.597	0.064	0.338
0.001	0.192	0.127	0.680
0.017	0.001	0.981	0.001
0.001	0.908	0.090	0.001
0.003	0.540	0.102	0.355
0.031	0.172	0.228	0.569
>CACACKCACA	8-CACACKCACA	6.372710	-332.988355	0	T:1916.0(8.47%),B:1186.0(4.52%),P:1e-144	Tpos:52.2,Tstd:27.2,Bpos:50.0,Bstd:29.8,StrandBias:1.2,Multiplicity:1.06
0.024	0.852	0.100	0.024
0.701	0.089	0.182	0.028
0.135	0.588	0.212	0.065
0.584	0.147	0.217	0.052
0.113	0.561	0.209	0.117
0.158	0.086	0.343	0.413
0.021	0.708	0.209	0.062
0.544	0.129	0.312	0.015
0.055	0.875	0.042	0.028
0.757	0.063	0.100	0.080
>CCGCCGCCGC	9-CCGCCGCCGC	7.844826	-316.171866	0	T:2406.0(10.64%),B:1637.7(6.25%),P:1e-137	Tpos:59.8,Tstd:26.9,Bpos:49.8,Bstd:31.3,StrandBias:1.3,Multiplicity:1.06
0.064	0.883	0.001	0.052
0.369	0.566	0.064	0.001
0.103	0.024	0.872	0.001
0.051	0.844	0.051	0.054
0.245	0.675	0.079	0.001
0.150	0.160	0.637	0.053
0.001	0.979	0.019	0.001
0.158	0.802	0.021	0.019
0.140	0.001	0.764	0.095
0.001	0.918	0.059	0.022
>AAAACCCTAG	10-AAAACCCTAG	8.953009	-302.134147	0	T:652.0(2.88%),B:245.5(0.94%),P:1e-131	Tpos:49.6,Tstd:28.0,Bpos:51.6,Bstd:32.5,StrandBias:0.7,Multiplicity:1.02
0.449	0.153	0.246	0.151
0.795	0.021	0.115	0.069
0.924	0.026	0.026	0.024
0.839	0.016	0.118	0.027
0.051	0.815	0.064	0.070
0.031	0.911	0.025	0.033
0.017	0.905	0.050	0.028
0.015	0.061	0.063	0.861
0.813	0.122	0.025	0.040
0.188	0.073	0.689	0.050
>CGCACHGCAC	11-CGCACHGCAC	8.035598	-263.656806	0	T:982.0(4.34%),B:504.7(1.92%),P:1e-114	Tpos:56.0,Tstd:26.8,Bpos:47.6,Bstd:28.4,StrandBias:0.8,Multiplicity:1.08
0.168	0.531	0.149	0.152
0.140	0.018	0.832	0.010
0.001	0.997	0.001	0.001
0.997	0.001	0.001	0.001
0.053	0.835	0.111	0.001
0.240	0.376	0.135	0.249
0.001	0.001	0.972	0.026
0.001	0.997	0.001	0.001
0.981	0.001	0.017	0.001
0.044	0.476	0.307	0.173
>CCCCCAATCC	12-CCCCCAATCC	7.530124	-244.607567	0	T:745.0(3.29%),B:345.8(1.32%),P:1e-106	Tpos:54.5,Tstd:27.1,Bpos:48.7,Bstd:30.5,StrandBias:2.4,Multiplicity:1.01
0.114	0.632	0.072	0.182
0.116	0.608	0.100	0.176
0.157	0.590	0.120	0.133
0.022	0.839	0.076	0.063
0.122	0.640	0.177	0.061
0.659	0.053	0.189	0.099
0.543	0.012	0.216	0.229
0.103	0.045	0.112	0.740
0.001	0.837	0.034	0.128
0.029	0.863	0.079	0.029
>ACACAGCCCA	13-ACACAGCCCA	7.572769	-205.228975	0	T:783.0(3.46%),B:406.2(1.55%),P:1e-89	Tpos:45.2,Tstd:28.4,Bpos:50.1,Bstd:33.2,StrandBias:1.5,Multiplicity:1.03
0.607	0.155	0.089	0.149
0.066	0.852	0.032	0.050
0.785	0.118	0.063	0.034
0.112	0.837	0.036	0.015
0.795	0.045	0.110	0.050
0.018	0.004	0.942	0.036
0.055	0.795	0.107	0.043
0.139	0.717	0.100	0.044
0.056	0.800	0.105	0.039
0.873	0.043	0.044	0.040
>TACTASTAGT	14-TACTASTAGT	5.852152	-198.216279	0	T:1202.0(5.32%),B:753.9(2.87%),P:1e-86	Tpos:47.9,Tstd:25.8,Bpos:49.1,Bstd:28.2,StrandBias:-0.1,Multiplicity:1.06
0.142	0.149	0.184	0.525
0.641	0.047	0.266	0.046
0.015	0.558	0.398	0.029
0.035	0.087	0.026	0.852
0.821	0.037	0.080	0.062
0.007	0.442	0.549	0.002
0.004	0.178	0.020	0.798
0.782	0.033	0.099	0.086
0.018	0.318	0.626	0.038
0.138	0.287	0.081	0.494
>TCCATTCCMT	15-TCCATTCCMT	11.467372	-133.117272	0	T:142.0(0.63%),B:29.4(0.11%),P:1e-57	Tpos:57.8,Tstd:27.1,Bpos:45.6,Bstd:23.1,StrandBias:1.6,Multiplicity:1.05
0.001	0.003	0.001	0.995
0.001	0.997	0.001	0.001
0.001	0.997	0.001	0.001
0.997	0.001	0.001	0.001
0.001	0.001	0.001	0.997
0.001	0.001	0.001	0.997
0.001	0.997	0.001	0.001
0.001	0.997	0.001	0.001
0.482	0.388	0.129	0.001
0.273	0.001	0.001	0.725
>CTAGCTAGCT	16-CTAGCTAGCT	10.450171	-124.071378	0	T:195.0(0.86%),B:58.8(0.22%),P:1e-53	Tpos:61.4,Tstd:26.8,Bpos:47.6,Bstd:30.7,StrandBias:0.2,Multiplicity:1.03
0.013	0.898	0.060	0.029
0.001	0.077	0.001	0.921
0.939	0.021	0.039	0.001
0.001	0.001	0.997	0.001
0.001	0.997	0.001	0.001
0.019	0.001	0.001	0.979
0.956	0.001	0.042	0.001
0.001	0.001	0.975	0.023
0.036	0.908	0.028	0.028
0.070	0.047	0.112	0.771
>CTACAAATAC	17-CTACAAATAC	9.390483	-122.558267	0	T:129.0(0.57%),B:27.0(0.10%),P:1e-53	Tpos:34.1,Tstd:13.6,Bpos:41.4,Bstd:27.3,StrandBias:2.2,Multiplicity:1.00
0.001	0.899	0.031	0.069
0.001	0.001	0.001	0.997
0.908	0.001	0.001	0.090
0.001	0.997	0.001	0.001
0.997	0.001	0.001	0.001
0.893	0.032	0.006	0.069
0.951	0.031	0.017	0.001
0.001	0.001	0.001	0.997
0.867	0.069	0.032	0.032
0.114	0.691	0.194	0.001
>ATAAATAGCG	18-ATAAATAGCG	8.845271	-101.913567	0	T:155.0(0.69%),B:45.5(0.17%),P:1e-44	Tpos:35.9,Tstd:21.3,Bpos:50.8,Bstd:21.7,StrandBias:-0.4,Multiplicity:1.00
0.930	0.001	0.001	0.068
0.001	0.043	0.001	0.955
0.783	0.001	0.017	0.199
0.970	0.001	0.012	0.017
0.477	0.155	0.225	0.142
0.200	0.242	0.041	0.517
0.605	0.023	0.151	0.221
0.001	0.183	0.815	0.001
0.121	0.608	0.218	0.053
0.186	0.097	0.667	0.050
>GCGTTATTAA	19-GCGTTATTAA	8.623504	-99.807662	0	T:69.0(0.31%),B:8.0(0.03%),P:1e-43	Tpos:36.9,Tstd:17.9,Bpos:72.2,Bstd:13.1,StrandBias:-0.7,Multiplicity:1.02
0.001	0.054	0.926	0.019
0.001	0.821	0.159	0.019
0.019	0.019	0.907	0.055
0.019	0.019	0.019	0.943
0.001	0.001	0.001	0.997
0.961	0.019	0.019	0.001
0.101	0.001	0.001	0.897
0.001	0.001	0.018	0.980
0.997	0.001	0.001	0.001
0.860	0.019	0.019	0.102
>CTTATCTTCT	20-CTTATCTTCT	7.539291	-97.475349	0	T:83.0(0.37%),B:13.1(0.05%),P:1e-42	Tpos:43.7,Tstd:22.9,Bpos:60.6,Bstd:20.0,StrandBias:2.0,Multiplicity:1.00
0.074	0.924	0.001	0.001
0.001	0.025	0.001	0.973
0.001	0.001	0.001	0.997
0.997	0.001	0.001	0.001
0.001	0.001	0.001	0.997
0.001	0.990	0.008	0.001
0.001	0.001	0.001	0.997
0.001	0.001	0.001	0.997
0.001	0.997	0.001	0.001
0.001	0.001	0.001	0.997
>CCGCAGCCCG	21-CCGCAGCCCG	10.614801	-90.101484	0	T:87.0(0.38%),B:16.3(0.06%),P:1e-39	Tpos:57.5,Tstd:25.0,Bpos:59.3,Bstd:28.8,StrandBias:0.7,Multiplicity:1.00
0.001	0.928	0.001	0.070
0.001	0.997	0.001	0.001
0.001	0.143	0.855	0.001
0.001	0.997	0.001	0.001
0.997	0.001	0.001	0.001
0.001	0.001	0.997	0.001
0.050	0.749	0.001	0.200
0.001	0.997	0.001	0.001
0.001	0.997	0.001	0.001
0.001	0.001	0.997	0.001
>TGCAGTTGCA	22-TGCAGTTGCA	7.346524	-57.588809	0	T:117.0(0.52%),B:43.6(0.17%),P:1e-25	Tpos:56.4,Tstd:27.6,Bpos:49.6,Bstd:29.5,StrandBias:-0.5,Multiplicity:1.08
0.005	0.001	0.001	0.993
0.001	0.001	0.997	0.001
0.001	0.997	0.001	0.001
0.625	0.001	0.373	0.001
0.001	0.227	0.771	0.001
0.001	0.001	0.001	0.997
0.001	0.001	0.001	0.997
0.001	0.001	0.997	0.001
0.001	0.997	0.001	0.001
0.625	0.373	0.001	0.001
>TTCCGATTCC	23-TTCCGATTCC	10.158286	-43.772977	0	T:109.0(0.48%),B:47.0(0.18%),P:1e-19	Tpos:55.4,Tstd:30.3,Bpos:54.9,Bstd:28.6,StrandBias:1.9,Multiplicity:1.00
0.001	0.059	0.019	0.921
0.007	0.056	0.019	0.918
0.001	0.963	0.035	0.001
0.006	0.937	0.001	0.056
0.253	0.019	0.727	0.001
0.980	0.001	0.018	0.001
0.103	0.001	0.006	0.890
0.007	0.056	0.019	0.918
0.007	0.930	0.007	0.056
0.001	0.997	0.001	0.001
>GGCAAGGCAA	24-GGCAAGGCAA	9.727451	-43.440467	0	T:95.0(0.42%),B:37.9(0.14%),P:1e-18	Tpos:57.9,Tstd:27.1,Bpos:38.0,Bstd:23.4,StrandBias:-1.3,Multiplicity:1.05
0.001	0.041	0.957	0.001
0.001	0.001	0.997	0.001
0.001	0.907	0.091	0.001
0.997	0.001	0.001	0.001
0.997	0.001	0.001	0.001
0.001	0.022	0.976	0.001
0.001	0.007	0.991	0.001
0.042	0.858	0.092	0.008
0.997	0.001	0.001	0.001
0.997	0.001	0.001	0.001
>GGATAGGGAA	25-GGATAGGGAA	11.331091	-33.060536	0	T:62.0(0.27%),B:22.7(0.09%),P:1e-14	Tpos:49.1,Tstd:26.5,Bpos:64.7,Bstd:12.3,StrandBias:-3.1,Multiplicity:1.00
0.001	0.001	0.997	0.001
0.001	0.001	0.997	0.001
0.795	0.001	0.203	0.001
0.001	0.001	0.001	0.997
0.997	0.001	0.001	0.001
0.367	0.001	0.631	0.001
0.203	0.001	0.795	0.001
0.001	0.001	0.997	0.001
0.795	0.001	0.001	0.203
0.997	0.001	0.001	0.001
>TATATAWANVVV	1-TATATAWANVVV	5.442074	-1777.165395	0	T:4231.0(18.71%),B:1781.9(6.79%),P:1e-771	Tpos:31.8,Tstd:10.4,Bpos:52.4,Bstd:36.4,StrandBias:0.0,Multiplicity:1.15
0.112	0.210	0.153	0.525
0.504	0.164	0.032	0.300
0.038	0.015	0.001	0.946
0.770	0.001	0.001	0.228
0.286	0.010	0.001	0.703
0.997	0.001	0.001	0.001
0.344	0.079	0.188	0.389
0.524	0.177	0.213	0.086
0.232	0.247	0.294	0.226
0.281	0.264	0.309	0.146
0.218	0.316	0.301	0.165
0.234	0.309	0.312	0.144
>CCCCMCCCCMCC	2-CCCCMCCCCMCC	5.143597	-1194.920015	0	T:8609.0(38.07%),B:6168.4(23.52%),P:1e-518	Tpos:56.2,Tstd:25.7,Bpos:50.2,Bstd:32.3,StrandBias:2.6,Multiplicity:1.34
0.042	0.881	0.019	0.058
0.096	0.741	0.045	0.118
0.085	0.795	0.053	0.067
0.140	0.762	0.058	0.040
0.404	0.337	0.062	0.197
0.076	0.820	0.057	0.047
0.107	0.698	0.078	0.117
0.102	0.702	0.097	0.099
0.073	0.891	0.020	0.016
0.433	0.345	0.096	0.126
0.059	0.830	0.045	0.066
0.021	0.937	0.010	0.032
>TCBTCTCBTCTC	3-TCBTCTCBTCTC	4.774658	-990.541643	0	T:11931.0(52.76%),B:10011.5(38.18%),P:1e-430	Tpos:56.4,Tstd:25.9,Bpos:49.3,Bstd:32.1,StrandBias:1.6,Multiplicity:1.32
0.056	0.274	0.128	0.542
0.042	0.680	0.116	0.162
0.075	0.274	0.367	0.284
0.059	0.291	0.133	0.517
0.041	0.672	0.103	0.184
0.053	0.194	0.133	0.620
0.042	0.691	0.108	0.159
0.068	0.333	0.353	0.247
0.064	0.237	0.135	0.564
0.034	0.688	0.093	0.185
0.055	0.222	0.154	0.569
0.049	0.666	0.106	0.179
>CCVTTCCSATYC	4-CCVTTCCSATYC	6.022049	-813.638643	0	T:4403.0(19.47%),B:2737.1(10.44%),P:1e-353	Tpos:53.7,Tstd:27.3,Bpos:49.1,Bstd:29.9,StrandBias:2.1,Multiplicity:1.08
0.039	0.831	0.029	0.101
0.150	0.524	0.225	0.101
0.384	0.243	0.239	0.134
0.261	0.185	0.024	0.530
0.008	0.273	0.103	0.616
0.017	0.739	0.007	0.237
0.067	0.714	0.073	0.146
0.156	0.435	0.354	0.055
0.513	0.258	0.165	0.064
0.093	0.101	0.157	0.649
0.032	0.400	0.065	0.503
0.024	0.759	0.034	0.183
>CCAAMCCMAACC	5-CCAAMCCMAACC	5.765782	-690.550556	0	T:3075.0(13.60%),B:1746.9(6.66%),P:1e-299	Tpos:52.1,Tstd:25.6,Bpos:49.1,Bstd:30.2,StrandBias:2.2,Multiplicity:1.08
0.227	0.501	0.198	0.074
0.346	0.512	0.118	0.024
0.632	0.259	0.088	0.021
0.665	0.114	0.175	0.046
0.401	0.272	0.210	0.117
0.163	0.563	0.179	0.095
0.230	0.687	0.078	0.005
0.486	0.389	0.082	0.042
0.616	0.163	0.118	0.103
0.478	0.193	0.225	0.104
0.230	0.439	0.244	0.087
0.265	0.519	0.135	0.081
>WCACACACACAC	6-WCACACACACAC	5.039928	-532.412450	0	T:3748.0(16.57%),B:2523.6(9.62%),P:1e-231	Tpos:55.5,Tstd:25.7,Bpos:49.4,Bstd:29.7,StrandBias:1.9,Multiplicity:1.09
0.322	0.179	0.150	0.348
0.084	0.839	0.038	0.039
0.726	0.078	0.107	0.089
0.061	0.866	0.052	0.021
0.704	0.032	0.179	0.085
0.060	0.812	0.106	0.022
0.691	0.036	0.154	0.119
0.056	0.848	0.069	0.027
0.736	0.043	0.127	0.094
0.044	0.904	0.042	0.010
0.721	0.081	0.124	0.074
0.072	0.775	0.118	0.035
>YCTCTCTCTCTC	7-YCTCTCTCTCTC	6.133288	-511.613615	0	T:4230.0(18.71%),B:2998.6(11.43%),P:1e-222	Tpos:55.9,Tstd:27.3,Bpos:51.9,Bstd:33.8,StrandBias:1.3,Multiplicity:1.04
0.038	0.453	0.147	0.362
0.102	0.711	0.107	0.080
0.071	0.100	0.138	0.691
0.086	0.757	0.065	0.092
0.069	0.087	0.155	0.689
0.063	0.812	0.075	0.050
0.048	0.087	0.162	0.703
0.088	0.767	0.074	0.071
0.046	0.081	0.187	0.686
0.061	0.791	0.085	0.063
0.043	0.143	0.139	0.675
0.062	0.754	0.088	0.096
>NAAACCCTAGHS	8-NAAACCCTAGHS	7.934283	-389.122008	0	T:843.0(3.73%),B:318.9(1.22%),P:1e-168	Tpos:54.5,Tstd:26.3,Bpos:51.8,Bstd:34.4,StrandBias:0.9,Multiplicity:1.03
0.282	0.257	0.242	0.219
0.633	0.057	0.237	0.073
0.893	0.087	0.007	0.013
0.810	0.047	0.123	0.020
0.139	0.578	0.138	0.145
0.082	0.770	0.044	0.104
0.012	0.963	0.012	0.013
0.018	0.024	0.150	0.808
0.487	0.237	0.163	0.112
0.254	0.227	0.431	0.088
0.221	0.356	0.203	0.220
0.186	0.366	0.254	0.195
>TCCCAAATTCCC	9-TCCCAAATTCCC	7.577832	-339.237934	0	T:727.0(3.21%),B:272.4(1.04%),P:1e-147	Tpos:52.2,Tstd:26.0,Bpos:50.1,Bstd:34.7,StrandBias:2.3,Multiplicity:1.02
0.082	0.101	0.086	0.731
0.054	0.734	0.076	0.136
0.052	0.811	0.064	0.073
0.112	0.786	0.055	0.047
0.743	0.117	0.091	0.049
0.779	0.071	0.096	0.054
0.682	0.112	0.117	0.089
0.091	0.081	0.056	0.772
0.055	0.151	0.076	0.718
0.044	0.781	0.070	0.105
0.051	0.771	0.077	0.101
0.155	0.694	0.067	0.084
>TTCCATTCCATT	10-TTCCATTCCATT	9.012098	-258.909476	0	T:331.0(1.46%),B:81.8(0.31%),P:1e-112	Tpos:53.7,Tstd:25.8,Bpos:47.9,Bstd:26.4,StrandBias:1.5,Multiplicity:1.01
0.106	0.008	0.008	0.878
0.015	0.151	0.008	0.826
0.008	0.609	0.245	0.138
0.001	0.997	0.001	0.001
0.816	0.023	0.123	0.038
0.007	0.163	0.001	0.829
0.001	0.113	0.001	0.885
0.001	0.511	0.259	0.229
0.001	0.930	0.001	0.068
0.680	0.031	0.131	0.158
0.015	0.122	0.164	0.699
0.068	0.257	0.086	0.589
>CATCCATCCATC	11-CATCCATCCATC	8.358391	-257.827217	0	T:542.0(2.40%),B:200.5(0.76%),P:1e-111	Tpos:57.6,Tstd:26.2,Bpos:50.3,Bstd:22.7,StrandBias:2.1,Multiplicity:1.01
0.128	0.544	0.233	0.095
0.552	0.160	0.212	0.076
0.099	0.105	0.007	0.789
0.001	0.798	0.026	0.175
0.023	0.815	0.159	0.003
0.816	0.001	0.160	0.023
0.003	0.109	0.077	0.811
0.001	0.827	0.001	0.171
0.116	0.765	0.090	0.029
0.698	0.118	0.183	0.001
0.092	0.056	0.115	0.737
0.003	0.906	0.004	0.087
>CYGCCKGCCKSC	12-CYGCCKGCCKSC	8.157943	-222.268252	0	T:1104.0(4.88%),B:642.7(2.45%),P:1e-96	Tpos:53.7,Tstd:27.9,Bpos:49.6,Bstd:29.9,StrandBias:0.2,Multiplicity:1.04
0.071	0.677	0.084	0.168
0.101	0.276	0.198	0.425
0.027	0.127	0.722	0.124
0.007	0.666	0.326	0.001
0.001	0.900	0.038	0.061
0.001	0.007	0.459	0.533
0.001	0.089	0.892	0.018
0.001	0.827	0.171	0.001
0.001	0.779	0.004	0.216
0.099	0.071	0.440	0.391
0.057	0.368	0.483	0.092
0.035	0.581	0.204	0.180
>AGCCGCMGCCGC	13-AGCCGCMGCCGC	7.290363	-220.094913	0	T:2555.0(11.30%),B:1945.8(7.42%),P:1e-95	Tpos:59.5,Tstd:26.4,Bpos:49.4,Bstd:30.3,StrandBias:0.5,Multiplicity:1.07
0.428	0.256	0.190	0.126
0.096	0.114	0.734	0.056
0.057	0.794	0.081	0.068
0.228	0.466	0.137	0.168
0.074	0.036	0.848	0.042
0.057	0.890	0.033	0.020
0.387	0.313	0.165	0.135
0.086	0.030	0.853	0.031
0.025	0.850	0.095	0.030
0.210	0.449	0.160	0.181
0.144	0.065	0.732	0.059
0.095	0.748	0.068	0.089
>TGCTGTGCTGTG	14-TGCTGTGCTGTG	7.856890	-193.715516	0	T:594.0(2.63%),B:276.7(1.06%),P:1e-84	Tpos:55.1,Tstd:26.6,Bpos:51.7,Bstd:28.1,StrandBias:-1.1,Multiplicity:1.02
0.117	0.103	0.085	0.695
0.053	0.092	0.796	0.059
0.062	0.758	0.088	0.092
0.082	0.083	0.080	0.755
0.046	0.108	0.768	0.078
0.081	0.110	0.095	0.714
0.048	0.056	0.823	0.073
0.060	0.778	0.083	0.079
0.079	0.099	0.083	0.739
0.058	0.101	0.764	0.077
0.075	0.160	0.096	0.669
0.063	0.068	0.743	0.126
>TGGAAATGGAAT	15-TGGAAATGGAAT	9.064257	-178.262150	0	T:271.0(1.20%),B:78.2(0.30%),P:1e-77	Tpos:54.4,Tstd:24.8,Bpos:49.6,Bstd:29.0,StrandBias:-1.8,Multiplicity:1.04
0.037	0.022	0.067	0.874
0.030	0.018	0.922	0.030
0.056	0.062	0.867	0.015
0.763	0.060	0.159	0.018
0.941	0.011	0.033	0.015
0.668	0.096	0.129	0.107
0.022	0.026	0.026	0.926
0.018	0.030	0.915	0.037
0.056	0.061	0.865	0.018
0.775	0.045	0.151	0.029
0.846	0.055	0.051	0.048
0.072	0.133	0.149	0.646
>CGCAGSCCGCAG	16-CGCAGSCCGCAG	11.583138	-175.956125	0	T:85.0(0.38%),B:5.5(0.02%),P:1e-76	Tpos:58.3,Tstd:25.5,Bpos:49.8,Bstd:14.5,StrandBias:1.5,Multiplicity:1.06
0.001	0.997	0.001	0.001
0.082	0.041	0.876	0.001
0.001	0.917	0.041	0.041
0.997	0.001	0.001	0.001
0.082	0.041	0.876	0.001
0.051	0.523	0.384	0.042
0.001	0.657	0.082	0.260
0.094	0.884	0.010	0.012
0.040	0.001	0.958	0.001
0.001	0.958	0.001	0.040
0.958	0.040	0.001	0.001
0.074	0.001	0.924	0.001
>TASTAGTAGTAG	17-TASTAGTAGTAG	8.858151	-165.246434	0	T:243.0(1.07%),B:68.9(0.26%),P:1e-71	Tpos:47.0,Tstd:24.9,Bpos:47.8,Bstd:25.4,StrandBias:-0.1,Multiplicity:1.04
0.164	0.054	0.085	0.697
0.610	0.016	0.308	0.066
0.007	0.497	0.490	0.007
0.023	0.230	0.020	0.727
0.973	0.006	0.020	0.001
0.010	0.368	0.621	0.001
0.024	0.104	0.041	0.831
0.742	0.014	0.220	0.024
0.007	0.342	0.650	0.001
0.040	0.239	0.010	0.711
0.902	0.031	0.020	0.047
0.014	0.215	0.690	0.081
>TGGTAGACTGGT	18-TGGTAGACTGGT	10.538391	-147.262077	0	T:70.0(0.31%),B:4.4(0.02%),P:1e-63	Tpos:53.7,Tstd:23.0,Bpos:43.7,Bstd:15.7,StrandBias:-0.9,Multiplicity:1.00
0.011	0.041	0.032	0.916
0.042	0.031	0.906	0.021
0.011	0.073	0.864	0.052
0.117	0.041	0.107	0.735
0.663	0.150	0.093	0.094
0.052	0.032	0.864	0.052
0.813	0.032	0.107	0.048
0.062	0.835	0.041	0.062
0.041	0.021	0.031	0.907
0.052	0.021	0.906	0.021
0.042	0.032	0.874	0.052
0.096	0.062	0.107	0.735
>GAGTCCCGACCC	19-GAGTCCCGACCC	8.484545	-135.293636	0	T:66.0(0.29%),B:4.1(0.02%),P:1e-58	Tpos:55.8,Tstd:21.5,Bpos:29.0,Bstd:17.3,StrandBias:1.1,Multiplicity:1.00
0.128	0.171	0.614	0.087
0.645	0.143	0.109	0.103
0.117	0.146	0.620	0.117
0.113	0.146	0.140	0.601
0.080	0.663	0.142	0.115
0.094	0.746	0.079	0.081
0.133	0.694	0.074	0.099
0.142	0.135	0.612	0.111
0.563	0.137	0.179	0.121
0.123	0.589	0.151	0.137
0.001	0.595	0.001	0.403
0.096	0.653	0.135	0.116
>GCTAGCTAGCTA	20-GCTAGCTAGCTA	9.176461	-126.135577	0	T:341.0(1.51%),B:148.7(0.57%),P:1e-54	Tpos:60.6,Tstd:26.4,Bpos:48.4,Bstd:31.2,StrandBias:-0.3,Multiplicity:1.02
0.233	0.209	0.553	0.005
0.065	0.788	0.096	0.051
0.047	0.076	0.116	0.761
0.620	0.074	0.065	0.241
0.001	0.004	0.994	0.001
0.001	0.997	0.001	0.001
0.027	0.045	0.001	0.927
0.616	0.009	0.074	0.301
0.001	0.001	0.990	0.008
0.047	0.848	0.087	0.018
0.028	0.158	0.080	0.734
0.521	0.131	0.145	0.203
>GCCTACAAATAC	21-GCCTACAAATAC	8.968459	-115.936512	0	T:189.0(0.84%),B:58.9(0.22%),P:1e-50	Tpos:32.9,Tstd:12.4,Bpos:44.5,Bstd:19.5,StrandBias:4.2,Multiplicity:1.00
0.015	0.005	0.710	0.270
0.001	0.702	0.027	0.270
0.043	0.793	0.043	0.121
0.001	0.001	0.001	0.997
0.997	0.001	0.001	0.001
0.001	0.772	0.001	0.226
0.956	0.001	0.001	0.042
0.997	0.001	0.001	0.001
0.682	0.005	0.312	0.001
0.004	0.001	0.001	0.994
0.945	0.005	0.005	0.045
0.043	0.824	0.128	0.005
>CAKCASTCAKCA	22-CAKCASTCAKCA	10.552875	-103.936566	0	T:145.0(0.64%),B:39.5(0.15%),P:1e-45	Tpos:55.2,Tstd:24.7,Bpos:56.6,Bstd:27.4,StrandBias:1.0,Multiplicity:1.01
0.015	0.983	0.001	0.001
0.895	0.057	0.016	0.032
0.016	0.176	0.415	0.393
0.001	0.991	0.007	0.001
0.935	0.040	0.008	0.017
0.043	0.449	0.467	0.041
0.078	0.107	0.049	0.766
0.008	0.975	0.016	0.001
0.821	0.041	0.089	0.049
0.008	0.169	0.415	0.408
0.001	0.997	0.001	0.001
0.894	0.040	0.033	0.033
>AAGTCCAGTCCA	23-AAGTCCAGTCCA	10.381453	-95.208146	0	T:67.0(0.30%),B:8.1(0.03%),P:1e-41	Tpos:56.4,Tstd:26.8,Bpos:46.2,Bstd:18.1,StrandBias:1.1,Multiplicity:1.00
0.631	0.136	0.139	0.094
0.822	0.052	0.084	0.042
0.073	0.093	0.782	0.052
0.031	0.042	0.021	0.906
0.031	0.937	0.001	0.031
0.053	0.863	0.053	0.031
0.822	0.105	0.031	0.042
0.123	0.042	0.793	0.042
0.087	0.032	0.042	0.839
0.052	0.864	0.031	0.053
0.042	0.905	0.011	0.042
0.854	0.073	0.042	0.031
>CTGTCCGTCCGT	24-CTGTCCGTCCGT	11.180864	-52.700275	0	T:61.0(0.27%),B:14.6(0.06%),P:1e-22	Tpos:53.2,Tstd:28.6,Bpos:33.4,Bstd:10.8,StrandBias:-0.2,Multiplicity:1.00
0.001	0.992	0.006	0.001
0.007	0.393	0.001	0.599
0.001	0.001	0.959	0.039
0.001	0.001	0.006	0.992
0.152	0.808	0.039	0.001
0.007	0.953	0.001	0.039
0.039	0.079	0.881	0.001
0.001	0.112	0.112	0.775
0.001	0.959	0.039	0.001
0.001	0.617	0.039	0.343
0.001	0.046	0.952	0.001
0.040	0.172	0.007	0.781
>CCGAGTCCCGAG	25-CCGAGTCCCGAG	8.898112	-48.366086	0	T:151.0(0.67%),B:72.7(0.28%),P:1e-21	Tpos:49.1,Tstd:26.8,Bpos:57.5,Bstd:30.9,StrandBias:0.2,Multiplicity:1.03
0.034	0.699	0.206	0.061
0.082	0.827	0.059	0.032
0.049	0.108	0.783	0.060
0.724	0.066	0.097	0.113
0.169	0.125	0.655	0.051
0.055	0.110	0.312	0.523
0.098	0.608	0.201	0.093
0.048	0.651	0.227	0.074
0.125	0.618	0.181	0.076
0.094	0.077	0.774	0.055
0.690	0.093	0.043	0.174
0.104	0.091	0.758	0.047
>TATATA	1-TATATA	5.396671	-1526.104321	0	T:4304.0(19.03%),B:2001.3(7.63%),P:1e-662	Tpos:31.6,Tstd:11.0,Bpos:52.3,Bstd:39.7,StrandBias:-0.4,Multiplicity:1.16
0.001	0.035	0.001	0.963
0.639	0.001	0.001	0.359
0.094	0.001	0.001	0.904
0.997	0.001	0.001	0.001
0.001	0.032	0.030	0.937
0.997	0.001	0.001	0.001
>CCACTC	2-CCACTC	3.995671	-687.040344	0	T:14325.0(63.35%),B:13413.5(51.15%),P:1e-298	Tpos:54.4,Tstd:27.4,Bpos:50.0,Bstd:32.6,StrandBias:1.9,Multiplicity:1.71
0.001	0.866	0.001	0.132
0.001	0.997	0.001	0.001
0.770	0.001	0.057	0.172
0.052	0.747	0.122	0.079
0.111	0.120	0.001	0.768
0.001	0.997	0.001	0.001
>CCCGTC	3-CCCGTC	4.512788	-559.076301	0	T:10911.0(48.25%),B:9800.4(37.37%),P:1e-242	Tpos:52.9,Tstd:28.3,Bpos:50.2,Bstd:30.9,StrandBias:1.8,Multiplicity:1.34
0.001	0.823	0.001	0.175
0.001	0.997	0.001	0.001
0.001	0.997	0.001	0.001
0.170	0.001	0.828	0.001
0.001	0.243	0.001	0.755
0.001	0.997	0.001	0.001
>GAGAGA	4-GAGAGA	4.188177	-486.431291	0	T:8046.0(35.58%),B:6870.2(26.20%),P:1e-211	Tpos:54.3,Tstd:27.5,Bpos:49.6,Bstd:33.0,StrandBias:-1.3,Multiplicity:1.16
0.133	0.001	0.865	0.001
0.997	0.001	0.001	0.001
0.001	0.001	0.997	0.001
0.997	0.001	0.001	0.001
0.001	0.137	0.861	0.001
0.861	0.001	0.137	0.001
>AAACCC	5-AAACCC	7.112015	-424.062952	0	T:3113.0(13.77%),B:2109.8(8.05%),P:1e-184	Tpos:50.9,Tstd:25.9,Bpos:49.8,Bstd:33.7,StrandBias:1.9,Multiplicity:1.12
0.997	0.001	0.001	0.001
0.997	0.001	0.001	0.001
0.997	0.001	0.001	0.001
0.304	0.694	0.001	0.001
0.001	0.997	0.001	0.001
0.001	0.997	0.001	0.001
>CGCCGC	6-CGCCGC	4.073193	-417.691291	0	T:12514.0(55.34%),B:12007.5(45.79%),P:1e-181	Tpos:56.8,Tstd:28.4,Bpos:50.3,Bstd:32.7,StrandBias:0.2,Multiplicity:1.53
0.112	0.716	0.171	0.001
0.088	0.001	0.910	0.001
0.001	0.997	0.001	0.001
0.001	0.757	0.093	0.149
0.001	0.001	0.997	0.001
0.001	0.997	0.001	0.001
>TTTTAA	7-TTTTAA	6.390993	-354.552257	0	T:2633.0(11.64%),B:1782.2(6.80%),P:1e-153	Tpos:32.8,Tstd:19.1,Bpos:49.8,Bstd:38.7,StrandBias:-0.4,Multiplicity:1.06
0.001	0.001	0.001	0.997
0.001	0.001	0.001	0.997
0.001	0.001	0.001	0.997
0.389	0.001	0.001	0.609
0.997	0.001	0.001	0.001
0.756	0.001	0.001	0.242
>GGAAGG	8-GGAAGG	3.569430	-336.282649	0	T:8555.0(37.83%),B:7818.1(29.81%),P:1e-146	Tpos:51.3,Tstd:27.9,Bpos:50.1,Bstd:32.5,StrandBias:-1.5,Multiplicity:1.25
0.001	0.001	0.997	0.001
0.148	0.001	0.850	0.001
0.909	0.001	0.001	0.089
0.997	0.001	0.001	0.001
0.001	0.094	0.840	0.065
0.001	0.001	0.997	0.001
>GCCTGC	9-GCCTGC	5.215651	-295.444846	0	T:7173.0(31.72%),B:6452.5(24.61%),P:1e-128	Tpos:53.7,Tstd:28.2,Bpos:49.6,Bstd:30.8,StrandBias:-0.1,Multiplicity:1.26
0.001	0.001	0.997	0.001
0.120	0.878	0.001	0.001
0.001	0.859	0.001	0.139
0.001	0.001	0.085	0.913
0.101	0.001	0.897	0.001
0.001	0.925	0.001	0.073
>AAGCGA	10-AAGCGA	5.297403	-286.144666	0	T:5995.0(26.51%),B:5235.3(19.96%),P:1e-124	Tpos:54.2,Tstd:28.0,Bpos:50.2,Bstd:32.0,StrandBias:-1.0,Multiplicity:1.17
0.852	0.001	0.146	0.001
0.788	0.001	0.210	0.001
0.001	0.001	0.997	0.001
0.001	0.912	0.001	0.086
0.001	0.001	0.997	0.001
0.850	0.001	0.148	0.001
>CMAACC	11-CMAACC	6.318710	-233.009616	0	T:4374.0(19.34%),B:3711.8(14.15%),P:1e-101	Tpos:52.1,Tstd:27.8,Bpos:49.6,Bstd:30.5,StrandBias:1.9,Multiplicity:1.13
0.001	0.997	0.001	0.001
0.510	0.488	0.001	0.001
0.997	0.001	0.001	0.001
0.989	0.001	0.001	0.009
0.001	0.727	0.001	0.271
0.001	0.997	0.001	0.001
>CACACA	12-CACACA	5.549178	-229.222561	0	T:4235.0(18.73%),B:3581.0(13.66%),P:1e-99	Tpos:53.6,Tstd:27.3,Bpos:49.8,Bstd:30.8,StrandBias:1.4,Multiplicity:1.14
0.001	0.997	0.001	0.001
0.896	0.001	0.001	0.102
0.001	0.997	0.001	0.001
0.716	0.001	0.282	0.001
0.001	0.997	0.001	0.001
0.867	0.001	0.001	0.131
>GCTGTG	13-GCTGTG	6.043382	-228.620313	0	T:4321.0(19.11%),B:3669.4(13.99%),P:1e-99	Tpos:53.6,Tstd:28.1,Bpos:49.0,Bstd:31.7,StrandBias:-0.8,Multiplicity:1.12
0.001	0.001	0.997	0.001
0.001	0.997	0.001	0.001
0.001	0.001	0.001	0.997
0.001	0.001	0.997	0.001
0.001	0.270	0.001	0.728
0.143	0.001	0.855	0.001
>AGACGA	14-AGACGA	6.445615	-218.643062	0	T:3488.0(15.42%),B:2857.6(10.90%),P:1e-94	Tpos:52.3,Tstd:27.4,Bpos:50.1,Bstd:29.8,StrandBias:-0.5,Multiplicity:1.04
0.997	0.001	0.001	0.001
0.001	0.001	0.997	0.001
0.763	0.001	0.001	0.235
0.001	0.997	0.001	0.001
0.001	0.001	0.997	0.001
0.794	0.001	0.204	0.001
>CGCATC	15-CGCATC	6.208101	-208.569710	0	T:3348.0(14.80%),B:2743.6(10.46%),P:1e-90	Tpos:52.0,Tstd:27.3,Bpos:49.7,Bstd:30.3,StrandBias:1.1,Multiplicity:1.05
0.001	0.997	0.001	0.001
0.001	0.001	0.997	0.001
0.001	0.997	0.001	0.001
0.831	0.001	0.001	0.167
0.001	0.001	0.001	0.997
0.001	0.735	0.001	0.263
>CCACCA	16-CCACCA	6.177716	-148.074270	0	T:2903.0(12.84%),B:2459.8(9.38%),P:1e-64	Tpos:54.8,Tstd:27.8,Bpos:49.7,Bstd:30.4,StrandBias:1.7,Multiplicity:1.19
0.100	0.700	0.100	0.100
0.100	0.700	0.100	0.100
0.700	0.100	0.100	0.100
0.100	0.700	0.100	0.100
0.100	0.700	0.100	0.100
0.700	0.100	0.100	0.100
>CTACTA	17-CTACTA	7.239418	-135.309996	0	T:1201.0(5.31%),B:847.6(3.23%),P:1e-58	Tpos:45.7,Tstd:26.8,Bpos:51.1,Bstd:30.0,StrandBias:0.2,Multiplicity:1.20
0.001	0.865	0.133	0.001
0.001	0.001	0.001	0.997
0.997	0.001	0.001	0.001
0.001	0.600	0.398	0.001
0.001	0.001	0.001	0.997
0.997	0.001	0.001	0.001
>CTTATC	18-CTTATC	6.177716	-109.862637	0	T:987.0(4.36%),B:699.0(2.67%),P:1e-47	Tpos:43.5,Tstd:24.6,Bpos:50.6,Bstd:30.8,StrandBias:1.5,Multiplicity:1.06
0.100	0.700	0.100	0.100
0.100	0.100	0.100	0.700
0.100	0.100	0.100	0.700
0.700	0.100	0.100	0.100
0.100	0.100	0.100	0.700
0.100	0.700	0.100	0.100
>AACGCA	19-AACGCA	6.974717	-104.489524	0	T:1782.0(7.88%),B:1464.9(5.59%),P:1e-45	Tpos:50.4,Tstd:27.4,Bpos:48.9,Bstd:30.0,StrandBias:0.4,Multiplicity:1.05
0.997	0.001	0.001	0.001
0.997	0.001	0.001	0.001
0.001	0.997	0.001	0.001
0.001	0.001	0.997	0.001
0.265	0.733	0.001	0.001
0.997	0.001	0.001	0.001
>AGCTRS	20-AGCTRS	5.786104	-59.914501	0	T:2499.0(11.05%),B:2350.7(8.96%),P:1e-26	Tpos:53.5,Tstd:27.6,Bpos:49.6,Bstd:31.4,StrandBias:0.1,Multiplicity:1.16
0.867	0.001	0.131	0.001
0.131	0.001	0.867	0.001
0.001	0.806	0.192	0.001
0.001	0.196	0.192	0.611
0.535	0.001	0.463	0.001
0.192	0.464	0.343	0.001
>TAGCTA	21-TAGCTA	6.765823	-44.427546	0	T:549.0(2.43%),B:422.7(1.61%),P:1e-19	Tpos:55.5,Tstd:29.6,Bpos:52.2,Bstd:33.2,StrandBias:0.0,Multiplicity:1.13
0.099	0.082	0.001	0.818
0.919	0.001	0.001	0.079
0.080	0.117	0.601	0.202
0.398	0.600	0.001	0.001
0.106	0.001	0.059	0.834
0.937	0.061	0.001	0.001
>SAATYG	22-SAATYG	6.580459	-38.547014	0	T:1113.0(4.92%),B:997.6(3.80%),P:1e-16	Tpos:49.1,Tstd:28.3,Bpos:50.7,Bstd:31.2,StrandBias:-0.8,Multiplicity:1.03
0.007	0.486	0.457	0.050
0.870	0.001	0.126	0.003
0.967	0.001	0.021	0.011
0.006	0.034	0.065	0.895
0.053	0.433	0.001	0.513
0.001	0.001	0.997	0.001
>TKGTTT	23-TKGTTT	6.029892	-31.055655	0	T:1362.0(6.02%),B:1287.5(4.91%),P:1e-13	Tpos:45.8,Tstd:27.9,Bpos:51.4,Bstd:32.7,StrandBias:-0.9,Multiplicity:1.07
0.139	0.176	0.252	0.432
0.001	0.150	0.417	0.432
0.001	0.251	0.747	0.001
0.001	0.001	0.138	0.860
0.001	0.001	0.149	0.849
0.001	0.001	0.001	0.997
>BMTWTATA	1-BMTWTATA	6.043175	-1555.123822	0	T:3689.0(16.31%),B:1536.3(5.86%),P:1e-675	Tpos:31.7,Tstd:10.2,Bpos:52.6,Bstd:38.4,StrandBias:0.1,Multiplicity:1.05
0.083	0.331	0.328	0.257
0.346	0.372	0.187	0.095
0.064	0.001	0.037	0.898
0.468	0.001	0.001	0.530
0.075	0.001	0.001	0.923
0.973	0.025	0.001	0.001
0.409	0.001	0.001	0.589
0.889	0.063	0.047	0.001
>GGGATGGG	2-GGGATGGG	5.197510	-1076.631317	0	T:9526.0(42.12%),B:7279.0(27.76%),P:1e-467	Tpos:53.9,Tstd:26.6,Bpos:49.8,Bstd:32.0,StrandBias:-2.5,Multiplicity:1.49
0.001	0.018	0.842	0.139
0.001	0.001	0.997	0.001
0.306	0.001	0.692	0.001
0.579	0.033	0.174	0.214
0.080	0.147	0.208	0.565
0.008	0.015	0.596	0.381
0.001	0.012	0.986	0.001
0.208	0.001	0.790	0.001
>CCCVCCGC	3-CCCVCCGC	5.509680	-583.369490	0	T:8569.0(37.89%),B:7200.2(27.46%),P:1e-253	Tpos:56.7,Tstd:27.5,Bpos:49.9,Bstd:32.1,StrandBias:1.5,Multiplicity:1.29
0.232	0.629	0.138	0.001
0.001	0.838	0.102	0.059
0.085	0.655	0.259	0.001
0.358	0.244	0.359	0.039
0.001	0.914	0.001	0.084
0.140	0.750	0.001	0.109
0.121	0.001	0.826	0.052
0.001	0.997	0.001	0.001
>TCTCGTCT	4-TCTCGTCT	4.955148	-552.865469	0	T:6187.0(27.36%),B:4816.0(18.36%),P:1e-240	Tpos:53.9,Tstd:27.1,Bpos:49.8,Bstd:30.6,StrandBias:1.2,Multiplicity:1.17
0.050	0.166	0.056	0.728
0.105	0.697	0.074	0.124
0.103	0.150	0.094	0.653
0.073	0.845	0.053	0.029
0.086	0.038	0.696	0.180
0.119	0.065	0.044	0.772
0.056	0.819	0.058	0.067
0.086	0.098	0.024	0.792
>GAGAGAGA	5-GAGAGAGA	4.751434	-538.450741	0	T:8249.0(36.48%),B:6963.2(26.55%),P:1e-233	Tpos:55.8,Tstd:26.7,Bpos:49.6,Bstd:33.3,StrandBias:-1.5,Multiplicity:1.25
0.108	0.046	0.794	0.052
0.709	0.142	0.052	0.097
0.071	0.046	0.853	0.030
0.719	0.097	0.065	0.119
0.031	0.089	0.840	0.040
0.657	0.123	0.088	0.132
0.097	0.054	0.798	0.051
0.633	0.132	0.141	0.094
>WTWAATAA	6-WTWAATAA	6.525214	-537.160608	0	T:2316.0(10.24%),B:1286.4(4.91%),P:1e-233	Tpos:33.9,Tstd:18.1,Bpos:50.3,Bstd:39.0,StrandBias:0.3,Multiplicity:1.06
0.436	0.001	0.037	0.526
0.320	0.001	0.001	0.678
0.468	0.001	0.046	0.486
0.997	0.001	0.001	0.001
0.997	0.001	0.001	0.001
0.391	0.001	0.037	0.571
0.838	0.001	0.160	0.001
0.494	0.231	0.275	0.001
>YTYYMTTY	7-YTYYMTTY	5.734076	-515.768787	0	T:7001.0(30.96%),B:5715.1(21.79%),P:1e-223	Tpos:49.0,Tstd:27.3,Bpos:49.3,Bstd:34.0,StrandBias:0.6,Multiplicity:1.19
0.001	0.456	0.001	0.542
0.001	0.001	0.001	0.997
0.001	0.556	0.001	0.442
0.123	0.373	0.133	0.371
0.507	0.491	0.001	0.001
0.259	0.001	0.001	0.739
0.037	0.027	0.001	0.935
0.001	0.424	0.001	0.574
>ATAAAKMC	8-ATAAAKMC	5.777914	-506.032037	0	T:2705.0(11.96%),B:1642.6(6.26%),P:1e-219	Tpos:41.0,Tstd:24.2,Bpos:50.7,Bstd:34.4,StrandBias:1.0,Multiplicity:1.03
0.678	0.001	0.001	0.320
0.282	0.198	0.001	0.519
0.755	0.058	0.099	0.088
0.643	0.271	0.043	0.043
0.947	0.051	0.001	0.001
0.044	0.030	0.408	0.518
0.437	0.561	0.001	0.001
0.196	0.577	0.034	0.193
>AAAMCCTC	9-AAAMCCTC	5.647277	-455.973812	0	T:2191.0(9.69%),B:1270.5(4.84%),P:1e-198	Tpos:51.4,Tstd:25.9,Bpos:51.3,Bstd:33.4,StrandBias:1.5,Multiplicity:1.06
0.997	0.001	0.001	0.001
0.997	0.001	0.001	0.001
0.997	0.001	0.001	0.001
0.549	0.449	0.001	0.001
0.001	0.997	0.001	0.001
0.001	0.780	0.218	0.001
0.019	0.211	0.001	0.769
0.019	0.768	0.001	0.212
>CACAGCAC	10-CACAGCAC	5.523248	-446.397851	0	T:3414.0(15.10%),B:2348.6(8.96%),P:1e-193	Tpos:53.3,Tstd:27.5,Bpos:50.4,Bstd:30.0,StrandBias:1.4,Multiplicity:1.10
0.001	0.969	0.016	0.014
0.997	0.001	0.001	0.001
0.001	0.997	0.001	0.001
0.710	0.051	0.141	0.098
0.001	0.181	0.761	0.057
0.013	0.985	0.001	0.001
0.873	0.045	0.020	0.062
0.001	0.933	0.023	0.043
>TCCVSTCC	11-TCCVSTCC	6.013293	-405.922536	0	T:2240.0(9.91%),B:1369.3(5.22%),P:1e-176	Tpos:53.0,Tstd:27.8,Bpos:50.4,Bstd:34.1,StrandBias:1.7,Multiplicity:1.03
0.259	0.174	0.059	0.508
0.165	0.733	0.101	0.001
0.001	0.917	0.081	0.001
0.383	0.318	0.298	0.001
0.045	0.451	0.430	0.075
0.159	0.210	0.074	0.557
0.094	0.675	0.048	0.183
0.147	0.697	0.025	0.131
>GTGTGTGT	12-GTGTGTGT	4.954259	-350.783198	0	T:4584.0(20.27%),B:3638.3(13.87%),P:1e-152	Tpos:52.9,Tstd:26.4,Bpos:50.0,Bstd:29.7,StrandBias:-1.6,Multiplicity:1.14
0.039	0.130	0.749	0.082
0.040	0.128	0.144	0.688
0.083	0.129	0.705	0.083
0.038	0.134	0.039	0.789
0.058	0.044	0.813	0.085
0.053	0.119	0.089	0.739
0.065	0.117	0.714	0.104
0.045	0.034	0.117	0.804
>AACGAAAC	13-AACGAAAC	4.729733	-315.943427	0	T:3040.0(13.44%),B:2219.7(8.46%),P:1e-137	Tpos:49.7,Tstd:26.9,Bpos:50.0,Bstd:30.8,StrandBias:0.8,Multiplicity:1.14
0.684	0.132	0.079	0.105
0.658	0.117	0.103	0.122
0.146	0.627	0.131	0.096
0.147	0.197	0.557	0.099
0.573	0.187	0.166	0.074
0.687	0.147	0.100	0.066
0.584	0.159	0.138	0.119
0.164	0.632	0.122	0.082
>GGAAGCGG	14-GGAAGCGG	7.066899	-311.536282	0	T:2248.0(9.94%),B:1503.3(5.73%),P:1e-135	Tpos:55.7,Tstd:27.7,Bpos:49.0,Bstd:33.8,StrandBias:-1.5,Multiplicity:1.05
0.001	0.001	0.982	0.016
0.014	0.045	0.940	0.001
0.997	0.001	0.001	0.001
0.817	0.038	0.110	0.035
0.034	0.001	0.786	0.179
0.163	0.835	0.001	0.001
0.023	0.001	0.975	0.001
0.089	0.001	0.868	0.042
>CGCCAGTC	15-CGCCAGTC	6.106070	-266.739141	0	T:2520.0(11.14%),B:1823.3(6.95%),P:1e-115	Tpos:54.0,Tstd:27.5,Bpos:51.0,Bstd:30.3,StrandBias:1.4,Multiplicity:1.09
0.196	0.750	0.001	0.053
0.194	0.170	0.635	0.001
0.001	0.634	0.033	0.332
0.091	0.788	0.054	0.067
0.793	0.109	0.047	0.051
0.001	0.160	0.741	0.098
0.054	0.216	0.001	0.729
0.038	0.933	0.001	0.028
>CCTTATCC	16-CCTTATCC	8.490059	-204.349550	0	T:536.0(2.37%),B:228.3(0.87%),P:1e-88	Tpos:43.4,Tstd:24.7,Bpos:48.1,Bstd:32.8,StrandBias:1.9,Multiplicity:1.04
0.001	0.808	0.001	0.190
0.001	0.878	0.120	0.001
0.001	0.001	0.001	0.997
0.001	0.001	0.001	0.997
0.997	0.001	0.001	0.001
0.001	0.001	0.001	0.997
0.034	0.964	0.001	0.001
0.001	0.804	0.001	0.194
>TACTACTA	17-TACTACTA	5.746553	-204.286377	0	T:1235.0(5.46%),B:773.1(2.95%),P:1e-88	Tpos:43.2,Tstd:24.2,Bpos:49.5,Bstd:30.5,StrandBias:0.2,Multiplicity:1.06
0.069	0.074	0.176	0.681
0.747	0.080	0.149	0.024
0.007	0.854	0.058	0.081
0.111	0.111	0.035	0.743
0.808	0.025	0.049	0.118
0.233	0.528	0.150	0.089
0.024	0.062	0.061	0.853
0.789	0.083	0.055	0.073
>GCAGCAGC	18-GCAGCAGC	6.653366	-178.171586	0	T:2942.0(13.01%),B:2417.6(9.22%),P:1e-77	Tpos:55.6,Tstd:27.6,Bpos:50.0,Bstd:30.6,StrandBias:0.5,Multiplicity:1.08
0.001	0.001	0.997	0.001
0.001	0.894	0.001	0.104
0.763	0.208	0.001	0.028
0.001	0.240	0.722	0.037
0.055	0.618	0.047	0.280
0.497	0.186	0.037	0.280
0.001	0.001	0.874	0.124
0.182	0.596	0.060	0.162
>GCAGGCAG	19-GCAGGCAG	7.614905	-175.371472	0	T:1085.0(4.80%),B:684.8(2.61%),P:1e-76	Tpos:53.3,Tstd:27.2,Bpos:51.9,Bstd:29.9,StrandBias:-0.3,Multiplicity:1.11
0.081	0.001	0.917	0.001
0.001	0.913	0.001	0.085
0.997	0.001	0.001	0.001
0.001	0.001	0.997	0.001
0.001	0.001	0.997	0.001
0.001	0.951	0.001	0.047
0.796	0.115	0.088	0.001
0.001	0.001	0.997	0.001
>AAAAGCCA	20-AAAAGCCA	3.413672	-169.762471	0	T:1240.0(5.48%),B:826.8(3.15%),P:1e-73	Tpos:46.1,Tstd:26.7,Bpos:48.4,Bstd:32.6,StrandBias:0.4,Multiplicity:1.03
0.997	0.001	0.001	0.001
0.997	0.001	0.001	0.001
0.997	0.001	0.001	0.001
0.659	0.001	0.339	0.001
0.001	0.001	0.997	0.001
0.001	0.997	0.001	0.001
0.001	0.714	0.284	0.001
0.785	0.001	0.213	0.001
>TCGCCTCG	21-TCGCCTCG	8.773036	-153.718699	0	T:697.0(3.08%),B:390.1(1.49%),P:1e-66	Tpos:56.7,Tstd:27.4,Bpos:52.5,Bstd:28.4,StrandBias:0.8,Multiplicity:1.06
0.001	0.001	0.001	0.997
0.001	0.997	0.001	0.001
0.001	0.001	0.997	0.001
0.215	0.635	0.001	0.149
0.158	0.840	0.001	0.001
0.001	0.001	0.001	0.997
0.001	0.997	0.001	0.001
0.001	0.001	0.997	0.001
>CTCTCCTC	22-CTCTCCTC	9.112688	-153.633696	0	T:1008.0(4.46%),B:648.6(2.47%),P:1e-66	Tpos:55.7,Tstd:27.8,Bpos:45.6,Bstd:33.3,StrandBias:1.5,Multiplicity:1.01
0.001	0.997	0.001	0.001
0.001	0.001	0.001	0.997
0.001	0.817	0.181	0.001
0.001	0.001	0.001	0.997
0.001	0.997	0.001	0.001
0.001	0.969	0.029	0.001
0.001	0.001	0.197	0.801
0.001	0.997	0.001	0.001
>GAAASGTA	23-GAAASGTA	7.992971	-126.803499	0	T:493.0(2.18%),B:258.9(0.99%),P:1e-55	Tpos:50.3,Tstd:28.1,Bpos:50.2,Bstd:30.9,StrandBias:-0.9,Multiplicity:1.01
0.001	0.001	0.996	0.002
0.723	0.001	0.008	0.268
0.898	0.001	0.100	0.001
0.868	0.001	0.001	0.130
0.001	0.335	0.457	0.207
0.006	0.099	0.893	0.002
0.354	0.001	0.001	0.644
0.826	0.001	0.001	0.172
>TAGCTAGC	24-TAGCTAGC	6.431606	-123.544829	0	T:1304.0(5.77%),B:963.4(3.67%),P:1e-53	Tpos:56.0,Tstd:27.8,Bpos:49.7,Bstd:31.2,StrandBias:0.0,Multiplicity:1.14
0.203	0.001	0.001	0.795
0.767	0.001	0.001	0.231
0.190	0.029	0.735	0.046
0.190	0.693	0.095	0.022
0.333	0.001	0.001	0.665
0.678	0.001	0.101	0.220
0.051	0.001	0.896	0.052
0.081	0.773	0.040	0.106
>TWSCSGYT	25-TWSCSGYT	8.415632	-74.612187	0	T:342.0(1.51%),B:193.7(0.74%),P:1e-32	Tpos:49.3,Tstd:28.3,Bpos:52.2,Bstd:29.6,StrandBias:-0.3,Multiplicity:1.00
0.001	0.001	0.001	0.997
0.430	0.001	0.001	0.568
0.001	0.465	0.533	0.001
0.001	0.997	0.001	0.001
0.001	0.465	0.533	0.001
0.001	0.001	0.997	0.001
0.001	0.430	0.001	0.568
0.001	0.001	0.001	0.997
