>BSTATATATA	1-BSTATATATA	5.020665	-1776.003407	0	T:5152.0(22.78%),B:2467.8(9.40%),P:1e-771	Tpos:32.1,Tstd:11.4,Bpos:50.2,Bstd:36.4,StrandBias:0.1,Multiplicity:1.06
0.111	0.362	0.290	0.237
0.126	0.393	0.289	0.192
0.093	0.211	0.151	0.545
0.408	0.215	0.141	0.235
0.001	0.068	0.001	0.930
0.584	0.041	0.004	0.371
0.188	0.001	0.001	0.810
0.911	0.015	0.002	0.072
0.311	0.003	0.017	0.669
0.657	0.125	0.119	0.099
>GGGGKGGGGG	2-GGGGKGGGGG	4.831266	-1206.290523	0	T:10189.0(45.06%),B:7770.7(29.60%),P:1e-523	Tpos:54.7,Tstd:25.9,Bpos:49.9,Bstd:31.7,StrandBias:-2.6,Multiplicity:1.51
0.014	0.016	0.840	0.130
0.063	0.032	0.816	0.089
0.222	0.001	0.644	0.133
0.192	0.041	0.559	0.208
0.214	0.100	0.290	0.397
0.001	0.069	0.602	0.328
0.041	0.002	0.684	0.273
0.089	0.024	0.720	0.167
0.128	0.002	0.721	0.149
0.275	0.001	0.501	0.223
>CYTCCATTCC	3-CYTCCATTCC	6.090094	-962.786907	0	T:5259.0(23.26%),B:3318.6(12.64%),P:1e-418	Tpos:53.9,Tstd:27.1,Bpos:49.8,Bstd:30.5,StrandBias:1.7,Multiplicity:1.10
0.182	0.467	0.099	0.251
0.167	0.307	0.159	0.368
0.001	0.085	0.168	0.746
0.001	0.857	0.001	0.141
0.042	0.836	0.121	0.001
0.480	0.143	0.270	0.107
0.094	0.145	0.191	0.570
0.001	0.139	0.001	0.859
0.001	0.632	0.029	0.338
0.068	0.919	0.001	0.012
>CACACCACAC	4-CACACCACAC	5.181890	-690.124851	0	T:4646.0(20.54%),B:3118.3(11.88%),P:1e-299	Tpos:55.2,Tstd:26.4,Bpos:49.4,Bstd:30.2,StrandBias:1.9,Multiplicity:1.15
0.086	0.794	0.070	0.050
0.665	0.114	0.126	0.095
0.119	0.736	0.090	0.055
0.645	0.089	0.127	0.139
0.089	0.658	0.154	0.099
0.106	0.717	0.103	0.074
0.643	0.086	0.148	0.123
0.097	0.764	0.099	0.040
0.665	0.115	0.107	0.113
0.106	0.713	0.116	0.065
>TCGCTTCSCT	5-TCGCTTCSCT	5.609088	-669.520352	0	T:6966.0(30.80%),B:5381.4(20.50%),P:1e-290	Tpos:55.0,Tstd:26.8,Bpos:49.7,Bstd:31.9,StrandBias:0.6,Multiplicity:1.23
0.001	0.355	0.001	0.643
0.025	0.519	0.118	0.338
0.011	0.251	0.713	0.025
0.026	0.645	0.126	0.203
0.013	0.194	0.040	0.753
0.004	0.165	0.084	0.747
0.002	0.500	0.226	0.273
0.001	0.392	0.522	0.085
0.001	0.634	0.129	0.236
0.047	0.223	0.067	0.663
>TCTCTCTCTC	6-TCTCTCTCTC	5.246708	-557.022567	0	T:5824.0(25.75%),B:4454.6(16.97%),P:1e-241	Tpos:56.6,Tstd:26.2,Bpos:50.3,Bstd:34.1,StrandBias:1.5,Multiplicity:1.13
0.079	0.136	0.110	0.675
0.080	0.719	0.075	0.126
0.091	0.125	0.125	0.659
0.046	0.720	0.101	0.133
0.097	0.146	0.111	0.646
0.042	0.729	0.133	0.096
0.091	0.140	0.071	0.698
0.066	0.693	0.128	0.113
0.066	0.133	0.098	0.703
0.043	0.759	0.113	0.085
>CGTCTCGTCT	7-CGTCTCGTCT	6.524602	-527.082913	0	T:2289.0(10.12%),B:1276.7(4.86%),P:1e-228	Tpos:56.2,Tstd:26.6,Bpos:50.9,Bstd:29.7,StrandBias:1.3,Multiplicity:1.13
0.057	0.808	0.053	0.082
0.047	0.158	0.704	0.091
0.073	0.105	0.063	0.759
0.018	0.867	0.034	0.081
0.024	0.103	0.047	0.826
0.026	0.894	0.055	0.025
0.042	0.126	0.726	0.106
0.077	0.109	0.062	0.752
0.013	0.871	0.081	0.035
0.059	0.125	0.023	0.793
>RAAACCCTAR	8-RAAACCCTAR	8.140316	-463.925965	0	T:946.0(4.18%),B:343.6(1.31%),P:1e-201	Tpos:53.5,Tstd:26.9,Bpos:53.2,Bstd:29.6,StrandBias:1.0,Multiplicity:1.02
0.347	0.159	0.333	0.160
0.718	0.005	0.132	0.145
0.980	0.010	0.005	0.005
0.971	0.005	0.010	0.014
0.045	0.733	0.084	0.138
0.026	0.825	0.091	0.058
0.001	0.981	0.009	0.009
0.297	0.040	0.006	0.657
0.718	0.138	0.026	0.118
0.300	0.226	0.448	0.026
>GCGGCGGCGG	9-GCGGCGGCGG	7.116626	-385.089058	0	T:3235.0(14.31%),B:2284.2(8.70%),P:1e-167	Tpos:61.0,Tstd:26.9,Bpos:50.0,Bstd:31.7,StrandBias:-1.5,Multiplicity:1.10
0.096	0.039	0.838	0.027
0.108	0.711	0.089	0.092
0.050	0.076	0.805	0.069
0.046	0.067	0.865	0.022
0.049	0.772	0.076	0.103
0.074	0.048	0.744	0.134
0.077	0.033	0.827	0.063
0.066	0.830	0.038	0.066
0.061	0.044	0.790	0.105
0.074	0.034	0.820	0.072
>GTGTGTGTGT	10-GTGTGTGTGT	6.334305	-344.925495	0	T:1766.0(7.81%),B:1046.6(3.99%),P:1e-149	Tpos:55.4,Tstd:25.9,Bpos:51.3,Bstd:30.3,StrandBias:-1.7,Multiplicity:1.05
0.050	0.122	0.715	0.113
0.078	0.159	0.113	0.650
0.042	0.094	0.755	0.109
0.089	0.138	0.095	0.678
0.053	0.104	0.735	0.108
0.097	0.150	0.116	0.637
0.038	0.098	0.751	0.113
0.089	0.145	0.092	0.674
0.050	0.089	0.740	0.121
0.102	0.118	0.113	0.667
>TCGTCKTCYT	11-TCGTCKTCYT	8.123056	-274.121874	0	T:1574.0(6.96%),B:971.9(3.70%),P:1e-119	Tpos:56.0,Tstd:26.8,Bpos:49.0,Bstd:30.9,StrandBias:1.7,Multiplicity:1.04
0.042	0.293	0.039	0.626
0.029	0.909	0.023	0.039
0.019	0.284	0.501	0.196
0.002	0.001	0.032	0.965
0.006	0.955	0.028	0.011
0.091	0.125	0.385	0.399
0.001	0.252	0.016	0.731
0.002	0.932	0.065	0.001
0.134	0.360	0.123	0.383
0.069	0.366	0.001	0.564
>CCAGTCKCCA	12-CCAGTCKCCA	7.962855	-246.961308	0	T:801.0(3.54%),B:384.3(1.46%),P:1e-107	Tpos:53.8,Tstd:26.8,Bpos:52.2,Bstd:29.5,StrandBias:1.5,Multiplicity:1.03
0.001	0.869	0.001	0.129
0.026	0.972	0.001	0.001
0.727	0.102	0.156	0.015
0.015	0.340	0.625	0.020
0.170	0.001	0.001	0.828
0.001	0.776	0.150	0.073
0.116	0.001	0.446	0.437
0.001	0.970	0.001	0.028
0.064	0.934	0.001	0.001
0.759	0.015	0.189	0.037
>ACTASTASTA	13-ACTASTASTA	6.403421	-173.781407	0	T:689.0(3.05%),B:364.3(1.39%),P:1e-75	Tpos:47.6,Tstd:25.3,Bpos:48.8,Bstd:29.6,StrandBias:0.0,Multiplicity:1.05
0.497	0.105	0.312	0.086
0.025	0.598	0.350	0.027
0.100	0.125	0.026	0.749
0.805	0.019	0.174	0.002
0.009	0.475	0.495	0.021
0.054	0.165	0.050	0.731
0.731	0.038	0.145	0.086
0.024	0.403	0.542	0.031
0.109	0.212	0.081	0.598
0.537	0.137	0.183	0.143
>ATCCATCCAT	14-ATCCATCCAT	9.132342	-169.157028	0	T:224.0(0.99%),B:57.4(0.22%),P:1e-73	Tpos:55.9,Tstd:26.2,Bpos:50.3,Bstd:23.6,StrandBias:2.4,Multiplicity:1.01
0.889	0.017	0.060	0.034
0.048	0.021	0.001	0.930
0.001	0.997	0.001	0.001
0.016	0.939	0.024	0.021
0.963	0.029	0.001	0.007
0.007	0.001	0.015	0.977
0.001	0.941	0.001	0.057
0.021	0.860	0.081	0.038
0.944	0.007	0.048	0.001
0.001	0.172	0.118	0.709
>GCAGTCCGCA	15-GCAGTCCGCA	8.631157	-167.916486	0	T:360.0(1.59%),B:135.6(0.52%),P:1e-72	Tpos:54.4,Tstd:25.8,Bpos:48.8,Bstd:28.3,StrandBias:0.4,Multiplicity:1.02
0.001	0.003	0.995	0.001
0.001	0.989	0.001	0.009
0.944	0.054	0.001	0.001
0.004	0.004	0.962	0.030
0.117	0.086	0.136	0.661
0.010	0.960	0.001	0.029
0.079	0.735	0.059	0.127
0.003	0.001	0.995	0.001
0.009	0.989	0.001	0.001
0.917	0.019	0.063	0.001
>CTAGCTAGCT	16-CTAGCTAGCT	8.289190	-161.335360	0	T:493.0(2.18%),B:229.5(0.87%),P:1e-70	Tpos:60.3,Tstd:26.4,Bpos:49.7,Bstd:31.5,StrandBias:-0.0,Multiplicity:1.03
0.056	0.729	0.179	0.036
0.021	0.172	0.053	0.754
0.446	0.275	0.197	0.082
0.023	0.060	0.783	0.134
0.028	0.956	0.006	0.010
0.217	0.022	0.001	0.760
0.513	0.121	0.342	0.024
0.007	0.154	0.816	0.023
0.111	0.727	0.011	0.151
0.195	0.151	0.039	0.615
>TTGCRGTTGC	17-TTGCRGTTGC	8.209402	-135.412134	0	T:430.0(1.90%),B:204.9(0.78%),P:1e-58	Tpos:55.0,Tstd:26.6,Bpos:47.5,Bstd:27.2,StrandBias:-0.4,Multiplicity:1.04
0.067	0.114	0.018	0.801
0.064	0.147	0.198	0.591
0.001	0.001	0.923	0.075
0.012	0.899	0.025	0.064
0.392	0.187	0.333	0.088
0.234	0.089	0.426	0.251
0.014	0.232	0.031	0.723
0.040	0.116	0.018	0.826
0.024	0.056	0.895	0.025
0.088	0.838	0.045	0.029
>CYYBCKGCYT	18-CYYBCKGCYT	6.535402	-132.563684	0	T:544.0(2.41%),B:292.3(1.11%),P:1e-57	Tpos:51.2,Tstd:28.2,Bpos:50.1,Bstd:29.9,StrandBias:0.9,Multiplicity:1.01
0.017	0.582	0.336	0.065
0.010	0.395	0.062	0.533
0.104	0.289	0.227	0.381
0.024	0.382	0.315	0.279
0.041	0.567	0.048	0.344
0.089	0.073	0.461	0.376
0.026	0.053	0.536	0.385
0.025	0.572	0.216	0.187
0.019	0.532	0.064	0.385
0.046	0.178	0.091	0.685
>CGAAACTCGC	19-CGAAACTCGC	11.230505	-74.290309	0	T:44.0(0.19%),B:4.2(0.02%),P:1e-32	Tpos:52.6,Tstd:28.9,Bpos:59.3,Bstd:10.9,StrandBias:1.5,Multiplicity:1.00
0.203	0.593	0.203	0.001
0.001	0.001	0.997	0.001
0.610	0.388	0.001	0.001
0.997	0.001	0.001	0.001
0.997	0.001	0.001	0.001
0.001	0.997	0.001	0.001
0.001	0.001	0.001	0.997
0.001	0.997	0.001	0.001
0.203	0.001	0.795	0.001
0.001	0.997	0.001	0.001
>ATGCGATGCG	20-ATGCGATGCG	8.538758	-68.978881	0	T:55.0(0.24%),B:8.8(0.03%),P:1e-29	Tpos:56.6,Tstd:26.4,Bpos:53.9,Bstd:17.9,StrandBias:-2.2,Multiplicity:1.05
0.919	0.001	0.001	0.079
0.001	0.001	0.001	0.997
0.019	0.001	0.979	0.001
0.001	0.997	0.001	0.001
0.001	0.001	0.919	0.079
0.997	0.001	0.001	0.001
0.006	0.001	0.001	0.992
0.001	0.001	0.997	0.001
0.001	0.997	0.001	0.001
0.001	0.001	0.997	0.001
>CAGCCGCCCA	21-CAGCCGCCCA	11.087030	-66.744763	0	T:37.0(0.16%),B:3.9(0.01%),P:1e-28	Tpos:49.8,Tstd:29.3,Bpos:75.8,Bstd:24.0,StrandBias:1.8,Multiplicity:1.03
0.001	0.997	0.001	0.001
0.997	0.001	0.001	0.001
0.001	0.001	0.997	0.001
0.001	0.997	0.001	0.001
0.001	0.997	0.001	0.001
0.001	0.001	0.997	0.001
0.001	0.997	0.001	0.001
0.001	0.997	0.001	0.001
0.001	0.934	0.001	0.064
0.997	0.001	0.001	0.001
>AAATCTCTCC	22-AAATCTCTCC	7.084577	-63.229831	0	T:217.0(0.96%),B:108.2(0.41%),P:1e-27	Tpos:54.8,Tstd:24.6,Bpos:43.1,Bstd:33.7,StrandBias:2.2,Multiplicity:1.01
0.541	0.252	0.014	0.193
0.478	0.282	0.193	0.047
0.498	0.194	0.093	0.214
0.012	0.333	0.026	0.629
0.155	0.502	0.060	0.283
0.280	0.082	0.001	0.637
0.058	0.923	0.018	0.001
0.001	0.208	0.309	0.482
0.270	0.534	0.065	0.131
0.166	0.599	0.162	0.073
>TTCTTTACCC	23-TTCTTTACCC	10.646935	-61.771169	0	T:39.0(0.17%),B:4.1(0.02%),P:1e-26	Tpos:46.9,Tstd:22.1,Bpos:46.9,Bstd:6.2,StrandBias:1.7,Multiplicity:1.00
0.001	0.255	0.001	0.743
0.168	0.001	0.192	0.639
0.001	0.997	0.001	0.001
0.001	0.001	0.001	0.997
0.001	0.001	0.255	0.743
0.001	0.001	0.001	0.997
0.997	0.001	0.001	0.001
0.001	0.997	0.001	0.001
0.001	0.983	0.001	0.015
0.001	0.997	0.001	0.001
>GCAGTCAGGA	24-GCAGTCAGGA	10.889544	-56.931346	0	T:59.0(0.26%),B:13.0(0.05%),P:1e-24	Tpos:48.1,Tstd:28.6,Bpos:46.1,Bstd:15.1,StrandBias:-0.7,Multiplicity:1.03
0.001	0.260	0.484	0.255
0.001	0.611	0.387	0.001
0.997	0.001	0.001	0.001
0.001	0.001	0.997	0.001
0.255	0.001	0.265	0.479
0.001	0.997	0.001	0.001
0.669	0.001	0.075	0.255
0.001	0.001	0.997	0.001
0.008	0.001	0.990	0.001
0.997	0.001	0.001	0.001
>GTCTTTACTT	25-GTCTTTACTT	10.162518	-50.190280	0	T:43.0(0.19%),B:7.3(0.03%),P:1e-21	Tpos:47.0,Tstd:28.0,Bpos:21.0,Bstd:0.0,StrandBias:0.6,Multiplicity:1.00
0.001	0.001	0.993	0.005
0.001	0.001	0.001	0.997
0.001	0.896	0.001	0.102
0.001	0.001	0.005	0.993
0.001	0.102	0.300	0.597
0.001	0.102	0.016	0.881
0.835	0.001	0.001	0.163
0.001	0.795	0.102	0.102
0.001	0.001	0.001	0.997
0.001	0.001	0.290	0.708
>BNNNTWTATAWA	1-BNNNTWTATAWA	4.976554	-1837.889252	0	T:4994.0(22.08%),B:2302.8(8.77%),P:1e-798	Tpos:31.9,Tstd:10.9,Bpos:49.8,Bstd:35.2,StrandBias:-0.0,Multiplicity:1.05
0.158	0.309	0.293	0.240
0.181	0.278	0.310	0.231
0.166	0.288	0.268	0.278
0.226	0.271	0.243	0.260
0.130	0.221	0.188	0.461
0.351	0.190	0.110	0.349
0.056	0.010	0.001	0.933
0.652	0.001	0.009	0.338
0.295	0.001	0.001	0.703
0.909	0.002	0.027	0.062
0.346	0.058	0.167	0.428
0.483	0.167	0.200	0.151
>CCCCCCCCCYCC	2-CCCCCCCCCYCC	4.811920	-1189.702914	0	T:11580.0(51.21%),B:9283.2(35.36%),P:1e-516	Tpos:56.9,Tstd:25.8,Bpos:49.5,Bstd:32.6,StrandBias:2.5,Multiplicity:1.48
0.045	0.775	0.061	0.119
0.063	0.715	0.053	0.169
0.101	0.695	0.078	0.126
0.139	0.596	0.115	0.150
0.098	0.611	0.087	0.204
0.048	0.753	0.061	0.138
0.115	0.606	0.141	0.138
0.079	0.697	0.104	0.120
0.072	0.789	0.035	0.104
0.162	0.394	0.152	0.292
0.035	0.793	0.060	0.112
0.039	0.866	0.032	0.063
>CCATTCCATTCC	3-CCATTCCATTCC	6.293638	-943.225225	0	T:4245.0(18.77%),B:2459.8(9.37%),P:1e-409	Tpos:54.1,Tstd:27.1,Bpos:50.8,Bstd:30.9,StrandBias:2.2,Multiplicity:1.06
0.041	0.737	0.107	0.115
0.188	0.574	0.120	0.118
0.465	0.213	0.152	0.170
0.173	0.180	0.088	0.559
0.002	0.229	0.013	0.756
0.001	0.840	0.043	0.116
0.021	0.967	0.008	0.004
0.650	0.129	0.082	0.139
0.231	0.113	0.195	0.461
0.002	0.205	0.010	0.783
0.007	0.618	0.075	0.300
0.041	0.823	0.046	0.090
>TCBTCTCBTCTC	4-TCBTCTCBTCTC	5.863229	-914.612683	0	T:7280.0(32.19%),B:5281.6(20.12%),P:1e-397	Tpos:56.0,Tstd:25.9,Bpos:50.7,Bstd:32.5,StrandBias:1.3,Multiplicity:1.11
0.032	0.257	0.120	0.591
0.023	0.676	0.104	0.197
0.043	0.252	0.316	0.389
0.043	0.304	0.104	0.549
0.043	0.669	0.092	0.196
0.019	0.099	0.115	0.767
0.015	0.720	0.079	0.186
0.045	0.344	0.303	0.308
0.047	0.175	0.112	0.666
0.008	0.709	0.073	0.210
0.037	0.154	0.159	0.650
0.020	0.687	0.085	0.208
>MAAMCMAAACCM	5-MAAMCMAAACCM	6.160845	-746.327393	0	T:3391.0(15.00%),B:1951.5(7.43%),P:1e-324	Tpos:53.6,Tstd:25.4,Bpos:49.0,Bstd:30.7,StrandBias:2.2,Multiplicity:1.09
0.503	0.432	0.049	0.016
0.747	0.198	0.035	0.020
0.653	0.221	0.103	0.023
0.376	0.398	0.128	0.098
0.227	0.699	0.047	0.027
0.408	0.547	0.026	0.019
0.550	0.348	0.020	0.082
0.858	0.078	0.031	0.033
0.500	0.307	0.165	0.028
0.306	0.548	0.124	0.022
0.314	0.583	0.082	0.021
0.440	0.451	0.088	0.022
>CNAAACCCTASY	6-CNAAACCCTASY	8.261464	-585.032120	0	T:1153.0(5.10%),B:409.1(1.56%),P:1e-254	Tpos:53.6,Tstd:26.1,Bpos:54.1,Bstd:29.9,StrandBias:1.2,Multiplicity:1.01
0.220	0.393	0.185	0.202
0.308	0.281	0.239	0.171
0.573	0.146	0.182	0.099
0.997	0.001	0.001	0.001
0.973	0.013	0.013	0.001
0.017	0.778	0.001	0.204
0.001	0.997	0.001	0.001
0.001	0.997	0.001	0.001
0.001	0.062	0.031	0.906
0.510	0.245	0.090	0.155
0.191	0.322	0.363	0.125
0.192	0.375	0.158	0.275
>TCACACACACAC	7-TCACACACACAC	5.961371	-458.121677	0	T:2369.0(10.48%),B:1417.3(5.40%),P:1e-198	Tpos:56.6,Tstd:25.4,Bpos:50.0,Bstd:29.8,StrandBias:1.6,Multiplicity:1.07
0.280	0.124	0.155	0.441
0.010	0.938	0.036	0.016
0.693	0.032	0.160	0.115
0.015	0.938	0.033	0.014
0.712	0.018	0.166	0.104
0.038	0.754	0.192	0.016
0.550	0.021	0.198	0.231
0.014	0.910	0.057	0.019
0.637	0.025	0.183	0.155
0.012	0.957	0.023	0.008
0.736	0.019	0.154	0.091
0.035	0.803	0.142	0.020
>CCTCTCTCTCTC	8-CCTCTCTCTCTC	6.688545	-379.640544	0	T:2400.0(10.61%),B:1542.3(5.87%),P:1e-164	Tpos:56.9,Tstd:26.6,Bpos:49.6,Bstd:34.4,StrandBias:1.3,Multiplicity:1.03
0.041	0.619	0.089	0.251
0.073	0.747	0.094	0.086
0.035	0.055	0.076	0.834
0.026	0.884	0.041	0.049
0.019	0.023	0.084	0.874
0.020	0.913	0.032	0.035
0.020	0.028	0.078	0.874
0.028	0.865	0.065	0.042
0.023	0.032	0.087	0.858
0.034	0.855	0.051	0.060
0.017	0.028	0.109	0.846
0.035	0.837	0.047	0.081
>TGMTGASTGMTG	9-TGMTGASTGMTG	7.223330	-310.780634	0	T:1567.0(6.93%),B:921.8(3.51%),P:1e-134	Tpos:56.4,Tstd:25.0,Bpos:49.0,Bstd:27.6,StrandBias:-1.5,Multiplicity:1.05
0.020	0.040	0.110	0.830
0.001	0.001	0.997	0.001
0.435	0.340	0.180	0.046
0.113	0.130	0.219	0.538
0.001	0.035	0.960	0.004
0.459	0.205	0.249	0.087
0.034	0.415	0.406	0.145
0.078	0.022	0.094	0.806
0.002	0.008	0.988	0.002
0.440	0.414	0.137	0.008
0.123	0.092	0.220	0.565
0.002	0.002	0.954	0.042
>CGCAAGTCSCVA	10-CGCAAGTCSCVA	7.323996	-295.785575	0	T:1093.0(4.83%),B:560.9(2.14%),P:1e-128	Tpos:56.2,Tstd:25.6,Bpos:46.2,Bstd:28.2,StrandBias:1.4,Multiplicity:1.05
0.044	0.687	0.043	0.226
0.117	0.285	0.438	0.159
0.001	0.976	0.021	0.002
0.466	0.202	0.251	0.081
0.867	0.027	0.104	0.002
0.080	0.325	0.558	0.037
0.061	0.148	0.007	0.784
0.001	0.735	0.041	0.223
0.110	0.302	0.450	0.138
0.044	0.929	0.026	0.001
0.375	0.312	0.248	0.064
0.899	0.019	0.056	0.026
>TGCWGTGCWGTG	11-TGCWGTGCWGTG	6.321202	-252.567375	0	T:1540.0(6.81%),B:970.4(3.70%),P:1e-109	Tpos:56.4,Tstd:25.9,Bpos:48.9,Bstd:27.9,StrandBias:-0.8,Multiplicity:1.04
0.062	0.070	0.070	0.798
0.032	0.060	0.874	0.034
0.034	0.862	0.070	0.034
0.476	0.023	0.028	0.473
0.055	0.150	0.707	0.088
0.036	0.052	0.041	0.871
0.021	0.041	0.910	0.028
0.038	0.872	0.046	0.044
0.479	0.037	0.042	0.442
0.053	0.135	0.727	0.085
0.066	0.114	0.087	0.733
0.072	0.085	0.776	0.067
>CCATCCATCCAT	12-CCATCCATCCAT	6.917273	-229.197105	0	T:943.0(4.17%),B:507.8(1.93%),P:1e-99	Tpos:54.1,Tstd:26.4,Bpos:47.7,Bstd:25.4,StrandBias:2.1,Multiplicity:1.01
0.069	0.736	0.094	0.101
0.070	0.724	0.112	0.094
0.726	0.074	0.123	0.077
0.075	0.073	0.081	0.771
0.054	0.794	0.059	0.093
0.075	0.742	0.111	0.072
0.757	0.069	0.126	0.048
0.071	0.076	0.089	0.764
0.050	0.778	0.070	0.102
0.085	0.754	0.087	0.074
0.754	0.078	0.091	0.077
0.086	0.120	0.095	0.699
>TASTASTASTAG	13-TASTASTASTAG	6.738991	-165.767239	0	T:591.0(2.61%),B:297.2(1.13%),P:1e-71	Tpos:47.7,Tstd:24.8,Bpos:49.0,Bstd:27.7,StrandBias:-0.2,Multiplicity:1.04
0.117	0.126	0.087	0.670
0.620	0.056	0.182	0.142
0.034	0.463	0.460	0.042
0.028	0.173	0.042	0.757
0.769	0.027	0.151	0.053
0.008	0.452	0.535	0.005
0.021	0.114	0.027	0.838
0.751	0.035	0.169	0.045
0.020	0.415	0.544	0.021
0.142	0.190	0.075	0.593
0.628	0.084	0.195	0.093
0.127	0.236	0.526	0.111
>AGGCAGGCAGGG	14-AGGCAGGCAGGG	8.028026	-142.792491	0	T:267.0(1.18%),B:91.6(0.35%),P:1e-62	Tpos:54.0,Tstd:24.3,Bpos:58.6,Bstd:30.4,StrandBias:0.2,Multiplicity:1.01
0.961	0.001	0.019	0.019
0.001	0.001	0.997	0.001
0.019	0.001	0.979	0.001
0.001	0.997	0.001	0.001
0.997	0.001	0.001	0.001
0.001	0.001	0.997	0.001
0.001	0.019	0.979	0.001
0.001	0.997	0.001	0.001
0.997	0.001	0.001	0.001
0.103	0.001	0.895	0.001
0.056	0.379	0.545	0.020
0.162	0.093	0.583	0.162
>CAAAATTCCAAA	15-CAAAATTCCAAA	10.364414	-126.872320	0	T:97.0(0.43%),B:13.6(0.05%),P:1e-55	Tpos:48.2,Tstd:25.0,Bpos:46.2,Bstd:23.6,StrandBias:1.9,Multiplicity:1.00
0.001	0.997	0.001	0.001
0.884	0.114	0.001	0.001
0.937	0.001	0.001	0.061
0.997	0.001	0.001	0.001
0.868	0.022	0.045	0.065
0.398	0.001	0.001	0.600
0.001	0.132	0.043	0.824
0.022	0.841	0.048	0.089
0.053	0.747	0.198	0.002
0.889	0.067	0.043	0.001
0.955	0.043	0.001	0.001
0.578	0.130	0.001	0.291
>TTATCCACTCCC	16-TTATCCACTCCC	9.425795	-103.999161	0	T:185.0(0.82%),B:61.1(0.23%),P:1e-45	Tpos:54.7,Tstd:26.8,Bpos:47.0,Bstd:28.6,StrandBias:0.7,Multiplicity:1.00
0.096	0.064	0.050	0.790
0.001	0.038	0.032	0.929
0.813	0.100	0.016	0.071
0.016	0.001	0.080	0.903
0.001	0.903	0.001	0.095
0.065	0.821	0.032	0.082
0.823	0.016	0.064	0.097
0.016	0.887	0.001	0.096
0.078	0.032	0.048	0.842
0.062	0.737	0.084	0.117
0.119	0.664	0.119	0.098
0.016	0.890	0.093	0.001
>GCTAGCTAGCTA	17-GCTAGCTAGCTA	8.180129	-101.567137	0	T:436.0(1.93%),B:239.9(0.91%),P:1e-44	Tpos:60.8,Tstd:25.6,Bpos:49.9,Bstd:31.5,StrandBias:-0.0,Multiplicity:1.04
0.107	0.077	0.748	0.068
0.045	0.821	0.094	0.040
0.123	0.156	0.090	0.631
0.720	0.069	0.115	0.096
0.029	0.011	0.939	0.021
0.020	0.949	0.018	0.013
0.131	0.156	0.044	0.669
0.628	0.095	0.104	0.173
0.018	0.020	0.925	0.037
0.066	0.804	0.049	0.081
0.122	0.126	0.168	0.584
0.552	0.141	0.209	0.098
>TGGACTCTGGAG	18-TGGACTCTGGAG	11.912410	-97.572951	0	T:68.0(0.30%),B:8.5(0.03%),P:1e-42	Tpos:54.8,Tstd:23.4,Bpos:61.2,Bstd:25.3,StrandBias:-2.0,Multiplicity:1.00
0.001	0.001	0.001	0.997
0.001	0.001	0.997	0.001
0.001	0.001	0.997	0.001
0.969	0.015	0.015	0.001
0.001	0.969	0.015	0.015
0.015	0.015	0.080	0.890
0.015	0.845	0.015	0.125
0.001	0.015	0.015	0.969
0.001	0.014	0.984	0.001
0.001	0.001	0.997	0.001
0.969	0.015	0.001	0.015
0.015	0.001	0.969	0.015
>CTGTAGACTGTA	19-CTGTAGACTGTA	10.916135	-96.646599	0	T:42.0(0.19%),B:2.8(0.01%),P:1e-41	Tpos:49.1,Tstd:28.0,Bpos:60.3,Bstd:15.4,StrandBias:-0.6,Multiplicity:1.05
0.014	0.841	0.054	0.091
0.040	0.014	0.027	0.919
0.040	0.053	0.880	0.027
0.053	0.040	0.067	0.840
0.803	0.040	0.117	0.040
0.054	0.129	0.764	0.053
0.644	0.075	0.149	0.132
0.013	0.802	0.158	0.027
0.066	0.027	0.027	0.880
0.013	0.066	0.868	0.053
0.014	0.053	0.054	0.879
0.906	0.013	0.054	0.027
>YCGGGACGGGAG	20-YCGGGACGGGAG	9.905774	-91.818079	0	T:102.0(0.45%),B:22.0(0.08%),P:1e-39	Tpos:52.4,Tstd:26.1,Bpos:23.2,Bstd:1.1,StrandBias:-1.4,Multiplicity:1.00
0.042	0.423	0.042	0.492
0.001	0.915	0.042	0.042
0.041	0.001	0.957	0.001
0.001	0.001	0.997	0.001
0.042	0.001	0.915	0.042
0.957	0.001	0.001	0.041
0.041	0.957	0.001	0.001
0.001	0.001	0.997	0.001
0.001	0.041	0.957	0.001
0.001	0.041	0.957	0.001
0.997	0.001	0.001	0.001
0.001	0.001	0.997	0.001
>TTATCTTCTYCA	21-TTATCTTCTYCA	11.910536	-91.572414	0	T:80.0(0.35%),B:14.0(0.05%),P:1e-39	Tpos:42.8,Tstd:20.5,Bpos:42.7,Bstd:19.5,StrandBias:2.9,Multiplicity:1.00
0.024	0.001	0.001	0.974
0.001	0.131	0.077	0.791
0.872	0.001	0.025	0.102
0.001	0.001	0.001	0.997
0.001	0.924	0.001	0.074
0.001	0.001	0.001	0.997
0.001	0.075	0.075	0.849
0.025	0.949	0.025	0.001
0.001	0.024	0.001	0.974
0.076	0.414	0.098	0.412
0.001	0.949	0.049	0.001
0.414	0.209	0.254	0.123
>CGTCCGAATCCG	22-CGTCCGAATCCG	10.977262	-90.838784	0	T:33.0(0.15%),B:1.9(0.01%),P:1e-39	Tpos:48.1,Tstd:27.4,Bpos:71.2,Bstd:2.0,StrandBias:2.1,Multiplicity:1.00
0.168	0.776	0.014	0.042
0.225	0.064	0.529	0.182
0.133	0.049	0.064	0.754
0.014	0.901	0.022	0.063
0.014	0.965	0.014	0.007
0.127	0.007	0.852	0.014
0.518	0.186	0.144	0.152
0.461	0.134	0.133	0.272
0.015	0.140	0.036	0.809
0.014	0.958	0.007	0.021
0.014	0.930	0.049	0.007
0.139	0.139	0.715	0.007
>TCCACACTCCAC	23-TCCACACTCCAC	9.126767	-85.926056	0	T:107.0(0.47%),B:26.6(0.10%),P:1e-37	Tpos:59.2,Tstd:25.5,Bpos:60.5,Bstd:31.5,StrandBias:1.6,Multiplicity:1.02
0.132	0.080	0.136	0.652
0.101	0.749	0.125	0.025
0.098	0.754	0.068	0.080
0.614	0.134	0.123	0.129
0.169	0.522	0.296	0.013
0.551	0.118	0.145	0.186
0.094	0.547	0.217	0.142
0.138	0.125	0.155	0.582
0.080	0.701	0.099	0.120
0.084	0.704	0.104	0.108
0.621	0.107	0.135	0.137
0.157	0.515	0.256	0.072
>AGAAACCCAGAA	24-AGAAACCCAGAA	9.836880	-64.226896	0	T:40.0(0.18%),B:4.1(0.02%),P:1e-27	Tpos:48.8,Tstd:26.2,Bpos:43.7,Bstd:2.0,StrandBias:0.3,Multiplicity:1.00
0.714	0.121	0.093	0.072
0.086	0.064	0.806	0.044
0.754	0.106	0.095	0.045
0.825	0.051	0.079	0.045
0.689	0.092	0.156	0.063
0.090	0.708	0.100	0.102
0.101	0.740	0.089	0.070
0.108	0.715	0.117	0.060
0.769	0.087	0.085	0.059
0.091	0.083	0.789	0.037
0.740	0.117	0.090	0.053
0.751	0.086	0.112	0.051
>GGGTAAAGAAGC	25-GGGTAAAGAAGC	9.720754	-59.632465	0	T:93.0(0.41%),B:28.4(0.11%),P:1e-25	Tpos:51.9,Tstd:25.2,Bpos:70.6,Bstd:8.5,StrandBias:-2.0,Multiplicity:1.00
0.001	0.001	0.997	0.001
0.001	0.001	0.997	0.001
0.001	0.126	0.872	0.001
0.001	0.001	0.126	0.872
0.997	0.001	0.001	0.001
0.872	0.001	0.126	0.001
0.872	0.001	0.126	0.001
0.001	0.001	0.997	0.001
0.872	0.126	0.001	0.001
0.997	0.001	0.001	0.001
0.238	0.001	0.760	0.001
0.126	0.872	0.001	0.001
>TATATA	1-TATATA	5.595615	-1499.429078	0	T:4323.0(19.12%),B:2037.3(7.76%),P:1e-651	Tpos:31.7,Tstd:10.9,Bpos:50.6,Bstd:38.8,StrandBias:0.6,Multiplicity:1.16
0.001	0.001	0.001	0.997
0.997	0.001	0.001	0.001
0.108	0.001	0.001	0.890
0.997	0.001	0.001	0.001
0.349	0.001	0.034	0.616
0.997	0.001	0.001	0.001
>TTATAA	2-TTATAA	2.325855	-847.972834	0	T:4943.0(21.86%),B:3177.5(12.10%),P:1e-368	Tpos:33.3,Tstd:19.8,Bpos:48.7,Bstd:37.1,StrandBias:-0.2,Multiplicity:1.11
0.002	0.001	0.001	0.996
0.001	0.001	0.001	0.997
0.945	0.001	0.001	0.053
0.053	0.001	0.001	0.945
0.948	0.001	0.001	0.050
0.945	0.001	0.001	0.053
>CCACTC	3-CCACTC	3.892349	-747.254337	0	T:14081.0(62.27%),B:12999.9(49.51%),P:1e-324	Tpos:54.3,Tstd:27.4,Bpos:49.7,Bstd:32.5,StrandBias:1.8,Multiplicity:1.66
0.001	0.851	0.001	0.147
0.001	0.997	0.001	0.001
0.761	0.001	0.075	0.163
0.064	0.723	0.130	0.083
0.079	0.092	0.001	0.828
0.001	0.997	0.001	0.001
>CCCGTC	4-CCCGTC	4.690533	-520.015464	0	T:8696.0(38.45%),B:7489.6(28.53%),P:1e-225	Tpos:52.1,Tstd:28.5,Bpos:50.0,Bstd:31.3,StrandBias:1.8,Multiplicity:1.27
0.001	0.819	0.001	0.179
0.001	0.997	0.001	0.001
0.001	0.997	0.001	0.001
0.180	0.001	0.818	0.001
0.001	0.182	0.001	0.816
0.001	0.997	0.001	0.001
>CGCMTC	5-CGCMTC	0.572455	-493.587144	0	T:13687.0(60.52%),B:13171.0(50.17%),P:1e-214	Tpos:55.4,Tstd:28.6,Bpos:49.9,Bstd:32.5,StrandBias:0.9,Multiplicity:1.42
0.001	0.997	0.001	0.001
0.001	0.001	0.997	0.001
0.001	0.997	0.001	0.001
0.478	0.438	0.084	0.001
0.001	0.001	0.367	0.631
0.001	0.997	0.001	0.001
>CCCACC	6-CCCACC	5.594248	-452.882666	0	T:9501.0(42.01%),B:8529.3(32.49%),P:1e-196	Tpos:54.2,Tstd:27.9,Bpos:49.3,Bstd:31.7,StrandBias:1.9,Multiplicity:1.26
0.408	0.590	0.001	0.001
0.001	0.820	0.178	0.001
0.210	0.788	0.001	0.001
0.798	0.001	0.001	0.200
0.001	0.997	0.001	0.001
0.001	0.997	0.001	0.001
>AAGCGA	7-AAGCGA	4.099426	-435.994344	0	T:10817.0(47.83%),B:10034.5(38.22%),P:1e-189	Tpos:53.0,Tstd:27.6,Bpos:50.2,Bstd:31.6,StrandBias:-0.7,Multiplicity:1.38
0.748	0.069	0.113	0.070
0.531	0.102	0.303	0.064
0.251	0.114	0.569	0.066
0.092	0.672	0.235	0.001
0.185	0.064	0.664	0.087
0.816	0.037	0.146	0.001
>GAAWYG	8-GAAWYG	1.922047	-408.207933	0	T:13454.0(59.49%),B:13146.1(50.07%),P:1e-177	Tpos:52.2,Tstd:28.0,Bpos:49.9,Bstd:30.7,StrandBias:-1.3,Multiplicity:1.33
0.001	0.001	0.997	0.001
0.850	0.001	0.148	0.001
0.997	0.001	0.001	0.001
0.454	0.178	0.001	0.367
0.001	0.452	0.031	0.516
0.001	0.001	0.997	0.001
>GCTGTG	9-GCTGTG	4.520239	-315.795664	0	T:7059.0(31.22%),B:6278.4(23.91%),P:1e-137	Tpos:53.9,Tstd:28.0,Bpos:50.1,Bstd:32.1,StrandBias:-0.7,Multiplicity:1.17
0.001	0.001	0.997	0.001
0.001	0.997	0.001	0.001
0.184	0.001	0.001	0.814
0.001	0.001	0.997	0.001
0.001	0.135	0.001	0.863
0.087	0.001	0.911	0.001
>AAMCCY	10-AAMCCY	5.706556	-274.358827	0	T:3600.0(15.92%),B:2841.3(10.82%),P:1e-119	Tpos:53.3,Tstd:26.0,Bpos:50.1,Bstd:31.7,StrandBias:1.9,Multiplicity:1.14
0.799	0.199	0.001	0.001
0.729	0.269	0.001	0.001
0.470	0.528	0.001	0.001
0.199	0.799	0.001	0.001
0.269	0.729	0.001	0.001
0.118	0.471	0.001	0.410
>CACACA	11-CACACA	4.278313	-268.826821	0	T:4977.0(22.01%),B:4235.1(16.13%),P:1e-116	Tpos:53.8,Tstd:27.2,Bpos:50.0,Bstd:31.0,StrandBias:1.2,Multiplicity:1.11
0.001	0.997	0.001	0.001
0.888	0.001	0.001	0.110
0.001	0.997	0.001	0.001
0.997	0.001	0.001	0.001
0.001	0.997	0.001	0.001
0.705	0.001	0.132	0.162
>CSGCAG	12-CSGCAG	4.845905	-236.904605	0	T:7312.0(32.33%),B:6798.2(25.89%),P:1e-102	Tpos:53.9,Tstd:27.5,Bpos:50.4,Bstd:32.0,StrandBias:-0.2,Multiplicity:1.26
0.308	0.566	0.001	0.125
0.001	0.488	0.510	0.001
0.118	0.186	0.695	0.001
0.001	0.813	0.001	0.185
0.678	0.089	0.042	0.191
0.001	0.001	0.997	0.001
>AGACAG	13-AGACAG	4.984562	-188.777612	0	T:4252.0(18.80%),B:3717.6(14.16%),P:1e-81	Tpos:50.6,Tstd:28.0,Bpos:50.2,Bstd:29.7,StrandBias:-0.3,Multiplicity:1.06
0.997	0.001	0.001	0.001
0.001	0.157	0.841	0.001
0.997	0.001	0.001	0.001
0.001	0.997	0.001	0.001
0.768	0.001	0.230	0.001
0.001	0.001	0.997	0.001
>CCRGCC	14-CCRGCC	5.632272	-168.602388	0	T:6840.0(30.25%),B:6540.5(24.91%),P:1e-73	Tpos:50.6,Tstd:29.0,Bpos:50.7,Bstd:32.4,StrandBias:1.1,Multiplicity:1.17
0.001	0.997	0.001	0.001
0.001	0.997	0.001	0.001
0.486	0.001	0.380	0.132
0.001	0.001	0.997	0.001
0.142	0.856	0.001	0.001
0.001	0.997	0.001	0.001
>CCGCCT	15-CCGCCT	6.177716	-127.858765	0	T:2311.0(10.22%),B:1926.0(7.34%),P:1e-55	Tpos:54.5,Tstd:28.6,Bpos:51.0,Bstd:32.9,StrandBias:1.3,Multiplicity:1.04
0.100	0.700	0.100	0.100
0.100	0.700	0.100	0.100
0.100	0.100	0.700	0.100
0.100	0.700	0.100	0.100
0.100	0.700	0.100	0.100
0.100	0.100	0.100	0.700
>GAGCGA	16-GAGCGA	6.179968	-113.485835	0	T:3180.0(14.06%),B:2854.9(10.87%),P:1e-49	Tpos:55.1,Tstd:28.8,Bpos:50.0,Bstd:31.1,StrandBias:-0.7,Multiplicity:1.13
0.001	0.001	0.828	0.170
0.997	0.001	0.001	0.001
0.001	0.001	0.702	0.296
0.001	0.997	0.001	0.001
0.001	0.001	0.997	0.001
0.997	0.001	0.001	0.001
>CTTRTC	17-CTTRTC	6.006849	-102.182767	0	T:995.0(4.40%),B:720.2(2.74%),P:1e-44	Tpos:41.8,Tstd:24.0,Bpos:49.7,Bstd:32.3,StrandBias:1.5,Multiplicity:1.04
0.090	0.663	0.001	0.246
0.001	0.091	0.234	0.674
0.100	0.234	0.001	0.665
0.562	0.006	0.431	0.001
0.001	0.096	0.006	0.897
0.097	0.662	0.240	0.001
>CTACTA	18-CTACTA	7.211238	-99.262000	0	T:1191.0(5.27%),B:908.2(3.46%),P:1e-43	Tpos:46.3,Tstd:26.8,Bpos:49.6,Bstd:31.1,StrandBias:0.3,Multiplicity:1.22
0.001	0.912	0.086	0.001
0.001	0.001	0.001	0.997
0.997	0.001	0.001	0.001
0.001	0.631	0.367	0.001
0.001	0.001	0.001	0.997
0.997	0.001	0.001	0.001
>AGCTAG	19-AGCTAG	6.177716	-26.956683	0	T:1346.0(5.95%),B:1292.5(4.92%),P:1e-11	Tpos:56.5,Tstd:28.7,Bpos:50.6,Bstd:31.7,StrandBias:-0.1,Multiplicity:1.26
0.700	0.100	0.100	0.100
0.100	0.100	0.700	0.100
0.100	0.700	0.100	0.100
0.100	0.100	0.100	0.700
0.700	0.100	0.100	0.100
0.100	0.100	0.700	0.100
>TMTATAWA	1-TMTATAWA	4.329490	-1471.900813	0	T:5397.0(23.87%),B:2910.6(11.09%),P:1e-639	Tpos:32.1,Tstd:12.3,Bpos:50.1,Bstd:36.6,StrandBias:0.4,Multiplicity:1.08
0.052	0.199	0.144	0.605
0.467	0.318	0.103	0.113
0.095	0.074	0.078	0.753
0.678	0.093	0.045	0.184
0.208	0.044	0.064	0.684
0.787	0.045	0.078	0.090
0.364	0.137	0.072	0.427
0.598	0.170	0.151	0.081
>GGGAKGGG	2-GGGAKGGG	4.658157	-1194.951498	0	T:12231.0(54.09%),B:9991.0(38.05%),P:1e-518	Tpos:54.3,Tstd:26.7,Bpos:49.8,Bstd:32.1,StrandBias:-2.4,Multiplicity:1.70
0.001	0.036	0.732	0.231
0.031	0.095	0.842	0.032
0.313	0.001	0.685	0.001
0.643	0.029	0.268	0.060
0.141	0.087	0.386	0.386
0.001	0.086	0.568	0.345
0.023	0.056	0.861	0.060
0.255	0.001	0.743	0.001
>GAGACGAG	3-GAGACGAG	4.504985	-948.932952	0	T:12076.0(53.40%),B:10264.5(39.10%),P:1e-412	Tpos:54.9,Tstd:27.3,Bpos:49.7,Bstd:31.7,StrandBias:-1.4,Multiplicity:1.36
0.105	0.019	0.833	0.043
0.839	0.028	0.049	0.084
0.188	0.042	0.742	0.028
0.628	0.080	0.228	0.064
0.110	0.689	0.122	0.079
0.027	0.042	0.874	0.057
0.728	0.043	0.187	0.042
0.146	0.120	0.669	0.065
>CCACMGCA	4-CCACMGCA	5.533076	-583.030615	0	T:7206.0(31.87%),B:5791.5(22.06%),P:1e-253	Tpos:56.9,Tstd:27.5,Bpos:49.8,Bstd:30.5,StrandBias:1.4,Multiplicity:1.20
0.001	0.667	0.238	0.094
0.334	0.594	0.022	0.050
0.589	0.026	0.374	0.011
0.107	0.780	0.001	0.112
0.399	0.380	0.001	0.220
0.233	0.078	0.679	0.010
0.033	0.860	0.045	0.062
0.538	0.350	0.021	0.091
>CACHVCAC	5-CACHVCAC	6.410398	-571.451692	0	T:4300.0(19.01%),B:2973.4(11.32%),P:1e-248	Tpos:54.5,Tstd:27.0,Bpos:49.9,Bstd:31.4,StrandBias:1.8,Multiplicity:1.10
0.001	0.801	0.001	0.197
0.997	0.001	0.001	0.001
0.001	0.997	0.001	0.001
0.340	0.244	0.184	0.231
0.243	0.220	0.347	0.189
0.001	0.926	0.001	0.072
0.467	0.141	0.107	0.285
0.001	0.997	0.001	0.001
>GTGTGTGT	6-GTGTGTGT	4.611781	-484.963613	0	T:5760.0(25.47%),B:4530.7(17.26%),P:1e-210	Tpos:53.4,Tstd:26.6,Bpos:50.2,Bstd:30.3,StrandBias:-1.6,Multiplicity:1.19
0.008	0.128	0.759	0.105
0.076	0.053	0.139	0.732
0.051	0.070	0.794	0.085
0.138	0.154	0.070	0.638
0.021	0.058	0.855	0.066
0.149	0.074	0.074	0.703
0.017	0.093	0.776	0.114
0.148	0.046	0.062	0.744
>AAACCCTA	7-AAACCCTA	8.383947	-481.887094	0	T:1112.0(4.92%),B:439.6(1.67%),P:1e-209	Tpos:54.6,Tstd:26.6,Bpos:51.9,Bstd:32.0,StrandBias:1.1,Multiplicity:1.04
0.883	0.001	0.115	0.001
0.997	0.001	0.001	0.001
0.997	0.001	0.001	0.001
0.001	0.997	0.001	0.001
0.001	0.997	0.001	0.001
0.001	0.997	0.001	0.001
0.001	0.001	0.001	0.997
0.776	0.146	0.001	0.077
>HAAAMSSC	8-HAAAMSSC	5.925530	-443.621429	0	T:2276.0(10.06%),B:1356.9(5.17%),P:1e-192	Tpos:47.1,Tstd:25.8,Bpos:50.6,Bstd:33.7,StrandBias:1.5,Multiplicity:1.04
0.390	0.337	0.001	0.271
0.830	0.072	0.034	0.064
0.936	0.062	0.001	0.001
0.561	0.052	0.242	0.145
0.388	0.459	0.140	0.013
0.039	0.467	0.466	0.028
0.001	0.438	0.353	0.208
0.127	0.754	0.078	0.041
>GAGAGAGA	9-GAGAGAGA	5.297782	-436.611827	0	T:5604.0(24.78%),B:4474.4(17.04%),P:1e-189	Tpos:55.6,Tstd:26.7,Bpos:49.3,Bstd:34.1,StrandBias:-1.4,Multiplicity:1.16
0.179	0.041	0.705	0.075
0.764	0.142	0.065	0.029
0.115	0.040	0.801	0.044
0.786	0.092	0.042	0.080
0.066	0.109	0.779	0.046
0.715	0.154	0.087	0.044
0.105	0.053	0.779	0.063
0.671	0.112	0.169	0.048
>TCGCWTCT	10-TCGCWTCT	6.000140	-408.947234	0	T:4455.0(19.70%),B:3397.4(12.94%),P:1e-177	Tpos:54.2,Tstd:27.6,Bpos:50.3,Bstd:30.9,StrandBias:1.2,Multiplicity:1.06
0.001	0.335	0.002	0.662
0.001	0.997	0.001	0.001
0.001	0.001	0.633	0.365
0.076	0.875	0.048	0.001
0.452	0.066	0.001	0.481
0.225	0.001	0.155	0.619
0.156	0.842	0.001	0.001
0.069	0.245	0.199	0.487
>CAAACCAA	11-CAAACCAA	5.246447	-359.077763	0	T:4729.0(20.91%),B:3768.1(14.35%),P:1e-155	Tpos:50.5,Tstd:26.9,Bpos:49.7,Bstd:30.6,StrandBias:1.3,Multiplicity:1.18
0.183	0.746	0.024	0.047
0.775	0.071	0.135	0.019
0.874	0.079	0.032	0.015
0.692	0.101	0.092	0.115
0.071	0.638	0.221	0.070
0.149	0.744	0.090	0.017
0.766	0.081	0.133	0.020
0.768	0.177	0.033	0.022
>YCTTATCY	12-YCTTATCY	7.272554	-244.557404	0	T:650.0(2.87%),B:279.5(1.06%),P:1e-106	Tpos:42.5,Tstd:24.0,Bpos:50.6,Bstd:31.8,StrandBias:1.9,Multiplicity:1.03
0.001	0.527	0.084	0.388
0.001	0.749	0.249	0.001
0.001	0.001	0.004	0.994
0.189	0.093	0.001	0.717
0.717	0.005	0.177	0.101
0.056	0.115	0.001	0.828
0.001	0.997	0.001	0.001
0.068	0.397	0.056	0.479
>TTCCGTCC	13-TTCCGTCC	3.990218	-217.272964	0	T:1255.0(5.55%),B:774.6(2.95%),P:1e-94	Tpos:53.2,Tstd:28.6,Bpos:51.7,Bstd:30.3,StrandBias:1.2,Multiplicity:1.05
0.047	0.001	0.112	0.840
0.001	0.058	0.001	0.940
0.001	0.997	0.001	0.001
0.001	0.997	0.001	0.001
0.001	0.001	0.997	0.001
0.001	0.001	0.001	0.997
0.001	0.997	0.001	0.001
0.001	0.997	0.001	0.001
>CATCCATC	14-CATCCATC	8.516727	-186.469591	0	T:545.0(2.41%),B:247.4(0.94%),P:1e-80	Tpos:54.5,Tstd:28.1,Bpos:44.6,Bstd:23.6,StrandBias:1.8,Multiplicity:1.02
0.001	0.770	0.228	0.001
0.997	0.001	0.001	0.001
0.001	0.001	0.001	0.997
0.001	0.997	0.001	0.001
0.001	0.708	0.290	0.001
0.856	0.001	0.142	0.001
0.001	0.001	0.001	0.997
0.001	0.997	0.001	0.001
>TAGATAGA	15-TAGATAGA	5.391895	-170.493140	0	T:850.0(3.76%),B:495.5(1.89%),P:1e-74	Tpos:54.2,Tstd:28.5,Bpos:50.5,Bstd:31.3,StrandBias:-0.2,Multiplicity:1.11
0.001	0.001	0.001	0.997
0.997	0.001	0.001	0.001
0.128	0.001	0.870	0.001
0.686	0.312	0.001	0.001
0.001	0.001	0.165	0.833
0.997	0.001	0.001	0.001
0.001	0.001	0.997	0.001
0.983	0.015	0.001	0.001
>GAATGAAA	16-GAATGAAA	6.028721	-147.485537	0	T:855.0(3.78%),B:527.5(2.01%),P:1e-64	Tpos:51.1,Tstd:26.8,Bpos:47.1,Bstd:33.5,StrandBias:-1.1,Multiplicity:1.05
0.001	0.001	0.997	0.001
0.997	0.001	0.001	0.001
0.971	0.027	0.001	0.001
0.001	0.001	0.075	0.923
0.041	0.001	0.957	0.001
0.997	0.001	0.001	0.001
0.997	0.001	0.001	0.001
0.906	0.001	0.092	0.001
>TGCCTGCC	17-TGCCTGCC	7.989118	-131.355561	0	T:668.0(2.95%),B:392.9(1.50%),P:1e-57	Tpos:53.3,Tstd:27.2,Bpos:49.8,Bstd:30.5,StrandBias:0.4,Multiplicity:1.11
0.001	0.001	0.001	0.997
0.001	0.001	0.997	0.001
0.001	0.997	0.001	0.001
0.001	0.881	0.001	0.117
0.001	0.001	0.001	0.997
0.052	0.001	0.808	0.139
0.001	0.997	0.001	0.001
0.001	0.997	0.001	0.001
>STAGTACC	18-STAGTACC	7.543607	-126.893805	0	T:728.0(3.22%),B:447.4(1.70%),P:1e-55	Tpos:48.2,Tstd:26.3,Bpos:50.7,Bstd:29.5,StrandBias:0.1,Multiplicity:1.05
0.001	0.530	0.468	0.001
0.001	0.001	0.001	0.997
0.997	0.001	0.001	0.001
0.001	0.384	0.613	0.002
0.001	0.001	0.001	0.997
0.997	0.001	0.001	0.001
0.001	0.585	0.413	0.001
0.001	0.651	0.001	0.347
>TATTATAA	19-TATTATAA	7.975947	-115.590856	0	T:241.0(1.07%),B:89.1(0.34%),P:1e-50	Tpos:34.8,Tstd:19.6,Bpos:51.3,Bstd:32.7,StrandBias:-0.3,Multiplicity:1.00
0.048	0.032	0.204	0.716
0.731	0.165	0.071	0.033
0.071	0.001	0.001	0.927
0.267	0.001	0.001	0.731
0.997	0.001	0.001	0.001
0.072	0.001	0.001	0.926
0.800	0.064	0.001	0.135
0.751	0.001	0.247	0.001
>CCCATTTC	20-CCCATTTC	7.805178	-107.308470	0	T:631.0(2.79%),B:391.7(1.49%),P:1e-46	Tpos:48.7,Tstd:28.4,Bpos:50.1,Bstd:30.9,StrandBias:1.6,Multiplicity:1.02
0.101	0.775	0.123	0.001
0.001	0.802	0.196	0.001
0.001	0.997	0.001	0.001
0.997	0.001	0.001	0.001
0.073	0.001	0.001	0.925
0.001	0.001	0.001	0.997
0.001	0.001	0.001	0.997
0.001	0.835	0.163	0.001
>GCTTTAAA	21-GCTTTAAA	8.536784	-92.577810	0	T:253.0(1.12%),B:111.9(0.43%),P:1e-40	Tpos:36.0,Tstd:20.6,Bpos:45.8,Bstd:29.6,StrandBias:0.3,Multiplicity:1.01
0.001	0.124	0.874	0.001
0.001	0.997	0.001	0.001
0.001	0.001	0.001	0.997
0.001	0.001	0.001	0.997
0.151	0.001	0.001	0.847
0.997	0.001	0.001	0.001
0.997	0.001	0.001	0.001
0.752	0.001	0.001	0.246
>CCTGCCTG	22-CCTGCCTG	7.357514	-90.982555	0	T:464.0(2.05%),B:273.5(1.04%),P:1e-39	Tpos:53.8,Tstd:27.2,Bpos:50.4,Bstd:28.3,StrandBias:0.2,Multiplicity:1.04
0.168	0.830	0.001	0.001
0.001	0.997	0.001	0.001
0.001	0.001	0.001	0.997
0.001	0.001	0.997	0.001
0.145	0.853	0.001	0.001
0.001	0.997	0.001	0.001
0.001	0.001	0.001	0.997
0.001	0.001	0.997	0.001
>TAGCARGC	23-TAGCARGC	8.274981	-82.574099	0	T:543.0(2.40%),B:350.8(1.34%),P:1e-35	Tpos:54.1,Tstd:28.6,Bpos:49.6,Bstd:34.6,StrandBias:-0.0,Multiplicity:1.06
0.336	0.001	0.009	0.654
0.793	0.001	0.205	0.001
0.306	0.001	0.692	0.001
0.001	0.997	0.001	0.001
0.579	0.001	0.419	0.001
0.566	0.001	0.432	0.001
0.001	0.001	0.997	0.001
0.001	0.997	0.001	0.001
>GCAGTCGC	24-GCAGTCGC	8.063370	-62.323389	0	T:446.0(1.97%),B:296.6(1.13%),P:1e-27	Tpos:56.0,Tstd:26.6,Bpos:50.6,Bstd:26.6,StrandBias:0.6,Multiplicity:1.00
0.001	0.001	0.997	0.001
0.001	0.997	0.001	0.001
0.997	0.001	0.001	0.001
0.089	0.001	0.909	0.001
0.001	0.001	0.001	0.997
0.001	0.997	0.001	0.001
0.001	0.088	0.910	0.001
0.175	0.615	0.209	0.001
>TAACCCTA	25-TAACCCTA	8.558379	-20.130299	0	T:159.0(0.70%),B:111.6(0.42%),P:1e-8	Tpos:48.5,Tstd:25.1,Bpos:57.0,Bstd:29.4,StrandBias:1.8,Multiplicity:1.02
0.001	0.001	0.001	0.997
0.686	0.001	0.001	0.312
0.997	0.001	0.001	0.001
0.001	0.997	0.001	0.001
0.001	0.997	0.001	0.001
0.001	0.880	0.118	0.001
0.001	0.001	0.001	0.997
0.997	0.001	0.001	0.001
