>BBTHTATATA	1-BBTHTATATA	5.247914	-1733.959400	0	T:4187.0(18.52%),B:1779.4(6.78%),P:1e-753	Tpos:31.7,Tstd:10.3,Bpos:50.2,Bstd:37.8,StrandBias:-0.0,Multiplicity:1.04
0.110	0.339	0.340	0.210
0.124	0.357	0.311	0.209
0.102	0.235	0.200	0.463
0.345	0.239	0.157	0.259
0.028	0.158	0.035	0.779
0.574	0.049	0.042	0.335
0.176	0.008	0.004	0.812
0.758	0.037	0.054	0.151
0.262	0.013	0.040	0.685
0.738	0.066	0.124	0.072
>GGGAABGGRR	2-GGGAABGGRR	4.725823	-1106.138038	0	T:12716.0(56.23%),B:10693.8(40.72%),P:1e-480	Tpos:54.2,Tstd:27.0,Bpos:50.1,Bstd:31.6,StrandBias:-1.8,Multiplicity:1.37
0.198	0.206	0.414	0.181
0.001	0.094	0.874	0.031
0.329	0.016	0.654	0.001
0.728	0.001	0.270	0.001
0.408	0.205	0.214	0.173
0.154	0.275	0.307	0.264
0.001	0.211	0.623	0.165
0.200	0.001	0.798	0.001
0.455	0.148	0.387	0.010
0.382	0.115	0.337	0.167
>CTCTCCTCTC	3-CTCTCCTCTC	4.627664	-940.170928	0	T:11915.0(52.69%),B:10103.8(38.48%),P:1e-408	Tpos:56.6,Tstd:26.0,Bpos:50.6,Bstd:33.3,StrandBias:1.9,Multiplicity:1.62
0.073	0.681	0.104	0.142
0.098	0.113	0.087	0.702
0.067	0.745	0.071	0.117
0.080	0.147	0.132	0.641
0.056	0.748	0.074	0.122
0.077	0.649	0.147	0.127
0.108	0.137	0.116	0.639
0.053	0.749	0.086	0.112
0.079	0.124	0.104	0.693
0.042	0.751	0.070	0.137
>CMMMMCCCMM	4-CMMMMCCCMM	5.228455	-897.976237	0	T:7795.0(34.47%),B:5818.7(22.16%),P:1e-389	Tpos:54.3,Tstd:25.7,Bpos:50.1,Bstd:30.6,StrandBias:2.5,Multiplicity:1.25
0.405	0.593	0.001	0.001
0.487	0.511	0.001	0.001
0.470	0.456	0.001	0.074
0.427	0.422	0.001	0.150
0.345	0.453	0.024	0.178
0.336	0.571	0.092	0.001
0.385	0.613	0.001	0.001
0.314	0.512	0.009	0.165
0.400	0.523	0.001	0.076
0.436	0.559	0.001	0.004
>CGTTTCGTTT	5-CGTTTCGTTT	5.382362	-606.318828	0	T:4665.0(20.63%),B:3259.9(12.41%),P:1e-263	Tpos:49.2,Tstd:26.4,Bpos:50.7,Bstd:32.1,StrandBias:-0.6,Multiplicity:1.10
0.004	0.684	0.283	0.029
0.027	0.120	0.740	0.113
0.075	0.098	0.091	0.736
0.014	0.128	0.054	0.804
0.011	0.049	0.315	0.625
0.011	0.672	0.244	0.073
0.117	0.127	0.516	0.240
0.017	0.111	0.167	0.705
0.006	0.176	0.082	0.736
0.009	0.046	0.121	0.824
>MCGCVGCHGC	6-MCGCVGCHGC	5.970227	-455.398673	0	T:5842.0(25.83%),B:4675.0(17.80%),P:1e-197	Tpos:58.5,Tstd:27.0,Bpos:49.8,Bstd:30.9,StrandBias:0.5,Multiplicity:1.17
0.352	0.440	0.001	0.208
0.254	0.459	0.126	0.160
0.022	0.001	0.976	0.001
0.001	0.997	0.001	0.001
0.321	0.272	0.272	0.135
0.158	0.069	0.772	0.001
0.081	0.827	0.001	0.091
0.238	0.347	0.170	0.244
0.102	0.072	0.695	0.131
0.001	0.808	0.105	0.086
>AAACCCTAGY	7-AAACCCTAGY	8.742407	-368.926452	0	T:615.0(2.72%),B:192.0(0.73%),P:1e-160	Tpos:56.2,Tstd:27.2,Bpos:52.1,Bstd:28.6,StrandBias:1.0,Multiplicity:1.02
0.958	0.001	0.017	0.024
0.997	0.001	0.001	0.001
0.997	0.001	0.001	0.001
0.001	0.997	0.001	0.001
0.001	0.997	0.001	0.001
0.001	0.997	0.001	0.001
0.017	0.006	0.002	0.975
0.957	0.018	0.001	0.024
0.001	0.023	0.975	0.001
0.088	0.421	0.091	0.399
>GCTTGGYTTB	8-GCTTGGYTTB	7.574166	-368.361908	0	T:1569.0(6.94%),B:862.0(3.28%),P:1e-159	Tpos:53.5,Tstd:26.8,Bpos:50.1,Bstd:29.3,StrandBias:-0.9,Multiplicity:1.06
0.001	0.001	0.856	0.142
0.001	0.697	0.183	0.119
0.001	0.001	0.050	0.948
0.049	0.001	0.001	0.949
0.001	0.183	0.525	0.291
0.001	0.257	0.741	0.001
0.001	0.457	0.001	0.541
0.001	0.001	0.001	0.997
0.001	0.092	0.220	0.687
0.024	0.287	0.384	0.304
>CACACDCACA	9-CACACDCACA	6.463649	-322.887161	0	T:2322.0(10.27%),B:1555.0(5.92%),P:1e-140	Tpos:55.3,Tstd:26.8,Bpos:49.3,Bstd:29.5,StrandBias:1.4,Multiplicity:1.08
0.030	0.901	0.068	0.001
0.619	0.001	0.057	0.323
0.076	0.795	0.128	0.001
0.505	0.034	0.260	0.201
0.068	0.608	0.236	0.088
0.349	0.001	0.293	0.357
0.001	0.901	0.097	0.001
0.532	0.030	0.273	0.165
0.001	0.997	0.001	0.001
0.591	0.029	0.094	0.286
>TCTCTCTCTC	10-TCTCTCTCTC	7.311978	-297.010810	0	T:1872.0(8.28%),B:1196.5(4.56%),P:1e-128	Tpos:52.9,Tstd:28.6,Bpos:48.1,Bstd:31.0,StrandBias:1.1,Multiplicity:1.02
0.015	0.187	0.021	0.777
0.207	0.703	0.001	0.089
0.024	0.134	0.346	0.496
0.098	0.611	0.248	0.043
0.025	0.016	0.008	0.951
0.100	0.790	0.088	0.022
0.172	0.148	0.214	0.466
0.001	0.884	0.093	0.022
0.001	0.001	0.045	0.953
0.041	0.723	0.165	0.071
>TCCATCCATC	11-TCCATCCATC	8.131502	-244.670471	0	T:622.0(2.75%),B:260.6(0.99%),P:1e-106	Tpos:55.2,Tstd:26.5,Bpos:50.8,Bstd:26.7,StrandBias:1.8,Multiplicity:1.01
0.193	0.096	0.001	0.710
0.001	0.939	0.001	0.059
0.036	0.804	0.159	0.001
0.751	0.001	0.228	0.020
0.001	0.282	0.001	0.716
0.001	0.828	0.001	0.170
0.123	0.680	0.115	0.082
0.858	0.001	0.140	0.001
0.001	0.001	0.001	0.997
0.001	0.955	0.001	0.043
>CTGSCTGCCT	12-CTGSCTGCCT	8.536623	-208.031954	0	T:580.0(2.56%),B:256.7(0.98%),P:1e-90	Tpos:53.5,Tstd:26.2,Bpos:46.9,Bstd:25.7,StrandBias:0.0,Multiplicity:1.01
0.081	0.822	0.037	0.060
0.178	0.060	0.038	0.724
0.001	0.001	0.926	0.072
0.106	0.462	0.325	0.106
0.062	0.859	0.001	0.078
0.059	0.093	0.037	0.811
0.001	0.001	0.997	0.001
0.086	0.676	0.237	0.001
0.001	0.792	0.039	0.168
0.065	0.073	0.001	0.861
>CCACAGCCCA	13-CCACAGCCCA	8.236710	-187.555580	0	T:624.0(2.76%),B:303.6(1.16%),P:1e-81	Tpos:50.4,Tstd:28.4,Bpos:54.7,Bstd:31.3,StrandBias:1.5,Multiplicity:1.02
0.191	0.620	0.105	0.084
0.135	0.781	0.006	0.078
0.882	0.096	0.021	0.001
0.201	0.785	0.001	0.013
0.702	0.001	0.171	0.126
0.001	0.001	0.997	0.001
0.001	0.694	0.116	0.189
0.265	0.608	0.001	0.126
0.074	0.924	0.001	0.001
0.908	0.016	0.058	0.018
>RCTGCASTGC	14-RCTGCASTGC	8.177634	-185.873307	0	T:807.0(3.57%),B:444.8(1.69%),P:1e-80	Tpos:57.4,Tstd:26.6,Bpos:48.7,Bstd:29.0,StrandBias:-0.0,Multiplicity:1.06
0.346	0.157	0.307	0.191
0.110	0.693	0.196	0.001
0.035	0.263	0.050	0.652
0.001	0.001	0.997	0.001
0.002	0.890	0.100	0.008
0.559	0.001	0.310	0.130
0.005	0.541	0.453	0.001
0.098	0.042	0.001	0.859
0.001	0.084	0.914	0.001
0.001	0.997	0.001	0.001
>GCACCGCAYC	15-GCACCGCAYC	9.377869	-171.714463	0	T:334.0(1.48%),B:117.8(0.45%),P:1e-74	Tpos:55.6,Tstd:24.7,Bpos:54.0,Bstd:30.8,StrandBias:2.0,Multiplicity:1.01
0.001	0.222	0.666	0.111
0.001	0.989	0.001	0.009
0.913	0.030	0.020	0.037
0.011	0.629	0.014	0.346
0.044	0.643	0.184	0.129
0.001	0.018	0.980	0.001
0.001	0.989	0.001	0.009
0.847	0.037	0.103	0.013
0.065	0.374	0.116	0.445
0.092	0.906	0.001	0.001
>CTAGCTAGCT	16-CTAGCTAGCT	8.223956	-161.814557	0	T:445.0(1.97%),B:195.7(0.75%),P:1e-70	Tpos:58.3,Tstd:27.2,Bpos:48.9,Bstd:27.8,StrandBias:0.1,Multiplicity:1.03
0.001	0.838	0.160	0.001
0.001	0.127	0.082	0.790
0.863	0.082	0.054	0.001
0.001	0.061	0.886	0.052
0.001	0.957	0.021	0.021
0.001	0.023	0.001	0.975
0.926	0.001	0.072	0.001
0.001	0.022	0.701	0.276
0.095	0.719	0.086	0.100
0.101	0.116	0.001	0.782
>TCAGTCAGTC	17-TCAGTCAGTC	8.352927	-148.077923	0	T:283.0(1.25%),B:98.9(0.38%),P:1e-64	Tpos:51.7,Tstd:27.0,Bpos:52.4,Bstd:29.5,StrandBias:1.1,Multiplicity:1.00
0.001	0.093	0.002	0.904
0.001	0.997	0.001	0.001
0.654	0.229	0.116	0.001
0.177	0.091	0.631	0.101
0.004	0.121	0.112	0.763
0.001	0.943	0.052	0.004
0.834	0.161	0.001	0.004
0.268	0.076	0.602	0.054
0.022	0.068	0.121	0.789
0.001	0.886	0.004	0.109
>ASTASTAGTA	18-ASTASTAGTA	6.201939	-130.773488	0	T:1016.0(4.49%),B:690.3(2.63%),P:1e-56	Tpos:47.0,Tstd:25.0,Bpos:48.7,Bstd:27.1,StrandBias:-0.1,Multiplicity:1.06
0.614	0.079	0.174	0.133
0.031	0.449	0.517	0.003
0.020	0.108	0.021	0.851
0.886	0.001	0.112	0.001
0.015	0.526	0.450	0.009
0.086	0.086	0.027	0.801
0.833	0.009	0.100	0.058
0.036	0.207	0.735	0.022
0.120	0.161	0.022	0.697
0.682	0.108	0.168	0.042
>GRGAAATTTK	19-GRGAAATTTK	9.668252	-118.234364	0	T:203.0(0.90%),B:65.9(0.25%),P:1e-51	Tpos:46.7,Tstd:27.1,Bpos:52.9,Bstd:33.4,StrandBias:-2.7,Multiplicity:1.00
0.001	0.001	0.977	0.021
0.478	0.038	0.462	0.022
0.001	0.001	0.997	0.001
0.794	0.002	0.180	0.024
0.797	0.022	0.180	0.001
0.578	0.001	0.002	0.419
0.001	0.023	0.001	0.975
0.001	0.001	0.115	0.883
0.007	0.001	0.002	0.990
0.003	0.033	0.490	0.474
>GCCTTATCTT	20-GCCTTATCTT	9.245977	-104.749037	0	T:189.0(0.84%),B:63.5(0.24%),P:1e-45	Tpos:42.7,Tstd:23.0,Bpos:50.7,Bstd:33.7,StrandBias:1.4,Multiplicity:1.01
0.051	0.019	0.856	0.074
0.001	0.913	0.083	0.003
0.029	0.936	0.004	0.031
0.001	0.015	0.003	0.981
0.001	0.001	0.001	0.997
0.883	0.001	0.030	0.086
0.001	0.001	0.028	0.970
0.001	0.989	0.001	0.009
0.001	0.115	0.001	0.883
0.084	0.055	0.029	0.832
>TTTTGCCGTT	21-TTTTGCCGTT	8.522852	-103.492894	0	T:188.0(0.83%),B:63.9(0.24%),P:1e-44	Tpos:40.3,Tstd:25.5,Bpos:45.6,Bstd:28.0,StrandBias:-0.2,Multiplicity:1.00
0.048	0.031	0.051	0.870
0.001	0.048	0.037	0.914
0.001	0.030	0.001	0.968
0.006	0.016	0.162	0.816
0.001	0.005	0.963	0.031
0.001	0.931	0.067	0.001
0.001	0.968	0.030	0.001
0.162	0.037	0.712	0.089
0.006	0.048	0.006	0.940
0.016	0.048	0.016	0.920
>GAGTCCAGAC	22-GAGTCCAGAC	10.318650	-103.271886	0	T:99.0(0.44%),B:18.2(0.07%),P:1e-44	Tpos:53.3,Tstd:24.5,Bpos:41.6,Bstd:15.7,StrandBias:0.7,Multiplicity:1.00
0.001	0.001	0.997	0.001
0.995	0.001	0.001	0.003
0.001	0.001	0.997	0.001
0.057	0.001	0.001	0.941
0.004	0.783	0.124	0.089
0.001	0.997	0.001	0.001
0.741	0.058	0.200	0.001
0.001	0.001	0.997	0.001
0.893	0.001	0.105	0.001
0.003	0.995	0.001	0.001
>CGTTYCTTTA	23-CGTTYCTTTA	10.231212	-103.118047	0	T:44.0(0.19%),B:2.4(0.01%),P:1e-44	Tpos:45.8,Tstd:28.0,Bpos:54.6,Bstd:15.7,StrandBias:1.1,Multiplicity:1.00
0.001	0.997	0.001	0.001
0.001	0.001	0.795	0.203
0.001	0.001	0.001	0.997
0.242	0.001	0.099	0.658
0.001	0.444	0.001	0.554
0.001	0.997	0.001	0.001
0.001	0.341	0.001	0.657
0.001	0.001	0.341	0.657
0.203	0.001	0.001	0.795
0.997	0.001	0.001	0.001
>ATTATAATAR	24-ATTATAATAR	8.161854	-68.539207	0	T:205.0(0.91%),B:95.7(0.36%),P:1e-29	Tpos:34.0,Tstd:20.7,Bpos:37.7,Bstd:28.0,StrandBias:0.2,Multiplicity:1.02
0.622	0.037	0.111	0.230
0.113	0.071	0.059	0.757
0.366	0.003	0.001	0.630
0.937	0.001	0.001	0.061
0.056	0.001	0.003	0.940
0.705	0.001	0.012	0.282
0.932	0.009	0.029	0.030
0.149	0.029	0.003	0.819
0.689	0.083	0.073	0.155
0.493	0.069	0.400	0.038
>ATGAATGRAT	25-ATGAATGRAT	11.545338	-45.610323	0	T:38.0(0.17%),B:6.5(0.02%),P:1e-19	Tpos:49.9,Tstd:28.8,Bpos:39.8,Bstd:26.0,StrandBias:-1.1,Multiplicity:1.00
0.997	0.001	0.001	0.001
0.001	0.001	0.001	0.997
0.001	0.001	0.743	0.255
0.997	0.001	0.001	0.001
0.984	0.014	0.001	0.001
0.001	0.001	0.001	0.997
0.001	0.001	0.743	0.255
0.460	0.001	0.538	0.001
0.997	0.001	0.001	0.001
0.001	0.001	0.001	0.997
>NBBNTWTATATA	1-NBBNTWTATATA	4.852781	-1724.647459	0	T:4770.0(21.09%),B:2213.7(8.43%),P:1e-749	Tpos:31.9,Tstd:10.8,Bpos:50.4,Bstd:37.4,StrandBias:0.0,Multiplicity:1.05
0.160	0.306	0.286	0.248
0.167	0.299	0.323	0.212
0.142	0.311	0.262	0.285
0.232	0.283	0.245	0.241
0.113	0.199	0.153	0.535
0.400	0.175	0.123	0.303
0.089	0.047	0.016	0.848
0.679	0.032	0.025	0.264
0.236	0.006	0.004	0.754
0.865	0.016	0.046	0.073
0.300	0.045	0.142	0.513
0.595	0.136	0.155	0.114
>CCCCMCCCCMCC	2-CCCCMCCCCMCC	5.339764	-1154.029501	0	T:8397.0(37.13%),B:6025.5(22.95%),P:1e-501	Tpos:56.4,Tstd:25.7,Bpos:50.4,Bstd:31.6,StrandBias:2.7,Multiplicity:1.31
0.090	0.718	0.079	0.113
0.160	0.591	0.088	0.161
0.127	0.702	0.084	0.087
0.162	0.679	0.080	0.079
0.400	0.252	0.126	0.222
0.103	0.706	0.103	0.088
0.114	0.614	0.112	0.160
0.126	0.649	0.107	0.118
0.114	0.754	0.070	0.062
0.395	0.273	0.152	0.180
0.106	0.682	0.101	0.111
0.091	0.763	0.069	0.077
>TCTCBTCTYCTC	3-TCTCBTCTYCTC	1.238726	-1039.267129	0	T:12754.0(56.40%),B:10859.3(41.35%),P:1e-451	Tpos:55.4,Tstd:25.9,Bpos:50.0,Bstd:32.8,StrandBias:1.6,Multiplicity:1.35
0.001	0.327	0.028	0.644
0.001	0.885	0.033	0.081
0.001	0.109	0.001	0.889
0.001	0.782	0.001	0.216
0.035	0.345	0.293	0.326
0.001	0.137	0.001	0.861
0.001	0.997	0.001	0.001
0.001	0.058	0.075	0.866
0.001	0.562	0.001	0.436
0.001	0.645	0.121	0.233
0.001	0.141	0.001	0.857
0.001	0.889	0.001	0.109
>CCATTCCATTCC	4-CCATTCCATTCC	6.190192	-875.009520	0	T:3798.0(16.80%),B:2156.8(8.21%),P:1e-380	Tpos:53.3,Tstd:26.6,Bpos:51.7,Bstd:29.2,StrandBias:2.3,Multiplicity:1.05
0.035	0.771	0.091	0.103
0.154	0.657	0.114	0.075
0.576	0.142	0.206	0.076
0.243	0.113	0.071	0.573
0.037	0.227	0.036	0.700
0.003	0.906	0.008	0.083
0.073	0.871	0.042	0.014
0.615	0.193	0.108	0.084
0.273	0.134	0.138	0.455
0.046	0.118	0.039	0.797
0.015	0.740	0.053	0.192
0.034	0.879	0.056	0.031
>CMAAACCCAAVC	5-CMAAACCCAAVC	6.248004	-671.764604	0	T:3537.0(15.64%),B:2158.1(8.22%),P:1e-291	Tpos:52.5,Tstd:25.7,Bpos:49.8,Bstd:30.5,StrandBias:2.0,Multiplicity:1.11
0.228	0.550	0.133	0.089
0.360	0.435	0.150	0.054
0.619	0.229	0.138	0.014
0.949	0.001	0.049	0.001
0.671	0.045	0.244	0.040
0.199	0.515	0.170	0.116
0.058	0.940	0.001	0.001
0.293	0.656	0.050	0.001
0.544	0.254	0.037	0.165
0.662	0.195	0.113	0.030
0.355	0.235	0.368	0.042
0.256	0.483	0.154	0.107
>TCACTCATCACT	6-TCACTCATCACT	6.013221	-592.725598	0	T:3263.0(14.43%),B:2018.0(7.68%),P:1e-257	Tpos:56.9,Tstd:25.3,Bpos:50.1,Bstd:28.4,StrandBias:1.7,Multiplicity:1.09
0.029	0.212	0.188	0.571
0.018	0.940	0.025	0.017
0.737	0.057	0.101	0.105
0.051	0.702	0.167	0.080
0.154	0.121	0.086	0.639
0.101	0.679	0.175	0.045
0.399	0.206	0.230	0.165
0.030	0.242	0.178	0.550
0.007	0.991	0.001	0.001
0.695	0.077	0.134	0.094
0.055	0.742	0.148	0.055
0.175	0.235	0.124	0.465
>CACACACACACA	7-CACACACACACA	5.363165	-426.338236	0	T:2971.0(13.14%),B:1981.2(7.54%),P:1e-185	Tpos:56.7,Tstd:25.3,Bpos:49.5,Bstd:29.5,StrandBias:1.8,Multiplicity:1.07
0.120	0.740	0.105	0.035
0.744	0.089	0.086	0.081
0.051	0.870	0.056	0.023
0.771	0.039	0.091	0.099
0.060	0.816	0.097	0.027
0.792	0.037	0.109	0.062
0.044	0.845	0.069	0.042
0.728	0.038	0.101	0.133
0.056	0.848	0.064	0.032
0.776	0.058	0.109	0.057
0.071	0.799	0.099	0.031
0.386	0.228	0.203	0.183
>CGCATCGCATCC	8-CGCATCGCATCC	9.838518	-230.176681	0	T:246.0(1.09%),B:50.7(0.19%),P:1e-99	Tpos:55.9,Tstd:27.1,Bpos:45.7,Bstd:25.0,StrandBias:2.0,Multiplicity:1.01
0.021	0.833	0.094	0.052
0.001	0.065	0.924	0.010
0.020	0.969	0.001	0.010
0.766	0.127	0.097	0.010
0.081	0.190	0.148	0.581
0.010	0.958	0.031	0.001
0.021	0.029	0.949	0.001
0.031	0.937	0.031	0.001
0.864	0.073	0.052	0.011
0.081	0.134	0.289	0.496
0.052	0.771	0.125	0.052
0.032	0.709	0.187	0.072
>CWKAAACCCTAG	9-CWKAAACCCTAG	10.354949	-213.715838	0	T:225.0(1.00%),B:45.6(0.17%),P:1e-92	Tpos:47.4,Tstd:26.7,Bpos:66.3,Bstd:32.5,StrandBias:0.3,Multiplicity:1.01
0.036	0.813	0.083	0.068
0.480	0.034	0.088	0.398
0.280	0.001	0.431	0.287
0.894	0.002	0.034	0.070
0.997	0.001	0.001	0.001
0.997	0.001	0.001	0.001
0.001	0.931	0.067	0.001
0.035	0.930	0.034	0.001
0.001	0.997	0.001	0.001
0.034	0.001	0.034	0.931
0.540	0.262	0.034	0.164
0.001	0.001	0.997	0.001
>TGCWSTGCWSTG	10-TGCWSTGCWSTG	8.194740	-200.984470	0	T:723.0(3.20%),B:365.0(1.39%),P:1e-87	Tpos:56.7,Tstd:26.6,Bpos:46.0,Bstd:29.1,StrandBias:-0.5,Multiplicity:1.02
0.065	0.065	0.059	0.811
0.001	0.001	0.983	0.015
0.001	0.838	0.108	0.053
0.388	0.097	0.110	0.405
0.016	0.434	0.407	0.143
0.016	0.051	0.041	0.892
0.001	0.038	0.956	0.005
0.001	0.951	0.001	0.047
0.373	0.139	0.128	0.361
0.008	0.370	0.487	0.135
0.144	0.278	0.069	0.509
0.001	0.229	0.658	0.112
>ASTCCRGACTCC	11-ASTCCRGACTCC	8.715224	-193.931873	0	T:161.0(0.71%),B:25.0(0.10%),P:1e-84	Tpos:56.8,Tstd:25.2,Bpos:52.3,Bstd:31.8,StrandBias:1.0,Multiplicity:1.03
0.443	0.242	0.207	0.108
0.002	0.457	0.441	0.099
0.007	0.100	0.162	0.731
0.008	0.844	0.002	0.146
0.019	0.598	0.116	0.267
0.277	0.210	0.404	0.108
0.151	0.311	0.537	0.001
0.567	0.172	0.163	0.098
0.032	0.570	0.328	0.070
0.120	0.002	0.064	0.814
0.001	0.775	0.220	0.004
0.043	0.604	0.124	0.229
>CTGCCTGCCTGC	12-CTGCCTGCCTGC	8.389771	-187.563222	0	T:832.0(3.68%),B:462.3(1.76%),P:1e-81	Tpos:52.6,Tstd:26.4,Bpos:50.5,Bstd:30.1,StrandBias:0.1,Multiplicity:1.02
0.039	0.762	0.184	0.015
0.097	0.152	0.039	0.712
0.001	0.019	0.956	0.024
0.042	0.715	0.238	0.005
0.042	0.765	0.063	0.130
0.134	0.077	0.173	0.616
0.001	0.067	0.897	0.035
0.019	0.716	0.255	0.010
0.001	0.883	0.024	0.092
0.127	0.061	0.179	0.633
0.030	0.250	0.698	0.022
0.010	0.736	0.118	0.136
>GCCTACAAATAC	13-GCCTACAAATAC	10.356346	-185.097778	0	T:88.0(0.39%),B:5.5(0.02%),P:1e-80	Tpos:34.6,Tstd:14.7,Bpos:48.4,Bstd:12.7,StrandBias:3.2,Multiplicity:1.00
0.049	0.004	0.747	0.200
0.090	0.785	0.066	0.059
0.045	0.626	0.090	0.239
0.001	0.001	0.001	0.997
0.997	0.001	0.001	0.001
0.001	0.929	0.001	0.069
0.954	0.001	0.001	0.044
0.997	0.001	0.001	0.001
0.691	0.004	0.304	0.001
0.001	0.001	0.001	0.997
0.860	0.138	0.001	0.001
0.045	0.812	0.098	0.045
>CGATTCGTTTCG	14-CGATTCGTTTCG	8.069641	-173.259675	0	T:363.0(1.61%),B:134.5(0.51%),P:1e-75	Tpos:54.7,Tstd:26.0,Bpos:50.2,Bstd:27.7,StrandBias:-0.5,Multiplicity:1.00
0.029	0.744	0.141	0.086
0.053	0.140	0.759	0.048
0.594	0.120	0.151	0.135
0.022	0.077	0.131	0.770
0.007	0.065	0.046	0.882
0.022	0.692	0.125	0.161
0.104	0.045	0.807	0.044
0.120	0.133	0.077	0.670
0.010	0.043	0.141	0.806
0.002	0.108	0.154	0.736
0.029	0.780	0.135	0.056
0.029	0.118	0.778	0.075
>TTGCGAGTTGCG	15-TTGCGAGTTGCG	11.019937	-166.645632	0	T:70.0(0.31%),B:3.1(0.01%),P:1e-72	Tpos:56.6,Tstd:27.3,Bpos:34.0,Bstd:0.0,StrandBias:-0.7,Multiplicity:1.03
0.025	0.040	0.040	0.895
0.020	0.187	0.044	0.749
0.001	0.010	0.979	0.010
0.029	0.698	0.097	0.176
0.077	0.015	0.853	0.055
0.867	0.044	0.030	0.059
0.040	0.030	0.890	0.040
0.020	0.049	0.035	0.896
0.020	0.201	0.078	0.701
0.005	0.029	0.956	0.010
0.035	0.707	0.087	0.171
0.087	0.020	0.822	0.071
>GCTAGCTAGCTA	16-GCTAGCTAGCTA	7.961181	-125.960518	0	T:433.0(1.91%),B:214.9(0.82%),P:1e-54	Tpos:60.0,Tstd:25.8,Bpos:51.0,Bstd:28.5,StrandBias:-0.2,Multiplicity:1.04
0.085	0.075	0.773	0.067
0.063	0.801	0.091	0.045
0.133	0.108	0.112	0.647
0.695	0.083	0.094	0.128
0.042	0.045	0.871	0.042
0.038	0.881	0.046	0.035
0.117	0.089	0.075	0.719
0.687	0.095	0.082	0.136
0.040	0.044	0.868	0.048
0.051	0.817	0.061	0.071
0.122	0.090	0.129	0.659
0.585	0.140	0.161	0.114
>GTCGCAGCCGCA	17-GTCGCAGCCGCA	12.140674	-123.033117	0	T:50.0(0.22%),B:2.0(0.01%),P:1e-53	Tpos:61.7,Tstd:23.0,Bpos:0.0,Bstd:0.0,StrandBias:1.8,Multiplicity:1.00
0.001	0.362	0.636	0.001
0.001	0.001	0.106	0.892
0.052	0.946	0.001	0.001
0.001	0.001	0.997	0.001
0.057	0.889	0.053	0.001
0.840	0.053	0.001	0.106
0.001	0.001	0.946	0.052
0.053	0.742	0.204	0.001
0.075	0.871	0.001	0.053
0.053	0.053	0.893	0.001
0.001	0.997	0.001	0.001
0.934	0.064	0.001	0.001
>TASTASTASTAG	18-TASTASTASTAG	7.108817	-120.958624	0	T:520.0(2.30%),B:286.0(1.09%),P:1e-52	Tpos:47.2,Tstd:24.3,Bpos:48.0,Bstd:24.5,StrandBias:0.0,Multiplicity:1.04
0.091	0.149	0.108	0.652
0.735	0.052	0.118	0.095
0.039	0.490	0.452	0.019
0.057	0.214	0.005	0.724
0.819	0.041	0.090	0.050
0.010	0.495	0.482	0.013
0.074	0.147	0.001	0.778
0.841	0.003	0.099	0.057
0.002	0.437	0.538	0.023
0.088	0.242	0.052	0.618
0.725	0.042	0.141	0.092
0.040	0.312	0.599	0.049
>ATCCATCCATCC	19-ATCCATCCATCC	9.187687	-114.704375	0	T:97.0(0.43%),B:15.6(0.06%),P:1e-49	Tpos:55.8,Tstd:25.6,Bpos:38.3,Bstd:18.6,StrandBias:2.5,Multiplicity:1.00
0.972	0.001	0.026	0.001
0.027	0.009	0.001	0.963
0.001	0.981	0.009	0.009
0.026	0.972	0.001	0.001
0.990	0.008	0.001	0.001
0.001	0.008	0.001	0.990
0.001	0.997	0.001	0.001
0.027	0.963	0.009	0.001
0.997	0.001	0.001	0.001
0.001	0.050	0.027	0.922
0.001	0.997	0.001	0.001
0.291	0.604	0.078	0.027
>AGCAGCCAGCAA	20-AGCAGCCAGCAA	12.276988	-75.490551	0	T:55.0(0.24%),B:7.1(0.03%),P:1e-32	Tpos:57.3,Tstd:28.2,Bpos:53.7,Bstd:24.6,StrandBias:0.6,Multiplicity:1.00
0.997	0.001	0.001	0.001
0.001	0.001	0.997	0.001
0.001	0.960	0.038	0.001
0.886	0.038	0.038	0.038
0.109	0.001	0.852	0.038
0.038	0.960	0.001	0.001
0.018	0.943	0.038	0.001
0.923	0.038	0.038	0.001
0.001	0.038	0.960	0.001
0.001	0.960	0.038	0.001
0.644	0.001	0.038	0.317
0.905	0.038	0.056	0.001
>AAAGCAAGCGGA	21-AAAGCAAGCGGA	10.197586	-71.747294	0	T:43.0(0.19%),B:4.0(0.02%),P:1e-31	Tpos:47.7,Tstd:23.7,Bpos:44.9,Bstd:25.6,StrandBias:0.2,Multiplicity:1.03
0.794	0.073	0.061	0.072
0.807	0.048	0.073	0.072
0.866	0.061	0.061	0.012
0.036	0.015	0.901	0.048
0.072	0.843	0.084	0.001
0.816	0.012	0.087	0.085
0.927	0.048	0.024	0.001
0.048	0.111	0.840	0.001
0.012	0.889	0.072	0.027
0.064	0.061	0.775	0.100
0.102	0.114	0.783	0.001
0.769	0.085	0.061	0.085
>ATTGCCATTGCC	22-ATTGCCATTGCC	11.035541	-66.751544	0	T:37.0(0.16%),B:3.1(0.01%),P:1e-28	Tpos:55.5,Tstd:27.0,Bpos:33.0,Bstd:25.0,StrandBias:0.2,Multiplicity:1.00
0.646	0.146	0.101	0.107
0.074	0.058	0.050	0.818
0.042	0.033	0.034	0.891
0.008	0.075	0.860	0.057
0.017	0.932	0.017	0.034
0.024	0.901	0.033	0.042
0.769	0.058	0.147	0.026
0.059	0.089	0.050	0.802
0.017	0.064	0.093	0.826
0.042	0.042	0.825	0.091
0.042	0.891	0.033	0.034
0.058	0.859	0.050	0.033
>CCAACCAACCAG	23-CCAACCAACCAG	11.203269	-62.797603	0	T:52.0(0.23%),B:9.0(0.03%),P:1e-27	Tpos:50.7,Tstd:27.8,Bpos:43.3,Bstd:21.6,StrandBias:2.5,Multiplicity:1.00
0.095	0.697	0.089	0.119
0.153	0.757	0.089	0.001
0.726	0.125	0.001	0.148
0.792	0.001	0.206	0.001
0.001	0.815	0.118	0.066
0.001	0.904	0.029	0.066
0.969	0.001	0.029	0.001
0.844	0.001	0.089	0.066
0.001	0.874	0.059	0.066
0.001	0.909	0.089	0.001
0.909	0.001	0.001	0.089
0.062	0.039	0.804	0.095
>CGGCTCGCCTCT	24-CGGCTCGCCTCT	10.409522	-44.798420	0	T:56.0(0.25%),B:14.3(0.05%),P:1e-19	Tpos:59.9,Tstd:26.9,Bpos:53.0,Bstd:22.5,StrandBias:0.7,Multiplicity:1.00
0.100	0.700	0.100	0.100
0.100	0.100	0.700	0.100
0.100	0.100	0.700	0.100
0.100	0.700	0.100	0.100
0.100	0.100	0.100	0.700
0.100	0.700	0.100	0.100
0.100	0.100	0.700	0.100
0.100	0.700	0.100	0.100
0.100	0.700	0.100	0.100
0.100	0.100	0.100	0.700
0.100	0.700	0.100	0.100
0.100	0.100	0.100	0.700
>TGCTAGACTGCT	25-TGCTAGACTGCT	10.596443	-29.586175	0	T:59.0(0.26%),B:22.9(0.09%),P:1e-12	Tpos:57.1,Tstd:25.9,Bpos:52.1,Bstd:33.9,StrandBias:-0.8,Multiplicity:1.00
0.059	0.047	0.068	0.826
0.023	0.057	0.874	0.046
0.023	0.860	0.047	0.070
0.057	0.034	0.057	0.852
0.636	0.103	0.146	0.115
0.047	0.081	0.813	0.059
0.767	0.101	0.059	0.073
0.023	0.920	0.034	0.023
0.034	0.024	0.057	0.885
0.034	0.011	0.944	0.011
0.047	0.805	0.091	0.057
0.046	0.080	0.034	0.840
>TATATA	1-TATATA	5.394986	-1566.116845	0	T:4333.0(19.16%),B:1997.4(7.61%),P:1e-680	Tpos:31.5,Tstd:11.0,Bpos:49.9,Bstd:39.4,StrandBias:-0.4,Multiplicity:1.16
0.001	0.038	0.001	0.960
0.662	0.001	0.001	0.336
0.090	0.023	0.001	0.886
0.997	0.001	0.001	0.001
0.001	0.020	0.033	0.946
0.997	0.001	0.001	0.001
>CCACTC	2-CCACTC	3.905435	-737.598986	0	T:15074.0(66.66%),B:14214.9(54.13%),P:1e-320	Tpos:54.6,Tstd:27.4,Bpos:50.1,Bstd:32.6,StrandBias:1.9,Multiplicity:1.78
0.001	0.877	0.001	0.121
0.001	0.997	0.001	0.001
0.760	0.001	0.063	0.176
0.057	0.760	0.116	0.067
0.089	0.104	0.001	0.806
0.001	0.997	0.001	0.001
>GADRCG	3-GADRCG	4.582010	-650.065097	0	T:12780.0(56.52%),B:11709.0(44.59%),P:1e-282	Tpos:53.8,Tstd:27.6,Bpos:49.8,Bstd:31.8,StrandBias:-1.1,Multiplicity:1.46
0.001	0.068	0.930	0.001
0.756	0.242	0.001	0.001
0.306	0.069	0.245	0.380
0.443	0.001	0.555	0.001
0.249	0.626	0.001	0.124
0.001	0.001	0.997	0.001
>CCCGTC	4-CCCGTC	4.374882	-543.080015	0	T:9796.0(43.32%),B:8623.3(32.84%),P:1e-235	Tpos:51.9,Tstd:28.4,Bpos:49.9,Bstd:31.3,StrandBias:1.7,Multiplicity:1.27
0.001	0.882	0.001	0.116
0.001	0.997	0.001	0.001
0.001	0.997	0.001	0.001
0.208	0.001	0.790	0.001
0.001	0.187	0.001	0.811
0.001	0.997	0.001	0.001
>AAACCC	5-AAACCC	8.019053	-440.630754	0	T:2244.0(9.92%),B:1333.9(5.08%),P:1e-191	Tpos:53.0,Tstd:26.1,Bpos:49.8,Bstd:33.8,StrandBias:2.0,Multiplicity:1.10
0.997	0.001	0.001	0.001
0.997	0.001	0.001	0.001
0.997	0.001	0.001	0.001
0.245	0.753	0.001	0.001
0.001	0.997	0.001	0.001
0.001	0.997	0.001	0.001
>TTGCTT	6-TTGCTT	4.468729	-336.271922	0	T:7268.0(32.14%),B:6444.0(24.54%),P:1e-146	Tpos:50.7,Tstd:27.3,Bpos:50.5,Bstd:32.9,StrandBias:-0.1,Multiplicity:1.30
0.001	0.001	0.001	0.997
0.001	0.138	0.001	0.860
0.001	0.142	0.749	0.108
0.001	0.822	0.176	0.001
0.001	0.001	0.001	0.997
0.001	0.001	0.001	0.997
>CGAGAG	7-CGAGAG	6.551133	-279.390388	0	T:4012.0(17.74%),B:3236.9(12.33%),P:1e-121	Tpos:55.2,Tstd:27.9,Bpos:50.4,Bstd:32.1,StrandBias:-0.3,Multiplicity:1.06
0.001	0.997	0.001	0.001
0.001	0.001	0.997	0.001
0.997	0.001	0.001	0.001
0.001	0.001	0.997	0.001
0.744	0.001	0.001	0.254
0.001	0.317	0.681	0.001
>GCTGTG	8-GCTGTG	5.478694	-279.181471	0	T:5929.0(26.22%),B:5193.7(19.78%),P:1e-121	Tpos:54.3,Tstd:27.9,Bpos:49.7,Bstd:30.8,StrandBias:-1.1,Multiplicity:1.15
0.001	0.001	0.997	0.001
0.001	0.997	0.001	0.001
0.251	0.001	0.205	0.543
0.001	0.001	0.997	0.001
0.001	0.001	0.001	0.997
0.109	0.001	0.889	0.001
>TSCCST	9-TSCCST	5.542536	-249.539569	0	T:4650.0(20.56%),B:3953.9(15.06%),P:1e-108	Tpos:52.0,Tstd:27.6,Bpos:49.7,Bstd:32.1,StrandBias:0.9,Multiplicity:1.08
0.073	0.001	0.001	0.925
0.074	0.414	0.400	0.111
0.147	0.692	0.160	0.001
0.001	0.742	0.097	0.160
0.095	0.357	0.400	0.147
0.001	0.110	0.001	0.888
>YCAGTC	10-YCAGTC	5.523351	-236.593490	0	T:2770.0(12.25%),B:2120.0(8.07%),P:1e-102	Tpos:52.0,Tstd:26.9,Bpos:50.8,Bstd:28.8,StrandBias:0.8,Multiplicity:1.06
0.001	0.570	0.001	0.428
0.005	0.653	0.001	0.341
0.722	0.001	0.201	0.076
0.207	0.001	0.695	0.097
0.001	0.189	0.001	0.809
0.001	0.775	0.001	0.223
>CGCCGC	11-CGCCGC	1.236649	-222.860879	0	T:8515.0(37.66%),B:8167.2(31.10%),P:1e-96	Tpos:57.0,Tstd:28.8,Bpos:50.3,Bstd:33.3,StrandBias:0.1,Multiplicity:1.40
0.135	0.698	0.166	0.001
0.001	0.001	0.997	0.001
0.001	0.997	0.001	0.001
0.001	0.851	0.147	0.001
0.001	0.001	0.997	0.001
0.001	0.997	0.001	0.001
>TTTTAT	12-TTTTAT	7.264284	-210.605352	0	T:3310.0(14.64%),B:2705.0(10.30%),P:1e-91	Tpos:40.2,Tstd:25.1,Bpos:50.2,Bstd:37.3,StrandBias:-0.3,Multiplicity:1.06
0.001	0.001	0.001	0.997
0.001	0.001	0.001	0.997
0.001	0.001	0.001	0.997
0.001	0.001	0.001	0.997
0.644	0.354	0.001	0.001
0.001	0.001	0.001	0.997
>GCCTGC	13-GCCTGC	5.597970	-209.203845	0	T:4754.0(21.02%),B:4175.6(15.90%),P:1e-90	Tpos:51.8,Tstd:27.6,Bpos:49.7,Bstd:30.7,StrandBias:0.0,Multiplicity:1.16
0.001	0.001	0.997	0.001
0.143	0.855	0.001	0.001
0.001	0.997	0.001	0.001
0.001	0.001	0.001	0.997
0.090	0.001	0.908	0.001
0.001	0.864	0.001	0.134
>ARWCGA	14-ARWCGA	5.872469	-198.039498	0	T:4795.0(21.20%),B:4252.8(16.19%),P:1e-86	Tpos:49.6,Tstd:27.8,Bpos:50.1,Bstd:31.9,StrandBias:0.2,Multiplicity:1.09
0.997	0.001	0.001	0.001
0.556	0.001	0.442	0.001
0.566	0.001	0.001	0.432
0.001	0.997	0.001	0.001
0.278	0.001	0.720	0.001
0.997	0.001	0.001	0.001
>CACACA	15-CACACA	6.294271	-188.017759	0	T:3624.0(16.03%),B:3078.5(11.72%),P:1e-81	Tpos:53.6,Tstd:27.6,Bpos:49.9,Bstd:30.2,StrandBias:1.4,Multiplicity:1.13
0.001	0.997	0.001	0.001
0.997	0.001	0.001	0.001
0.001	0.997	0.001	0.001
0.837	0.001	0.161	0.001
0.001	0.997	0.001	0.001
0.831	0.001	0.001	0.167
>AACGCA	16-AACGCA	7.081963	-164.384999	0	T:2101.0(9.29%),B:1632.3(6.22%),P:1e-71	Tpos:51.2,Tstd:28.1,Bpos:50.4,Bstd:31.6,StrandBias:1.4,Multiplicity:1.05
0.997	0.001	0.001	0.001
0.997	0.001	0.001	0.001
0.001	0.997	0.001	0.001
0.001	0.295	0.703	0.001
0.001	0.997	0.001	0.001
0.997	0.001	0.001	0.001
>CCACCA	17-CCACCA	6.177716	-124.450391	0	T:2896.0(12.81%),B:2527.0(9.62%),P:1e-54	Tpos:54.6,Tstd:27.8,Bpos:48.8,Bstd:30.1,StrandBias:1.7,Multiplicity:1.19
0.100	0.700	0.100	0.100
0.100	0.700	0.100	0.100
0.700	0.100	0.100	0.100
0.100	0.700	0.100	0.100
0.100	0.700	0.100	0.100
0.700	0.100	0.100	0.100
>BTAKTA	18-BTAKTA	5.256211	-122.234102	0	T:2420.0(10.70%),B:2051.4(7.81%),P:1e-53	Tpos:41.8,Tstd:25.2,Bpos:49.7,Bstd:33.1,StrandBias:-0.2,Multiplicity:1.25
0.117	0.358	0.227	0.298
0.001	0.199	0.001	0.799
0.997	0.001	0.001	0.001
0.117	0.202	0.383	0.298
0.001	0.199	0.001	0.799
0.846	0.152	0.001	0.001
>TTWAAA	19-TTWAAA	7.298036	-62.309103	0	T:995.0(4.40%),B:807.4(3.07%),P:1e-27	Tpos:31.5,Tstd:18.0,Bpos:50.1,Bstd:38.1,StrandBias:0.3,Multiplicity:1.02
0.001	0.016	0.001	0.982
0.019	0.001	0.001	0.979
0.466	0.104	0.001	0.429
0.896	0.002	0.101	0.001
0.979	0.001	0.001	0.019
0.997	0.001	0.001	0.001
>AGCTAG	20-AGCTAG	6.177716	-24.327291	0	T:1357.0(6.00%),B:1319.0(5.02%),P:1e-10	Tpos:56.3,Tstd:28.5,Bpos:50.2,Bstd:31.2,StrandBias:-0.1,Multiplicity:1.26
0.700	0.100	0.100	0.100
0.100	0.100	0.700	0.100
0.100	0.700	0.100	0.100
0.100	0.100	0.100	0.700
0.700	0.100	0.100	0.100
0.100	0.100	0.700	0.100
>CMTATATA	1-CMTATATA	4.696526	-1617.812036	0	T:3208.0(14.19%),B:1179.1(4.49%),P:1e-702	Tpos:31.5,Tstd:9.8,Bpos:49.5,Bstd:38.8,StrandBias:0.4,Multiplicity:1.04
0.001	0.512	0.311	0.176
0.426	0.549	0.024	0.001
0.001	0.001	0.001	0.997
0.848	0.001	0.001	0.150
0.001	0.001	0.001	0.997
0.997	0.001	0.001	0.001
0.080	0.001	0.001	0.918
0.997	0.001	0.001	0.001
>GGGATKGG	2-GGGATKGG	4.938956	-1264.330703	0	T:10935.0(48.36%),B:8468.1(32.25%),P:1e-549	Tpos:54.1,Tstd:26.7,Bpos:49.9,Bstd:31.8,StrandBias:-2.4,Multiplicity:1.58
0.001	0.094	0.633	0.272
0.108	0.001	0.890	0.001
0.314	0.001	0.684	0.001
0.737	0.001	0.105	0.157
0.144	0.139	0.256	0.461
0.001	0.098	0.515	0.386
0.029	0.001	0.969	0.001
0.222	0.001	0.776	0.001
>WTAWRTAG	3-WTAWRTAG	5.658163	-1199.567870	0	T:3761.0(16.63%),B:1837.1(7.00%),P:1e-520	Tpos:34.7,Tstd:18.7,Bpos:51.8,Bstd:35.5,StrandBias:-0.6,Multiplicity:1.06
0.319	0.001	0.222	0.458
0.001	0.202	0.001	0.796
0.621	0.044	0.001	0.334
0.430	0.001	0.217	0.352
0.480	0.001	0.401	0.119
0.275	0.001	0.001	0.723
0.916	0.002	0.001	0.081
0.349	0.096	0.554	0.001
>GAGRSGRG	4-GAGRSGRG	4.653935	-969.153215	0	T:11080.0(49.00%),B:9127.7(34.76%),P:1e-420	Tpos:55.9,Tstd:26.8,Bpos:50.6,Bstd:33.2,StrandBias:-1.7,Multiplicity:1.39
0.152	0.010	0.820	0.018
0.684	0.215	0.004	0.097
0.206	0.024	0.680	0.090
0.506	0.072	0.366	0.056
0.139	0.386	0.342	0.132
0.294	0.043	0.606	0.057
0.376	0.170	0.337	0.117
0.245	0.175	0.530	0.050
>TCCRSTCC	5-TCCRSTCC	2.329910	-810.695815	0	T:6477.0(28.64%),B:4662.6(17.76%),P:1e-352	Tpos:53.2,Tstd:28.3,Bpos:50.6,Bstd:31.0,StrandBias:1.3,Multiplicity:1.08
0.001	0.001	0.395	0.603
0.001	0.820	0.001	0.178
0.001	0.997	0.001	0.001
0.423	0.225	0.351	0.001
0.001	0.482	0.490	0.027
0.001	0.001	0.001	0.997
0.001	0.997	0.001	0.001
0.001	0.997	0.001	0.001
>CACCGCAC	6-CACCGCAC	5.760384	-509.874320	0	T:3491.0(15.44%),B:2327.1(8.86%),P:1e-221	Tpos:55.3,Tstd:27.2,Bpos:50.3,Bstd:31.2,StrandBias:1.6,Multiplicity:1.13
0.001	0.977	0.001	0.021
0.976	0.001	0.001	0.022
0.017	0.972	0.001	0.010
0.221	0.584	0.105	0.090
0.075	0.030	0.883	0.012
0.009	0.989	0.001	0.001
0.858	0.042	0.038	0.062
0.030	0.929	0.021	0.020
>AAGMAAAS	7-AAGMAAAS	4.938099	-498.734344	0	T:6690.0(29.58%),B:5441.1(20.72%),P:1e-216	Tpos:50.1,Tstd:26.6,Bpos:50.2,Bstd:32.9,StrandBias:0.1,Multiplicity:1.25
0.919	0.056	0.014	0.011
0.789	0.109	0.041	0.061
0.152	0.172	0.550	0.126
0.372	0.382	0.229	0.017
0.671	0.081	0.118	0.130
0.810	0.063	0.104	0.023
0.515	0.222	0.200	0.063
0.132	0.414	0.431	0.024
>AAAMCCCA	8-AAAMCCCA	6.085979	-483.213052	0	T:1746.0(7.72%),B:891.2(3.39%),P:1e-209	Tpos:51.0,Tstd:26.3,Bpos:50.4,Bstd:34.6,StrandBias:1.4,Multiplicity:1.05
0.751	0.026	0.090	0.133
0.779	0.126	0.033	0.062
0.873	0.084	0.019	0.024
0.369	0.457	0.089	0.085
0.068	0.654	0.185	0.093
0.110	0.687	0.119	0.084
0.094	0.594	0.064	0.248
0.553	0.059	0.060	0.328
>ATAAATAC	9-ATAAATAC	7.689538	-435.453945	0	T:816.0(3.61%),B:278.7(1.06%),P:1e-189	Tpos:34.8,Tstd:16.4,Bpos:50.5,Bstd:33.6,StrandBias:0.6,Multiplicity:1.02
0.747	0.001	0.001	0.251
0.001	0.001	0.001	0.997
0.997	0.001	0.001	0.001
0.829	0.112	0.001	0.058
0.856	0.001	0.142	0.001
0.001	0.001	0.001	0.997
0.910	0.001	0.088	0.001
0.001	0.997	0.001	0.001
>GTGTGTGT	10-GTGTGTGT	4.618921	-428.180931	0	T:5637.0(24.93%),B:4526.3(17.24%),P:1e-185	Tpos:53.1,Tstd:26.6,Bpos:49.9,Bstd:30.4,StrandBias:-1.7,Multiplicity:1.18
0.017	0.104	0.810	0.069
0.099	0.095	0.118	0.688
0.058	0.088	0.798	0.056
0.120	0.146	0.033	0.701
0.040	0.062	0.862	0.036
0.185	0.067	0.110	0.638
0.071	0.095	0.762	0.072
0.121	0.064	0.074	0.741
>GCAGCCGC	11-GCAGCCGC	5.478638	-400.605810	0	T:5936.0(26.25%),B:4890.6(18.62%),P:1e-173	Tpos:58.0,Tstd:27.3,Bpos:50.0,Bstd:31.9,StrandBias:0.7,Multiplicity:1.18
0.030	0.046	0.908	0.016
0.001	0.984	0.001	0.014
0.679	0.284	0.036	0.001
0.001	0.001	0.965	0.033
0.025	0.853	0.034	0.088
0.150	0.767	0.023	0.060
0.001	0.001	0.997	0.001
0.001	0.966	0.022	0.011
>TCGAHTCG	12-TCGAHTCG	6.848794	-306.725144	0	T:2170.0(9.60%),B:1443.7(5.50%),P:1e-133	Tpos:53.0,Tstd:27.9,Bpos:49.1,Bstd:29.2,StrandBias:0.8,Multiplicity:1.07
0.001	0.389	0.001	0.609
0.001	0.956	0.042	0.001
0.001	0.001	0.997	0.001
0.572	0.206	0.001	0.221
0.383	0.241	0.001	0.375
0.001	0.316	0.001	0.682
0.001	0.997	0.001	0.001
0.001	0.001	0.997	0.001
>CACTCGCT	13-CACTCGCT	6.636148	-242.853856	0	T:1465.0(6.48%),B:919.5(3.50%),P:1e-105	Tpos:56.1,Tstd:27.5,Bpos:50.7,Bstd:32.1,StrandBias:1.3,Multiplicity:1.06
0.028	0.970	0.001	0.001
0.683	0.001	0.186	0.130
0.001	0.997	0.001	0.001
0.001	0.001	0.001	0.997
0.019	0.953	0.027	0.001
0.060	0.001	0.888	0.051
0.001	0.934	0.014	0.051
0.078	0.067	0.081	0.774
>CCTTATCC	14-CCTTATCC	8.257553	-221.618422	0	T:598.0(2.64%),B:259.3(0.99%),P:1e-96	Tpos:43.8,Tstd:25.1,Bpos:53.1,Bstd:33.5,StrandBias:1.7,Multiplicity:1.02
0.001	0.578	0.219	0.202
0.001	0.861	0.137	0.001
0.001	0.001	0.001	0.997
0.001	0.051	0.001	0.947
0.936	0.001	0.001	0.062
0.001	0.001	0.001	0.997
0.001	0.997	0.001	0.001
0.001	0.846	0.001	0.152
>ACCACCAC	15-ACCACCAC	8.379717	-219.408274	0	T:892.0(3.94%),B:478.0(1.82%),P:1e-95	Tpos:54.0,Tstd:27.0,Bpos:50.2,Bstd:27.8,StrandBias:1.9,Multiplicity:1.02
0.806	0.192	0.001	0.001
0.001	0.997	0.001	0.001
0.001	0.914	0.084	0.001
0.997	0.001	0.001	0.001
0.001	0.997	0.001	0.001
0.001	0.997	0.001	0.001
0.997	0.001	0.001	0.001
0.001	0.997	0.001	0.001
>TGCCTGCC	16-TGCCTGCC	7.382109	-174.459014	0	T:1066.0(4.71%),B:670.2(2.55%),P:1e-75	Tpos:54.8,Tstd:27.2,Bpos:49.5,Bstd:31.0,StrandBias:0.2,Multiplicity:1.14
0.001	0.001	0.001	0.997
0.001	0.001	0.997	0.001
0.001	0.997	0.001	0.001
0.001	0.741	0.001	0.257
0.001	0.001	0.001	0.997
0.001	0.001	0.946	0.052
0.001	0.997	0.001	0.001
0.001	0.646	0.001	0.352
>GCAGTGCA	17-GCAGTGCA	7.159971	-160.595715	0	T:1288.0(5.70%),B:884.2(3.37%),P:1e-69	Tpos:54.5,Tstd:27.8,Bpos:48.6,Bstd:30.5,StrandBias:0.0,Multiplicity:1.07
0.001	0.001	0.997	0.001
0.001	0.997	0.001	0.001
0.989	0.001	0.001	0.009
0.089	0.152	0.680	0.079
0.214	0.140	0.047	0.599
0.001	0.053	0.945	0.001
0.010	0.976	0.013	0.001
0.948	0.001	0.038	0.013
>GATGGATG	18-GATGGATG	7.930082	-156.153696	0	T:762.0(3.37%),B:440.5(1.68%),P:1e-67	Tpos:52.8,Tstd:28.2,Bpos:49.6,Bstd:23.0,StrandBias:-1.5,Multiplicity:1.03
0.001	0.001	0.919	0.079
0.883	0.115	0.001	0.001
0.001	0.094	0.001	0.904
0.001	0.098	0.807	0.094
0.001	0.001	0.997	0.001
0.997	0.001	0.001	0.001
0.001	0.001	0.001	0.997
0.001	0.157	0.841	0.001
>CGCAACKC	19-CGCAACKC	9.085631	-135.319530	0	T:445.0(1.97%),B:215.2(0.82%),P:1e-58	Tpos:54.3,Tstd:26.0,Bpos:46.5,Bstd:28.7,StrandBias:1.1,Multiplicity:1.02
0.001	0.997	0.001	0.001
0.001	0.001	0.997	0.001
0.001	0.997	0.001	0.001
0.708	0.290	0.001	0.001
0.905	0.001	0.001	0.093
0.001	0.997	0.001	0.001
0.001	0.001	0.477	0.521
0.001	0.997	0.001	0.001
>GTATAAAA	20-GTATAAAA	8.664215	-120.854667	0	T:306.0(1.35%),B:128.3(0.49%),P:1e-52	Tpos:32.1,Tstd:13.4,Bpos:48.5,Bstd:35.9,StrandBias:1.6,Multiplicity:1.00
0.001	0.001	0.997	0.001
0.001	0.001	0.001	0.997
0.997	0.001	0.001	0.001
0.001	0.001	0.001	0.997
0.997	0.001	0.001	0.001
0.857	0.141	0.001	0.001
0.997	0.001	0.001	0.001
0.893	0.001	0.001	0.105
>ACTAGTAG	21-ACTAGTAG	7.306388	-112.132901	0	T:693.0(3.06%),B:437.1(1.66%),P:1e-48	Tpos:45.0,Tstd:25.5,Bpos:47.4,Bstd:26.6,StrandBias:-0.2,Multiplicity:1.03
0.617	0.001	0.346	0.036
0.001	0.633	0.365	0.001
0.001	0.001	0.001	0.997
0.997	0.001	0.001	0.001
0.001	0.287	0.711	0.001
0.001	0.103	0.001	0.895
0.859	0.139	0.001	0.001
0.071	0.266	0.662	0.001
>TAGCTAGC	22-TAGCTAGC	6.724382	-103.251098	0	T:621.0(2.75%),B:388.0(1.48%),P:1e-44	Tpos:56.9,Tstd:28.3,Bpos:50.7,Bstd:29.0,StrandBias:0.2,Multiplicity:1.14
0.001	0.103	0.001	0.895
0.997	0.001	0.001	0.001
0.035	0.001	0.963	0.001
0.001	0.997	0.001	0.001
0.001	0.001	0.001	0.997
0.997	0.001	0.001	0.001
0.001	0.001	0.997	0.001
0.084	0.785	0.001	0.130
>TATTATAA	23-TATTATAA	7.215955	-97.312944	0	T:489.0(2.16%),B:287.0(1.09%),P:1e-42	Tpos:34.8,Tstd:20.8,Bpos:49.6,Bstd:33.8,StrandBias:0.2,Multiplicity:1.02
0.001	0.299	0.001	0.699
0.604	0.104	0.291	0.001
0.001	0.001	0.001	0.997
0.325	0.001	0.001	0.673
0.844	0.001	0.001	0.154
0.001	0.001	0.001	0.997
0.878	0.001	0.001	0.120
0.997	0.001	0.001	0.001
>GAAAGCGA	24-GAAAGCGA	8.236954	-58.256030	0	T:160.0(0.71%),B:71.5(0.27%),P:1e-25	Tpos:52.0,Tstd:29.5,Bpos:49.4,Bstd:32.0,StrandBias:-0.6,Multiplicity:1.01
0.100	0.100	0.700	0.100
0.700	0.100	0.100	0.100
0.700	0.100	0.100	0.100
0.700	0.100	0.100	0.100
0.100	0.100	0.700	0.100
0.100	0.700	0.100	0.100
0.100	0.100	0.700	0.100
0.700	0.100	0.100	0.100
>TAGGGTTC	25-TAGGGTTC	8.974705	-44.159960	0	T:291.0(1.29%),B:189.5(0.72%),P:1e-19	Tpos:53.5,Tstd:27.1,Bpos:47.8,Bstd:28.9,StrandBias:-1.2,Multiplicity:1.02
0.001	0.001	0.001	0.997
0.997	0.001	0.001	0.001
0.001	0.001	0.997	0.001
0.001	0.001	0.997	0.001
0.001	0.159	0.839	0.001
0.001	0.001	0.001	0.997
0.001	0.001	0.001	0.997
0.226	0.772	0.001	0.001
