>TATATAKAVS	1-TATATAKAVS	5.657702	-1496.530685	0	T:3612.0(15.97%),B:1523.0(5.79%),P:1e-649	Tpos:31.5,Tstd:9.6,Bpos:48.9,Bstd:38.5,StrandBias:-0.1,Multiplicity:1.50
0.060	0.058	0.076	0.806
0.697	0.060	0.010	0.233
0.074	0.026	0.025	0.875
0.837	0.009	0.013	0.141
0.283	0.035	0.046	0.636
0.880	0.029	0.072	0.019
0.214	0.165	0.250	0.372
0.466	0.184	0.258	0.092
0.224	0.330	0.343	0.104
0.190	0.338	0.381	0.092
>GGRAKGGGAD	2-GGRAKGGGAD	4.737561	-1172.965256	0	T:9998.0(44.22%),B:7633.7(29.04%),P:1e-509	Tpos:53.5,Tstd:26.9,Bpos:49.2,Bstd:31.1,StrandBias:-2.1,Multiplicity:1.24
0.047	0.220	0.590	0.143
0.148	0.125	0.726	0.001
0.493	0.039	0.443	0.025
0.495	0.134	0.152	0.219
0.156	0.180	0.302	0.362
0.032	0.209	0.562	0.197
0.042	0.123	0.815	0.020
0.368	0.055	0.558	0.019
0.472	0.140	0.246	0.141
0.281	0.118	0.365	0.236
>MMMMMMMMCM	3-MMMMMMMMCM	5.887663	-831.211046	0	T:5509.0(24.36%),B:3720.1(14.15%),P:1e-360	Tpos:54.8,Tstd:25.7,Bpos:49.8,Bstd:29.7,StrandBias:2.5,Multiplicity:1.16
0.427	0.571	0.001	0.001
0.497	0.501	0.001	0.001
0.451	0.435	0.001	0.113
0.433	0.509	0.001	0.057
0.380	0.433	0.001	0.186
0.433	0.565	0.001	0.001
0.425	0.573	0.001	0.001
0.412	0.525	0.001	0.062
0.405	0.593	0.001	0.001
0.344	0.409	0.001	0.246
>TCTCTCTCTC	4-TCTCTCTCTC	4.143261	-778.881237	0	T:13558.0(59.96%),B:12329.2(46.90%),P:1e-338	Tpos:56.5,Tstd:26.1,Bpos:50.1,Bstd:33.2,StrandBias:1.9,Multiplicity:1.53
0.072	0.268	0.089	0.571
0.051	0.712	0.085	0.152
0.082	0.279	0.134	0.505
0.042	0.739	0.098	0.121
0.111	0.257	0.097	0.535
0.040	0.746	0.101	0.113
0.105	0.184	0.102	0.609
0.052	0.727	0.085	0.136
0.071	0.230	0.109	0.590
0.037	0.743	0.069	0.151
>CMGCCGCMGC	5-CMGCCGCMGC	6.860819	-483.469529	0	T:4299.0(19.01%),B:3117.5(11.86%),P:1e-209	Tpos:57.5,Tstd:27.2,Bpos:49.1,Bstd:30.7,StrandBias:1.4,Multiplicity:1.10
0.394	0.604	0.001	0.001
0.379	0.463	0.143	0.015
0.146	0.199	0.654	0.001
0.001	0.863	0.001	0.135
0.301	0.697	0.001	0.001
0.194	0.152	0.653	0.001
0.023	0.968	0.008	0.001
0.363	0.442	0.195	0.001
0.253	0.096	0.567	0.084
0.001	0.997	0.001	0.001
>AAACCCTAGC	6-AAACCCTAGC	7.777422	-466.958416	0	T:842.0(3.72%),B:279.5(1.06%),P:1e-202	Tpos:55.4,Tstd:26.7,Bpos:51.3,Bstd:31.1,StrandBias:1.3,Multiplicity:1.03
0.961	0.017	0.021	0.001
0.987	0.005	0.007	0.001
0.983	0.001	0.015	0.001
0.031	0.934	0.007	0.028
0.001	0.997	0.001	0.001
0.001	0.997	0.001	0.001
0.010	0.023	0.001	0.966
0.842	0.132	0.012	0.014
0.046	0.032	0.921	0.001
0.101	0.640	0.068	0.191
>TCGTCTCGTC	7-TCGTCTCGTC	6.320016	-461.911507	0	T:2930.0(12.96%),B:1897.8(7.22%),P:1e-200	Tpos:54.4,Tstd:26.8,Bpos:50.4,Bstd:27.6,StrandBias:1.1,Multiplicity:1.12
0.045	0.086	0.038	0.831
0.044	0.864	0.033	0.059
0.085	0.064	0.776	0.075
0.111	0.098	0.069	0.722
0.019	0.829	0.042	0.110
0.034	0.104	0.048	0.814
0.042	0.843	0.045	0.070
0.073	0.113	0.754	0.060
0.067	0.086	0.061	0.786
0.037	0.780	0.091	0.092
>CGCACCGCAC	8-CGCACCGCAC	6.884145	-406.113473	0	T:1961.0(8.67%),B:1139.4(4.33%),P:1e-176	Tpos:55.3,Tstd:26.7,Bpos:50.6,Bstd:31.2,StrandBias:1.6,Multiplicity:1.08
0.099	0.859	0.026	0.016
0.294	0.234	0.459	0.013
0.005	0.991	0.003	0.001
0.870	0.017	0.074	0.039
0.080	0.610	0.195	0.115
0.172	0.626	0.075	0.127
0.091	0.013	0.771	0.125
0.001	0.995	0.002	0.002
0.804	0.134	0.013	0.049
0.116	0.579	0.107	0.198
>TCRCSACTCR	9-TCRCSACTCR	7.380972	-315.749394	0	T:1371.0(6.06%),B:758.1(2.88%),P:1e-137	Tpos:55.7,Tstd:26.3,Bpos:50.1,Bstd:28.2,StrandBias:1.2,Multiplicity:1.04
0.001	0.238	0.001	0.760
0.001	0.997	0.001	0.001
0.451	0.001	0.391	0.157
0.096	0.692	0.211	0.001
0.243	0.393	0.286	0.078
0.493	0.076	0.257	0.174
0.001	0.796	0.202	0.001
0.001	0.001	0.001	0.997
0.001	0.997	0.001	0.001
0.414	0.138	0.436	0.012
>CACACDCACA	10-CACACDCACA	6.461253	-315.637428	0	T:918.0(4.06%),B:416.8(1.59%),P:1e-137	Tpos:57.1,Tstd:26.0,Bpos:51.4,Bstd:27.6,StrandBias:1.5,Multiplicity:1.06
0.156	0.685	0.110	0.049
0.582	0.131	0.190	0.097
0.151	0.548	0.236	0.065
0.653	0.106	0.156	0.085
0.141	0.509	0.256	0.094
0.338	0.129	0.245	0.288
0.100	0.597	0.207	0.096
0.561	0.244	0.168	0.027
0.132	0.778	0.048	0.042
0.639	0.103	0.188	0.070
>CTGCCTGCCT	11-CTGCCTGCCT	6.861852	-305.987135	0	T:2221.0(9.82%),B:1491.9(5.68%),P:1e-132	Tpos:52.9,Tstd:27.5,Bpos:50.8,Bstd:31.3,StrandBias:-0.0,Multiplicity:1.06
0.013	0.797	0.077	0.113
0.032	0.205	0.169	0.594
0.046	0.021	0.900	0.033
0.059	0.532	0.319	0.090
0.012	0.772	0.109	0.107
0.025	0.241	0.175	0.559
0.013	0.015	0.966	0.006
0.012	0.746	0.206	0.036
0.026	0.565	0.210	0.199
0.036	0.078	0.285	0.601
>CTTATCYTCT	12-CTTATCYTCT	8.256107	-255.304231	0	T:453.0(2.00%),B:148.3(0.56%),P:1e-110	Tpos:41.2,Tstd:23.3,Bpos:45.2,Bstd:28.1,StrandBias:1.8,Multiplicity:1.01
0.001	0.891	0.012	0.096
0.001	0.082	0.001	0.916
0.001	0.012	0.074	0.913
0.921	0.024	0.054	0.001
0.001	0.001	0.003	0.995
0.003	0.995	0.001	0.001
0.022	0.412	0.190	0.375
0.104	0.027	0.100	0.769
0.001	0.862	0.066	0.071
0.084	0.183	0.001	0.732
>TACTAGTAGT	13-TACTAGTAGT	5.677246	-178.167849	0	T:1301.0(5.75%),B:869.8(3.31%),P:1e-77	Tpos:47.3,Tstd:25.6,Bpos:50.3,Bstd:27.6,StrandBias:-0.0,Multiplicity:1.07
0.158	0.170	0.103	0.569
0.679	0.024	0.240	0.057
0.020	0.570	0.373	0.037
0.088	0.104	0.033	0.775
0.817	0.026	0.093	0.064
0.031	0.384	0.575	0.010
0.009	0.179	0.026	0.786
0.858	0.027	0.043	0.072
0.040	0.263	0.631	0.066
0.137	0.242	0.083	0.538
>GCTTTGCTTT	14-GCTTTGCTTT	8.263969	-168.105946	0	T:267.0(1.18%),B:80.5(0.31%),P:1e-73	Tpos:56.5,Tstd:27.4,Bpos:53.6,Bstd:28.1,StrandBias:-1.2,Multiplicity:1.05
0.056	0.054	0.786	0.104
0.076	0.564	0.334	0.026
0.094	0.023	0.123	0.760
0.011	0.104	0.164	0.721
0.047	0.200	0.028	0.725
0.021	0.093	0.682	0.204
0.075	0.648	0.187	0.090
0.050	0.237	0.062	0.651
0.015	0.154	0.110	0.721
0.062	0.175	0.293	0.470
>TGGATGGATG	15-TGGATGGATG	7.449069	-134.613351	0	T:365.0(1.61%),B:159.8(0.61%),P:1e-58	Tpos:52.0,Tstd:27.0,Bpos:52.0,Bstd:26.3,StrandBias:-2.1,Multiplicity:1.01
0.032	0.001	0.001	0.966
0.089	0.031	0.879	0.001
0.058	0.001	0.940	0.001
0.935	0.001	0.020	0.044
0.001	0.001	0.043	0.955
0.107	0.033	0.816	0.044
0.089	0.058	0.852	0.001
0.979	0.001	0.001	0.019
0.001	0.001	0.001	0.997
0.067	0.072	0.805	0.056
>YTATTATTAT	16-YTATTATTAT	8.383994	-132.784246	0	T:235.0(1.04%),B:77.1(0.29%),P:1e-57	Tpos:34.4,Tstd:20.4,Bpos:56.6,Bstd:32.3,StrandBias:-0.1,Multiplicity:1.03
0.134	0.381	0.024	0.461
0.001	0.020	0.218	0.761
0.599	0.001	0.001	0.399
0.012	0.058	0.091	0.839
0.001	0.001	0.001	0.997
0.989	0.001	0.009	0.001
0.001	0.241	0.019	0.739
0.273	0.001	0.001	0.725
0.853	0.042	0.104	0.001
0.191	0.235	0.087	0.487
>CTAGCTAGCT	17-CTAGCTAGCT	8.411120	-130.112015	0	T:359.0(1.59%),B:158.1(0.60%),P:1e-56	Tpos:59.6,Tstd:27.0,Bpos:53.7,Bstd:25.9,StrandBias:0.1,Multiplicity:1.04
0.049	0.840	0.094	0.017
0.001	0.085	0.023	0.891
0.836	0.143	0.020	0.001
0.001	0.045	0.885	0.069
0.001	0.997	0.001	0.001
0.001	0.001	0.033	0.965
0.997	0.001	0.001	0.001
0.023	0.001	0.975	0.001
0.023	0.915	0.061	0.001
0.029	0.041	0.023	0.907
>CCAAATCCAA	18-CCAAATCCAA	9.397708	-119.350387	0	T:153.0(0.68%),B:38.1(0.15%),P:1e-51	Tpos:50.4,Tstd:25.0,Bpos:55.1,Bstd:24.1,StrandBias:1.7,Multiplicity:1.00
0.079	0.905	0.001	0.015
0.015	0.963	0.021	0.001
0.951	0.003	0.018	0.028
0.844	0.010	0.094	0.052
0.918	0.001	0.078	0.003
0.001	0.001	0.193	0.805
0.001	0.981	0.017	0.001
0.094	0.871	0.017	0.018
0.996	0.001	0.002	0.001
0.888	0.001	0.017	0.094
>CATAAAWACC	19-CATAAAWACC	8.141925	-112.875117	0	T:121.0(0.54%),B:25.1(0.10%),P:1e-49	Tpos:36.4,Tstd:17.4,Bpos:52.9,Bstd:29.4,StrandBias:1.7,Multiplicity:1.00
0.325	0.572	0.097	0.006
0.829	0.047	0.017	0.107
0.306	0.052	0.011	0.631
0.734	0.006	0.017	0.243
0.866	0.029	0.023	0.082
0.844	0.012	0.075	0.069
0.353	0.144	0.022	0.480
0.564	0.097	0.177	0.162
0.149	0.528	0.107	0.216
0.205	0.506	0.278	0.011
>CGTTTCTTTA	20-CGTTTCTTTA	11.095423	-95.296609	0	T:60.0(0.27%),B:6.9(0.03%),P:1e-41	Tpos:41.1,Tstd:23.2,Bpos:60.3,Bstd:6.4,StrandBias:1.6,Multiplicity:1.00
0.001	0.997	0.001	0.001
0.001	0.001	0.997	0.001
0.144	0.144	0.001	0.711
0.001	0.001	0.001	0.997
0.144	0.001	0.001	0.854
0.144	0.854	0.001	0.001
0.001	0.001	0.144	0.854
0.144	0.001	0.001	0.854
0.001	0.001	0.001	0.997
0.997	0.001	0.001	0.001
>TGGGATATTT	21-TGGGATATTT	9.980658	-83.847957	0	T:76.0(0.34%),B:13.9(0.05%),P:1e-36	Tpos:32.9,Tstd:23.0,Bpos:28.4,Bstd:19.6,StrandBias:-0.2,Multiplicity:1.00
0.001	0.102	0.001	0.896
0.366	0.001	0.632	0.001
0.088	0.001	0.910	0.001
0.001	0.001	0.896	0.102
0.580	0.317	0.102	0.001
0.001	0.102	0.001	0.896
0.997	0.001	0.001	0.001
0.001	0.001	0.001	0.997
0.001	0.102	0.001	0.896
0.001	0.001	0.001	0.997
>TGYAGCTGYA	22-TGYAGCTGYA	10.319907	-77.538193	0	T:150.0(0.66%),B:53.5(0.20%),P:1e-33	Tpos:53.4,Tstd:26.9,Bpos:53.3,Bstd:24.9,StrandBias:-0.2,Multiplicity:1.03
0.026	0.326	0.001	0.647
0.001	0.001	0.997	0.001
0.084	0.416	0.084	0.416
0.997	0.001	0.001	0.001
0.044	0.001	0.954	0.001
0.001	0.725	0.001	0.273
0.001	0.001	0.001	0.997
0.001	0.001	0.954	0.044
0.001	0.554	0.001	0.444
0.983	0.015	0.001	0.001
>TCACTCCACT	23-TCACTCCACT	11.172778	-65.984962	0	T:64.0(0.28%),B:12.7(0.05%),P:1e-28	Tpos:64.9,Tstd:24.8,Bpos:35.2,Bstd:0.3,StrandBias:2.7,Multiplicity:1.00
0.320	0.026	0.001	0.653
0.001	0.997	0.001	0.001
0.997	0.001	0.001	0.001
0.001	0.679	0.319	0.001
0.001	0.001	0.001	0.997
0.001	0.997	0.001	0.001
0.001	0.997	0.001	0.001
0.997	0.001	0.001	0.001
0.001	0.997	0.001	0.001
0.001	0.001	0.319	0.679
>CAAAGTCGCA	24-CAAAGTCGCA	9.908655	-61.628836	0	T:77.0(0.34%),B:20.0(0.08%),P:1e-26	Tpos:60.3,Tstd:24.7,Bpos:37.6,Bstd:15.7,StrandBias:-0.2,Multiplicity:1.03
0.001	0.994	0.004	0.001
0.812	0.001	0.049	0.138
0.596	0.402	0.001	0.001
0.997	0.001	0.001	0.001
0.001	0.001	0.997	0.001
0.001	0.001	0.001	0.997
0.001	0.997	0.001	0.001
0.001	0.001	0.997	0.001
0.001	0.997	0.001	0.001
0.997	0.001	0.001	0.001
>TYTATATTAY	25-TYTATATTAY	9.003947	-19.643573	0	T:36.0(0.16%),B:13.2(0.05%),P:1e-8	Tpos:27.6,Tstd:11.8,Bpos:75.2,Bstd:18.2,StrandBias:0.0,Multiplicity:1.00
0.066	0.069	0.155	0.710
0.088	0.499	0.019	0.394
0.054	0.028	0.004	0.914
0.463	0.240	0.006	0.291
0.002	0.170	0.001	0.827
0.607	0.015	0.002	0.376
0.130	0.069	0.004	0.797
0.001	0.042	0.056	0.901
0.593	0.091	0.119	0.197
0.192	0.467	0.002	0.339
>TATATATANVSV	1-TATATATANVSV	4.861933	-1495.913639	0	T:4675.0(20.67%),B:2313.6(8.80%),P:1e-649	Tpos:31.7,Tstd:10.6,Bpos:48.6,Bstd:37.6,StrandBias:-0.1,Multiplicity:1.16
0.098	0.127	0.110	0.665
0.552	0.144	0.048	0.256
0.067	0.042	0.029	0.862
0.790	0.014	0.012	0.184
0.193	0.033	0.025	0.749
0.872	0.011	0.044	0.073
0.267	0.087	0.187	0.459
0.590	0.130	0.200	0.080
0.231	0.232	0.294	0.243
0.321	0.232	0.328	0.120
0.191	0.353	0.307	0.149
0.222	0.286	0.362	0.130
>CCCCCCCCCCCC	2-CCCCCCCCCCCC	4.351020	-1172.014459	0	T:9813.0(43.40%),B:7442.9(28.31%),P:1e-508	Tpos:55.4,Tstd:25.3,Bpos:50.2,Bstd:29.6,StrandBias:2.7,Multiplicity:1.30
0.191	0.671	0.038	0.100
0.299	0.632	0.027	0.042
0.376	0.566	0.023	0.035
0.363	0.569	0.051	0.017
0.327	0.529	0.022	0.122
0.304	0.530	0.041	0.125
0.306	0.616	0.034	0.044
0.329	0.614	0.018	0.039
0.351	0.574	0.017	0.058
0.278	0.560	0.084	0.078
0.271	0.578	0.068	0.083
0.282	0.621	0.038	0.059
>TCBTCTCSTCTC	3-TCBTCTCSTCTC	5.544931	-1012.478528	0	T:9135.0(40.40%),B:6997.5(26.62%),P:1e-439	Tpos:57.0,Tstd:25.6,Bpos:50.3,Bstd:32.6,StrandBias:2.0,Multiplicity:1.25
0.029	0.295	0.078	0.598
0.013	0.819	0.051	0.117
0.051	0.310	0.335	0.303
0.036	0.317	0.086	0.561
0.031	0.787	0.063	0.119
0.026	0.172	0.087	0.715
0.017	0.858	0.042	0.083
0.035	0.423	0.302	0.240
0.038	0.249	0.082	0.631
0.012	0.833	0.043	0.112
0.027	0.220	0.123	0.630
0.017	0.831	0.050	0.102
>TCTCTCTCTCTC	4-TCTCTCTCTCTC	5.683442	-637.428103	0	T:5093.0(22.52%),B:3616.5(13.76%),P:1e-276	Tpos:57.5,Tstd:26.5,Bpos:49.5,Bstd:32.5,StrandBias:1.6,Multiplicity:1.08
0.091	0.269	0.133	0.507
0.075	0.732	0.095	0.098
0.094	0.121	0.111	0.674
0.070	0.785	0.077	0.068
0.286	0.053	0.212	0.449
0.061	0.794	0.073	0.072
0.088	0.092	0.128	0.692
0.052	0.780	0.089	0.079
0.134	0.167	0.132	0.567
0.053	0.789	0.086	0.072
0.104	0.117	0.113	0.666
0.052	0.762	0.094	0.092
>TTCCCAATTCCA	5-TTCCCAATTCCA	7.584919	-521.249832	0	T:1163.0(5.14%),B:450.7(1.71%),P:1e-226	Tpos:53.9,Tstd:25.6,Bpos:48.8,Bstd:30.8,StrandBias:2.0,Multiplicity:1.03
0.087	0.234	0.103	0.576
0.002	0.309	0.067	0.622
0.002	0.615	0.093	0.290
0.093	0.825	0.009	0.073
0.315	0.566	0.099	0.020
0.540	0.217	0.178	0.065
0.408	0.109	0.255	0.227
0.103	0.133	0.129	0.635
0.001	0.214	0.008	0.777
0.001	0.784	0.067	0.148
0.077	0.916	0.003	0.004
0.467	0.265	0.126	0.143
>AAACCCTAGCSN	6-AAACCCTAGCSN	8.750362	-487.644117	0	T:697.0(3.08%),B:190.6(0.73%),P:1e-211	Tpos:56.6,Tstd:25.7,Bpos:48.7,Bstd:31.7,StrandBias:0.7,Multiplicity:1.01
0.669	0.001	0.165	0.165
0.961	0.001	0.007	0.031
0.828	0.001	0.170	0.001
0.254	0.607	0.018	0.121
0.010	0.913	0.059	0.018
0.001	0.997	0.001	0.001
0.196	0.023	0.023	0.758
0.574	0.287	0.033	0.106
0.175	0.239	0.470	0.116
0.191	0.423	0.183	0.203
0.185	0.376	0.237	0.201
0.188	0.335	0.286	0.191
>GSCTGCCTGCCK	7-GSCTGCCTGCCK	7.346503	-325.078775	0	T:1849.0(8.18%),B:1141.5(4.34%),P:1e-141	Tpos:53.5,Tstd:27.3,Bpos:49.2,Bstd:31.3,StrandBias:-0.0,Multiplicity:1.04
0.047	0.231	0.544	0.178
0.018	0.485	0.463	0.033
0.001	0.847	0.049	0.103
0.040	0.152	0.268	0.540
0.027	0.062	0.895	0.016
0.019	0.678	0.192	0.111
0.004	0.697	0.165	0.134
0.028	0.133	0.269	0.570
0.006	0.091	0.854	0.049
0.027	0.802	0.143	0.028
0.073	0.645	0.141	0.141
0.072	0.108	0.435	0.385
>CTCATCCAGTCC	8-CTCATCCAGTCC	7.660891	-315.596729	0	T:820.0(3.63%),B:348.5(1.33%),P:1e-137	Tpos:57.1,Tstd:27.0,Bpos:49.5,Bstd:32.6,StrandBias:1.9,Multiplicity:1.01
0.092	0.713	0.095	0.100
0.079	0.100	0.115	0.706
0.011	0.804	0.093	0.092
0.628	0.164	0.090	0.118
0.077	0.100	0.119	0.704
0.004	0.885	0.020	0.091
0.068	0.793	0.077	0.062
0.724	0.129	0.125	0.022
0.099	0.089	0.674	0.138
0.075	0.084	0.095	0.746
0.001	0.891	0.099	0.009
0.068	0.729	0.104	0.099
>ACACAGACACAC	9-ACACAGACACAC	8.022631	-304.875982	0	T:711.0(3.14%),B:282.3(1.07%),P:1e-132	Tpos:56.6,Tstd:25.5,Bpos:48.8,Bstd:30.5,StrandBias:1.1,Multiplicity:1.04
0.639	0.077	0.211	0.073
0.048	0.871	0.062	0.019
0.782	0.050	0.140	0.028
0.054	0.836	0.099	0.011
0.772	0.041	0.155	0.032
0.051	0.233	0.691	0.025
0.481	0.146	0.253	0.120
0.064	0.774	0.128	0.034
0.766	0.017	0.176	0.041
0.074	0.815	0.098	0.013
0.800	0.026	0.133	0.041
0.065	0.681	0.205	0.049
>CAGTCCAGTCCC	10-CAGTCCAGTCCC	6.875223	-267.716114	0	T:1144.0(5.06%),B:627.1(2.39%),P:1e-116	Tpos:54.2,Tstd:26.4,Bpos:49.0,Bstd:27.5,StrandBias:1.9,Multiplicity:1.01
0.047	0.868	0.054	0.031
0.812	0.077	0.041	0.070
0.092	0.095	0.743	0.070
0.039	0.055	0.077	0.829
0.023	0.928	0.008	0.041
0.023	0.961	0.008	0.008
0.850	0.087	0.008	0.055
0.063	0.023	0.791	0.123
0.001	0.078	0.072	0.849
0.047	0.774	0.093	0.086
0.055	0.852	0.053	0.040
0.109	0.751	0.063	0.077
>GAAGCGAAGCGG	11-GAAGCGAAGCGG	8.586886	-205.583428	0	T:493.0(2.18%),B:199.1(0.76%),P:1e-89	Tpos:57.7,Tstd:27.6,Bpos:47.2,Bstd:33.0,StrandBias:-0.9,Multiplicity:1.01
0.050	0.075	0.867	0.008
0.736	0.204	0.052	0.008
0.926	0.033	0.008	0.033
0.058	0.025	0.884	0.033
0.032	0.860	0.050	0.058
0.049	0.001	0.949	0.001
0.746	0.134	0.103	0.017
0.909	0.066	0.017	0.008
0.092	0.033	0.758	0.117
0.081	0.770	0.057	0.092
0.073	0.058	0.811	0.058
0.090	0.184	0.676	0.050
>GCCGCCGCCGCC	12-GCCGCCGCCGCC	9.344110	-200.202222	0	T:1171.0(5.18%),B:726.2(2.76%),P:1e-86	Tpos:64.0,Tstd:25.5,Bpos:49.1,Bstd:30.3,StrandBias:1.4,Multiplicity:1.02
0.100	0.077	0.729	0.094
0.043	0.809	0.031	0.117
0.096	0.808	0.044	0.052
0.058	0.024	0.880	0.038
0.039	0.906	0.034	0.021
0.026	0.915	0.029	0.030
0.043	0.018	0.891	0.048
0.045	0.858	0.052	0.045
0.045	0.836	0.064	0.055
0.084	0.057	0.809	0.050
0.072	0.796	0.058	0.074
0.068	0.768	0.090	0.074
>RTTCCATTCCAT	13-RTTCCATTCCAT	11.412924	-198.585916	0	T:60.0(0.27%),B:1.6(0.01%),P:1e-86	Tpos:57.8,Tstd:26.1,Bpos:41.1,Bstd:13.2,StrandBias:2.2,Multiplicity:1.02
0.382	0.211	0.361	0.045
0.023	0.043	0.001	0.933
0.001	0.042	0.001	0.956
0.001	0.977	0.021	0.001
0.022	0.934	0.022	0.022
0.913	0.022	0.043	0.022
0.001	0.001	0.021	0.977
0.022	0.002	0.022	0.954
0.001	0.977	0.001	0.021
0.001	0.977	0.001	0.021
0.668	0.015	0.274	0.043
0.043	0.076	0.147	0.734
>CGCATCGCAGCC	14-CGCATCGCAGCC	10.277526	-189.972160	0	T:159.0(0.70%),B:24.7(0.09%),P:1e-82	Tpos:55.0,Tstd:28.0,Bpos:62.4,Bstd:19.4,StrandBias:2.1,Multiplicity:1.00
0.019	0.904	0.058	0.019
0.001	0.053	0.945	0.001
0.001	0.997	0.001	0.001
0.788	0.073	0.120	0.019
0.039	0.326	0.039	0.596
0.073	0.816	0.038	0.073
0.038	0.019	0.942	0.001
0.018	0.980	0.001	0.001
0.903	0.019	0.039	0.039
0.038	0.038	0.713	0.211
0.055	0.925	0.001	0.019
0.038	0.839	0.104	0.019
>CAAAGCAAAGCA	15-CAAAGCAAAGCA	8.376131	-183.771746	0	T:553.0(2.45%),B:255.9(0.97%),P:1e-79	Tpos:56.4,Tstd:26.8,Bpos:48.8,Bstd:29.8,StrandBias:0.9,Multiplicity:1.01
0.173	0.718	0.090	0.019
0.745	0.144	0.081	0.030
0.745	0.088	0.143	0.024
0.727	0.115	0.080	0.078
0.019	0.030	0.945	0.006
0.019	0.917	0.058	0.006
0.897	0.054	0.019	0.030
0.825	0.037	0.137	0.001
0.662	0.124	0.125	0.089
0.018	0.088	0.893	0.001
0.024	0.974	0.001	0.001
0.842	0.081	0.064	0.013
>MTCCRTCCGTCC	16-MTCCRTCCGTCC	10.346041	-173.056362	0	T:250.0(1.11%),B:69.8(0.27%),P:1e-75	Tpos:53.1,Tstd:26.0,Bpos:57.9,Bstd:21.9,StrandBias:2.1,Multiplicity:1.01
0.306	0.367	0.194	0.134
0.057	0.154	0.154	0.635
0.001	0.997	0.001	0.001
0.001	0.997	0.001	0.001
0.457	0.040	0.484	0.019
0.001	0.001	0.258	0.740
0.001	0.997	0.001	0.001
0.001	0.997	0.001	0.001
0.338	0.001	0.660	0.001
0.001	0.129	0.001	0.869
0.001	0.868	0.001	0.130
0.001	0.576	0.195	0.228
>CTACTACTACTA	17-CTACTACTACTA	4.417180	-170.520947	0	T:1026.0(4.54%),B:642.6(2.44%),P:1e-74	Tpos:50.5,Tstd:25.8,Bpos:49.4,Bstd:28.5,StrandBias:-0.1,Multiplicity:1.04
0.001	0.858	0.124	0.017
0.001	0.023	0.006	0.970
0.722	0.001	0.271	0.006
0.001	0.942	0.056	0.001
0.001	0.016	0.001	0.982
0.840	0.001	0.153	0.006
0.001	0.872	0.126	0.001
0.001	0.001	0.001	0.997
0.753	0.001	0.240	0.006
0.001	0.847	0.151	0.001
0.032	0.057	0.001	0.910
0.749	0.033	0.012	0.206
>GCGAGTTGCGAT	18-GCGAGTTGCGAT	9.994012	-133.320930	0	T:53.0(0.23%),B:2.8(0.01%),P:1e-57	Tpos:51.9,Tstd:26.6,Bpos:37.6,Bstd:15.2,StrandBias:-1.8,Multiplicity:1.00
0.048	0.086	0.794	0.072
0.065	0.757	0.093	0.085
0.061	0.071	0.804	0.064
0.738	0.112	0.090	0.060
0.065	0.110	0.735	0.090
0.099	0.120	0.079	0.702
0.085	0.073	0.147	0.695
0.022	0.075	0.854	0.049
0.068	0.764	0.085	0.083
0.058	0.082	0.800	0.060
0.711	0.098	0.099	0.092
0.082	0.138	0.130	0.650
>GCTAGCTAGCTA	19-GCTAGCTAGCTA	7.668147	-111.075816	0	T:524.0(2.32%),B:299.6(1.14%),P:1e-48	Tpos:59.7,Tstd:26.6,Bpos:52.7,Bstd:27.5,StrandBias:-0.2,Multiplicity:1.04
0.090	0.090	0.745	0.075
0.067	0.792	0.081	0.060
0.103	0.113	0.083	0.701
0.709	0.078	0.096	0.117
0.041	0.053	0.857	0.049
0.049	0.861	0.046	0.044
0.097	0.099	0.059	0.745
0.685	0.074	0.111	0.130
0.045	0.053	0.849	0.053
0.060	0.791	0.058	0.091
0.098	0.101	0.113	0.688
0.578	0.135	0.178	0.109
>CTGCTCTGYTCT	20-CTGCTCTGYTCT	10.479922	-104.253061	0	T:131.0(0.58%),B:32.3(0.12%),P:1e-45	Tpos:57.8,Tstd:27.0,Bpos:25.3,Bstd:13.2,StrandBias:0.8,Multiplicity:1.00
0.001	0.962	0.004	0.033
0.005	0.134	0.005	0.856
0.001	0.001	0.997	0.001
0.033	0.953	0.001	0.013
0.001	0.129	0.129	0.741
0.001	0.965	0.033	0.001
0.038	0.004	0.001	0.957
0.001	0.033	0.899	0.067
0.034	0.537	0.005	0.424
0.001	0.033	0.263	0.703
0.033	0.962	0.001	0.004
0.178	0.001	0.004	0.817
>GCCTTATCCCCT	21-GCCTTATCCCCT	10.569736	-81.260164	0	T:89.0(0.39%),B:19.1(0.07%),P:1e-35	Tpos:44.4,Tstd:24.8,Bpos:65.2,Bstd:31.3,StrandBias:3.9,Multiplicity:1.00
0.085	0.103	0.633	0.179
0.015	0.898	0.038	0.049
0.038	0.923	0.023	0.016
0.031	0.038	0.023	0.908
0.031	0.047	0.047	0.875
0.855	0.054	0.008	0.083
0.038	0.015	0.023	0.924
0.038	0.909	0.015	0.038
0.047	0.812	0.046	0.095
0.024	0.744	0.108	0.124
0.062	0.790	0.061	0.087
0.069	0.118	0.069	0.744
>TCGCTTTCGCTT	22-TCGCTTTCGCTT	12.513833	-77.714596	0	T:41.0(0.18%),B:3.8(0.01%),P:1e-33	Tpos:59.9,Tstd:30.8,Bpos:30.9,Bstd:32.7,StrandBias:0.2,Multiplicity:1.04
0.001	0.001	0.044	0.954
0.001	0.758	0.001	0.240
0.001	0.001	0.997	0.001
0.001	0.909	0.045	0.045
0.001	0.128	0.001	0.870
0.001	0.001	0.001	0.997
0.001	0.001	0.001	0.997
0.001	0.825	0.045	0.129
0.001	0.044	0.954	0.001
0.045	0.909	0.001	0.045
0.045	0.001	0.045	0.909
0.044	0.001	0.001	0.954
>AGTCCGGACTCC	23-AGTCCGGACTCC	10.973690	-76.552666	0	T:67.0(0.30%),B:11.4(0.04%),P:1e-33	Tpos:53.1,Tstd:24.4,Bpos:21.0,Bstd:1.1,StrandBias:0.7,Multiplicity:1.02
0.868	0.044	0.044	0.044
0.044	0.323	0.632	0.001
0.001	0.001	0.001	0.997
0.001	0.997	0.001	0.001
0.001	0.908	0.001	0.090
0.243	0.051	0.566	0.140
0.212	0.044	0.743	0.001
0.857	0.098	0.044	0.001
0.001	0.902	0.096	0.001
0.001	0.001	0.043	0.955
0.001	0.911	0.087	0.001
0.001	0.911	0.044	0.044
>CAGRCTCGCAGC	24-CAGRCTCGCAGC	10.124164	-73.956351	0	T:63.0(0.28%),B:10.1(0.04%),P:1e-32	Tpos:59.3,Tstd:22.9,Bpos:14.7,Bstd:3.2,StrandBias:1.2,Multiplicity:1.00
0.023	0.922	0.032	0.023
0.706	0.041	0.051	0.202
0.055	0.067	0.851	0.027
0.410	0.130	0.382	0.078
0.047	0.604	0.193	0.156
0.065	0.270	0.062	0.603
0.178	0.604	0.065	0.153
0.131	0.182	0.667	0.020
0.030	0.780	0.163	0.027
0.753	0.046	0.031	0.170
0.026	0.166	0.773	0.035
0.177	0.737	0.038	0.048
>TTTATCTTCTCC	25-TTTATCTTCTCC	10.422930	-49.179994	0	T:139.0(0.61%),B:63.4(0.24%),P:1e-21	Tpos:45.6,Tstd:23.5,Bpos:31.3,Bstd:18.0,StrandBias:2.3,Multiplicity:1.00
0.052	0.124	0.134	0.690
0.009	0.036	0.035	0.920
0.026	0.142	0.044	0.788
0.778	0.018	0.018	0.186
0.009	0.081	0.035	0.875
0.026	0.888	0.009	0.077
0.087	0.044	0.061	0.808
0.044	0.053	0.027	0.876
0.027	0.870	0.035	0.068
0.052	0.027	0.051	0.870
0.053	0.791	0.120	0.036
0.043	0.868	0.036	0.053
>TATATA	1-TATATA	5.315093	-1371.212453	0	T:4306.0(19.04%),B:2124.9(8.08%),P:1e-595	Tpos:31.4,Tstd:10.7,Bpos:48.3,Bstd:40.5,StrandBias:-0.4,Multiplicity:1.16
0.001	0.033	0.001	0.965
0.641	0.001	0.001	0.357
0.081	0.001	0.001	0.917
0.997	0.001	0.001	0.001
0.001	0.001	0.001	0.997
0.997	0.001	0.001	0.001
>YCACTC	2-YCACTC	4.651260	-695.984408	0	T:10789.0(47.71%),B:9368.5(35.64%),P:1e-302	Tpos:55.4,Tstd:27.1,Bpos:50.4,Bstd:33.1,StrandBias:1.9,Multiplicity:1.46
0.130	0.394	0.038	0.439
0.001	0.969	0.029	0.001
0.455	0.169	0.159	0.217
0.084	0.690	0.181	0.045
0.263	0.070	0.031	0.636
0.017	0.811	0.028	0.144
>TTAAAT	3-TTAAAT	1.568126	-533.882257	0	T:4699.0(20.78%),B:3411.1(12.98%),P:1e-231	Tpos:34.1,Tstd:21.1,Bpos:51.3,Bstd:36.9,StrandBias:0.3,Multiplicity:1.08
0.007	0.001	0.001	0.991
0.001	0.001	0.001	0.997
0.777	0.001	0.001	0.221
0.997	0.001	0.001	0.001
0.997	0.001	0.001	0.001
0.234	0.001	0.001	0.764
>CVTTTC	4-CVTTTC	4.237128	-516.183470	0	T:11252.0(49.76%),B:10317.0(39.25%),P:1e-224	Tpos:53.0,Tstd:27.7,Bpos:50.8,Bstd:32.3,StrandBias:1.5,Multiplicity:1.19
0.001	0.899	0.099	0.001
0.362	0.358	0.279	0.001
0.001	0.173	0.097	0.729
0.076	0.203	0.001	0.720
0.001	0.340	0.101	0.558
0.076	0.747	0.077	0.100
>ARGCGA	5-ARGCGA	4.005169	-501.571198	0	T:11095.0(49.07%),B:10179.4(38.72%),P:1e-217	Tpos:53.1,Tstd:27.5,Bpos:50.0,Bstd:31.6,StrandBias:-0.8,Multiplicity:1.41
0.738	0.072	0.089	0.101
0.460	0.108	0.348	0.084
0.291	0.039	0.556	0.114
0.054	0.702	0.225	0.019
0.128	0.022	0.757	0.093
0.790	0.020	0.174	0.016
>CCCACC	6-CCCACC	3.690903	-471.370389	0	T:12292.0(54.36%),B:11624.0(44.22%),P:1e-204	Tpos:52.4,Tstd:28.1,Bpos:49.9,Bstd:30.7,StrandBias:1.9,Multiplicity:1.60
0.121	0.877	0.001	0.001
0.001	0.908	0.090	0.001
0.119	0.879	0.001	0.001
0.884	0.001	0.114	0.001
0.001	0.875	0.001	0.123
0.001	0.997	0.001	0.001
>MGGCWG	7-MGGCWG	4.941253	-394.131845	0	T:12588.0(55.67%),B:12195.3(46.39%),P:1e-171	Tpos:54.4,Tstd:28.2,Bpos:50.1,Bstd:31.9,StrandBias:-0.5,Multiplicity:1.57
0.410	0.440	0.001	0.150
0.001	0.382	0.616	0.001
0.005	0.001	0.993	0.001
0.001	0.997	0.001	0.001
0.383	0.196	0.177	0.244
0.001	0.226	0.772	0.001
>TGCGWG	8-TGCGWG	2.428242	-367.500711	0	T:6342.0(28.05%),B:5393.7(20.52%),P:1e-159	Tpos:52.9,Tstd:27.4,Bpos:50.5,Bstd:30.3,StrandBias:-1.1,Multiplicity:1.15
0.001	0.001	0.001	0.997
0.001	0.001	0.997	0.001
0.001	0.986	0.001	0.012
0.001	0.001	0.997	0.001
0.565	0.001	0.001	0.433
0.001	0.001	0.586	0.412
>CAGTCC	9-CAGTCC	6.876255	-318.400211	0	T:2383.0(10.54%),B:1617.3(6.15%),P:1e-138	Tpos:54.6,Tstd:27.2,Bpos:48.7,Bstd:30.8,StrandBias:1.9,Multiplicity:1.07
0.001	0.885	0.113	0.001
0.997	0.001	0.001	0.001
0.001	0.114	0.541	0.344
0.001	0.001	0.004	0.994
0.001	0.886	0.112	0.001
0.113	0.885	0.001	0.001
>AMMCCY	10-AMMCCY	5.566789	-274.134437	0	T:2928.0(12.95%),B:2197.2(8.36%),P:1e-119	Tpos:52.8,Tstd:25.5,Bpos:49.7,Bstd:32.7,StrandBias:2.1,Multiplicity:1.12
0.837	0.161	0.001	0.001
0.515	0.404	0.001	0.080
0.405	0.514	0.001	0.080
0.001	0.997	0.001	0.001
0.243	0.755	0.001	0.001
0.161	0.486	0.001	0.353
>TAATAA	11-TAATAA	6.512981	-211.679755	0	T:1150.0(5.09%),B:694.3(2.64%),P:1e-91	Tpos:35.7,Tstd:21.2,Bpos:51.5,Bstd:36.8,StrandBias:-0.0,Multiplicity:1.11
0.001	0.001	0.001	0.997
0.831	0.001	0.001	0.167
0.997	0.001	0.001	0.001
0.001	0.001	0.001	0.997
0.997	0.001	0.001	0.001
0.997	0.001	0.001	0.001
>CCGTCT	12-CCGTCT	5.487341	-199.934300	0	T:4914.0(21.73%),B:4376.0(16.65%),P:1e-86	Tpos:51.3,Tstd:27.6,Bpos:50.8,Bstd:30.7,StrandBias:0.5,Multiplicity:1.10
0.001	0.997	0.001	0.001
0.164	0.572	0.001	0.263
0.001	0.001	0.997	0.001
0.001	0.001	0.001	0.997
0.001	0.771	0.227	0.001
0.001	0.001	0.001	0.997
>SCAGTC	13-SCAGTC	5.904264	-197.549204	0	T:4693.0(20.75%),B:4152.8(15.80%),P:1e-85	Tpos:53.4,Tstd:28.8,Bpos:50.0,Bstd:31.4,StrandBias:1.3,Multiplicity:1.08
0.001	0.567	0.431	0.001
0.001	0.880	0.001	0.118
0.997	0.001	0.001	0.001
0.001	0.001	0.997	0.001
0.001	0.181	0.001	0.817
0.001	0.997	0.001	0.001
>GCTGTG	14-GCTGTG	5.578419	-153.957280	0	T:2378.0(10.52%),B:1927.7(7.33%),P:1e-66	Tpos:52.3,Tstd:28.0,Bpos:49.0,Bstd:30.9,StrandBias:-0.9,Multiplicity:1.06
0.067	0.075	0.696	0.162
0.095	0.769	0.001	0.135
0.218	0.099	0.001	0.682
0.095	0.001	0.903	0.001
0.001	0.070	0.073	0.856
0.229	0.219	0.549	0.003
>CTTATC	15-CTTATC	6.177716	-151.018232	0	T:1003.0(4.44%),B:649.1(2.47%),P:1e-65	Tpos:42.1,Tstd:24.4,Bpos:49.6,Bstd:33.5,StrandBias:1.4,Multiplicity:1.04
0.100	0.700	0.100	0.100
0.100	0.100	0.100	0.700
0.100	0.100	0.100	0.700
0.700	0.100	0.100	0.100
0.100	0.100	0.100	0.700
0.100	0.700	0.100	0.100
>AGCTAG	16-AGCTAG	6.815522	-137.154929	0	T:3393.0(15.01%),B:2998.3(11.41%),P:1e-59	Tpos:56.5,Tstd:28.6,Bpos:49.7,Bstd:31.6,StrandBias:-0.4,Multiplicity:1.22
0.997	0.001	0.001	0.001
0.001	0.001	0.997	0.001
0.001	0.997	0.001	0.001
0.001	0.001	0.226	0.772
0.997	0.001	0.001	0.001
0.001	0.001	0.997	0.001
>TCCGCT	17-TCCGCT	6.177716	-128.056887	0	T:1572.0(6.95%),B:1208.8(4.60%),P:1e-55	Tpos:54.7,Tstd:27.9,Bpos:50.5,Bstd:34.1,StrandBias:1.2,Multiplicity:1.05
0.100	0.100	0.100	0.700
0.100	0.700	0.100	0.100
0.100	0.700	0.100	0.100
0.100	0.100	0.700	0.100
0.100	0.700	0.100	0.100
0.100	0.100	0.100	0.700
>CTACTA	18-CTACTA	7.194748	-121.399437	0	T:1204.0(5.32%),B:877.1(3.34%),P:1e-52	Tpos:45.9,Tstd:27.0,Bpos:49.2,Bstd:29.6,StrandBias:0.3,Multiplicity:1.21
0.001	0.902	0.096	0.001
0.001	0.001	0.001	0.997
0.997	0.001	0.001	0.001
0.001	0.633	0.365	0.001
0.001	0.001	0.001	0.997
0.997	0.001	0.001	0.001
>TGACTG	19-TGACTG	6.177716	-35.750161	0	T:860.0(3.80%),B:752.2(2.86%),P:1e-15	Tpos:49.5,Tstd:28.4,Bpos:49.6,Bstd:28.0,StrandBias:-0.7,Multiplicity:1.05
0.100	0.100	0.100	0.700
0.100	0.100	0.700	0.100
0.700	0.100	0.100	0.100
0.100	0.700	0.100	0.100
0.100	0.100	0.100	0.700
0.100	0.100	0.700	0.100
>TATATATA	1-TATATATA	5.483565	-1242.198213	0	T:4060.0(17.96%),B:2036.3(7.75%),P:1e-539	Tpos:31.8,Tstd:10.8,Bpos:47.3,Bstd:39.4,StrandBias:0.4,Multiplicity:1.08
0.052	0.146	0.164	0.638
0.621	0.377	0.001	0.001
0.037	0.056	0.001	0.906
0.607	0.001	0.022	0.370
0.132	0.001	0.001	0.866
0.890	0.080	0.001	0.029
0.305	0.174	0.001	0.520
0.615	0.049	0.267	0.069
>CCCATCCC	2-CCCATCCC	4.853954	-1141.949253	0	T:10233.0(45.25%),B:7929.3(30.16%),P:1e-495	Tpos:54.4,Tstd:26.8,Bpos:49.9,Bstd:32.0,StrandBias:2.5,Multiplicity:1.55
0.044	0.821	0.001	0.134
0.047	0.811	0.079	0.063
0.154	0.771	0.037	0.038
0.609	0.168	0.109	0.114
0.144	0.167	0.048	0.641
0.023	0.766	0.001	0.210
0.095	0.775	0.065	0.065
0.101	0.807	0.060	0.032
>GWGAGAGG	3-GWGAGAGG	4.409172	-939.926582	0	T:12857.0(56.86%),B:11180.6(42.53%),P:1e-408	Tpos:55.0,Tstd:26.7,Bpos:49.8,Bstd:32.2,StrandBias:-1.8,Multiplicity:1.42
0.296	0.005	0.653	0.046
0.390	0.216	0.090	0.304
0.021	0.012	0.966	0.001
0.552	0.104	0.022	0.322
0.001	0.065	0.933	0.001
0.437	0.044	0.243	0.276
0.172	0.181	0.481	0.166
0.218	0.066	0.552	0.164
>TCCCGTCC	4-TCCCGTCC	5.501559	-732.552495	0	T:4320.0(19.10%),B:2771.3(10.54%),P:1e-318	Tpos:53.6,Tstd:27.8,Bpos:48.8,Bstd:31.7,StrandBias:1.6,Multiplicity:1.07
0.072	0.035	0.023	0.870
0.010	0.967	0.001	0.022
0.001	0.988	0.001	0.010
0.304	0.578	0.068	0.050
0.001	0.090	0.830	0.079
0.001	0.001	0.001	0.997
0.001	0.997	0.001	0.001
0.022	0.841	0.023	0.114
>AAACCCTA	5-AAACCCTA	8.518276	-489.452252	0	T:955.0(4.22%),B:336.0(1.28%),P:1e-212	Tpos:55.4,Tstd:26.4,Bpos:51.8,Bstd:32.7,StrandBias:1.1,Multiplicity:1.03
0.997	0.001	0.001	0.001
0.997	0.001	0.001	0.001
0.997	0.001	0.001	0.001
0.001	0.997	0.001	0.001
0.001	0.997	0.001	0.001
0.001	0.997	0.001	0.001
0.001	0.001	0.001	0.997
0.825	0.096	0.001	0.078
>CACAGCAC	6-CACAGCAC	5.365022	-473.758895	0	T:3452.0(15.27%),B:2347.3(8.93%),P:1e-205	Tpos:54.2,Tstd:27.7,Bpos:49.9,Bstd:30.5,StrandBias:1.4,Multiplicity:1.11
0.001	0.973	0.001	0.025
0.997	0.001	0.001	0.001
0.001	0.966	0.032	0.001
0.714	0.122	0.108	0.056
0.015	0.081	0.903	0.001
0.035	0.937	0.027	0.001
0.864	0.079	0.020	0.037
0.001	0.948	0.029	0.022
>AAGCAAAC	7-AAGCAAAC	5.203796	-450.824662	0	T:5044.0(22.31%),B:3896.0(14.82%),P:1e-195	Tpos:51.2,Tstd:26.8,Bpos:49.5,Bstd:32.7,StrandBias:0.9,Multiplicity:1.23
0.903	0.048	0.034	0.015
0.824	0.102	0.066	0.008
0.139	0.217	0.557	0.087
0.087	0.785	0.095	0.033
0.728	0.087	0.143	0.042
0.808	0.112	0.068	0.012
0.693	0.114	0.123	0.070
0.054	0.702	0.186	0.058
>CACTCGCT	8-CACTCGCT	5.560953	-372.100230	0	T:3136.0(13.87%),B:2217.4(8.44%),P:1e-161	Tpos:55.6,Tstd:28.1,Bpos:48.4,Bstd:32.0,StrandBias:0.8,Multiplicity:1.07
0.014	0.984	0.001	0.001
0.792	0.001	0.155	0.052
0.001	0.997	0.001	0.001
0.001	0.028	0.001	0.970
0.048	0.835	0.047	0.070
0.132	0.061	0.768	0.039
0.034	0.910	0.038	0.018
0.196	0.001	0.001	0.802
>GCAGCCGC	9-GCAGCCGC	5.888864	-367.807312	0	T:5512.0(24.38%),B:4541.0(17.27%),P:1e-159	Tpos:58.0,Tstd:27.5,Bpos:50.0,Bstd:31.2,StrandBias:0.8,Multiplicity:1.17
0.056	0.032	0.911	0.001
0.001	0.997	0.001	0.001
0.651	0.325	0.001	0.023
0.001	0.030	0.932	0.037
0.001	0.841	0.020	0.138
0.079	0.792	0.038	0.091
0.001	0.001	0.988	0.010
0.001	0.928	0.053	0.018
>TCGMWTCG	10-TCGMWTCG	4.105714	-298.792386	0	T:2489.0(11.01%),B:1744.9(6.64%),P:1e-129	Tpos:54.2,Tstd:27.3,Bpos:51.6,Bstd:28.0,StrandBias:0.4,Multiplicity:1.09
0.189	0.135	0.144	0.532
0.109	0.619	0.157	0.115
0.180	0.157	0.551	0.112
0.415	0.268	0.164	0.152
0.410	0.147	0.120	0.323
0.254	0.138	0.136	0.472
0.032	0.615	0.087	0.266
0.163	0.160	0.502	0.175
>GGAAGCGG	11-GGAAGCGG	6.251987	-290.263287	0	T:2803.0(12.40%),B:2049.3(7.80%),P:1e-126	Tpos:53.8,Tstd:27.9,Bpos:48.5,Bstd:32.7,StrandBias:-1.4,Multiplicity:1.06
0.001	0.057	0.888	0.054
0.001	0.059	0.921	0.019
0.873	0.077	0.001	0.049
0.867	0.067	0.065	0.001
0.001	0.001	0.902	0.096
0.084	0.821	0.001	0.094
0.001	0.001	0.997	0.001
0.056	0.058	0.840	0.046
>TCTCGTCT	12-TCTCGTCT	6.952709	-247.569500	0	T:1279.0(5.66%),B:758.9(2.89%),P:1e-107	Tpos:54.1,Tstd:26.4,Bpos:49.6,Bstd:30.5,StrandBias:0.5,Multiplicity:1.02
0.001	0.109	0.001	0.889
0.174	0.781	0.001	0.044
0.001	0.001	0.043	0.955
0.222	0.668	0.054	0.056
0.001	0.001	0.972	0.026
0.001	0.082	0.063	0.854
0.001	0.997	0.001	0.001
0.031	0.001	0.001	0.967
>GCACCGCA	13-GCACCGCA	7.534455	-244.838667	0	T:1739.0(7.69%),B:1155.0(4.39%),P:1e-106	Tpos:55.5,Tstd:27.9,Bpos:50.5,Bstd:30.9,StrandBias:0.4,Multiplicity:1.07
0.001	0.156	0.842	0.001
0.001	0.997	0.001	0.001
0.997	0.001	0.001	0.001
0.285	0.483	0.231	0.001
0.224	0.652	0.001	0.123
0.001	0.001	0.997	0.001
0.001	0.997	0.001	0.001
0.997	0.001	0.001	0.001
>ACCACCAC	14-ACCACCAC	6.450118	-203.850809	0	T:1352.0(5.98%),B:876.5(3.33%),P:1e-88	Tpos:54.9,Tstd:27.2,Bpos:51.5,Bstd:30.1,StrandBias:2.0,Multiplicity:1.03
0.888	0.001	0.001	0.110
0.001	0.997	0.001	0.001
0.001	0.941	0.001	0.057
0.944	0.054	0.001	0.001
0.001	0.879	0.001	0.119
0.001	0.909	0.001	0.089
0.997	0.001	0.001	0.001
0.079	0.919	0.001	0.001
>KWTTATWA	15-KWTTATWA	6.589839	-196.320426	0	T:902.0(3.99%),B:509.4(1.94%),P:1e-85	Tpos:34.5,Tstd:19.7,Bpos:50.5,Bstd:35.9,StrandBias:-0.1,Multiplicity:1.03
0.060	0.219	0.304	0.417
0.397	0.152	0.160	0.292
0.001	0.087	0.001	0.911
0.248	0.001	0.001	0.750
0.760	0.001	0.001	0.238
0.001	0.001	0.046	0.952
0.508	0.027	0.001	0.464
0.909	0.001	0.001	0.089
>CTACTAGT	16-CTACTAGT	6.150535	-189.972543	0	T:1089.0(4.82%),B:670.9(2.55%),P:1e-82	Tpos:46.5,Tstd:26.2,Bpos:49.8,Bstd:28.9,StrandBias:0.1,Multiplicity:1.06
0.034	0.807	0.099	0.060
0.032	0.043	0.043	0.882
0.908	0.001	0.090	0.001
0.001	0.759	0.239	0.001
0.046	0.036	0.001	0.917
0.920	0.001	0.001	0.078
0.065	0.227	0.645	0.063
0.001	0.241	0.064	0.694
>ACAAATAC	17-ACAAATAC	8.514849	-186.872596	0	T:436.0(1.93%),B:173.2(0.66%),P:1e-81	Tpos:37.1,Tstd:22.8,Bpos:48.7,Bstd:33.4,StrandBias:1.1,Multiplicity:1.00
0.775	0.001	0.001	0.223
0.151	0.748	0.001	0.100
0.997	0.001	0.001	0.001
0.997	0.001	0.001	0.001
0.997	0.001	0.001	0.001
0.001	0.001	0.001	0.997
0.997	0.001	0.001	0.001
0.001	0.997	0.001	0.001
>TGCCTKCC	18-TGCCTKCC	7.169431	-185.027407	0	T:1215.0(5.37%),B:784.2(2.98%),P:1e-80	Tpos:53.5,Tstd:27.2,Bpos:50.4,Bstd:31.8,StrandBias:0.7,Multiplicity:1.11
0.157	0.058	0.069	0.716
0.048	0.094	0.588	0.270
0.215	0.783	0.001	0.001
0.001	0.864	0.134	0.001
0.114	0.001	0.001	0.884
0.041	0.001	0.545	0.413
0.089	0.835	0.001	0.075
0.001	0.789	0.209	0.001
>YCTTATCT	19-YCTTATCT	7.332774	-183.107990	0	T:838.0(3.71%),B:472.7(1.80%),P:1e-79	Tpos:42.8,Tstd:23.1,Bpos:50.1,Bstd:32.6,StrandBias:1.7,Multiplicity:1.05
0.001	0.441	0.250	0.308
0.001	0.997	0.001	0.001
0.001	0.001	0.001	0.997
0.104	0.001	0.181	0.714
0.997	0.001	0.001	0.001
0.055	0.181	0.146	0.618
0.245	0.753	0.001	0.001
0.191	0.314	0.001	0.494
>TGATKRGW	20-TGATKRGW	5.537792	-169.743294	0	T:1337.0(5.91%),B:914.2(3.48%),P:1e-73	Tpos:48.4,Tstd:28.1,Bpos:50.4,Bstd:27.3,StrandBias:-1.5,Multiplicity:1.02
0.282	0.067	0.116	0.535
0.146	0.026	0.774	0.054
0.550	0.001	0.300	0.149
0.222	0.260	0.008	0.510
0.028	0.050	0.405	0.517
0.288	0.135	0.397	0.180
0.196	0.005	0.798	0.001
0.477	0.001	0.128	0.394
>CGGCCGKC	21-CGGCCGKC	7.507411	-161.977962	0	T:1470.0(6.50%),B:1047.0(3.98%),P:1e-70	Tpos:50.6,Tstd:29.0,Bpos:50.6,Bstd:31.2,StrandBias:0.4,Multiplicity:1.08
0.004	0.968	0.027	0.001
0.002	0.034	0.775	0.189
0.001	0.139	0.666	0.194
0.001	0.997	0.001	0.001
0.334	0.664	0.001	0.001
0.038	0.046	0.880	0.036
0.001	0.001	0.532	0.466
0.001	0.860	0.001	0.138
>AAACGGCA	22-AAACGGCA	6.466335	-143.712963	0	T:1133.0(5.01%),B:774.6(2.95%),P:1e-62	Tpos:47.5,Tstd:26.2,Bpos:51.6,Bstd:32.7,StrandBias:0.3,Multiplicity:1.01
0.825	0.113	0.001	0.061
0.933	0.022	0.031	0.014
0.877	0.027	0.095	0.001
0.141	0.803	0.019	0.037
0.001	0.148	0.828	0.023
0.001	0.026	0.972	0.001
0.023	0.898	0.078	0.001
0.978	0.020	0.001	0.001
>TAGMTAGC	23-TAGMTAGC	5.999391	-119.137642	0	T:753.0(3.33%),B:479.4(1.82%),P:1e-51	Tpos:53.9,Tstd:28.4,Bpos:53.6,Bstd:28.9,StrandBias:-0.3,Multiplicity:1.16
0.001	0.001	0.001	0.997
0.997	0.001	0.001	0.001
0.001	0.001	0.997	0.001
0.390	0.392	0.216	0.001
0.001	0.001	0.001	0.997
0.997	0.001	0.001	0.001
0.001	0.001	0.997	0.001
0.017	0.610	0.029	0.344
>AGACAGAC	24-AGACAGAC	9.137713	-117.879503	0	T:246.0(1.09%),B:91.1(0.35%),P:1e-51	Tpos:54.1,Tstd:24.9,Bpos:49.4,Bstd:23.8,StrandBias:0.1,Multiplicity:1.04
0.997	0.001	0.001	0.001
0.001	0.001	0.997	0.001
0.997	0.001	0.001	0.001
0.001	0.997	0.001	0.001
0.997	0.001	0.001	0.001
0.001	0.326	0.672	0.001
0.997	0.001	0.001	0.001
0.001	0.783	0.001	0.215
>AGACGGAA	25-AGACGGAA	9.110476	-74.830334	0	T:324.0(1.43%),B:179.4(0.68%),P:1e-32	Tpos:52.5,Tstd:27.7,Bpos:53.1,Bstd:28.1,StrandBias:-1.1,Multiplicity:1.01
0.779	0.001	0.001	0.219
0.001	0.001	0.997	0.001
0.997	0.001	0.001	0.001
0.001	0.997	0.001	0.001
0.001	0.001	0.997	0.001
0.001	0.001	0.997	0.001
0.997	0.001	0.001	0.001
0.642	0.001	0.356	0.001
