>TATATADRVV	1-TATATADRVV	5.671042	-1827.116126	0	T:4201.0(18.58%),B:1728.7(6.60%),P:1e-793	Tpos:31.6,Tstd:10.2,Bpos:50.4,Bstd:37.9,StrandBias:-0.1,Multiplicity:1.68
0.020	0.038	0.029	0.913
0.633	0.037	0.001	0.329
0.116	0.004	0.001	0.879
0.836	0.001	0.001	0.162
0.262	0.005	0.013	0.720
0.997	0.001	0.001	0.001
0.229	0.174	0.262	0.335
0.378	0.227	0.246	0.149
0.209	0.313	0.351	0.127
0.249	0.300	0.343	0.108
>CCYCCCCTCC	2-CCYCCCCTCC	5.688948	-1265.315143	0	T:9249.0(40.90%),B:6701.4(25.58%),P:1e-549	Tpos:56.3,Tstd:26.1,Bpos:49.6,Bstd:32.8,StrandBias:2.4,Multiplicity:1.43
0.074	0.549	0.001	0.376
0.070	0.736	0.007	0.187
0.181	0.453	0.013	0.353
0.001	0.818	0.007	0.174
0.017	0.753	0.127	0.103
0.227	0.555	0.077	0.141
0.164	0.556	0.122	0.158
0.152	0.240	0.143	0.465
0.001	0.865	0.001	0.133
0.001	0.990	0.001	0.008
>CGTTTCGTTT	3-CGTTTCGTTT	4.997934	-866.733004	0	T:7667.0(33.91%),B:5728.4(21.87%),P:1e-376	Tpos:53.1,Tstd:26.6,Bpos:50.3,Bstd:32.2,StrandBias:0.5,Multiplicity:1.25
0.001	0.746	0.184	0.069
0.053	0.231	0.605	0.111
0.033	0.203	0.071	0.693
0.001	0.205	0.016	0.778
0.001	0.178	0.127	0.694
0.001	0.861	0.105	0.033
0.108	0.208	0.597	0.087
0.081	0.149	0.156	0.614
0.001	0.223	0.085	0.691
0.002	0.242	0.039	0.717
>MMMAMMMMMM	4-MMMAMMMMMM	4.620792	-783.286946	0	T:6262.0(27.69%),B:4487.6(17.13%),P:1e-340	Tpos:53.5,Tstd:26.0,Bpos:49.2,Bstd:30.1,StrandBias:2.2,Multiplicity:1.16
0.449	0.549	0.001	0.001
0.451	0.547	0.001	0.001
0.475	0.523	0.001	0.001
0.594	0.404	0.001	0.001
0.506	0.444	0.001	0.049
0.424	0.541	0.001	0.034
0.434	0.564	0.001	0.001
0.442	0.556	0.001	0.001
0.517	0.481	0.001	0.001
0.492	0.506	0.001	0.001
>CMGCCGCCGC	5-CMGCCGCCGC	5.585067	-688.606778	0	T:8147.0(36.03%),B:6534.1(24.94%),P:1e-299	Tpos:57.7,Tstd:27.1,Bpos:49.7,Bstd:31.6,StrandBias:1.3,Multiplicity:1.18
0.234	0.691	0.035	0.040
0.367	0.494	0.084	0.055
0.206	0.196	0.539	0.059
0.001	0.933	0.021	0.045
0.263	0.569	0.031	0.137
0.213	0.156	0.606	0.025
0.059	0.916	0.005	0.020
0.192	0.553	0.073	0.182
0.040	0.157	0.677	0.126
0.036	0.914	0.030	0.020
>CCAATTCCCA	6-CCAATTCCCA	5.388664	-608.905128	0	T:4118.0(18.21%),B:2746.2(10.48%),P:1e-264	Tpos:53.0,Tstd:26.4,Bpos:50.0,Bstd:30.4,StrandBias:1.8,Multiplicity:1.09
0.079	0.756	0.077	0.088
0.120	0.772	0.058	0.050
0.685	0.138	0.111	0.066
0.633	0.134	0.128	0.105
0.143	0.123	0.120	0.614
0.053	0.167	0.123	0.657
0.061	0.722	0.088	0.129
0.089	0.748	0.086	0.077
0.136	0.730	0.069	0.065
0.684	0.134	0.081	0.101
>TCTCTCTCTC	7-TCTCTCTCTC	4.998992	-497.351475	0	T:5875.0(25.98%),B:4610.4(17.60%),P:1e-215	Tpos:56.5,Tstd:26.4,Bpos:49.7,Bstd:32.8,StrandBias:1.5,Multiplicity:1.12
0.095	0.145	0.103	0.657
0.071	0.729	0.101	0.099
0.110	0.127	0.118	0.645
0.072	0.737	0.085	0.106
0.113	0.100	0.113	0.674
0.067	0.763	0.080	0.090
0.104	0.101	0.113	0.682
0.074	0.745	0.084	0.097
0.100	0.119	0.128	0.653
0.078	0.714	0.086	0.122
>AAAACCCTAG	8-AAAACCCTAG	7.189220	-436.936005	0	T:937.0(4.14%),B:351.6(1.34%),P:1e-189	Tpos:53.3,Tstd:27.2,Bpos:51.2,Bstd:33.9,StrandBias:1.1,Multiplicity:1.03
0.671	0.154	0.093	0.082
0.974	0.001	0.024	0.001
0.997	0.001	0.001	0.001
0.983	0.004	0.012	0.001
0.012	0.945	0.008	0.035
0.001	0.983	0.008	0.008
0.001	0.997	0.001	0.001
0.003	0.001	0.001	0.995
0.878	0.104	0.017	0.001
0.069	0.207	0.714	0.010
>CACACACRCA	9-CACACACRCA	6.130202	-428.808240	0	T:2898.0(12.82%),B:1908.4(7.28%),P:1e-186	Tpos:54.8,Tstd:26.2,Bpos:50.2,Bstd:29.5,StrandBias:1.2,Multiplicity:1.10
0.083	0.873	0.043	0.001
0.577	0.029	0.273	0.121
0.027	0.664	0.270	0.039
0.638	0.001	0.262	0.099
0.085	0.604	0.239	0.072
0.471	0.152	0.209	0.168
0.021	0.689	0.262	0.028
0.413	0.061	0.394	0.132
0.001	0.938	0.060	0.001
0.672	0.089	0.102	0.137
>TCTCGTCTCG	10-TCTCGTCTCG	5.618196	-421.927797	0	T:3440.0(15.21%),B:2408.6(9.19%),P:1e-183	Tpos:55.0,Tstd:27.4,Bpos:49.8,Bstd:30.1,StrandBias:0.9,Multiplicity:1.07
0.083	0.115	0.127	0.675
0.081	0.738	0.107	0.074
0.102	0.140	0.141	0.617
0.043	0.742	0.124	0.091
0.145	0.065	0.695	0.095
0.113	0.122	0.131	0.634
0.013	0.866	0.119	0.002
0.095	0.093	0.133	0.679
0.048	0.757	0.083	0.112
0.113	0.152	0.596	0.139
>TGCBGACTGC	11-TGCBGACTGC	8.431606	-280.222269	0	T:592.0(2.62%),B:219.6(0.84%),P:1e-121	Tpos:55.4,Tstd:25.1,Bpos:50.0,Bstd:27.4,StrandBias:-1.1,Multiplicity:1.04
0.001	0.035	0.001	0.963
0.001	0.022	0.976	0.001
0.389	0.609	0.001	0.001
0.100	0.297	0.358	0.245
0.029	0.001	0.834	0.136
0.541	0.072	0.121	0.266
0.001	0.616	0.382	0.001
0.001	0.001	0.001	0.997
0.001	0.001	0.997	0.001
0.397	0.601	0.001	0.001
>TACTAGTAGT	12-TACTAGTAGT	6.687840	-202.887248	0	T:721.0(3.19%),B:361.9(1.38%),P:1e-88	Tpos:46.0,Tstd:25.1,Bpos:48.4,Bstd:26.7,StrandBias:-0.2,Multiplicity:1.05
0.050	0.138	0.190	0.622
0.810	0.039	0.083	0.068
0.008	0.642	0.342	0.008
0.024	0.027	0.034	0.915
0.825	0.001	0.160	0.014
0.004	0.399	0.588	0.009
0.004	0.219	0.019	0.758
0.827	0.027	0.076	0.070
0.011	0.296	0.670	0.023
0.101	0.221	0.069	0.609
>CACCASTCRC	13-CACCASTCRC	8.490296	-191.252547	0	T:476.0(2.11%),B:196.5(0.75%),P:1e-83	Tpos:56.6,Tstd:27.5,Bpos:49.9,Bstd:25.4,StrandBias:1.6,Multiplicity:1.02
0.022	0.953	0.024	0.001
0.637	0.033	0.264	0.066
0.001	0.864	0.039	0.096
0.093	0.813	0.063	0.031
0.803	0.030	0.135	0.032
0.048	0.438	0.455	0.059
0.047	0.001	0.137	0.815
0.001	0.983	0.014	0.002
0.527	0.001	0.471	0.001
0.030	0.946	0.013	0.011
>ATCCATCCAT	14-ATCCATCCAT	7.330216	-190.358902	0	T:534.0(2.36%),B:236.6(0.90%),P:1e-82	Tpos:55.2,Tstd:25.9,Bpos:51.4,Bstd:27.3,StrandBias:1.9,Multiplicity:1.02
0.509	0.230	0.209	0.052
0.080	0.152	0.048	0.720
0.034	0.765	0.049	0.152
0.114	0.693	0.074	0.119
0.728	0.084	0.140	0.048
0.016	0.061	0.137	0.786
0.046	0.662	0.028	0.264
0.097	0.762	0.083	0.058
0.544	0.182	0.177	0.097
0.138	0.200	0.058	0.604
>CGCACCGCAC	15-CGCACCGCAC	8.654758	-171.945444	0	T:283.0(1.25%),B:87.5(0.33%),P:1e-74	Tpos:56.3,Tstd:27.5,Bpos:44.3,Bstd:33.5,StrandBias:1.7,Multiplicity:1.01
0.204	0.750	0.006	0.040
0.071	0.058	0.668	0.203
0.056	0.907	0.014	0.023
0.721	0.024	0.051	0.204
0.082	0.648	0.090	0.180
0.034	0.725	0.240	0.001
0.030	0.165	0.785	0.020
0.037	0.941	0.008	0.014
0.568	0.111	0.227	0.094
0.212	0.455	0.166	0.167
>CTGCCTGCCT	16-CTGCCTGCCT	6.816176	-166.803394	0	T:540.0(2.39%),B:259.0(0.99%),P:1e-72	Tpos:51.1,Tstd:27.4,Bpos:48.5,Bstd:29.9,StrandBias:0.8,Multiplicity:1.01
0.014	0.727	0.068	0.191
0.127	0.278	0.164	0.431
0.043	0.116	0.651	0.190
0.161	0.509	0.244	0.086
0.087	0.625	0.001	0.287
0.195	0.097	0.230	0.477
0.109	0.232	0.586	0.073
0.095	0.626	0.179	0.100
0.048	0.666	0.021	0.265
0.157	0.211	0.194	0.438
>AAGCAAAGCG	17-AAGCAAAGCG	7.741476	-166.713801	0	T:609.0(2.69%),B:309.6(1.18%),P:1e-72	Tpos:55.6,Tstd:26.7,Bpos:52.6,Bstd:29.9,StrandBias:0.6,Multiplicity:1.04
0.794	0.108	0.046	0.052
0.908	0.035	0.028	0.029
0.029	0.033	0.907	0.031
0.098	0.803	0.060	0.039
0.773	0.117	0.029	0.081
0.752	0.099	0.126	0.023
0.723	0.151	0.069	0.057
0.024	0.091	0.832	0.053
0.051	0.864	0.038	0.047
0.081	0.128	0.646	0.145
>TTCCATTCCA	18-TTCCATTCCA	8.886273	-161.004714	0	T:309.0(1.37%),B:107.0(0.41%),P:1e-69	Tpos:52.7,Tstd:26.3,Bpos:47.5,Bstd:25.3,StrandBias:1.7,Multiplicity:1.10
0.160	0.087	0.066	0.687
0.001	0.001	0.005	0.993
0.005	0.989	0.001	0.005
0.005	0.964	0.001	0.030
0.888	0.030	0.016	0.066
0.087	0.001	0.134	0.778
0.005	0.001	0.001	0.993
0.016	0.967	0.016	0.001
0.001	0.997	0.001	0.001
0.969	0.001	0.029	0.001
>CTTCCTTATC	19-CTTCCTTATC	9.336115	-148.978910	0	T:85.0(0.38%),B:7.1(0.03%),P:1e-64	Tpos:51.6,Tstd:25.4,Bpos:39.0,Bstd:7.9,StrandBias:2.3,Multiplicity:1.00
0.001	0.799	0.016	0.184
0.001	0.001	0.001	0.997
0.001	0.001	0.001	0.997
0.001	0.983	0.001	0.015
0.001	0.997	0.001	0.001
0.001	0.001	0.005	0.993
0.046	0.001	0.001	0.952
0.997	0.001	0.001	0.001
0.001	0.001	0.029	0.969
0.001	0.997	0.001	0.001
>CTAGCTAGCT	20-CTAGCTAGCT	6.790805	-127.723674	0	T:1143.0(5.05%),B:808.0(3.08%),P:1e-55	Tpos:58.4,Tstd:26.7,Bpos:48.9,Bstd:29.8,StrandBias:-0.0,Multiplicity:1.06
0.123	0.724	0.081	0.072
0.122	0.098	0.067	0.713
0.740	0.061	0.115	0.084
0.050	0.036	0.886	0.028
0.045	0.878	0.038	0.039
0.055	0.037	0.019	0.889
0.722	0.089	0.106	0.083
0.030	0.044	0.884	0.042
0.095	0.791	0.031	0.083
0.064	0.090	0.070	0.776
>TAATAATAAA	21-TAATAATAAA	7.437803	-113.661733	0	T:376.0(1.66%),B:182.7(0.70%),P:1e-49	Tpos:34.9,Tstd:21.7,Bpos:44.9,Bstd:34.8,StrandBias:0.3,Multiplicity:1.05
0.091	0.134	0.061	0.714
0.765	0.027	0.064	0.144
0.789	0.037	0.068	0.106
0.086	0.031	0.084	0.799
0.895	0.023	0.052	0.030
0.895	0.025	0.046	0.034
0.128	0.064	0.069	0.739
0.764	0.069	0.042	0.125
0.850	0.026	0.070	0.054
0.792	0.075	0.038	0.095
>ACGGACGGAC	22-ACGGACGGAC	7.968727	-83.686886	0	T:376.0(1.66%),B:210.3(0.80%),P:1e-36	Tpos:51.9,Tstd:28.8,Bpos:47.5,Bstd:26.1,StrandBias:-0.8,Multiplicity:1.00
0.747	0.082	0.110	0.061
0.038	0.862	0.076	0.024
0.065	0.064	0.796	0.075
0.044	0.002	0.942	0.012
0.687	0.168	0.092	0.053
0.012	0.844	0.040	0.104
0.053	0.051	0.822	0.074
0.096	0.023	0.853	0.028
0.784	0.052	0.143	0.021
0.041	0.664	0.164	0.131
>CTGCAGTGCA	23-CTGCAGTGCA	7.592907	-79.402191	0	T:549.0(2.43%),B:359.6(1.37%),P:1e-34	Tpos:54.4,Tstd:27.1,Bpos:50.6,Bstd:27.6,StrandBias:0.1,Multiplicity:1.09
0.125	0.529	0.179	0.167
0.041	0.073	0.047	0.839
0.001	0.034	0.963	0.002
0.001	0.958	0.040	0.001
0.784	0.092	0.001	0.123
0.086	0.237	0.501	0.176
0.108	0.029	0.050	0.813
0.019	0.044	0.936	0.001
0.013	0.927	0.059	0.001
0.750	0.001	0.074	0.175
>WATATTCTTC	24-WATATTCTTC	11.203806	-62.900446	0	T:43.0(0.19%),B:5.0(0.02%),P:1e-27	Tpos:48.3,Tstd:23.2,Bpos:11.1,Bstd:6.3,StrandBias:1.3,Multiplicity:1.00
0.454	0.084	0.001	0.461
0.969	0.029	0.001	0.001
0.001	0.001	0.029	0.969
0.681	0.317	0.001	0.001
0.029	0.113	0.001	0.857
0.001	0.001	0.001	0.997
0.261	0.737	0.001	0.001
0.029	0.029	0.001	0.941
0.029	0.029	0.001	0.941
0.083	0.915	0.001	0.001
>CHTATCCGTT	25-CHTATCCGTT	9.909186	-45.086493	0	T:66.0(0.29%),B:19.6(0.07%),P:1e-19	Tpos:52.8,Tstd:25.0,Bpos:46.3,Bstd:20.4,StrandBias:2.3,Multiplicity:1.00
0.036	0.928	0.035	0.001
0.316	0.282	0.001	0.401
0.001	0.218	0.001	0.780
0.716	0.282	0.001	0.001
0.001	0.001	0.196	0.802
0.001	0.997	0.001	0.001
0.001	0.963	0.035	0.001
0.001	0.188	0.810	0.001
0.111	0.134	0.070	0.685
0.001	0.001	0.114	0.884
>TATATAWANVSV	1-TATATAWANVSV	4.976314	-1743.667235	0	T:4961.0(21.94%),B:2339.4(8.93%),P:1e-757	Tpos:31.9,Tstd:11.0,Bpos:50.6,Bstd:36.6,StrandBias:0.0,Multiplicity:1.13
0.093	0.181	0.139	0.587
0.489	0.175	0.034	0.301
0.045	0.006	0.002	0.947
0.806	0.001	0.001	0.192
0.229	0.006	0.015	0.750
0.956	0.001	0.036	0.007
0.338	0.069	0.179	0.414
0.584	0.133	0.192	0.091
0.233	0.219	0.291	0.258
0.324	0.239	0.321	0.117
0.191	0.353	0.310	0.146
0.235	0.316	0.328	0.121
>GGKGGGGGKGGG	2-GGKGGGGGKGGG	4.175542	-1162.947232	0	T:14671.0(64.88%),B:12832.9(48.98%),P:1e-505	Tpos:56.1,Tstd:25.7,Bpos:49.9,Bstd:31.2,StrandBias:-2.4,Multiplicity:1.67
0.094	0.064	0.733	0.109
0.075	0.112	0.759	0.054
0.165	0.180	0.308	0.347
0.088	0.052	0.743	0.117
0.095	0.111	0.720	0.074
0.178	0.197	0.430	0.196
0.079	0.057	0.776	0.088
0.147	0.101	0.590	0.162
0.145	0.188	0.366	0.302
0.081	0.071	0.717	0.131
0.162	0.071	0.643	0.124
0.136	0.107	0.668	0.089
>TCCNTTCCNTTC	3-TCCNTTCCNTTC	5.247728	-1149.232589	0	T:8397.0(37.14%),B:6018.6(22.97%),P:1e-499	Tpos:52.9,Tstd:26.9,Bpos:50.1,Bstd:31.1,StrandBias:1.6,Multiplicity:1.09
0.083	0.278	0.103	0.536
0.002	0.581	0.100	0.317
0.162	0.598	0.093	0.147
0.317	0.311	0.198	0.174
0.184	0.139	0.127	0.550
0.001	0.187	0.001	0.811
0.001	0.618	0.105	0.276
0.093	0.858	0.029	0.020
0.334	0.274	0.193	0.199
0.198	0.132	0.201	0.469
0.013	0.311	0.052	0.624
0.010	0.616	0.013	0.361
>TCKTCTCBTCTC	4-TCKTCTCBTCTC	4.821928	-988.784040	0	T:8112.0(35.87%),B:5976.3(22.81%),P:1e-429	Tpos:56.1,Tstd:26.1,Bpos:49.6,Bstd:33.1,StrandBias:1.3,Multiplicity:1.14
0.005	0.212	0.052	0.731
0.009	0.907	0.017	0.067
0.033	0.190	0.321	0.456
0.007	0.303	0.057	0.633
0.004	0.717	0.028	0.251
0.002	0.040	0.017	0.941
0.001	0.927	0.005	0.067
0.014	0.267	0.354	0.365
0.013	0.145	0.089	0.753
0.001	0.882	0.023	0.094
0.007	0.057	0.024	0.912
0.002	0.894	0.031	0.073
>GGTTTGGTTTGG	5-GGTTTGGTTTGG	5.137292	-668.883849	0	T:5095.0(22.53%),B:3557.4(13.58%),P:1e-290	Tpos:51.1,Tstd:26.1,Bpos:50.1,Bstd:31.7,StrandBias:-1.7,Multiplicity:1.10
0.089	0.140	0.558	0.213
0.086	0.249	0.448	0.217
0.116	0.215	0.112	0.557
0.118	0.105	0.066	0.711
0.075	0.096	0.226	0.603
0.034	0.089	0.646	0.231
0.110	0.224	0.525	0.141
0.111	0.189	0.160	0.540
0.043	0.133	0.095	0.729
0.045	0.124	0.148	0.683
0.044	0.129	0.547	0.280
0.096	0.196	0.521	0.187
>TGTGWGTGTGTG	6-TGTGWGTGTGTG	5.236612	-529.635513	0	T:4308.0(19.05%),B:3039.6(11.60%),P:1e-230	Tpos:55.4,Tstd:25.6,Bpos:48.3,Bstd:29.6,StrandBias:-1.6,Multiplicity:1.10
0.085	0.153	0.102	0.660
0.025	0.089	0.796	0.090
0.084	0.263	0.062	0.591
0.016	0.071	0.863	0.050
0.304	0.239	0.062	0.396
0.025	0.212	0.671	0.092
0.088	0.205	0.041	0.666
0.023	0.108	0.787	0.082
0.096	0.214	0.062	0.628
0.017	0.086	0.803	0.094
0.165	0.153	0.065	0.617
0.039	0.081	0.811	0.069
>TCTCTCTCTCTC	7-TCTCTCTCTCTC	7.560535	-239.015167	0	T:1492.0(6.60%),B:945.1(3.61%),P:1e-103	Tpos:57.2,Tstd:26.8,Bpos:49.9,Bstd:34.9,StrandBias:1.2,Multiplicity:1.02
0.064	0.212	0.176	0.548
0.090	0.672	0.075	0.163
0.024	0.045	0.168	0.763
0.062	0.834	0.024	0.080
0.001	0.046	0.145	0.808
0.023	0.900	0.048	0.029
0.001	0.002	0.277	0.720
0.025	0.840	0.078	0.057
0.014	0.006	0.248	0.732
0.059	0.744	0.085	0.112
0.034	0.052	0.316	0.598
0.069	0.679	0.130	0.122
>CCTCAGTCCTCA	8-CCTCAGTCCTCA	8.636021	-225.142381	0	T:101.0(0.45%),B:5.8(0.02%),P:1e-97	Tpos:65.8,Tstd:22.5,Bpos:27.2,Bstd:27.0,StrandBias:1.6,Multiplicity:1.00
0.105	0.600	0.150	0.145
0.128	0.531	0.205	0.136
0.123	0.114	0.238	0.525
0.023	0.677	0.250	0.050
0.585	0.072	0.162	0.181
0.089	0.169	0.649	0.093
0.088	0.096	0.146	0.670
0.069	0.741	0.099	0.091
0.132	0.530	0.210	0.128
0.087	0.102	0.234	0.577
0.074	0.683	0.205	0.038
0.574	0.127	0.190	0.109
>TCGCVAGTCGCV	9-TCGCVAGTCGCV	7.953625	-213.790477	0	T:526.0(2.33%),B:215.1(0.82%),P:1e-92	Tpos:53.6,Tstd:27.5,Bpos:49.4,Bstd:25.6,StrandBias:0.8,Multiplicity:1.04
0.055	0.089	0.001	0.855
0.053	0.709	0.031	0.207
0.278	0.001	0.530	0.191
0.001	0.983	0.003	0.013
0.307	0.286	0.288	0.118
0.786	0.089	0.104	0.021
0.034	0.267	0.559	0.140
0.086	0.024	0.001	0.889
0.080	0.689	0.010	0.221
0.265	0.024	0.582	0.129
0.013	0.928	0.001	0.058
0.314	0.216	0.351	0.119
>TAGTASTAGTAG	10-TAGTASTAGTAG	5.756119	-197.496108	0	T:1763.0(7.80%),B:1248.8(4.77%),P:1e-85	Tpos:49.5,Tstd:25.7,Bpos:49.9,Bstd:27.4,StrandBias:0.1,Multiplicity:1.07
0.206	0.114	0.122	0.558
0.567	0.079	0.227	0.127
0.066	0.373	0.540	0.021
0.060	0.290	0.029	0.621
0.897	0.043	0.048	0.012
0.007	0.501	0.491	0.001
0.089	0.141	0.040	0.730
0.734	0.049	0.158	0.059
0.020	0.276	0.692	0.012
0.074	0.315	0.058	0.553
0.759	0.031	0.099	0.111
0.090	0.273	0.560	0.077
>TCCAAAACCCTA	11-TCCAAAACCCTA	8.325768	-143.203489	0	T:166.0(0.73%),B:37.9(0.14%),P:1e-62	Tpos:55.7,Tstd:25.3,Bpos:40.8,Bstd:29.0,StrandBias:1.6,Multiplicity:1.00
0.113	0.191	0.215	0.482
0.096	0.570	0.180	0.154
0.222	0.471	0.158	0.149
0.571	0.118	0.162	0.149
0.718	0.053	0.174	0.055
0.936	0.008	0.046	0.010
0.609	0.093	0.161	0.137
0.112	0.528	0.173	0.187
0.097	0.683	0.093	0.127
0.055	0.686	0.100	0.159
0.122	0.218	0.114	0.546
0.477	0.266	0.121	0.135
>CTGCNGACTGCA	12-CTGCNGACTGCA	10.072956	-121.084765	0	T:287.0(1.27%),B:115.9(0.44%),P:1e-52	Tpos:54.3,Tstd:25.7,Bpos:48.1,Bstd:27.0,StrandBias:-0.2,Multiplicity:1.03
0.014	0.785	0.187	0.014
0.056	0.043	0.028	0.873
0.024	0.019	0.952	0.005
0.009	0.949	0.014	0.028
0.198	0.202	0.313	0.287
0.024	0.160	0.792	0.024
0.435	0.209	0.228	0.128
0.009	0.944	0.038	0.009
0.005	0.028	0.024	0.943
0.014	0.019	0.943	0.024
0.005	0.962	0.028	0.005
0.417	0.243	0.079	0.261
>TCGAGTCTCGAK	13-TCGAGTCTCGAK	10.743399	-109.430931	0	T:38.0(0.17%),B:0.5(0.00%),P:1e-47	Tpos:58.9,Tstd:25.3,Bpos:48.0,Bstd:0.0,StrandBias:0.3,Multiplicity:1.03
0.013	0.253	0.026	0.708
0.062	0.887	0.014	0.037
0.026	0.025	0.562	0.387
0.848	0.075	0.039	0.038
0.025	0.265	0.484	0.226
0.309	0.012	0.187	0.491
0.026	0.505	0.213	0.256
0.038	0.064	0.026	0.872
0.038	0.860	0.050	0.052
0.012	0.050	0.863	0.075
0.874	0.037	0.038	0.051
0.001	0.113	0.512	0.374
>ATAAGAAAGACG	14-ATAAGAAAGACG	8.698206	-100.165762	0	T:255.0(1.13%),B:107.1(0.41%),P:1e-43	Tpos:47.7,Tstd:24.6,Bpos:54.8,Bstd:27.4,StrandBias:-0.7,Multiplicity:1.00
0.886	0.033	0.049	0.032
0.081	0.067	0.211	0.641
0.916	0.016	0.067	0.001
0.856	0.048	0.048	0.048
0.034	0.032	0.840	0.094
0.875	0.017	0.092	0.016
0.903	0.048	0.001	0.048
0.837	0.066	0.033	0.064
0.066	0.097	0.757	0.080
0.747	0.111	0.126	0.016
0.107	0.730	0.098	0.065
0.083	0.110	0.791	0.016
>GTTCAGACTTCA	15-GTTCAGACTTCA	11.105389	-91.759613	0	T:46.0(0.20%),B:3.0(0.01%),P:1e-39	Tpos:51.3,Tstd:25.3,Bpos:24.2,Bstd:20.9,StrandBias:0.8,Multiplicity:1.05
0.062	0.124	0.762	0.052
0.041	0.031	0.010	0.918
0.040	0.162	0.052	0.746
0.010	0.907	0.031	0.052
0.937	0.011	0.051	0.001
0.073	0.138	0.788	0.001
0.784	0.083	0.041	0.092
0.052	0.744	0.163	0.041
0.032	0.031	0.010	0.927
0.050	0.152	0.031	0.767
0.011	0.855	0.093	0.041
0.895	0.041	0.032	0.032
>AAACCCTAGTSA	16-AAACCCTAGTSA	12.115501	-91.425962	0	T:80.0(0.35%),B:13.8(0.05%),P:1e-39	Tpos:59.4,Tstd:28.5,Bpos:67.5,Bstd:11.6,StrandBias:0.2,Multiplicity:1.00
0.935	0.001	0.032	0.032
0.967	0.013	0.019	0.001
0.942	0.026	0.019	0.013
0.006	0.967	0.007	0.020
0.013	0.962	0.019	0.006
0.013	0.962	0.019	0.006
0.006	0.019	0.013	0.962
0.909	0.026	0.026	0.039
0.057	0.045	0.885	0.013
0.114	0.157	0.112	0.617
0.115	0.413	0.335	0.138
0.492	0.166	0.278	0.064
>GCTAGCTAGCTA	17-GCTAGCTAGCTA	7.660953	-84.293180	0	T:630.0(2.79%),B:422.6(1.61%),P:1e-36	Tpos:60.2,Tstd:26.4,Bpos:50.1,Bstd:30.0,StrandBias:-0.0,Multiplicity:1.05
0.110	0.052	0.753	0.085
0.046	0.816	0.099	0.039
0.126	0.175	0.110	0.589
0.701	0.075	0.111	0.113
0.019	0.018	0.948	0.015
0.017	0.958	0.014	0.011
0.096	0.139	0.059	0.706
0.662	0.121	0.093	0.124
0.021	0.012	0.939	0.028
0.061	0.794	0.063	0.082
0.101	0.176	0.162	0.561
0.574	0.163	0.154	0.109
>ACGGCCACACGG	18-ACGGCCACACGG	10.409522	-74.749886	0	T:48.0(0.21%),B:5.9(0.02%),P:1e-32	Tpos:51.5,Tstd:33.1,Bpos:65.2,Bstd:21.7,StrandBias:-0.7,Multiplicity:1.00
0.700	0.100	0.100	0.100
0.100	0.700	0.100	0.100
0.100	0.100	0.700	0.100
0.100	0.100	0.700	0.100
0.100	0.700	0.100	0.100
0.100	0.700	0.100	0.100
0.700	0.100	0.100	0.100
0.100	0.700	0.100	0.100
0.700	0.100	0.100	0.100
0.100	0.700	0.100	0.100
0.100	0.100	0.700	0.100
0.100	0.100	0.700	0.100
>CAGCCCATCAAT	19-CAGCCCATCAAT	7.967522	-62.380851	0	T:49.0(0.22%),B:7.7(0.03%),P:1e-27	Tpos:44.5,Tstd:28.8,Bpos:41.2,Bstd:21.7,StrandBias:1.5,Multiplicity:1.00
0.157	0.589	0.160	0.094
0.563	0.141	0.196	0.100
0.210	0.090	0.692	0.008
0.156	0.556	0.145	0.143
0.141	0.562	0.126	0.171
0.166	0.633	0.086	0.115
0.636	0.193	0.011	0.160
0.214	0.165	0.191	0.430
0.095	0.604	0.178	0.123
0.597	0.160	0.183	0.060
0.603	0.127	0.157	0.113
0.143	0.207	0.210	0.440
>AGGCAGSAGGCA	20-AGGCAGSAGGCA	13.068077	-58.765547	0	T:34.0(0.15%),B:3.7(0.01%),P:1e-25	Tpos:61.0,Tstd:26.0,Bpos:65.2,Bstd:12.9,StrandBias:-0.2,Multiplicity:1.00
0.997	0.001	0.001	0.001
0.166	0.001	0.832	0.001
0.001	0.001	0.997	0.001
0.001	0.997	0.001	0.001
0.997	0.001	0.001	0.001
0.001	0.413	0.585	0.001
0.129	0.299	0.381	0.191
0.958	0.001	0.001	0.040
0.001	0.001	0.997	0.001
0.001	0.001	0.997	0.001
0.001	0.706	0.292	0.001
0.706	0.001	0.001	0.292
>CACAGCACACAG	21-CACAGCACACAG	10.823463	-57.439678	0	T:86.0(0.38%),B:25.9(0.10%),P:1e-24	Tpos:55.5,Tstd:25.2,Bpos:58.7,Bstd:20.3,StrandBias:1.0,Multiplicity:1.02
0.029	0.887	0.083	0.001
0.882	0.029	0.088	0.001
0.001	0.997	0.001	0.001
0.970	0.001	0.028	0.001
0.001	0.035	0.935	0.029
0.029	0.935	0.035	0.001
0.959	0.005	0.035	0.001
0.029	0.941	0.029	0.001
0.941	0.001	0.029	0.029
0.029	0.626	0.344	0.001
0.619	0.001	0.190	0.190
0.005	0.418	0.576	0.001
>CCCAATTCCCCA	22-CCCAATTCCCCA	11.470556	-52.323859	0	T:65.0(0.29%),B:16.8(0.06%),P:1e-22	Tpos:56.0,Tstd:26.3,Bpos:48.2,Bstd:4.3,StrandBias:2.9,Multiplicity:1.00
0.001	0.907	0.091	0.001
0.001	0.997	0.001	0.001
0.412	0.586	0.001	0.001
0.890	0.108	0.001	0.001
0.707	0.001	0.291	0.001
0.009	0.001	0.321	0.669
0.001	0.001	0.001	0.997
0.276	0.722	0.001	0.001
0.001	0.713	0.001	0.285
0.216	0.782	0.001	0.001
0.001	0.997	0.001	0.001
0.873	0.001	0.125	0.001
>AAAGGCCAGGCC	23-AAAGGCCAGGCC	8.829964	-50.847845	0	T:46.0(0.20%),B:8.5(0.03%),P:1e-22	Tpos:35.6,Tstd:23.5,Bpos:56.0,Bstd:21.3,StrandBias:-0.1,Multiplicity:1.00
0.637	0.146	0.139	0.078
0.621	0.149	0.145	0.085
0.614	0.140	0.132	0.114
0.106	0.121	0.684	0.089
0.103	0.132	0.670	0.095
0.089	0.715	0.116	0.080
0.115	0.670	0.131	0.084
0.652	0.123	0.121	0.104
0.113	0.121	0.678	0.088
0.097	0.109	0.709	0.085
0.098	0.668	0.146	0.088
0.111	0.682	0.115	0.092
>AAGCGGCAAGCG	24-AAGCGGCAAGCG	11.174294	-32.710873	0	T:46.0(0.20%),B:13.5(0.05%),P:1e-14	Tpos:60.1,Tstd:24.7,Bpos:18.8,Bstd:3.0,StrandBias:0.4,Multiplicity:1.00
0.912	0.086	0.001	0.001
0.564	0.001	0.363	0.072
0.001	0.013	0.985	0.001
0.001	0.997	0.001	0.001
0.001	0.226	0.772	0.001
0.001	0.086	0.912	0.001
0.001	0.997	0.001	0.001
0.621	0.159	0.014	0.206
0.997	0.001	0.001	0.001
0.072	0.072	0.855	0.001
0.001	0.634	0.086	0.279
0.014	0.086	0.899	0.001
>GTTTCTTYACCC	25-GTTTCTTYACCC	11.348255	-17.353605	0	T:80.0(0.35%),B:47.9(0.18%),P:1e-7	Tpos:48.3,Tstd:24.7,Bpos:65.6,Bstd:23.1,StrandBias:1.2,Multiplicity:1.00
0.001	0.369	0.629	0.001
0.001	0.117	0.001	0.881
0.001	0.001	0.117	0.881
0.001	0.001	0.058	0.940
0.001	0.997	0.001	0.001
0.001	0.001	0.001	0.997
0.001	0.001	0.001	0.997
0.001	0.421	0.177	0.401
0.584	0.327	0.001	0.088
0.005	0.733	0.005	0.257
0.001	0.940	0.001	0.058
0.070	0.795	0.070	0.065
>TATATA	1-TATATA	5.689946	-1634.546574	0	T:4322.0(19.11%),B:1937.4(7.40%),P:1e-709	Tpos:31.6,Tstd:10.9,Bpos:51.0,Bstd:39.4,StrandBias:-0.4,Multiplicity:1.17
0.001	0.001	0.001	0.997
0.621	0.001	0.001	0.377
0.125	0.001	0.001	0.873
0.997	0.001	0.001	0.001
0.001	0.026	0.034	0.939
0.997	0.001	0.001	0.001
>CCACTC	2-CCACTC	4.126459	-703.746869	0	T:13842.0(61.22%),B:12790.9(48.82%),P:1e-305	Tpos:54.7,Tstd:27.3,Bpos:49.6,Bstd:32.2,StrandBias:2.0,Multiplicity:1.69
0.001	0.877	0.001	0.121
0.001	0.997	0.001	0.001
0.756	0.001	0.076	0.167
0.061	0.764	0.111	0.064
0.114	0.136	0.001	0.749
0.001	0.997	0.001	0.001
>CCCRYC	3-CCCRYC	4.612022	-684.687033	0	T:14164.0(62.64%),B:13216.0(50.45%),P:1e-297	Tpos:51.2,Tstd:28.5,Bpos:50.3,Bstd:31.8,StrandBias:1.5,Multiplicity:1.54
0.001	0.701	0.132	0.166
0.001	0.869	0.129	0.001
0.198	0.459	0.131	0.212
0.455	0.001	0.543	0.001
0.001	0.569	0.001	0.429
0.001	0.997	0.001	0.001
>CGCAGC	4-CGCAGC	3.528938	-610.182491	0	T:15677.0(69.33%),B:15223.0(58.11%),P:1e-264	Tpos:55.7,Tstd:28.1,Bpos:49.9,Bstd:31.6,StrandBias:0.9,Multiplicity:1.77
0.101	0.897	0.001	0.001
0.184	0.001	0.814	0.001
0.001	0.997	0.001	0.001
0.784	0.140	0.001	0.075
0.001	0.044	0.790	0.165
0.001	0.918	0.001	0.080
>GAGASR	5-GAGASR	4.888934	-567.756007	0	T:8084.0(35.75%),B:6718.9(25.65%),P:1e-246	Tpos:54.6,Tstd:27.4,Bpos:49.8,Bstd:33.2,StrandBias:-1.2,Multiplicity:1.18
0.001	0.001	0.997	0.001
0.997	0.001	0.001	0.001
0.100	0.001	0.898	0.001
0.997	0.001	0.001	0.001
0.001	0.572	0.426	0.001
0.426	0.001	0.572	0.001
>AAACCC	6-AAACCC	7.954882	-393.764362	0	T:2245.0(9.93%),B:1387.5(5.30%),P:1e-171	Tpos:53.4,Tstd:26.5,Bpos:51.6,Bstd:35.0,StrandBias:1.9,Multiplicity:1.09
0.997	0.001	0.001	0.001
0.997	0.001	0.001	0.001
0.997	0.001	0.001	0.001
0.197	0.801	0.001	0.001
0.001	0.997	0.001	0.001
0.119	0.879	0.001	0.001
>AAGCGA	7-AAGCGA	5.196047	-347.159955	0	T:5904.0(26.11%),B:4974.5(18.99%),P:1e-150	Tpos:53.7,Tstd:27.7,Bpos:50.2,Bstd:32.1,StrandBias:-0.5,Multiplicity:1.20
0.997	0.001	0.001	0.001
0.880	0.001	0.118	0.001
0.001	0.001	0.997	0.001
0.001	0.923	0.001	0.075
0.223	0.001	0.775	0.001
0.867	0.001	0.131	0.001
>GGAAGG	8-GGAAGG	6.192476	-337.658761	0	T:6504.0(28.76%),B:5620.6(21.45%),P:1e-146	Tpos:53.6,Tstd:27.9,Bpos:50.6,Bstd:32.9,StrandBias:-1.7,Multiplicity:1.16
0.001	0.001	0.997	0.001
0.001	0.001	0.997	0.001
0.997	0.001	0.001	0.001
0.856	0.001	0.142	0.001
0.001	0.147	0.851	0.001
0.001	0.001	0.997	0.001
>GAGCGA	9-GAGCGA	3.317692	-269.671415	0	T:6070.0(26.84%),B:5356.8(20.45%),P:1e-117	Tpos:55.8,Tstd:28.6,Bpos:50.9,Bstd:30.5,StrandBias:-0.6,Multiplicity:1.14
0.082	0.001	0.916	0.001
0.997	0.001	0.001	0.001
0.001	0.001	0.914	0.084
0.001	0.997	0.001	0.001
0.001	0.001	0.997	0.001
0.987	0.001	0.011	0.001
>TAATAA	10-TAATAA	4.366867	-252.321476	0	T:2147.0(9.49%),B:1504.1(5.74%),P:1e-109	Tpos:33.9,Tstd:20.2,Bpos:49.4,Bstd:36.3,StrandBias:-0.1,Multiplicity:1.10
0.001	0.001	0.001	0.997
0.888	0.001	0.001	0.110
0.821	0.001	0.001	0.177
0.001	0.001	0.001	0.997
0.997	0.001	0.001	0.001
0.997	0.001	0.001	0.001
>CACACA	11-CACACA	5.729298	-223.727920	0	T:4266.0(18.87%),B:3623.3(13.83%),P:1e-97	Tpos:53.7,Tstd:27.3,Bpos:49.6,Bstd:31.0,StrandBias:1.4,Multiplicity:1.15
0.001	0.997	0.001	0.001
0.882	0.001	0.001	0.116
0.001	0.997	0.001	0.001
0.839	0.001	0.159	0.001
0.001	0.997	0.001	0.001
0.779	0.001	0.001	0.219
>TTTTAT	12-TTTTAT	7.244312	-195.024234	0	T:3309.0(14.63%),B:2736.8(10.45%),P:1e-84	Tpos:42.2,Tstd:25.6,Bpos:50.3,Bstd:37.0,StrandBias:-0.2,Multiplicity:1.09
0.001	0.001	0.001	0.997
0.001	0.001	0.001	0.997
0.001	0.001	0.001	0.997
0.001	0.001	0.001	0.997
0.651	0.347	0.001	0.001
0.001	0.001	0.001	0.997
>GACGGA	13-GACGGA	2.386045	-181.177987	0	T:4418.0(19.54%),B:3904.6(14.90%),P:1e-78	Tpos:52.7,Tstd:27.7,Bpos:50.0,Bstd:29.1,StrandBias:-1.3,Multiplicity:1.14
0.001	0.001	0.997	0.001
0.997	0.001	0.001	0.001
0.001	0.919	0.001	0.079
0.001	0.001	0.964	0.034
0.001	0.001	0.997	0.001
0.997	0.001	0.001	0.001
>CACCAC	14-CACCAC	6.177716	-175.570690	0	T:2638.0(11.67%),B:2122.9(8.10%),P:1e-76	Tpos:55.5,Tstd:27.8,Bpos:49.8,Bstd:29.5,StrandBias:1.6,Multiplicity:1.18
0.100	0.700	0.100	0.100
0.700	0.100	0.100	0.100
0.100	0.700	0.100	0.100
0.100	0.700	0.100	0.100
0.700	0.100	0.100	0.100
0.100	0.700	0.100	0.100
>AAACCA	15-AAACCA	5.482926	-173.990243	0	T:4164.0(18.42%),B:3664.6(13.99%),P:1e-75	Tpos:47.4,Tstd:27.8,Bpos:49.0,Bstd:32.8,StrandBias:1.0,Multiplicity:1.14
0.997	0.001	0.001	0.001
0.997	0.001	0.001	0.001
0.997	0.001	0.001	0.001
0.001	0.997	0.001	0.001
0.345	0.526	0.128	0.001
0.885	0.001	0.113	0.001
>MSRCAG	16-MSRCAG	5.677415	-160.291186	0	T:5189.0(22.95%),B:4784.9(18.26%),P:1e-69	Tpos:53.4,Tstd:27.7,Bpos:49.4,Bstd:32.3,StrandBias:0.0,Multiplicity:1.06
0.492	0.506	0.001	0.001
0.001	0.496	0.502	0.001
0.410	0.001	0.526	0.063
0.101	0.897	0.001	0.001
0.614	0.001	0.074	0.311
0.001	0.001	0.997	0.001
>CTACTA	17-CTACTA	7.258071	-117.340333	0	T:1200.0(5.31%),B:878.9(3.36%),P:1e-50	Tpos:45.8,Tstd:26.7,Bpos:49.7,Bstd:30.2,StrandBias:0.3,Multiplicity:1.21
0.001	0.904	0.094	0.001
0.001	0.001	0.001	0.997
0.997	0.001	0.001	0.001
0.001	0.610	0.388	0.001
0.001	0.001	0.001	0.997
0.997	0.001	0.001	0.001
>CTTATC	18-CTTATC	6.177716	-110.349585	0	T:1013.0(4.48%),B:720.1(2.75%),P:1e-47	Tpos:42.6,Tstd:24.4,Bpos:50.8,Bstd:31.9,StrandBias:1.5,Multiplicity:1.05
0.100	0.700	0.100	0.100
0.100	0.100	0.100	0.700
0.100	0.100	0.100	0.700
0.700	0.100	0.100	0.100
0.100	0.100	0.100	0.700
0.100	0.700	0.100	0.100
>AACGCA	19-AACGCA	6.177716	-59.517858	0	T:836.0(3.70%),B:659.9(2.52%),P:1e-25	Tpos:52.1,Tstd:27.7,Bpos:47.8,Bstd:31.1,StrandBias:0.7,Multiplicity:1.03
0.700	0.100	0.100	0.100
0.700	0.100	0.100	0.100
0.100	0.700	0.100	0.100
0.100	0.100	0.700	0.100
0.100	0.700	0.100	0.100
0.700	0.100	0.100	0.100
>AGCTAG	20-AGCTAG	6.177716	-20.837918	0	T:1342.0(5.93%),B:1319.0(5.03%),P:1e-9	Tpos:56.8,Tstd:28.3,Bpos:51.1,Bstd:31.4,StrandBias:-0.1,Multiplicity:1.26
0.700	0.100	0.100	0.100
0.100	0.100	0.700	0.100
0.100	0.700	0.100	0.100
0.100	0.100	0.100	0.700
0.700	0.100	0.100	0.100
0.100	0.100	0.700	0.100
>TATATATA	1-TATATATA	4.661383	-1418.529730	0	T:4586.0(20.28%),B:2297.5(8.77%),P:1e-616	Tpos:31.7,Tstd:11.5,Bpos:50.7,Bstd:38.3,StrandBias:-0.1,Multiplicity:1.07
0.073	0.063	0.200	0.664
0.509	0.198	0.072	0.221
0.056	0.051	0.021	0.872
0.824	0.017	0.026	0.133
0.124	0.015	0.013	0.848
0.917	0.012	0.018	0.053
0.138	0.081	0.161	0.620
0.746	0.027	0.191	0.036
>CCMCTCCC	2-CCMCTCCC	4.560556	-1106.070196	0	T:12347.0(54.60%),B:10254.9(39.14%),P:1e-480	Tpos:54.7,Tstd:26.8,Bpos:49.9,Bstd:31.6,StrandBias:2.4,Multiplicity:1.68
0.025	0.742	0.001	0.232
0.001	0.997	0.001	0.001
0.458	0.473	0.069	0.001
0.356	0.538	0.001	0.105
0.223	0.267	0.001	0.509
0.001	0.743	0.019	0.237
0.174	0.741	0.084	0.001
0.232	0.703	0.022	0.043
>TTCGYTTC	3-TTCGYTTC	5.135711	-898.624359	0	T:8388.0(37.10%),B:6400.2(24.43%),P:1e-390	Tpos:53.9,Tstd:27.6,Bpos:50.8,Bstd:32.9,StrandBias:1.0,Multiplicity:1.19
0.001	0.355	0.001	0.643
0.001	0.241	0.001	0.757
0.001	0.997	0.001	0.001
0.130	0.176	0.693	0.001
0.140	0.364	0.067	0.429
0.001	0.001	0.001	0.997
0.001	0.392	0.001	0.606
0.077	0.783	0.046	0.094
>CKTTTWAA	4-CKTTTWAA	5.211169	-748.402428	0	T:2975.0(13.16%),B:1606.7(6.13%),P:1e-325	Tpos:34.4,Tstd:17.8,Bpos:49.1,Bstd:37.0,StrandBias:-0.1,Multiplicity:1.04
0.139	0.468	0.277	0.116
0.077	0.212	0.316	0.396
0.245	0.150	0.001	0.604
0.001	0.001	0.001	0.997
0.411	0.001	0.001	0.587
0.536	0.001	0.001	0.462
0.647	0.001	0.001	0.351
0.575	0.131	0.115	0.179
>GAGACGGG	5-GAGACGGG	5.193799	-746.344911	0	T:5517.0(24.40%),B:3836.3(14.64%),P:1e-324	Tpos:54.4,Tstd:27.5,Bpos:50.3,Bstd:31.7,StrandBias:-1.6,Multiplicity:1.16
0.034	0.020	0.945	0.001
0.765	0.081	0.100	0.054
0.032	0.019	0.948	0.001
0.827	0.046	0.105	0.022
0.001	0.980	0.001	0.018
0.001	0.001	0.970	0.028
0.163	0.001	0.809	0.027
0.083	0.046	0.870	0.001
>TCCMGTCC	6-TCCMGTCC	7.881173	-481.559297	0	T:2029.0(8.97%),B:1112.0(4.24%),P:1e-209	Tpos:51.3,Tstd:27.5,Bpos:49.6,Bstd:30.2,StrandBias:1.7,Multiplicity:1.03
0.001	0.162	0.001	0.836
0.001	0.997	0.001	0.001
0.001	0.997	0.001	0.001
0.534	0.464	0.001	0.001
0.001	0.299	0.699	0.001
0.001	0.001	0.001	0.997
0.001	0.997	0.001	0.001
0.001	0.778	0.001	0.220
>AAACCCTA	7-AAACCCTA	7.412145	-462.559755	0	T:1153.0(5.10%),B:477.6(1.82%),P:1e-200	Tpos:55.3,Tstd:26.6,Bpos:51.9,Bstd:34.7,StrandBias:1.1,Multiplicity:1.04
0.942	0.001	0.056	0.001
0.997	0.001	0.001	0.001
0.997	0.001	0.001	0.001
0.001	0.963	0.035	0.001
0.001	0.997	0.001	0.001
0.001	0.997	0.001	0.001
0.001	0.001	0.001	0.997
0.778	0.168	0.001	0.053
>GAGAGAGA	8-GAGAGAGA	5.491870	-430.000689	0	T:4982.0(22.03%),B:3862.1(14.74%),P:1e-186	Tpos:55.6,Tstd:26.6,Bpos:49.3,Bstd:34.2,StrandBias:-1.4,Multiplicity:1.16
0.156	0.029	0.723	0.092
0.741	0.127	0.077	0.055
0.077	0.056	0.826	0.041
0.757	0.117	0.034	0.092
0.053	0.090	0.818	0.039
0.687	0.151	0.106	0.056
0.131	0.072	0.754	0.043
0.696	0.074	0.160	0.070
>GAGGMGAG	9-GAGGMGAG	6.598621	-416.336504	0	T:3415.0(15.10%),B:2394.5(9.14%),P:1e-180	Tpos:55.8,Tstd:26.7,Bpos:49.5,Bstd:32.1,StrandBias:-1.5,Multiplicity:1.06
0.001	0.001	0.997	0.001
0.718	0.200	0.001	0.081
0.001	0.115	0.691	0.193
0.001	0.001	0.778	0.220
0.548	0.422	0.029	0.001
0.001	0.203	0.795	0.001
0.680	0.001	0.059	0.260
0.001	0.030	0.920	0.049
>GYKGCGGY	10-GYKGCGGY	5.157775	-402.326411	0	T:6009.0(26.57%),B:4950.0(18.89%),P:1e-174	Tpos:57.7,Tstd:27.4,Bpos:50.0,Bstd:31.1,StrandBias:-1.4,Multiplicity:1.15
0.127	0.050	0.773	0.050
0.191	0.309	0.158	0.341
0.211	0.036	0.325	0.429
0.071	0.015	0.854	0.060
0.068	0.519	0.070	0.343
0.007	0.149	0.753	0.091
0.246	0.001	0.600	0.153
0.140	0.331	0.152	0.377
>GTGTGTGT	11-GTGTGTGT	4.695147	-339.874403	0	T:5130.0(22.69%),B:4204.1(16.05%),P:1e-147	Tpos:52.9,Tstd:26.8,Bpos:49.3,Bstd:30.4,StrandBias:-1.4,Multiplicity:1.16
0.013	0.157	0.748	0.082
0.080	0.104	0.091	0.725
0.058	0.129	0.707	0.106
0.042	0.155	0.055	0.748
0.031	0.051	0.850	0.068
0.136	0.099	0.035	0.730
0.058	0.104	0.752	0.086
0.106	0.093	0.058	0.743
>TAAAAGCC	12-TAAAAGCC	8.452548	-278.265299	0	T:728.0(3.22%),B:309.1(1.18%),P:1e-120	Tpos:45.2,Tstd:24.8,Bpos:45.9,Bstd:32.0,StrandBias:2.0,Multiplicity:1.01
0.001	0.279	0.001	0.719
0.997	0.001	0.001	0.001
0.997	0.001	0.001	0.001
0.997	0.001	0.001	0.001
0.997	0.001	0.001	0.001
0.001	0.261	0.737	0.001
0.001	0.997	0.001	0.001
0.001	0.997	0.001	0.001
>CTGCTWGC	13-CTGCTWGC	6.601021	-272.680657	0	T:2810.0(12.43%),B:2081.3(7.94%),P:1e-118	Tpos:54.5,Tstd:27.5,Bpos:49.5,Bstd:29.5,StrandBias:0.2,Multiplicity:1.20
0.001	0.568	0.023	0.408
0.338	0.001	0.039	0.622
0.229	0.001	0.769	0.001
0.001	0.824	0.174	0.001
0.001	0.345	0.001	0.653
0.574	0.001	0.001	0.424
0.001	0.037	0.961	0.001
0.001	0.633	0.001	0.365
>GCAACGCA	14-GCAACGCA	6.084261	-213.804784	0	T:2174.0(9.61%),B:1597.8(6.10%),P:1e-92	Tpos:53.8,Tstd:27.9,Bpos:49.1,Bstd:30.3,StrandBias:0.2,Multiplicity:1.12
0.041	0.025	0.908	0.026
0.085	0.784	0.052	0.079
0.798	0.043	0.115	0.044
0.448	0.211	0.238	0.104
0.182	0.485	0.078	0.255
0.036	0.029	0.879	0.056
0.053	0.856	0.031	0.060
0.844	0.057	0.051	0.048
>CAAACCAA	15-CAAACCAA	5.585078	-201.356565	0	T:1236.0(5.47%),B:777.6(2.97%),P:1e-87	Tpos:53.1,Tstd:27.2,Bpos:48.0,Bstd:31.3,StrandBias:1.3,Multiplicity:1.07
0.001	0.982	0.016	0.001
0.543	0.289	0.167	0.001
0.997	0.001	0.001	0.001
0.997	0.001	0.001	0.001
0.001	0.475	0.250	0.274
0.001	0.997	0.001	0.001
0.997	0.001	0.001	0.001
0.997	0.001	0.001	0.001
>GACTGACG	16-GACTGACG	7.360954	-193.472469	0	T:773.0(3.42%),B:409.2(1.56%),P:1e-84	Tpos:54.7,Tstd:26.9,Bpos:49.1,Bstd:28.1,StrandBias:-1.2,Multiplicity:1.04
0.086	0.014	0.899	0.001
0.997	0.001	0.001	0.001
0.001	0.946	0.035	0.018
0.001	0.014	0.200	0.785
0.030	0.001	0.968	0.001
0.837	0.070	0.083	0.010
0.001	0.819	0.123	0.057
0.016	0.024	0.781	0.179
>CCGCCCGC	17-CCGCCCGC	7.156417	-172.312160	0	T:1744.0(7.71%),B:1276.5(4.87%),P:1e-74	Tpos:53.5,Tstd:28.5,Bpos:49.4,Bstd:30.5,StrandBias:1.1,Multiplicity:1.05
0.001	0.997	0.001	0.001
0.001	0.940	0.058	0.001
0.001	0.001	0.997	0.001
0.001	0.997	0.001	0.001
0.084	0.800	0.001	0.115
0.085	0.710	0.001	0.204
0.001	0.001	0.997	0.001
0.001	0.898	0.001	0.100
>CTACTAST	18-CTACTAST	7.975371	-171.363438	0	T:718.0(3.18%),B:389.0(1.48%),P:1e-74	Tpos:45.5,Tstd:25.5,Bpos:50.3,Bstd:27.4,StrandBias:0.4,Multiplicity:1.04
0.001	0.844	0.154	0.001
0.001	0.001	0.001	0.997
0.769	0.001	0.229	0.001
0.001	0.635	0.363	0.001
0.001	0.001	0.001	0.997
0.997	0.001	0.001	0.001
0.001	0.482	0.516	0.001
0.001	0.241	0.001	0.757
>TTTTTATT	19-TTTTTATT	6.878028	-167.056205	0	T:1022.0(4.52%),B:641.5(2.45%),P:1e-72	Tpos:36.9,Tstd:22.1,Bpos:50.3,Bstd:36.3,StrandBias:-0.4,Multiplicity:1.05
0.001	0.075	0.109	0.815
0.198	0.001	0.034	0.767
0.130	0.057	0.001	0.812
0.001	0.001	0.055	0.943
0.020	0.018	0.001	0.961
0.895	0.027	0.077	0.001
0.001	0.001	0.011	0.987
0.001	0.094	0.023	0.882
>CGTCTCAT	20-CGTCTCAT	3.615539	-163.666242	0	T:1125.0(4.98%),B:734.1(2.80%),P:1e-71	Tpos:49.9,Tstd:28.0,Bpos:48.6,Bstd:26.5,StrandBias:1.4,Multiplicity:1.02
0.001	0.997	0.001	0.001
0.027	0.025	0.947	0.001
0.001	0.001	0.001	0.997
0.001	0.997	0.001	0.001
0.214	0.001	0.001	0.784
0.001	0.997	0.001	0.001
0.997	0.001	0.001	0.001
0.001	0.390	0.001	0.608
>CTTCCTTC	21-CTTCCTTC	8.261521	-150.936747	0	T:858.0(3.79%),B:525.0(2.00%),P:1e-65	Tpos:53.8,Tstd:27.1,Bpos:51.2,Bstd:30.1,StrandBias:1.0,Multiplicity:1.01
0.001	0.794	0.001	0.204
0.001	0.001	0.001	0.997
0.123	0.001	0.001	0.875
0.001	0.997	0.001	0.001
0.001	0.997	0.001	0.001
0.001	0.001	0.336	0.662
0.001	0.001	0.001	0.997
0.001	0.997	0.001	0.001
>TCCTTATC	22-TCCTTATC	8.923741	-150.724805	0	T:457.0(2.02%),B:211.1(0.81%),P:1e-65	Tpos:44.9,Tstd:24.8,Bpos:47.8,Bstd:32.0,StrandBias:2.2,Multiplicity:1.03
0.154	0.117	0.153	0.576
0.001	0.997	0.001	0.001
0.001	0.997	0.001	0.001
0.001	0.001	0.001	0.997
0.001	0.001	0.001	0.997
0.997	0.001	0.001	0.001
0.001	0.001	0.001	0.997
0.001	0.997	0.001	0.001
>TTBCCGTT	23-TTBCCGTT	7.061681	-147.890804	0	T:1374.0(6.08%),B:981.1(3.75%),P:1e-64	Tpos:50.2,Tstd:27.4,Bpos:49.1,Bstd:30.5,StrandBias:0.2,Multiplicity:1.04
0.001	0.006	0.001	0.992
0.001	0.299	0.175	0.525
0.001	0.306	0.355	0.338
0.001	0.701	0.297	0.001
0.331	0.604	0.064	0.001
0.101	0.001	0.897	0.001
0.001	0.001	0.001	0.997
0.001	0.053	0.001	0.945
>CCGTCTTC	24-CCGTCTTC	7.748989	-139.417564	0	T:663.0(2.93%),B:378.1(1.44%),P:1e-60	Tpos:54.6,Tstd:26.6,Bpos:50.4,Bstd:26.9,StrandBias:1.7,Multiplicity:1.02
0.001	0.720	0.001	0.278
0.070	0.928	0.001	0.001
0.001	0.001	0.997	0.001
0.001	0.001	0.001	0.997
0.001	0.997	0.001	0.001
0.153	0.001	0.001	0.845
0.001	0.001	0.001	0.997
0.157	0.841	0.001	0.001
>YTTAAGTA	25-YTTAAGTA	7.353453	-122.786698	0	T:400.0(1.77%),B:192.1(0.73%),P:1e-53	Tpos:34.0,Tstd:17.0,Bpos:49.8,Bstd:32.9,StrandBias:0.1,Multiplicity:1.00
0.001	0.459	0.080	0.461
0.341	0.001	0.001	0.657
0.001	0.001	0.001	0.997
0.997	0.001	0.001	0.001
0.684	0.002	0.126	0.188
0.285	0.001	0.577	0.137
0.137	0.127	0.001	0.735
0.997	0.001	0.001	0.001
