>BSTATATATA	1-BSTATATATA	4.762848	-1805.177446	0	T:5250.0(23.22%),B:2519.7(9.61%),P:1e-783	Tpos:32.0,Tstd:11.5,Bpos:50.6,Bstd:37.4,StrandBias:0.1,Multiplicity:1.07
0.150	0.312	0.278	0.260
0.105	0.359	0.352	0.184
0.136	0.195	0.164	0.505
0.415	0.212	0.154	0.219
0.001	0.112	0.001	0.886
0.656	0.056	0.039	0.249
0.154	0.001	0.001	0.844
0.887	0.001	0.013	0.099
0.293	0.010	0.052	0.645
0.827	0.083	0.065	0.025
>CTCTCCTCTC	2-CTCTCCTCTC	5.437305	-983.670398	0	T:9578.0(42.35%),B:7489.1(28.55%),P:1e-427	Tpos:56.9,Tstd:25.9,Bpos:49.7,Bstd:32.9,StrandBias:1.9,Multiplicity:1.44
0.035	0.497	0.223	0.245
0.032	0.231	0.027	0.710
0.001	0.821	0.032	0.146
0.025	0.291	0.167	0.517
0.004	0.890	0.002	0.104
0.022	0.558	0.278	0.142
0.178	0.163	0.189	0.470
0.001	0.772	0.097	0.130
0.034	0.187	0.031	0.748
0.001	0.767	0.013	0.219
>CMMMMCCMMC	3-CMMMMCCMMC	5.590088	-903.877551	0	T:6546.0(28.95%),B:4583.1(17.47%),P:1e-392	Tpos:54.4,Tstd:25.7,Bpos:50.6,Bstd:30.2,StrandBias:2.4,Multiplicity:1.21
0.417	0.581	0.001	0.001
0.454	0.544	0.001	0.001
0.449	0.461	0.001	0.090
0.414	0.442	0.001	0.143
0.359	0.450	0.001	0.190
0.418	0.580	0.001	0.001
0.419	0.579	0.001	0.001
0.396	0.514	0.001	0.089
0.410	0.518	0.001	0.071
0.420	0.578	0.001	0.001
>CCCCNCCCCC	4-CCCCNCCCCC	4.904217	-903.787591	0	T:10655.0(47.12%),B:8778.3(33.46%),P:1e-392	Tpos:56.2,Tstd:27.2,Bpos:50.2,Bstd:32.8,StrandBias:2.1,Multiplicity:1.33
0.077	0.691	0.047	0.185
0.072	0.747	0.174	0.007
0.163	0.682	0.100	0.055
0.194	0.540	0.168	0.098
0.235	0.252	0.242	0.270
0.048	0.578	0.157	0.217
0.078	0.602	0.095	0.225
0.097	0.504	0.224	0.175
0.035	0.726	0.176	0.063
0.064	0.748	0.101	0.087
>MTTCCATTCC	5-MTTCCATTCC	6.179925	-746.318328	0	T:4333.0(19.16%),B:2759.9(10.52%),P:1e-324	Tpos:55.1,Tstd:27.1,Bpos:49.2,Bstd:31.1,StrandBias:1.9,Multiplicity:1.08
0.434	0.397	0.068	0.102
0.225	0.180	0.183	0.413
0.014	0.340	0.045	0.601
0.001	0.789	0.018	0.192
0.079	0.864	0.056	0.001
0.621	0.201	0.040	0.138
0.193	0.074	0.229	0.504
0.001	0.237	0.001	0.761
0.022	0.716	0.135	0.127
0.046	0.952	0.001	0.001
>AAACGAAACG	6-AAACGAAACG	4.503082	-693.423688	0	T:7994.0(35.35%),B:6375.6(24.30%),P:1e-301	Tpos:50.2,Tstd:26.6,Bpos:50.5,Bstd:31.1,StrandBias:-0.0,Multiplicity:1.26
0.711	0.104	0.131	0.054
0.735	0.082	0.136	0.047
0.654	0.112	0.135	0.099
0.136	0.609	0.149	0.106
0.092	0.129	0.727	0.052
0.744	0.109	0.116	0.031
0.778	0.074	0.100	0.048
0.654	0.106	0.143	0.097
0.128	0.666	0.124	0.082
0.092	0.136	0.720	0.052
>CCAAAKCCCA	7-CCAAAKCCCA	5.945163	-550.220171	0	T:3054.0(13.50%),B:1887.9(7.20%),P:1e-238	Tpos:48.6,Tstd:26.9,Bpos:50.4,Bstd:29.5,StrandBias:1.4,Multiplicity:1.05
0.140	0.806	0.012	0.042
0.290	0.683	0.018	0.009
0.654	0.119	0.198	0.029
0.502	0.260	0.150	0.088
0.433	0.096	0.257	0.214
0.124	0.081	0.383	0.413
0.041	0.592	0.184	0.183
0.158	0.728	0.047	0.067
0.377	0.597	0.012	0.014
0.619	0.210	0.114	0.057
>MAAACCCTAG	8-MAAACCCTAG	8.992540	-446.604048	0	T:690.0(3.05%),B:201.5(0.77%),P:1e-193	Tpos:56.0,Tstd:26.8,Bpos:49.4,Bstd:30.8,StrandBias:1.0,Multiplicity:1.02
0.403	0.260	0.201	0.137
0.734	0.062	0.155	0.049
0.939	0.010	0.036	0.015
0.929	0.034	0.034	0.003
0.028	0.881	0.067	0.024
0.066	0.908	0.009	0.017
0.006	0.946	0.042	0.006
0.089	0.038	0.061	0.812
0.773	0.153	0.018	0.056
0.097	0.198	0.679	0.026
>CACACACRCA	9-CACACACRCA	5.778974	-418.888109	0	T:3544.0(15.67%),B:2513.0(9.58%),P:1e-181	Tpos:54.7,Tstd:26.6,Bpos:51.1,Bstd:30.1,StrandBias:1.3,Multiplicity:1.10
0.071	0.806	0.121	0.002
0.579	0.053	0.202	0.166
0.011	0.755	0.215	0.019
0.695	0.001	0.225	0.079
0.079	0.670	0.229	0.022
0.447	0.072	0.260	0.221
0.017	0.816	0.151	0.016
0.402	0.021	0.401	0.176
0.001	0.919	0.079	0.001
0.741	0.073	0.136	0.050
>TCTCTCTCTC	10-TCTCTCTCTC	7.037688	-369.927605	0	T:2240.0(9.91%),B:1415.5(5.40%),P:1e-160	Tpos:57.6,Tstd:27.4,Bpos:49.5,Bstd:34.5,StrandBias:1.6,Multiplicity:1.04
0.082	0.085	0.092	0.741
0.043	0.865	0.050	0.042
0.096	0.088	0.126	0.690
0.036	0.854	0.083	0.027
0.077	0.055	0.085	0.783
0.032	0.888	0.058	0.022
0.114	0.100	0.120	0.666
0.065	0.846	0.030	0.059
0.061	0.053	0.084	0.802
0.035	0.867	0.050	0.048
>TCCATCCGTC	11-TCCATCCGTC	6.630811	-350.911720	0	T:2014.0(8.91%),B:1246.5(4.75%),P:1e-152	Tpos:53.5,Tstd:27.2,Bpos:50.7,Bstd:29.5,StrandBias:1.8,Multiplicity:1.02
0.089	0.095	0.057	0.759
0.018	0.861	0.053	0.068
0.041	0.837	0.074	0.048
0.746	0.074	0.085	0.095
0.050	0.024	0.117	0.809
0.021	0.883	0.030	0.066
0.073	0.813	0.075	0.039
0.187	0.084	0.653	0.076
0.037	0.073	0.074	0.816
0.064	0.828	0.050	0.058
>TCGTCGTCTT	12-TCGTCGTCTT	6.703715	-345.011109	0	T:3038.0(13.43%),B:2167.5(8.26%),P:1e-149	Tpos:55.7,Tstd:27.2,Bpos:49.7,Bstd:28.3,StrandBias:1.5,Multiplicity:1.04
0.001	0.353	0.065	0.581
0.001	0.805	0.063	0.131
0.024	0.160	0.675	0.141
0.001	0.234	0.045	0.720
0.001	0.939	0.001	0.059
0.234	0.067	0.451	0.248
0.038	0.046	0.001	0.915
0.001	0.906	0.092	0.001
0.080	0.167	0.144	0.609
0.091	0.296	0.001	0.612
>GCACAGCACA	13-GCACAGCACA	6.824073	-322.430996	0	T:2044.0(9.04%),B:1309.4(4.99%),P:1e-140	Tpos:56.1,Tstd:26.2,Bpos:49.7,Bstd:29.6,StrandBias:1.0,Multiplicity:1.11
0.207	0.211	0.539	0.043
0.022	0.961	0.016	0.001
0.817	0.025	0.151	0.007
0.224	0.601	0.174	0.001
0.537	0.200	0.138	0.125
0.035	0.147	0.785	0.033
0.002	0.987	0.010	0.001
0.672	0.062	0.176	0.090
0.180	0.614	0.205	0.001
0.558	0.215	0.110	0.117
>CTCATCYSAT	14-CTCATCYSAT	7.516436	-251.397722	0	T:1240.0(5.48%),B:720.5(2.75%),P:1e-109	Tpos:48.8,Tstd:26.5,Bpos:48.9,Bstd:29.5,StrandBias:2.0,Multiplicity:1.05
0.001	0.860	0.001	0.138
0.001	0.302	0.008	0.689
0.001	0.631	0.001	0.367
0.997	0.001	0.001	0.001
0.001	0.183	0.160	0.656
0.001	0.997	0.001	0.001
0.146	0.353	0.036	0.465
0.001	0.422	0.321	0.256
0.450	0.277	0.001	0.272
0.035	0.373	0.028	0.564
>TCASTCNTCA	15-TCASTCNTCA	8.152527	-227.468465	0	T:498.0(2.20%),B:189.3(0.72%),P:1e-98	Tpos:55.1,Tstd:24.6,Bpos:49.7,Bstd:23.6,StrandBias:1.1,Multiplicity:1.04
0.001	0.079	0.042	0.878
0.001	0.997	0.001	0.001
0.997	0.001	0.001	0.001
0.001	0.507	0.377	0.115
0.148	0.239	0.211	0.401
0.387	0.568	0.001	0.044
0.192	0.304	0.204	0.301
0.001	0.166	0.001	0.832
0.001	0.997	0.001	0.001
0.856	0.114	0.029	0.001
>CTGCCTGCCT	16-CTGCCTGCCT	6.868939	-217.038034	0	T:1781.0(7.88%),B:1233.7(4.70%),P:1e-94	Tpos:53.9,Tstd:26.5,Bpos:49.6,Bstd:29.4,StrandBias:0.3,Multiplicity:1.05
0.033	0.851	0.071	0.045
0.031	0.059	0.056	0.854
0.060	0.063	0.796	0.081
0.054	0.743	0.116	0.087
0.047	0.797	0.061	0.095
0.045	0.053	0.065	0.837
0.032	0.084	0.809	0.075
0.084	0.730	0.122	0.064
0.040	0.809	0.054	0.097
0.082	0.058	0.087	0.773
>ACTAGTASTA	17-ACTAGTASTA	5.989788	-175.336133	0	T:997.0(4.41%),B:610.2(2.33%),P:1e-76	Tpos:48.0,Tstd:25.6,Bpos:48.9,Bstd:30.0,StrandBias:0.0,Multiplicity:1.06
0.470	0.074	0.198	0.257
0.055	0.611	0.308	0.026
0.084	0.146	0.064	0.706
0.803	0.029	0.145	0.023
0.013	0.338	0.640	0.009
0.061	0.080	0.029	0.830
0.753	0.032	0.129	0.086
0.028	0.434	0.512	0.026
0.108	0.216	0.039	0.637
0.581	0.140	0.190	0.089
>GCCTTATCTW	18-GCCTTATCTW	10.794328	-134.343991	0	T:94.0(0.42%),B:11.4(0.04%),P:1e-58	Tpos:40.9,Tstd:21.5,Bpos:49.6,Bstd:23.4,StrandBias:1.9,Multiplicity:1.01
0.186	0.001	0.803	0.010
0.001	0.700	0.298	0.001
0.127	0.871	0.001	0.001
0.001	0.001	0.001	0.997
0.001	0.001	0.001	0.997
0.997	0.001	0.001	0.001
0.001	0.001	0.001	0.997
0.001	0.997	0.001	0.001
0.001	0.376	0.001	0.622
0.364	0.180	0.001	0.455
>TGCAGVCTGC	19-TGCAGVCTGC	8.511879	-126.356689	0	T:316.0(1.40%),B:131.2(0.50%),P:1e-54	Tpos:56.9,Tstd:26.4,Bpos:52.6,Bstd:31.8,StrandBias:-0.4,Multiplicity:1.02
0.056	0.035	0.075	0.834
0.113	0.138	0.726	0.023
0.083	0.692	0.213	0.012
0.431	0.036	0.273	0.261
0.086	0.081	0.768	0.065
0.383	0.242	0.234	0.142
0.048	0.691	0.225	0.036
0.024	0.009	0.093	0.874
0.116	0.085	0.727	0.072
0.029	0.866	0.087	0.018
>AGCTAGCTAG	20-AGCTAGCTAG	9.537327	-102.013401	0	T:243.0(1.07%),B:98.8(0.38%),P:1e-44	Tpos:63.2,Tstd:25.7,Bpos:50.7,Bstd:29.5,StrandBias:-0.1,Multiplicity:1.03
0.762	0.057	0.083	0.098
0.001	0.090	0.898	0.011
0.126	0.872	0.001	0.001
0.001	0.069	0.001	0.929
0.842	0.045	0.021	0.092
0.011	0.004	0.984	0.001
0.001	0.751	0.059	0.189
0.001	0.095	0.021	0.883
0.858	0.011	0.086	0.045
0.001	0.004	0.947	0.048
>TGATTGATTA	21-TGATTGATTA	7.918685	-92.766024	0	T:202.0(0.89%),B:77.2(0.29%),P:1e-40	Tpos:46.0,Tstd:26.8,Bpos:54.0,Bstd:25.6,StrandBias:-1.3,Multiplicity:1.01
0.016	0.076	0.073	0.835
0.044	0.058	0.865	0.033
0.840	0.085	0.050	0.025
0.148	0.052	0.048	0.752
0.014	0.038	0.052	0.896
0.058	0.041	0.838	0.063
0.854	0.059	0.051	0.036
0.100	0.046	0.098	0.756
0.041	0.059	0.202	0.698
0.671	0.038	0.216	0.075
>TCCGGACTSC	22-TCCGGACTSC	10.972527	-87.430192	0	T:108.0(0.48%),B:26.8(0.10%),P:1e-37	Tpos:52.9,Tstd:27.4,Bpos:43.4,Bstd:25.0,StrandBias:0.3,Multiplicity:1.05
0.001	0.001	0.001	0.997
0.001	0.997	0.001	0.001
0.001	0.997	0.001	0.001
0.332	0.116	0.551	0.001
0.001	0.001	0.997	0.001
0.668	0.330	0.001	0.001
0.001	0.997	0.001	0.001
0.001	0.001	0.001	0.997
0.001	0.505	0.493	0.001
0.001	0.616	0.001	0.382
>CAGATTTTTC	23-CAGATTTTTC	8.877151	-72.390414	0	T:47.0(0.21%),B:5.7(0.02%),P:1e-31	Tpos:32.9,Tstd:24.6,Bpos:52.0,Bstd:0.0,StrandBias:0.8,Multiplicity:1.00
0.001	0.997	0.001	0.001
0.990	0.008	0.001	0.001
0.001	0.001	0.997	0.001
0.997	0.001	0.001	0.001
0.008	0.001	0.001	0.990
0.001	0.008	0.001	0.990
0.023	0.001	0.001	0.975
0.001	0.001	0.001	0.997
0.070	0.001	0.001	0.928
0.023	0.975	0.001	0.001
>TGCGGATGCG	24-TGCGGATGCG	9.832906	-70.464662	0	T:76.0(0.34%),B:16.3(0.06%),P:1e-30	Tpos:48.8,Tstd:26.2,Bpos:47.0,Bstd:20.0,StrandBias:-1.3,Multiplicity:1.02
0.001	0.001	0.001	0.997
0.001	0.064	0.934	0.001
0.001	0.993	0.005	0.001
0.001	0.001	0.997	0.001
0.029	0.001	0.905	0.065
0.702	0.001	0.001	0.296
0.001	0.015	0.001	0.983
0.001	0.001	0.983	0.015
0.001	0.983	0.001	0.015
0.001	0.001	0.997	0.001
>CGAGCGAGCG	25-CGAGCGAGCG	13.522560	-41.260337	0	T:72.0(0.32%),B:25.0(0.10%),P:1e-17	Tpos:60.2,Tstd:31.4,Bpos:41.7,Bstd:10.3,StrandBias:-1.3,Multiplicity:1.00
0.001	0.997	0.001	0.001
0.001	0.001	0.997	0.001
0.997	0.001	0.001	0.001
0.001	0.001	0.997	0.001
0.001	0.997	0.001	0.001
0.001	0.001	0.997	0.001
0.731	0.001	0.267	0.001
0.001	0.001	0.997	0.001
0.001	0.997	0.001	0.001
0.001	0.001	0.997	0.001
>NNNNTWTATAWA	1-NNNNTWTATAWA	5.037418	-1877.542171	0	T:4848.0(21.44%),B:2164.7(8.25%),P:1e-815	Tpos:31.9,Tstd:10.8,Bpos:50.5,Bstd:36.8,StrandBias:-0.0,Multiplicity:1.05
0.168	0.297	0.292	0.244
0.190	0.277	0.298	0.234
0.177	0.292	0.268	0.264
0.227	0.274	0.247	0.253
0.133	0.234	0.188	0.446
0.358	0.193	0.109	0.339
0.046	0.005	0.001	0.948
0.656	0.002	0.007	0.335
0.302	0.001	0.001	0.696
0.934	0.001	0.016	0.049
0.328	0.083	0.162	0.427
0.478	0.163	0.196	0.164
>CCNTYCCMTTCC	2-CCNTYCCMTTCC	5.444565	-1140.915647	0	T:7671.0(33.92%),B:5327.5(20.31%),P:1e-495	Tpos:54.9,Tstd:27.1,Bpos:49.3,Bstd:30.6,StrandBias:2.2,Multiplicity:1.11
0.085	0.672	0.124	0.119
0.231	0.389	0.195	0.186
0.270	0.237	0.222	0.271
0.113	0.273	0.108	0.506
0.008	0.420	0.020	0.552
0.028	0.772	0.034	0.166
0.117	0.668	0.122	0.093
0.373	0.232	0.223	0.172
0.142	0.195	0.192	0.471
0.006	0.315	0.026	0.653
0.006	0.594	0.116	0.284
0.073	0.741	0.033	0.153
>CCCCMCCCCCCC	3-CCCCMCCCCCCC	4.202583	-1123.416786	0	T:9065.0(40.09%),B:6734.1(25.67%),P:1e-487	Tpos:55.2,Tstd:25.2,Bpos:50.5,Bstd:29.9,StrandBias:2.6,Multiplicity:1.25
0.228	0.659	0.028	0.085
0.347	0.651	0.001	0.001
0.368	0.595	0.005	0.032
0.407	0.573	0.006	0.014
0.383	0.495	0.039	0.082
0.344	0.593	0.053	0.010
0.341	0.657	0.001	0.001
0.401	0.571	0.019	0.009
0.346	0.612	0.001	0.041
0.366	0.531	0.051	0.052
0.292	0.594	0.064	0.050
0.322	0.610	0.034	0.034
>TCCTCTCCTCTC	4-TCCTCTCCTCTC	5.190813	-1070.248321	0	T:10907.0(48.23%),B:8749.0(33.35%),P:1e-464	Tpos:57.0,Tstd:25.7,Bpos:49.6,Bstd:32.9,StrandBias:2.0,Multiplicity:1.33
0.047	0.320	0.112	0.521
0.022	0.680	0.101	0.197
0.051	0.586	0.122	0.241
0.055	0.304	0.116	0.525
0.030	0.720	0.084	0.166
0.042	0.278	0.111	0.569
0.034	0.733	0.082	0.151
0.050	0.424	0.267	0.259
0.051	0.315	0.104	0.530
0.023	0.759	0.064	0.154
0.046	0.287	0.137	0.530
0.035	0.730	0.081	0.154
>TCACTCACTCAC	5-TCACTCACTCAC	5.209869	-560.643584	0	T:4953.0(21.90%),B:3600.3(13.72%),P:1e-243	Tpos:56.4,Tstd:26.7,Bpos:50.7,Bstd:30.6,StrandBias:1.5,Multiplicity:1.08
0.039	0.160	0.090	0.711
0.010	0.933	0.034	0.023
0.564	0.076	0.137	0.223
0.023	0.904	0.061	0.012
0.149	0.049	0.198	0.604
0.026	0.876	0.086	0.012
0.507	0.067	0.253	0.173
0.014	0.914	0.051	0.021
0.081	0.040	0.207	0.672
0.008	0.931	0.055	0.006
0.599	0.081	0.186	0.134
0.032	0.888	0.051	0.029
>AAAACCCTAGYA	6-AAAACCCTAGYA	9.439796	-325.808842	0	T:398.0(1.76%),B:93.0(0.35%),P:1e-141	Tpos:56.8,Tstd:26.9,Bpos:45.5,Bstd:30.5,StrandBias:0.6,Multiplicity:1.00
0.542	0.195	0.193	0.070
0.871	0.028	0.067	0.034
0.893	0.041	0.041	0.025
0.846	0.035	0.055	0.064
0.052	0.834	0.050	0.064
0.051	0.832	0.045	0.072
0.042	0.885	0.041	0.032
0.090	0.068	0.045	0.797
0.810	0.061	0.063	0.066
0.082	0.082	0.788	0.048
0.121	0.308	0.125	0.446
0.459	0.266	0.130	0.145
>GCCGCCGCCGCC	7-GCCGCCGCCGCC	7.685004	-302.593057	0	T:2511.0(11.10%),B:1754.5(6.69%),P:1e-131	Tpos:62.2,Tstd:26.0,Bpos:51.7,Bstd:30.7,StrandBias:1.1,Multiplicity:1.06
0.085	0.178	0.647	0.090
0.080	0.834	0.001	0.085
0.183	0.540	0.212	0.065
0.077	0.001	0.888	0.034
0.005	0.941	0.033	0.021
0.179	0.687	0.133	0.001
0.070	0.005	0.875	0.050
0.013	0.917	0.001	0.069
0.201	0.576	0.103	0.120
0.088	0.044	0.826	0.042
0.037	0.769	0.089	0.105
0.205	0.646	0.001	0.148
>CTGCCTGCCTGC	8-CTGCCTGCCTGC	8.541522	-209.065904	0	T:580.0(2.56%),B:255.5(0.97%),P:1e-90	Tpos:53.7,Tstd:27.0,Bpos:48.7,Bstd:27.3,StrandBias:0.0,Multiplicity:1.01
0.042	0.752	0.124	0.082
0.001	0.095	0.101	0.803
0.001	0.005	0.924	0.070
0.072	0.829	0.098	0.001
0.011	0.752	0.059	0.178
0.023	0.001	0.083	0.893
0.001	0.001	0.993	0.005
0.028	0.789	0.108	0.075
0.001	0.889	0.029	0.081
0.030	0.130	0.061	0.779
0.076	0.055	0.796	0.073
0.065	0.746	0.111	0.078
>TGGASTSTGGAS	9-TGGASTSTGGAS	9.247708	-205.784776	0	T:382.0(1.69%),B:129.8(0.49%),P:1e-89	Tpos:56.3,Tstd:25.3,Bpos:50.6,Bstd:29.8,StrandBias:-1.6,Multiplicity:1.06
0.001	0.001	0.070	0.928
0.001	0.001	0.975	0.023
0.373	0.083	0.543	0.001
0.641	0.001	0.191	0.167
0.143	0.362	0.389	0.106
0.244	0.193	0.001	0.562
0.061	0.448	0.336	0.156
0.001	0.001	0.011	0.987
0.001	0.001	0.997	0.001
0.349	0.001	0.590	0.060
0.965	0.001	0.011	0.023
0.106	0.517	0.376	0.001
>CGCTTCGCTTGC	10-CGCTTCGCTTGC	6.784769	-204.260701	0	T:665.0(2.94%),B:319.0(1.22%),P:1e-88	Tpos:56.2,Tstd:27.3,Bpos:51.2,Bstd:28.7,StrandBias:-0.2,Multiplicity:1.01
0.144	0.418	0.207	0.230
0.108	0.129	0.632	0.131
0.090	0.658	0.122	0.130
0.118	0.160	0.165	0.557
0.081	0.167	0.242	0.510
0.052	0.611	0.171	0.166
0.113	0.123	0.634	0.130
0.072	0.638	0.163	0.127
0.098	0.225	0.152	0.525
0.096	0.156	0.199	0.549
0.055	0.208	0.579	0.158
0.113	0.511	0.201	0.175
>TCGCCAGTCCCC	11-TCGCCAGTCCCC	10.589755	-176.338463	0	T:132.0(0.58%),B:17.4(0.07%),P:1e-76	Tpos:56.1,Tstd:25.6,Bpos:75.0,Bstd:10.8,StrandBias:2.2,Multiplicity:1.04
0.064	0.178	0.050	0.708
0.036	0.878	0.036	0.050
0.064	0.193	0.637	0.106
0.021	0.929	0.043	0.007
0.050	0.893	0.050	0.007
0.844	0.071	0.056	0.029
0.062	0.050	0.845	0.043
0.021	0.057	0.057	0.865
0.021	0.901	0.029	0.049
0.043	0.822	0.065	0.070
0.049	0.759	0.122	0.070
0.007	0.935	0.029	0.029
>GCCTTATCTYCT	12-GCCTTATCTYCT	10.384817	-171.875699	0	T:102.0(0.45%),B:9.8(0.04%),P:1e-74	Tpos:46.7,Tstd:21.8,Bpos:58.8,Bstd:19.6,StrandBias:3.2,Multiplicity:1.00
0.001	0.037	0.562	0.400
0.001	0.997	0.001	0.001
0.001	0.986	0.001	0.012
0.001	0.026	0.001	0.972
0.001	0.026	0.001	0.972
0.997	0.001	0.001	0.001
0.001	0.001	0.001	0.997
0.001	0.997	0.001	0.001
0.001	0.012	0.001	0.986
0.001	0.513	0.026	0.460
0.001	0.997	0.001	0.001
0.205	0.180	0.001	0.614
>TGCTGTGCTGTG	13-TGCTGTGCTGTG	8.250277	-170.697474	0	T:548.0(2.42%),B:261.7(1.00%),P:1e-74	Tpos:54.0,Tstd:26.9,Bpos:45.9,Bstd:26.8,StrandBias:-0.8,Multiplicity:1.01
0.047	0.101	0.066	0.786
0.039	0.077	0.835	0.049
0.008	0.931	0.030	0.031
0.134	0.152	0.059	0.655
0.015	0.073	0.840	0.072
0.027	0.084	0.031	0.858
0.012	0.075	0.894	0.019
0.012	0.957	0.012	0.019
0.131	0.172	0.016	0.681
0.015	0.060	0.882	0.043
0.044	0.173	0.027	0.756
0.027	0.063	0.755	0.155
>TACTACTASTAS	14-TACTACTASTAS	6.090942	-167.736414	0	T:854.0(3.78%),B:501.8(1.91%),P:1e-72	Tpos:47.0,Tstd:24.7,Bpos:48.9,Bstd:28.2,StrandBias:0.1,Multiplicity:1.05
0.222	0.147	0.095	0.536
0.600	0.074	0.217	0.109
0.069	0.529	0.346	0.056
0.057	0.171	0.054	0.718
0.857	0.029	0.075	0.039
0.014	0.568	0.385	0.033
0.061	0.069	0.033	0.837
0.680	0.088	0.106	0.126
0.014	0.450	0.521	0.015
0.037	0.122	0.050	0.791
0.704	0.093	0.100	0.103
0.092	0.382	0.396	0.129
>TCCATCCGTCCA	15-TCCATCCGTCCA	9.157773	-151.519952	0	T:291.0(1.29%),B:101.6(0.39%),P:1e-65	Tpos:52.2,Tstd:26.8,Bpos:47.1,Bstd:27.9,StrandBias:1.6,Multiplicity:1.02
0.022	0.043	0.064	0.871
0.022	0.877	0.029	0.072
0.022	0.868	0.022	0.088
0.754	0.118	0.099	0.029
0.065	0.064	0.140	0.731
0.035	0.778	0.078	0.109
0.079	0.855	0.037	0.029
0.190	0.037	0.709	0.064
0.072	0.001	0.065	0.862
0.007	0.880	0.036	0.077
0.036	0.860	0.051	0.053
0.849	0.022	0.098	0.031
>TCGCAGCCGCAG	16-TCGCAGCCGCAG	11.299491	-120.351013	0	T:108.0(0.48%),B:18.9(0.07%),P:1e-52	Tpos:58.2,Tstd:25.6,Bpos:34.7,Bstd:19.6,StrandBias:0.5,Multiplicity:1.05
0.039	0.088	0.151	0.722
0.045	0.871	0.045	0.039
0.052	0.058	0.832	0.058
0.096	0.815	0.057	0.032
0.858	0.032	0.045	0.065
0.045	0.006	0.898	0.051
0.019	0.763	0.157	0.061
0.064	0.789	0.065	0.082
0.058	0.045	0.852	0.045
0.058	0.903	0.026	0.013
0.864	0.078	0.039	0.019
0.065	0.019	0.851	0.065
>CACAATTCACAA	17-CACAATTCACAA	9.943714	-118.787138	0	T:77.0(0.34%),B:8.9(0.03%),P:1e-51	Tpos:59.3,Tstd:22.2,Bpos:60.4,Bstd:17.2,StrandBias:1.9,Multiplicity:1.08
0.077	0.844	0.045	0.034
0.767	0.077	0.111	0.045
0.068	0.841	0.068	0.023
0.843	0.079	0.077	0.001
0.830	0.068	0.091	0.011
0.080	0.097	0.086	0.737
0.011	0.068	0.023	0.898
0.034	0.909	0.023	0.034
0.799	0.101	0.089	0.011
0.068	0.863	0.058	0.011
0.855	0.045	0.066	0.034
0.840	0.045	0.047	0.068
>ATCACTCATCAC	18-ATCACTCATCAC	9.938197	-111.760433	0	T:87.0(0.38%),B:12.4(0.05%),P:1e-48	Tpos:57.0,Tstd:23.0,Bpos:57.0,Bstd:20.3,StrandBias:1.7,Multiplicity:1.08
0.801	0.039	0.080	0.080
0.001	0.180	0.079	0.740
0.001	0.940	0.001	0.058
0.799	0.001	0.100	0.100
0.147	0.730	0.028	0.095
0.002	0.020	0.059	0.919
0.019	0.882	0.098	0.001
0.840	0.079	0.080	0.001
0.041	0.143	0.059	0.757
0.001	0.997	0.001	0.001
0.876	0.001	0.001	0.122
0.121	0.679	0.121	0.079
>TGCCAGMCTGCC	19-TGCCAGMCTGCC	12.183783	-97.721295	0	T:110.0(0.49%),B:24.6(0.09%),P:1e-42	Tpos:52.1,Tstd:27.7,Bpos:60.6,Bstd:24.9,StrandBias:0.7,Multiplicity:1.00
0.134	0.172	0.001	0.693
0.001	0.044	0.954	0.001
0.001	0.997	0.001	0.001
0.001	0.909	0.089	0.001
0.485	0.157	0.128	0.231
0.001	0.001	0.954	0.044
0.261	0.410	0.157	0.172
0.001	0.997	0.001	0.001
0.001	0.001	0.001	0.997
0.001	0.001	0.997	0.001
0.001	0.997	0.001	0.001
0.001	0.997	0.001	0.001
>CSCGASTCGSGA	20-CSCGASTCGSGA	9.640227	-91.754262	0	T:119.0(0.53%),B:30.1(0.11%),P:1e-39	Tpos:51.9,Tstd:26.8,Bpos:51.5,Bstd:24.8,StrandBias:-0.1,Multiplicity:1.02
0.010	0.923	0.048	0.019
0.029	0.438	0.523	0.010
0.019	0.601	0.379	0.001
0.075	0.029	0.886	0.010
0.961	0.019	0.019	0.001
0.070	0.431	0.453	0.046
0.001	0.028	0.019	0.952
0.009	0.971	0.001	0.019
0.001	0.387	0.611	0.001
0.010	0.504	0.426	0.060
0.029	0.046	0.924	0.001
0.951	0.029	0.010	0.010
>GCTAGCTAGCTA	21-GCTAGCTAGCTA	7.016761	-90.942579	0	T:664.0(2.94%),B:442.2(1.69%),P:1e-39	Tpos:60.0,Tstd:26.1,Bpos:50.2,Bstd:29.1,StrandBias:-0.0,Multiplicity:1.03
0.099	0.107	0.700	0.094
0.089	0.732	0.104	0.075
0.125	0.141	0.154	0.580
0.619	0.137	0.130	0.114
0.072	0.092	0.756	0.080
0.079	0.755	0.088	0.078
0.121	0.143	0.132	0.604
0.608	0.147	0.125	0.120
0.067	0.099	0.757	0.077
0.100	0.728	0.088	0.084
0.128	0.138	0.139	0.595
0.566	0.154	0.165	0.115
>TTCAGCTCAGCT	22-TTCAGCTCAGCT	9.991215	-88.220661	0	T:70.0(0.31%),B:10.9(0.04%),P:1e-38	Tpos:51.7,Tstd:24.9,Bpos:43.4,Bstd:18.7,StrandBias:0.4,Multiplicity:1.00
0.077	0.079	0.045	0.799
0.090	0.090	0.045	0.775
0.001	0.892	0.046	0.061
0.803	0.075	0.075	0.047
0.046	0.061	0.892	0.001
0.060	0.761	0.030	0.149
0.136	0.001	0.001	0.862
0.001	0.878	0.106	0.015
0.813	0.062	0.080	0.045
0.030	0.002	0.878	0.090
0.015	0.895	0.001	0.089
0.090	0.075	0.092	0.743
>TAGAAAAATCTG	23-TAGAAAAATCTG	10.409522	-79.962615	0	T:30.0(0.13%),B:1.9(0.01%),P:1e-34	Tpos:35.6,Tstd:25.1,Bpos:59.8,Bstd:10.0,StrandBias:-0.6,Multiplicity:1.00
0.100	0.100	0.100	0.700
0.700	0.100	0.100	0.100
0.100	0.100	0.700	0.100
0.700	0.100	0.100	0.100
0.700	0.100	0.100	0.100
0.700	0.100	0.100	0.100
0.700	0.100	0.100	0.100
0.700	0.100	0.100	0.100
0.100	0.100	0.100	0.700
0.100	0.700	0.100	0.100
0.100	0.100	0.100	0.700
0.100	0.100	0.700	0.100
>SGNTTCGDTTCG	24-SGNTTCGDTTCG	8.823627	-60.393609	0	T:70.0(0.31%),B:16.2(0.06%),P:1e-26	Tpos:58.8,Tstd:27.6,Bpos:55.3,Bstd:9.6,StrandBias:-0.5,Multiplicity:1.00
0.050	0.412	0.296	0.242
0.052	0.047	0.848	0.053
0.264	0.248	0.220	0.267
0.037	0.223	0.090	0.650
0.001	0.150	0.141	0.708
0.009	0.680	0.145	0.166
0.007	0.063	0.845	0.085
0.245	0.183	0.219	0.354
0.022	0.246	0.139	0.593
0.005	0.066	0.254	0.675
0.001	0.619	0.183	0.197
0.071	0.027	0.633	0.269
>CGCAACAGCGCA	25-CGCAACAGCGCA	10.409522	-49.486022	0	T:37.0(0.16%),B:5.6(0.02%),P:1e-21	Tpos:55.6,Tstd:23.2,Bpos:37.0,Bstd:18.7,StrandBias:0.8,Multiplicity:1.00
0.100	0.700	0.100	0.100
0.100	0.100	0.700	0.100
0.100	0.700	0.100	0.100
0.700	0.100	0.100	0.100
0.700	0.100	0.100	0.100
0.100	0.700	0.100	0.100
0.700	0.100	0.100	0.100
0.100	0.100	0.700	0.100
0.100	0.700	0.100	0.100
0.100	0.100	0.700	0.100
0.100	0.700	0.100	0.100
0.700	0.100	0.100	0.100
>TATATA	1-TATATA	5.521444	-1607.433968	0	T:4314.0(19.08%),B:1952.8(7.44%),P:1e-698	Tpos:31.6,Tstd:10.9,Bpos:50.6,Bstd:39.8,StrandBias:-0.4,Multiplicity:1.16
0.001	0.052	0.001	0.946
0.645	0.001	0.001	0.353
0.103	0.017	0.001	0.879
0.997	0.001	0.001	0.001
0.001	0.021	0.001	0.977
0.997	0.001	0.001	0.001
>TTAWAA	2-TTAWAA	5.830922	-720.378453	0	T:4599.0(20.34%),B:3031.0(11.55%),P:1e-312	Tpos:34.5,Tstd:20.2,Bpos:50.9,Bstd:37.4,StrandBias:0.3,Multiplicity:1.18
0.334	0.001	0.001	0.664
0.001	0.001	0.001	0.997
0.997	0.001	0.001	0.001
0.567	0.001	0.001	0.431
0.583	0.001	0.001	0.415
0.997	0.001	0.001	0.001
>GAGAGA	3-GAGAGA	4.792232	-612.917908	0	T:11236.0(49.69%),B:10034.9(38.25%),P:1e-266	Tpos:55.3,Tstd:27.3,Bpos:49.9,Bstd:33.1,StrandBias:-1.7,Multiplicity:1.51
0.001	0.001	0.997	0.001
0.997	0.001	0.001	0.001
0.001	0.001	0.997	0.001
0.595	0.133	0.120	0.152
0.001	0.001	0.997	0.001
0.774	0.001	0.224	0.001
>CCMACC	4-CCMACC	5.886261	-528.633931	0	T:7072.0(31.27%),B:5762.6(21.97%),P:1e-229	Tpos:53.2,Tstd:27.5,Bpos:50.0,Bstd:31.4,StrandBias:2.3,Multiplicity:1.29
0.284	0.571	0.144	0.001
0.372	0.626	0.001	0.001
0.488	0.510	0.001	0.001
0.996	0.002	0.001	0.001
0.001	0.997	0.001	0.001
0.001	0.854	0.144	0.001
>CCCGTC	5-CCCGTC	4.270973	-501.153566	0	T:8461.0(37.41%),B:7277.2(27.74%),P:1e-217	Tpos:53.1,Tstd:27.7,Bpos:49.9,Bstd:29.6,StrandBias:1.7,Multiplicity:1.29
0.001	0.834	0.001	0.164
0.001	0.997	0.001	0.001
0.159	0.839	0.001	0.001
0.133	0.001	0.865	0.001
0.001	0.001	0.001	0.997
0.001	0.997	0.001	0.001
>AAACCC	6-AAACCC	7.267622	-500.915555	0	T:2236.0(9.89%),B:1259.9(4.80%),P:1e-217	Tpos:51.9,Tstd:26.7,Bpos:52.5,Bstd:34.1,StrandBias:1.6,Multiplicity:1.07
0.849	0.149	0.001	0.001
0.997	0.001	0.001	0.001
0.744	0.254	0.001	0.001
0.150	0.748	0.101	0.001
0.001	0.997	0.001	0.001
0.101	0.745	0.001	0.153
>AARCGA	7-AARCGA	2.017694	-473.536798	0	T:9250.0(40.90%),B:8194.6(31.24%),P:1e-205	Tpos:52.9,Tstd:27.9,Bpos:49.8,Bstd:31.7,StrandBias:-0.8,Multiplicity:1.28
0.997	0.001	0.001	0.001
0.612	0.001	0.386	0.001
0.366	0.001	0.400	0.233
0.001	0.997	0.001	0.001
0.001	0.001	0.997	0.001
0.986	0.001	0.012	0.001
>GGCSGG	8-GGCSGG	1.006430	-316.393782	0	T:11866.0(52.47%),B:11590.7(44.18%),P:1e-137	Tpos:54.2,Tstd:28.7,Bpos:49.8,Bstd:32.6,StrandBias:-1.0,Multiplicity:1.53
0.001	0.001	0.997	0.001
0.001	0.001	0.997	0.001
0.001	0.997	0.001	0.001
0.001	0.331	0.446	0.222
0.001	0.001	0.997	0.001
0.001	0.322	0.676	0.001
>CACRCA	9-CACRCA	5.388909	-269.121925	0	T:4222.0(18.67%),B:3466.7(13.22%),P:1e-116	Tpos:53.5,Tstd:27.3,Bpos:50.2,Bstd:30.3,StrandBias:1.0,Multiplicity:1.19
0.140	0.800	0.001	0.059
0.825	0.001	0.001	0.173
0.001	0.618	0.331	0.050
0.409	0.001	0.538	0.052
0.001	0.647	0.243	0.109
0.703	0.295	0.001	0.001
>GGAAGG	10-GGAAGG	5.551627	-251.712348	0	T:4543.0(20.09%),B:3834.9(14.62%),P:1e-109	Tpos:53.2,Tstd:28.0,Bpos:49.8,Bstd:32.5,StrandBias:-1.9,Multiplicity:1.14
0.001	0.001	0.997	0.001
0.001	0.001	0.997	0.001
0.891	0.001	0.001	0.107
0.997	0.001	0.001	0.001
0.001	0.001	0.595	0.403
0.001	0.001	0.997	0.001
>CACAGC	11-CACAGC	4.958812	-229.962336	0	T:7063.0(31.23%),B:6547.8(24.96%),P:1e-99	Tpos:54.5,Tstd:27.9,Bpos:50.2,Bstd:31.7,StrandBias:0.7,Multiplicity:1.22
0.001	0.916	0.001	0.082
0.656	0.001	0.342	0.001
0.001	0.997	0.001	0.001
0.886	0.001	0.001	0.112
0.001	0.001	0.997	0.001
0.001	0.997	0.001	0.001
>GAAACG	12-GAAACG	5.657964	-225.211677	0	T:5283.0(23.36%),B:4672.9(17.81%),P:1e-97	Tpos:50.6,Tstd:28.2,Bpos:50.3,Bstd:32.6,StrandBias:-0.5,Multiplicity:1.08
0.001	0.001	0.997	0.001
0.997	0.001	0.001	0.001
0.664	0.001	0.334	0.001
0.786	0.212	0.001	0.001
0.001	0.997	0.001	0.001
0.001	0.001	0.997	0.001
>CAWWTC	13-CAWWTC	5.467587	-164.012131	0	T:4353.0(19.25%),B:3897.9(14.86%),P:1e-71	Tpos:48.6,Tstd:27.2,Bpos:49.1,Bstd:31.6,StrandBias:1.5,Multiplicity:1.12
0.001	0.893	0.001	0.105
0.582	0.001	0.061	0.356
0.431	0.001	0.001	0.567
0.411	0.001	0.243	0.345
0.001	0.001	0.001	0.997
0.110	0.783	0.001	0.106
>CTCCCC	14-CTCCCC	6.177716	-139.090181	0	T:3308.0(14.63%),B:2898.2(11.05%),P:1e-60	Tpos:54.7,Tstd:27.5,Bpos:50.0,Bstd:33.7,StrandBias:2.0,Multiplicity:1.06
0.100	0.700	0.100	0.100
0.100	0.100	0.100	0.700
0.100	0.700	0.100	0.100
0.100	0.700	0.100	0.100
0.100	0.700	0.100	0.100
0.100	0.700	0.100	0.100
>TTGCTT	15-TTGCTT	6.165791	-132.057865	0	T:3510.0(15.52%),B:3129.3(11.93%),P:1e-57	Tpos:49.7,Tstd:27.7,Bpos:49.9,Bstd:33.0,StrandBias:-0.6,Multiplicity:1.15
0.001	0.001	0.001	0.997
0.001	0.001	0.001	0.997
0.001	0.001	0.997	0.001
0.001	0.795	0.001	0.203
0.001	0.001	0.148	0.850
0.001	0.001	0.001	0.997
>ACGGCA	16-ACGGCA	7.312335	-131.953922	0	T:2340.0(10.35%),B:1942.8(7.41%),P:1e-57	Tpos:51.5,Tstd:28.1,Bpos:49.9,Bstd:30.1,StrandBias:0.6,Multiplicity:1.06
0.997	0.001	0.001	0.001
0.097	0.901	0.001	0.001
0.001	0.411	0.587	0.001
0.001	0.001	0.997	0.001
0.001	0.997	0.001	0.001
0.997	0.001	0.001	0.001
>STGTGA	17-STGTGA	6.673102	-112.728621	0	T:2226.0(9.84%),B:1882.5(7.18%),P:1e-48	Tpos:52.6,Tstd:27.0,Bpos:50.2,Bstd:28.7,StrandBias:-1.1,Multiplicity:1.07
0.001	0.386	0.417	0.196
0.001	0.001	0.001	0.997
0.001	0.001	0.997	0.001
0.001	0.001	0.001	0.997
0.001	0.001	0.997	0.001
0.997	0.001	0.001	0.001
>CCACCA	18-CCACCA	6.177716	-109.432134	0	T:2914.0(12.89%),B:2591.9(9.88%),P:1e-47	Tpos:53.9,Tstd:27.8,Bpos:49.6,Bstd:29.9,StrandBias:1.7,Multiplicity:1.17
0.100	0.700	0.100	0.100
0.100	0.700	0.100	0.100
0.700	0.100	0.100	0.100
0.100	0.700	0.100	0.100
0.100	0.700	0.100	0.100
0.700	0.100	0.100	0.100
>SACTRS	19-SACTRS	4.089532	-105.847095	0	T:2902.0(12.83%),B:2591.7(9.88%),P:1e-45	Tpos:52.0,Tstd:26.9,Bpos:49.1,Bstd:29.9,StrandBias:-0.1,Multiplicity:1.07
0.114	0.286	0.405	0.195
0.844	0.154	0.001	0.001
0.109	0.845	0.045	0.001
0.231	0.237	0.071	0.461
0.407	0.224	0.333	0.035
0.128	0.389	0.269	0.214
>CTACTA	20-CTACTA	7.266158	-103.045002	0	T:1179.0(5.21%),B:888.6(3.39%),P:1e-44	Tpos:45.9,Tstd:26.7,Bpos:47.9,Bstd:32.4,StrandBias:0.2,Multiplicity:1.20
0.001	0.884	0.114	0.001
0.001	0.001	0.001	0.997
0.997	0.001	0.001	0.001
0.001	0.598	0.400	0.001
0.001	0.001	0.001	0.997
0.997	0.001	0.001	0.001
>TTTAAA	21-TTTAAA	6.177716	-75.265679	0	T:488.0(2.16%),B:313.9(1.20%),P:1e-32	Tpos:30.1,Tstd:18.5,Bpos:58.9,Bstd:32.0,StrandBias:0.0,Multiplicity:1.00
0.100	0.100	0.100	0.700
0.100	0.100	0.100	0.700
0.100	0.100	0.100	0.700
0.700	0.100	0.100	0.100
0.700	0.100	0.100	0.100
0.700	0.100	0.100	0.100
>CTTATA	22-CTTATA	6.177716	-66.986019	0	T:710.0(3.14%),B:525.2(2.00%),P:1e-29	Tpos:37.9,Tstd:19.9,Bpos:50.8,Bstd:34.7,StrandBias:-1.4,Multiplicity:1.02
0.100	0.700	0.100	0.100
0.100	0.100	0.100	0.700
0.100	0.100	0.100	0.700
0.700	0.100	0.100	0.100
0.100	0.100	0.100	0.700
0.700	0.100	0.100	0.100
>TACATA	23-TACATA	7.019005	-57.312447	0	T:1208.0(5.34%),B:1030.7(3.93%),P:1e-24	Tpos:37.2,Tstd:22.6,Bpos:50.5,Bstd:33.3,StrandBias:1.1,Multiplicity:1.05
0.001	0.001	0.001	0.997
0.997	0.001	0.001	0.001
0.001	0.997	0.001	0.001
0.997	0.001	0.001	0.001
0.277	0.001	0.001	0.721
0.997	0.001	0.001	0.001
>CTAGCT	24-CTAGCT	6.177716	-28.686035	0	T:1326.0(5.86%),B:1261.3(4.81%),P:1e-12	Tpos:57.6,Tstd:28.4,Bpos:49.8,Bstd:30.9,StrandBias:0.1,Multiplicity:1.28
0.100	0.700	0.100	0.100
0.100	0.100	0.100	0.700
0.700	0.100	0.100	0.100
0.100	0.100	0.700	0.100
0.100	0.700	0.100	0.100
0.100	0.100	0.100	0.700
>CMTATATA	1-CMTATATA	3.012305	-1614.676664	0	T:3829.0(16.93%),B:1598.9(6.10%),P:1e-701	Tpos:31.5,Tstd:10.0,Bpos:51.4,Bstd:39.1,StrandBias:0.0,Multiplicity:1.04
0.001	0.564	0.060	0.375
0.308	0.414	0.206	0.072
0.001	0.001	0.001	0.997
0.903	0.001	0.001	0.095
0.001	0.001	0.001	0.997
0.997	0.001	0.001	0.001
0.158	0.001	0.001	0.840
0.997	0.001	0.001	0.001
>GGGATGGG	2-GGGATGGG	5.775765	-1021.184415	0	T:8400.0(37.15%),B:6221.9(23.72%),P:1e-443	Tpos:54.1,Tstd:26.6,Bpos:50.1,Bstd:31.9,StrandBias:-2.4,Multiplicity:1.41
0.001	0.001	0.625	0.373
0.001	0.001	0.997	0.001
0.387	0.001	0.611	0.001
0.627	0.001	0.170	0.202
0.052	0.232	0.217	0.500
0.001	0.001	0.605	0.393
0.001	0.001	0.997	0.001
0.341	0.001	0.657	0.001
>GKGTGTGK	3-GKGTGTGK	4.339822	-756.477692	0	T:11152.0(49.31%),B:9617.1(36.66%),P:1e-328	Tpos:53.0,Tstd:26.7,Bpos:50.2,Bstd:30.7,StrandBias:-2.1,Multiplicity:1.31
0.001	0.042	0.876	0.081
0.029	0.006	0.557	0.408
0.013	0.066	0.606	0.315
0.078	0.033	0.325	0.564
0.001	0.019	0.692	0.288
0.078	0.023	0.373	0.526
0.019	0.010	0.722	0.249
0.042	0.001	0.486	0.472
>GAGAYGAG	4-GAGAYGAG	4.907397	-699.568606	0	T:7951.0(35.16%),B:6319.5(24.09%),P:1e-303	Tpos:53.9,Tstd:27.2,Bpos:49.3,Bstd:31.1,StrandBias:-1.5,Multiplicity:1.17
0.270	0.014	0.706	0.010
0.700	0.009	0.107	0.184
0.185	0.021	0.726	0.068
0.646	0.080	0.212	0.062
0.009	0.430	0.233	0.328
0.087	0.021	0.679	0.213
0.578	0.067	0.225	0.130
0.139	0.138	0.594	0.129
>TYCAYTYC	5-TYCAYTYC	5.980860	-689.878465	0	T:5331.0(23.57%),B:3751.9(14.30%),P:1e-299	Tpos:52.8,Tstd:28.1,Bpos:49.7,Bstd:32.6,StrandBias:1.3,Multiplicity:1.09
0.024	0.108	0.075	0.793
0.039	0.433	0.001	0.527
0.080	0.872	0.001	0.047
0.470	0.280	0.249	0.001
0.023	0.328	0.227	0.422
0.096	0.030	0.001	0.873
0.001	0.545	0.001	0.453
0.014	0.750	0.166	0.070
>GGMGGCGG	6-GGMGGCGG	5.675680	-615.043723	0	T:8976.0(39.69%),B:7564.6(28.84%),P:1e-267	Tpos:56.2,Tstd:27.6,Bpos:50.7,Bstd:31.8,StrandBias:-1.0,Multiplicity:1.30
0.358	0.001	0.640	0.001
0.292	0.109	0.598	0.001
0.485	0.513	0.001	0.001
0.311	0.074	0.496	0.119
0.187	0.001	0.811	0.001
0.001	0.997	0.001	0.001
0.329	0.001	0.639	0.031
0.001	0.001	0.997	0.001
>RGAGAGAG	7-RGAGAGAG	5.528631	-608.611799	0	T:8354.0(36.94%),B:6921.2(26.38%),P:1e-264	Tpos:56.0,Tstd:26.9,Bpos:49.8,Bstd:33.6,StrandBias:-1.5,Multiplicity:1.27
0.370	0.192	0.424	0.014
0.286	0.001	0.712	0.001
0.707	0.237	0.001	0.055
0.117	0.001	0.881	0.001
0.596	0.276	0.071	0.057
0.001	0.001	0.997	0.001
0.535	0.140	0.291	0.034
0.349	0.060	0.547	0.044
>AYAAATAC	8-AYAAATAC	7.389959	-448.769436	0	T:822.0(3.63%),B:275.4(1.05%),P:1e-194	Tpos:37.9,Tstd:21.7,Bpos:48.9,Bstd:30.9,StrandBias:1.3,Multiplicity:1.02
0.970	0.001	0.001	0.028
0.001	0.440	0.055	0.504
0.850	0.116	0.001	0.033
0.643	0.187	0.001	0.169
0.661	0.001	0.239	0.099
0.001	0.001	0.055	0.943
0.738	0.133	0.128	0.001
0.119	0.765	0.115	0.001
>AAACCCTT	9-AAACCCTT	5.547861	-425.072257	0	T:951.0(4.21%),B:367.9(1.40%),P:1e-184	Tpos:55.0,Tstd:26.8,Bpos:49.7,Bstd:32.2,StrandBias:0.8,Multiplicity:1.03
0.997	0.001	0.001	0.001
0.997	0.001	0.001	0.001
0.997	0.001	0.001	0.001
0.001	0.997	0.001	0.001
0.001	0.997	0.001	0.001
0.001	0.997	0.001	0.001
0.001	0.001	0.001	0.997
0.055	0.004	0.001	0.940
>TTTTTATT	10-TTTTTATT	5.075688	-299.108321	0	T:3504.0(15.49%),B:2693.7(10.27%),P:1e-129	Tpos:39.6,Tstd:24.3,Bpos:50.8,Bstd:36.4,StrandBias:-0.3,Multiplicity:1.12
0.098	0.051	0.063	0.788
0.079	0.153	0.087	0.681
0.190	0.062	0.026	0.722
0.038	0.161	0.039	0.762
0.072	0.057	0.118	0.753
0.754	0.122	0.067	0.057
0.116	0.088	0.062	0.734
0.105	0.054	0.031	0.810
>CACABCAC	11-CACABCAC	6.607525	-298.430752	0	T:1547.0(6.84%),B:918.4(3.50%),P:1e-129	Tpos:55.5,Tstd:26.2,Bpos:49.7,Bstd:29.1,StrandBias:2.1,Multiplicity:1.02
0.183	0.815	0.001	0.001
0.716	0.001	0.166	0.117
0.050	0.948	0.001	0.001
0.741	0.041	0.001	0.217
0.091	0.353	0.247	0.310
0.001	0.997	0.001	0.001
0.428	0.245	0.073	0.254
0.039	0.625	0.162	0.174
>TCACTCRC	12-TCACTCRC	6.309079	-297.600644	0	T:2621.0(11.59%),B:1863.1(7.10%),P:1e-129	Tpos:55.6,Tstd:26.7,Bpos:49.9,Bstd:29.2,StrandBias:1.4,Multiplicity:1.07
0.001	0.142	0.243	0.614
0.001	0.956	0.042	0.001
0.718	0.001	0.078	0.203
0.001	0.632	0.076	0.291
0.001	0.086	0.001	0.912
0.001	0.975	0.001	0.023
0.396	0.134	0.413	0.058
0.001	0.799	0.001	0.199
>TGYGWGTG	13-TGYGWGTG	5.977803	-293.837706	0	T:1666.0(7.37%),B:1023.6(3.90%),P:1e-127	Tpos:54.4,Tstd:26.9,Bpos:49.0,Bstd:29.9,StrandBias:-1.2,Multiplicity:1.07
0.001	0.209	0.092	0.698
0.001	0.022	0.779	0.198
0.001	0.460	0.138	0.402
0.001	0.248	0.750	0.001
0.375	0.126	0.030	0.469
0.064	0.278	0.539	0.119
0.001	0.199	0.184	0.616
0.001	0.001	0.638	0.360
>GCAACGCA	14-GCAACGCA	6.336175	-283.494405	0	T:2091.0(9.25%),B:1406.8(5.36%),P:1e-123	Tpos:55.5,Tstd:27.3,Bpos:49.9,Bstd:30.5,StrandBias:0.6,Multiplicity:1.12
0.001	0.025	0.973	0.001
0.039	0.946	0.014	0.001
0.969	0.029	0.001	0.001
0.497	0.265	0.159	0.078
0.106	0.798	0.044	0.052
0.012	0.001	0.986	0.001
0.017	0.981	0.001	0.001
0.980	0.001	0.018	0.001
>AAYCGSAA	15-AAYCGSAA	5.985609	-240.958242	0	T:2832.0(12.52%),B:2167.9(8.26%),P:1e-104	Tpos:49.0,Tstd:27.4,Bpos:49.4,Bstd:30.9,StrandBias:0.3,Multiplicity:1.08
0.997	0.001	0.001	0.001
0.713	0.001	0.001	0.285
0.001	0.446	0.001	0.552
0.001	0.539	0.265	0.195
0.001	0.203	0.795	0.001
0.164	0.442	0.393	0.001
0.997	0.001	0.001	0.001
0.997	0.001	0.001	0.001
>CATCCATC	16-CATCCATC	8.375649	-176.127599	0	T:540.0(2.39%),B:251.0(0.96%),P:1e-76	Tpos:55.6,Tstd:27.7,Bpos:49.0,Bstd:25.1,StrandBias:1.3,Multiplicity:1.02
0.001	0.802	0.196	0.001
0.997	0.001	0.001	0.001
0.001	0.001	0.001	0.997
0.001	0.894	0.001	0.104
0.001	0.997	0.001	0.001
0.806	0.001	0.192	0.001
0.001	0.001	0.001	0.997
0.001	0.997	0.001	0.001
>AAGCAAAC	17-AAGCAAAC	3.803602	-164.496553	0	T:965.0(4.27%),B:597.6(2.28%),P:1e-71	Tpos:54.3,Tstd:27.2,Bpos:51.8,Bstd:30.7,StrandBias:0.8,Multiplicity:1.05
0.997	0.001	0.001	0.001
0.997	0.001	0.001	0.001
0.001	0.001	0.997	0.001
0.001	0.997	0.001	0.001
0.866	0.001	0.132	0.001
0.997	0.001	0.001	0.001
0.697	0.001	0.301	0.001
0.001	0.997	0.001	0.001
>CATAAATA	18-CATAAATA	7.810439	-154.849493	0	T:230.0(1.02%),B:65.4(0.25%),P:1e-67	Tpos:33.6,Tstd:14.7,Bpos:58.4,Bstd:31.0,StrandBias:0.4,Multiplicity:1.00
0.001	0.997	0.001	0.001
0.618	0.001	0.001	0.380
0.001	0.001	0.001	0.997
0.936	0.001	0.001	0.062
0.997	0.001	0.001	0.001
0.997	0.001	0.001	0.001
0.001	0.001	0.001	0.997
0.997	0.001	0.001	0.001
>TTATAACA	19-TTATAACA	5.131936	-153.678491	0	T:244.0(1.08%),B:73.9(0.28%),P:1e-66	Tpos:38.9,Tstd:22.9,Bpos:47.7,Bstd:29.5,StrandBias:0.0,Multiplicity:1.00
0.001	0.001	0.001	0.997
0.001	0.001	0.001	0.997
0.997	0.001	0.001	0.001
0.001	0.001	0.001	0.997
0.997	0.001	0.001	0.001
0.877	0.001	0.121	0.001
0.001	0.867	0.003	0.129
0.997	0.001	0.001	0.001
>CCTTATCC	20-CCTTATCC	7.614337	-145.937853	0	T:501.0(2.22%),B:247.9(0.94%),P:1e-63	Tpos:42.6,Tstd:24.6,Bpos:50.6,Bstd:32.6,StrandBias:1.6,Multiplicity:1.02
0.001	0.997	0.001	0.001
0.001	0.921	0.001	0.077
0.001	0.001	0.001	0.997
0.001	0.001	0.001	0.997
0.997	0.001	0.001	0.001
0.001	0.001	0.001	0.997
0.001	0.997	0.001	0.001
0.001	0.589	0.001	0.409
>STASTAGT	21-STASTAGT	6.544451	-143.429073	0	T:781.0(3.45%),B:470.4(1.79%),P:1e-62	Tpos:48.3,Tstd:26.3,Bpos:47.7,Bstd:30.8,StrandBias:0.1,Multiplicity:1.04
0.029	0.527	0.443	0.001
0.039	0.001	0.054	0.906
0.907	0.001	0.091	0.001
0.001	0.554	0.444	0.001
0.001	0.039	0.001	0.959
0.956	0.001	0.001	0.042
0.032	0.268	0.699	0.001
0.042	0.180	0.001	0.777
>CAGCCAGC	22-CAGCCAGC	6.902953	-113.337152	0	T:1634.0(7.23%),B:1298.9(4.95%),P:1e-49	Tpos:54.9,Tstd:28.0,Bpos:49.8,Bstd:31.9,StrandBias:1.3,Multiplicity:1.09
0.068	0.930	0.001	0.001
0.825	0.173	0.001	0.001
0.050	0.001	0.888	0.061
0.084	0.914	0.001	0.001
0.084	0.914	0.001	0.001
0.870	0.128	0.001	0.001
0.001	0.001	0.997	0.001
0.001	0.997	0.001	0.001
>TAGCTAGC	23-TAGCTAGC	5.874382	-77.296695	0	T:619.0(2.74%),B:424.5(1.62%),P:1e-33	Tpos:58.2,Tstd:27.4,Bpos:50.0,Bstd:28.2,StrandBias:0.3,Multiplicity:1.08
0.001	0.119	0.001	0.879
0.997	0.001	0.001	0.001
0.055	0.001	0.943	0.001
0.001	0.997	0.001	0.001
0.001	0.001	0.001	0.997
0.997	0.001	0.001	0.001
0.001	0.001	0.997	0.001
0.001	0.884	0.001	0.114
>TGATTGAT	24-TGATTGAT	6.988326	-66.803154	0	T:426.0(1.88%),B:272.9(1.04%),P:1e-29	Tpos:54.8,Tstd:27.8,Bpos:52.3,Bstd:25.5,StrandBias:-0.8,Multiplicity:1.05
0.033	0.269	0.029	0.669
0.101	0.035	0.802	0.062
0.826	0.100	0.001	0.073
0.056	0.137	0.032	0.775
0.061	0.267	0.032	0.640
0.119	0.091	0.789	0.001
0.760	0.141	0.026	0.073
0.034	0.135	0.083	0.748
>TAGGGTTC	25-TAGGGTTC	9.910960	-39.163072	0	T:256.0(1.13%),B:166.4(0.63%),P:1e-17	Tpos:53.1,Tstd:26.3,Bpos:49.1,Bstd:31.9,StrandBias:-1.5,Multiplicity:1.00
0.001	0.001	0.001	0.997
0.997	0.001	0.001	0.001
0.001	0.001	0.997	0.001
0.001	0.001	0.997	0.001
0.001	0.001	0.997	0.001
0.001	0.001	0.001	0.997
0.001	0.001	0.001	0.997
0.314	0.684	0.001	0.001
