Now running MotifSetReduce.pl with arguments -m cluster2.meme -l 5 -t 0.09 -c 0.5 ...



Consensus motifs at merging threshold 0.09:

DE	motif_10_1mmmmmmmm (6 positions) IC=  6.885
0.052	0.079	0.057	0.812	T	1.011
0.640	0.061	0.032	0.267	A	0.674
0.095	0.031	0.010	0.864	T	1.275
0.889	0.004	0.006	0.101	A	1.440
0.250	0.024	0.013	0.713	T	0.941
0.928	0.003	0.044	0.024	A	1.545
XX

DE	motif_train5_72mm (5 positions) IC=  5.183
0.335	0.001	0.001	0.663	T	1.058
0.404	0.001	0.001	0.594	W	1.005
0.513	0.009	0.001	0.477	W	0.925
0.616	0.001	0.001	0.382	A	1.019
0.753	0.001	0.001	0.245	A	1.175
XX

DE	motif_train1_73m (5 positions) IC=  3.865
0.057	0.082	0.013	0.849	T	1.188
0.359	0.031	0.028	0.583	W	0.716
0.447	0.041	0.018	0.494	W	0.684
0.733	0.009	0.073	0.185	A	0.883
0.482	0.092	0.063	0.363	W	0.393
XX
