Now running MotifSetReduce.pl with arguments -m cluster1.meme -l 5 -t 0.09 -c 0.5 ...



Consensus motifs at merging threshold 0.09:

DE	motif_train9_30 (12 positions) IC= 12.384
0.031	0.001	0.967	0.001	G	1.778
0.089	0.007	0.903	0.001	G	1.496
0.926	0.001	0.072	0.001	A	1.604
0.628	0.249	0.026	0.097	A	0.616
0.067	0.068	0.334	0.531	K	0.462
0.007	0.003	0.989	0.001	G	1.899
0.215	0.001	0.783	0.001	G	1.227
0.941	0.003	0.055	0.001	A	1.652
0.499	0.159	0.246	0.097	N	0.254
0.077	0.231	0.282	0.410	N	0.184
0.433	0.181	0.328	0.059	R	0.262
0.141	0.052	0.778	0.029	G	0.950
XX

DE	motif_train2_34 (12 positions) IC=  9.640
0.069	0.722	0.124	0.085	C	0.719
0.681	0.132	0.111	0.076	A	0.602
0.088	0.093	0.729	0.090	G	0.728
0.076	0.117	0.115	0.692	T	0.629
0.065	0.802	0.070	0.063	C	0.969
0.074	0.790	0.077	0.059	C	0.928
0.781	0.078	0.071	0.070	A	0.895
0.079	0.084	0.760	0.077	G	0.825
0.071	0.096	0.106	0.727	T	0.727
0.077	0.769	0.090	0.064	C	0.857
0.058	0.805	0.080	0.057	C	0.983
0.745	0.100	0.075	0.080	A	0.780
XX

DE	motif_train1_4t (9 positions) IC=  8.434
0.015	0.063	0.644	0.278	G	0.736
0.020	0.120	0.859	0.001	G	1.322
0.263	0.020	0.716	0.001	G	1.025
0.807	0.006	0.186	0.001	A	1.245
0.741	0.257	0.001	0.001	A	1.156
0.205	0.222	0.156	0.418	N	0.105
0.001	0.182	0.508	0.309	K	0.523
0.001	0.001	0.923	0.075	G	1.593
0.357	0.070	0.572	0.001	R	0.730
XX

DE	motif_train8_2 (10 positions) IC=  8.249
0.052	0.001	0.946	0.001	G	1.683
0.354	0.004	0.641	0.001	G	1.017
0.391	0.001	0.607	0.001	G	1.013
0.602	0.099	0.115	0.184	A	0.421
0.124	0.224	0.426	0.226	N	0.134
0.055	0.051	0.686	0.208	G	0.707
0.162	0.163	0.634	0.041	G	0.542
0.166	0.001	0.832	0.001	G	1.329
0.448	0.001	0.484	0.067	R	0.703
0.357	0.018	0.578	0.047	R	0.701
XX

DE	motif_train4_72 (8 positions) IC=  8.157
0.001	0.579	0.134	0.286	Y	0.629
0.203	0.348	0.001	0.448	Y	0.474
0.001	0.997	0.001	0.001	C	1.966
0.232	0.001	0.766	0.001	G	1.196
0.247	0.469	0.152	0.131	N	0.192
0.234	0.342	0.001	0.424	Y	0.445
0.001	0.001	0.001	0.997	T	1.966
0.001	0.814	0.001	0.184	C	1.289
XX

DE	motif_train3_75 (8 positions) IC=  8.012
0.001	0.265	0.001	0.733	T	1.144
0.001	0.782	0.040	0.177	C	1.085
0.001	0.853	0.145	0.001	C	1.380
0.221	0.433	0.230	0.116	N	0.148
0.031	0.347	0.235	0.387	N	0.294
0.001	0.088	0.033	0.878	T	1.354
0.001	0.668	0.001	0.330	C	1.063
0.016	0.923	0.001	0.060	C	1.544
XX

DE	motif_10_34mmmt (7 positions) IC=  7.756
0.061	0.096	0.207	0.636	T	0.544
0.605	0.040	0.050	0.305	A	0.637
0.024	0.018	0.846	0.112	G	1.208
0.040	0.014	0.924	0.021	G	1.504
0.065	0.023	0.810	0.103	G	1.036
0.029	0.054	0.027	0.891	T	1.337
0.017	0.030	0.030	0.923	T	1.489
XX

DE	motif_10_33mm (6 positions) IC=  6.366
0.842	0.059	0.045	0.054	A	1.120
0.803	0.064	0.080	0.052	A	0.976
0.063	0.780	0.086	0.072	C	0.893
0.037	0.872	0.048	0.044	C	1.245
0.031	0.832	0.053	0.084	C	1.098
0.101	0.057	0.031	0.812	T	1.034
XX

DE	motif_train8_5m (10 positions) IC=  6.076
0.123	0.644	0.028	0.206	C	0.608
0.215	0.487	0.095	0.202	N	0.229
0.175	0.160	0.592	0.073	R	0.413
0.028	0.575	0.031	0.366	Y	0.710
0.136	0.680	0.030	0.155	C	0.664
0.177	0.034	0.568	0.221	K	0.448
0.029	0.855	0.043	0.072	C	1.190
0.204	0.554	0.065	0.177	M	0.363
0.195	0.041	0.369	0.395	K	0.292
0.030	0.849	0.052	0.068	C	1.159
XX

DE	motif_10_3mt (7 positions) IC=  5.997
0.275	0.016	0.709	0.001	G	1.030
0.878	0.105	0.001	0.016	A	1.388
0.314	0.033	0.653	0.001	G	0.903
0.512	0.141	0.279	0.068	R	0.330
0.078	0.446	0.472	0.004	S	0.650
0.210	0.009	0.752	0.028	G	1.012
0.518	0.078	0.403	0.001	R	0.683
XX

DE	motif_train3_32mm (5 positions) IC=  5.516
0.158	0.797	0.035	0.010	C	1.084
0.804	0.105	0.048	0.043	A	1.001
0.139	0.838	0.014	0.009	C	1.243
0.816	0.115	0.048	0.021	A	1.074
0.133	0.816	0.038	0.013	C	1.114
XX

DE	motif_train1_28mm (6 positions) IC=  4.859
0.399	0.589	0.007	0.005	M	0.935
0.511	0.476	0.006	0.007	M	0.898
0.544	0.437	0.009	0.010	M	0.871
0.593	0.393	0.008	0.007	M	0.919
0.476	0.432	0.053	0.039	M	0.559
0.382	0.553	0.034	0.031	M	0.678
XX

DE	motif_10_4mmm (5 positions) IC=  4.682
0.017	0.887	0.053	0.042	C	1.327
0.114	0.053	0.652	0.181	G	0.570
0.037	0.148	0.137	0.678	T	0.641
0.013	0.046	0.028	0.913	T	1.453
0.110	0.145	0.043	0.702	T	0.690
XX

DE	motif_10_27mmmm (6 positions) IC=  4.561
0.106	0.649	0.103	0.142	C	0.514
0.103	0.700	0.081	0.116	C	0.647
0.084	0.851	0.032	0.032	C	1.183
0.343	0.346	0.134	0.176	N	0.110
0.074	0.764	0.070	0.092	C	0.841
0.043	0.876	0.034	0.047	C	1.265
XX

DE	motif_train3_95mmm (5 positions) IC=  4.549
0.061	0.098	0.057	0.783	T	0.913
0.045	0.076	0.798	0.081	G	0.964
0.075	0.095	0.057	0.773	T	0.875
0.050	0.067	0.794	0.089	G	0.948
0.082	0.090	0.061	0.766	T	0.849
XX

DE	motif_10_10mmmm (5 positions) IC=  4.393
0.023	0.595	0.317	0.064	S	0.647
0.035	0.082	0.162	0.721	T	0.769
0.015	0.813	0.037	0.135	C	1.100
0.026	0.050	0.136	0.789	T	0.987
0.018	0.708	0.032	0.243	C	0.889
XX

DE	motif_10_31mmmmmmmm (5 positions) IC=  4.362
0.033	0.898	0.060	0.009	C	1.393
0.724	0.033	0.187	0.056	A	0.816
0.084	0.690	0.208	0.018	C	0.756
0.664	0.065	0.167	0.103	A	0.582
0.068	0.711	0.203	0.018	C	0.816
XX

DE	motif_train2_29mmmmm (5 positions) IC=  4.235
0.182	0.173	0.100	0.545	N	0.306
0.003	0.378	0.061	0.558	Y	0.732
0.006	0.905	0.011	0.078	C	1.467
0.123	0.865	0.007	0.005	C	1.356
0.499	0.287	0.181	0.033	M	0.374
XX

DE	motif_10_30mmmmm (5 positions) IC=  3.956
0.757	0.074	0.091	0.078	A	0.815
0.222	0.083	0.144	0.550	W	0.341
0.016	0.123	0.093	0.769	T	0.924
0.022	0.649	0.113	0.216	C	0.640
0.035	0.868	0.036	0.062	C	1.235
XX

DE	motif_10_28mmmmmmm (5 positions) IC=  3.808
0.038	0.826	0.081	0.054	C	1.071
0.050	0.195	0.624	0.132	G	0.515
0.088	0.228	0.087	0.597	Y	0.455
0.032	0.701	0.047	0.219	C	0.794
0.038	0.064	0.100	0.797	T	0.973
XX

DE	motif_train2_5mmmm (5 positions) IC=  3.585
0.394	0.491	0.054	0.061	M	0.494
0.363	0.633	0.002	0.002	C	1.022
0.414	0.543	0.024	0.018	M	0.761
0.384	0.559	0.053	0.005	M	0.741
0.441	0.468	0.034	0.056	M	0.566
XX

DE	motif_train2_6t (8 positions) IC=  3.328
0.101	0.152	0.559	0.188	N	0.330
0.076	0.431	0.096	0.397	Y	0.340
0.049	0.131	0.112	0.708	T	0.696
0.028	0.106	0.320	0.546	K	0.510
0.053	0.503	0.268	0.176	S	0.326
0.106	0.267	0.470	0.157	N	0.217
0.100	0.237	0.136	0.527	Y	0.297
0.046	0.162	0.123	0.669	T	0.610
XX

DE	motif_10_29mm (5 positions) IC=  2.851
0.094	0.128	0.166	0.613	T	0.438
0.093	0.068	0.202	0.637	T	0.537
0.025	0.058	0.634	0.282	G	0.695
0.052	0.080	0.777	0.090	G	0.890
0.160	0.152	0.548	0.140	N	0.291
XX

DE	motif_train3_9m (5 positions) IC=  2.737
0.569	0.076	0.179	0.176	N	0.369
0.088	0.726	0.133	0.054	C	0.742
0.623	0.056	0.211	0.110	A	0.517
0.098	0.701	0.129	0.073	C	0.656
0.621	0.104	0.164	0.111	A	0.454
XX

DE	motif_10_78mm (5 positions) IC=  2.481
0.601	0.168	0.101	0.130	A	0.410
0.109	0.111	0.733	0.047	G	0.764
0.527	0.152	0.225	0.096	R	0.292
0.118	0.169	0.662	0.052	G	0.589
0.557	0.093	0.279	0.071	R	0.427
XX

DE	motif_10_2mmmm (5 positions) IC=  2.450
0.287	0.552	0.094	0.066	M	0.430
0.289	0.447	0.121	0.142	N	0.193
0.207	0.295	0.047	0.452	N	0.285
0.084	0.670	0.026	0.220	C	0.695
0.091	0.763	0.049	0.097	C	0.848
XX

DE	motif_10_81m (5 positions) IC=  2.445
0.068	0.203	0.650	0.079	G	0.576
0.198	0.164	0.096	0.542	N	0.307
0.044	0.156	0.720	0.081	G	0.750
0.204	0.220	0.076	0.500	N	0.269
0.065	0.195	0.641	0.099	G	0.544
XX

DE	motif_10_5m (5 positions) IC=  2.243
0.558	0.154	0.177	0.111	N	0.320
0.153	0.675	0.146	0.026	C	0.660
0.516	0.161	0.179	0.145	N	0.236
0.140	0.696	0.142	0.023	C	0.714
0.552	0.180	0.161	0.106	N	0.314
XX

DE	motif_train4_30m (5 positions) IC=  2.057
0.590	0.205	0.072	0.133	M	0.421
0.713	0.171	0.089	0.027	A	0.767
0.439	0.219	0.267	0.075	N	0.209
0.231	0.516	0.158	0.096	N	0.275
0.260	0.546	0.134	0.060	M	0.386
XX
