Now running MotifSetReduce.pl with arguments -m cluster3.meme -l 5 -t 0.09 -c 0.5 ...



Consensus motifs at merging threshold 0.09:

DE	motif_10_20mm (6 positions) IC=  9.374
0.010	0.967	0.014	0.009	C	1.739
0.021	0.020	0.003	0.956	T	1.686
0.005	0.030	0.946	0.019	G	1.624
0.008	0.887	0.094	0.010	C	1.400
0.005	0.967	0.012	0.016	C	1.744
0.096	0.028	0.029	0.847	T	1.181
XX

DE	motif_10_39m (6 positions) IC=  6.379
0.693	0.058	0.107	0.143	A	0.650
0.047	0.044	0.886	0.023	G	1.316
0.025	0.119	0.825	0.032	G	1.116
0.039	0.919	0.012	0.029	C	1.478
0.785	0.041	0.040	0.134	A	0.962
0.162	0.085	0.738	0.015	G	0.856
XX

DE	motif_train2_16mmm (5 positions) IC=  5.172
0.045	0.150	0.027	0.778	T	0.965
0.020	0.022	0.931	0.026	G	1.531
0.050	0.714	0.156	0.080	C	0.727
0.003	0.696	0.015	0.286	C	1.002
0.032	0.116	0.066	0.786	T	0.947
XX
