Now running MotifSetReduce.pl with arguments -m cluster4.meme -l 5 -t 0.09 -c 0.5 ...



Consensus motifs at merging threshold 0.09:

DE	motif_train4_33 (12 positions) IC= 12.090
0.057	0.813	0.055	0.075	C	1.011
0.771	0.034	0.121	0.074	A	0.898
0.032	0.804	0.058	0.106	C	1.007
0.057	0.033	0.081	0.829	T	1.084
0.034	0.074	0.281	0.611	T	0.607
0.024	0.910	0.065	0.001	C	1.481
0.829	0.008	0.114	0.049	A	1.150
0.032	0.837	0.049	0.082	C	1.117
0.073	0.058	0.065	0.804	T	0.977
0.049	0.050	0.378	0.523	K	0.551
0.016	0.918	0.065	0.001	C	1.525
0.707	0.066	0.089	0.138	A	0.683
XX

DE	motif_train6_23 (10 positions) IC=  7.709
0.549	0.093	0.321	0.037	R	0.504
0.167	0.736	0.083	0.014	C	0.859
0.089	0.029	0.065	0.817	T	1.047
0.132	0.083	0.751	0.034	G	0.840
0.090	0.191	0.524	0.195	N	0.283
0.756	0.140	0.059	0.045	A	0.856
0.081	0.811	0.049	0.059	C	1.007
0.021	0.075	0.140	0.764	T	0.909
0.246	0.058	0.674	0.022	G	0.759
0.055	0.645	0.250	0.050	C	0.646
XX

DE	motif_train2_35mm (7 positions) IC=  7.682
0.063	0.105	0.074	0.758	T	0.826
0.014	0.083	0.849	0.054	G	1.187
0.037	0.826	0.060	0.078	C	1.066
0.155	0.059	0.034	0.752	T	0.869
0.006	0.125	0.800	0.068	G	1.057
0.028	0.078	0.039	0.855	T	1.191
0.013	0.046	0.920	0.021	G	1.486
XX

DE	motif_train5_17mmm (6 positions) IC=  4.705
0.043	0.785	0.059	0.113	C	0.935
0.515	0.177	0.207	0.101	N	0.261
0.055	0.798	0.114	0.033	C	0.989
0.113	0.083	0.171	0.633	T	0.494
0.038	0.064	0.792	0.107	G	0.957
0.055	0.825	0.036	0.083	C	1.068
XX

DE	motif_10_14m (5 positions) IC=  2.726
0.209	0.227	0.185	0.379	N	0.061
0.095	0.149	0.720	0.036	G	0.753
0.074	0.669	0.244	0.012	C	0.759
0.613	0.087	0.127	0.173	A	0.445
0.098	0.129	0.716	0.057	G	0.708
XX

DE	motif_train5_10m (5 positions) IC=  1.829
0.184	0.513	0.162	0.141	N	0.233
0.157	0.181	0.557	0.105	N	0.323
0.137	0.704	0.122	0.037	C	0.703
0.595	0.165	0.149	0.090	M	0.402
0.284	0.177	0.428	0.110	N	0.168
XX
