Now running MotifSetReduce.pl with arguments -m cluster6.meme -l 5 -t 0.09 -c 0.5 ...



Consensus motifs at merging threshold 0.09:

DE	motif_10_75mm (8 positions) IC=  5.347
0.050	0.851	0.011	0.088	C	1.206
0.780	0.058	0.080	0.082	A	0.895
0.148	0.739	0.081	0.032	C	0.819
0.478	0.215	0.185	0.122	N	0.193
0.066	0.287	0.364	0.283	N	0.178
0.134	0.697	0.082	0.087	C	0.645
0.491	0.198	0.169	0.142	N	0.200
0.046	0.859	0.022	0.074	C	1.211
XX

DE	motif_10_9m (5 positions) IC=  5.182
0.017	0.920	0.056	0.007	C	1.508
0.721	0.070	0.119	0.090	A	0.713
0.056	0.902	0.039	0.003	C	1.427
0.793	0.027	0.117	0.063	A	0.981
0.122	0.653	0.164	0.061	C	0.553
XX

DE	motif_train3_33mm (5 positions) IC=  3.293
0.173	0.147	0.206	0.474	N	0.175
0.023	0.901	0.050	0.026	C	1.387
0.507	0.079	0.163	0.251	W	0.287
0.111	0.820	0.059	0.010	C	1.107
0.560	0.191	0.152	0.097	M	0.336
XX
