Now running MotifSetReduce.pl with arguments -m cluster8.meme -l 5 -t 0.09 -c 0.5 ...



Consensus motifs at merging threshold 0.09:

DE	motif_train3_42mm (5 positions) IC=  8.479
0.011	0.986	0.002	0.001	C	1.884
0.984	0.011	0.004	0.002	A	1.860
0.001	0.052	0.002	0.946	T	1.676
0.002	0.937	0.012	0.050	C	1.605
0.006	0.903	0.077	0.014	C	1.454
XX

DE	motif_train5_12t (8 positions) IC=  5.472
0.375	0.035	0.575	0.015	R	0.750
0.593	0.286	0.084	0.037	M	0.560
0.029	0.456	0.030	0.485	Y	0.677
0.049	0.070	0.811	0.070	G	1.005
0.116	0.118	0.731	0.035	G	0.776
0.789	0.080	0.073	0.058	A	0.925
0.052	0.293	0.226	0.429	N	0.251
0.118	0.203	0.628	0.051	G	0.529
XX

DE	motif_train1_36m (6 positions) IC=  4.318
0.046	0.088	0.083	0.783	T	0.913
0.043	0.757	0.057	0.143	C	0.865
0.125	0.670	0.140	0.064	C	0.586
0.657	0.104	0.188	0.051	A	0.589
0.126	0.098	0.113	0.664	T	0.549
0.071	0.754	0.065	0.110	C	0.816
XX
