Now running MotifSetReduce.pl with arguments -m cluster7.meme -l 5 -t 0.09 -c 0.5 ...



Consensus motifs at merging threshold 0.09:

DE	motif_train1_90mmmm (8 positions) IC= 13.279
0.002	0.032	0.001	0.965	T	1.763
0.979	0.003	0.007	0.011	A	1.821
0.138	0.003	0.857	0.001	G	1.376
0.106	0.887	0.002	0.005	C	1.444
0.011	0.001	0.002	0.986	T	1.879
0.958	0.003	0.036	0.004	A	1.717
0.008	0.003	0.970	0.018	G	1.768
0.035	0.924	0.007	0.033	C	1.510
XX

DE	motif_10_16mmmmmmmmmmm (5 positions) IC=  3.825
0.211	0.150	0.085	0.555	W	0.344
0.669	0.067	0.132	0.131	A	0.580
0.048	0.053	0.849	0.051	G	1.148
0.031	0.874	0.047	0.048	C	1.257
0.162	0.123	0.080	0.636	T	0.497
XX
