>SBTHTATATA	1-SBTHTATATA	5.604815	-1396.856346	0	T:3493.0(14.55%),B:1339.6(5.36%),P:1e-606	Tpos:31.9,Tstd:11.2,Bpos:50.5,Bstd:37.1,StrandBias:0.0,Multiplicity:1.04
0.145	0.342	0.325	0.187
0.121	0.349	0.320	0.210
0.111	0.227	0.192	0.471
0.353	0.221	0.173	0.254
0.043	0.058	0.031	0.868
0.620	0.059	0.049	0.272
0.137	0.015	0.009	0.839
0.842	0.019	0.032	0.107
0.238	0.010	0.055	0.697
0.807	0.083	0.060	0.050
>YTTCCMTTYC	2-YTTCCMTTYC	4.662598	-1206.590489	0	T:8915.0(37.12%),B:5755.1(23.03%),P:1e-524	Tpos:54.3,Tstd:27.1,Bpos:50.5,Bstd:31.0,StrandBias:1.5,Multiplicity:1.22
0.182	0.378	0.103	0.337
0.111	0.322	0.092	0.475
0.001	0.078	0.001	0.920
0.001	0.703	0.001	0.295
0.001	0.997	0.001	0.001
0.316	0.447	0.224	0.013
0.137	0.244	0.098	0.521
0.001	0.001	0.001	0.997
0.001	0.537	0.001	0.461
0.001	0.997	0.001	0.001
>YCCCHCTCTC	3-YCCCHCTCTC	4.445374	-922.878665	0	T:14089.0(58.67%),B:11211.0(44.87%),P:1e-400	Tpos:56.5,Tstd:26.1,Bpos:49.9,Bstd:32.6,StrandBias:1.9,Multiplicity:1.62
0.111	0.407	0.066	0.416
0.012	0.732	0.038	0.218
0.102	0.485	0.105	0.307
0.042	0.748	0.133	0.077
0.234	0.337	0.067	0.362
0.036	0.720	0.213	0.031
0.208	0.306	0.030	0.456
0.045	0.851	0.054	0.050
0.105	0.271	0.125	0.499
0.008	0.877	0.010	0.105
>CCAACCCCMM	4-CCAACCCCMM	1.936181	-829.014800	0	T:7752.0(32.28%),B:5251.2(21.02%),P:1e-360	Tpos:53.0,Tstd:26.0,Bpos:49.9,Bstd:30.0,StrandBias:2.0,Multiplicity:1.18
0.234	0.764	0.001	0.001
0.412	0.586	0.001	0.001
0.754	0.244	0.001	0.001
0.604	0.394	0.001	0.001
0.416	0.582	0.001	0.001
0.302	0.696	0.001	0.001
0.355	0.643	0.001	0.001
0.356	0.642	0.001	0.001
0.527	0.471	0.001	0.001
0.442	0.556	0.001	0.001
>CACACCGCAC	5-CACACCGCAC	5.351681	-421.216030	0	T:4702.0(19.58%),B:3230.1(12.93%),P:1e-182	Tpos:54.2,Tstd:27.1,Bpos:50.0,Bstd:29.8,StrandBias:1.2,Multiplicity:1.14
0.086	0.785	0.101	0.028
0.662	0.108	0.148	0.082
0.093	0.750	0.133	0.024
0.634	0.123	0.151	0.092
0.121	0.629	0.167	0.083
0.151	0.620	0.139	0.090
0.138	0.123	0.612	0.127
0.031	0.860	0.096	0.013
0.673	0.114	0.122	0.091
0.110	0.680	0.145	0.065
>CMGCCGCMGC	6-CMGCCGCMGC	7.208821	-377.803201	0	T:3429.0(14.28%),B:2215.5(8.87%),P:1e-164	Tpos:58.6,Tstd:26.9,Bpos:50.6,Bstd:30.9,StrandBias:0.8,Multiplicity:1.08
0.284	0.714	0.001	0.001
0.499	0.366	0.134	0.001
0.170	0.011	0.818	0.001
0.001	0.924	0.001	0.074
0.329	0.504	0.095	0.072
0.222	0.001	0.756	0.021
0.001	0.997	0.001	0.001
0.419	0.411	0.142	0.028
0.141	0.001	0.829	0.029
0.001	0.990	0.001	0.008
>TCTCGTCTCG	7-TCTCGTCTCG	6.772877	-374.704168	0	T:2145.0(8.93%),B:1189.1(4.76%),P:1e-162	Tpos:55.9,Tstd:26.4,Bpos:47.8,Bstd:29.9,StrandBias:1.0,Multiplicity:1.10
0.047	0.111	0.120	0.722
0.047	0.833	0.083	0.037
0.074	0.030	0.075	0.821
0.054	0.837	0.044	0.065
0.064	0.079	0.738	0.119
0.071	0.109	0.071	0.749
0.016	0.904	0.042	0.038
0.039	0.091	0.058	0.812
0.037	0.842	0.054	0.067
0.081	0.092	0.745	0.082
>AAAACCCTAG	8-AAAACCCTAG	9.583295	-299.019024	0	T:641.0(2.67%),B:215.5(0.86%),P:1e-129	Tpos:54.6,Tstd:25.7,Bpos:56.4,Bstd:30.0,StrandBias:0.9,Multiplicity:1.02
0.512	0.118	0.116	0.254
0.639	0.015	0.345	0.001
0.997	0.001	0.001	0.001
0.997	0.001	0.001	0.001
0.001	0.997	0.001	0.001
0.001	0.997	0.001	0.001
0.001	0.959	0.031	0.009
0.058	0.001	0.001	0.940
0.607	0.175	0.014	0.204
0.125	0.220	0.640	0.015
>CTTATCCCCT	9-CTTATCCCCT	8.755677	-296.347439	0	T:511.0(2.13%),B:146.8(0.59%),P:1e-128	Tpos:45.1,Tstd:25.4,Bpos:50.9,Bstd:34.4,StrandBias:1.9,Multiplicity:1.02
0.001	0.732	0.084	0.183
0.001	0.090	0.001	0.908
0.030	0.001	0.115	0.854
0.951	0.047	0.001	0.001
0.001	0.001	0.001	0.997
0.001	0.997	0.001	0.001
0.047	0.662	0.001	0.290
0.007	0.527	0.142	0.324
0.001	0.699	0.001	0.299
0.107	0.205	0.001	0.687
>CTGCCTGCCT	10-CTGCCTGCCT	7.095129	-196.476438	0	T:1397.0(5.82%),B:828.9(3.32%),P:1e-85	Tpos:54.8,Tstd:26.7,Bpos:51.4,Bstd:29.2,StrandBias:0.1,Multiplicity:1.03
0.044	0.819	0.082	0.055
0.083	0.067	0.058	0.792
0.034	0.016	0.896	0.054
0.056	0.743	0.118	0.083
0.065	0.828	0.053	0.054
0.052	0.118	0.094	0.736
0.027	0.022	0.888	0.063
0.067	0.745	0.098	0.090
0.070	0.815	0.058	0.057
0.079	0.047	0.135	0.739
>TASTASTAGT	11-TASTASTAGT	5.833985	-181.594790	0	T:1285.0(5.35%),B:760.7(3.04%),P:1e-78	Tpos:47.7,Tstd:25.5,Bpos:51.5,Bstd:28.9,StrandBias:-0.0,Multiplicity:1.06
0.139	0.161	0.108	0.592
0.583	0.020	0.222	0.175
0.010	0.542	0.395	0.053
0.101	0.067	0.035	0.797
0.775	0.014	0.121	0.090
0.008	0.454	0.537	0.001
0.002	0.231	0.007	0.760
0.770	0.021	0.108	0.101
0.013	0.330	0.639	0.018
0.199	0.282	0.075	0.444
>TGGATGGATG	12-TGGATGGATG	8.597052	-169.248281	0	T:308.0(1.28%),B:92.5(0.37%),P:1e-73	Tpos:53.2,Tstd:26.8,Bpos:45.3,Bstd:23.2,StrandBias:-2.7,Multiplicity:1.00
0.020	0.115	0.090	0.775
0.026	0.011	0.944	0.019
0.018	0.001	0.980	0.001
0.953	0.001	0.001	0.045
0.001	0.018	0.001	0.980
0.046	0.027	0.926	0.001
0.001	0.056	0.941	0.002
0.857	0.001	0.141	0.001
0.002	0.040	0.021	0.937
0.067	0.060	0.827	0.046
>TCABCARTCR	13-TCABCARTCR	8.431709	-160.991343	0	T:361.0(1.50%),B:125.4(0.50%),P:1e-69	Tpos:53.4,Tstd:26.4,Bpos:48.4,Bstd:23.5,StrandBias:1.8,Multiplicity:1.02
0.001	0.107	0.074	0.818
0.056	0.942	0.001	0.001
0.601	0.033	0.365	0.001
0.012	0.397	0.276	0.315
0.001	0.595	0.092	0.312
0.628	0.370	0.001	0.001
0.444	0.188	0.367	0.001
0.001	0.001	0.110	0.888
0.001	0.967	0.001	0.031
0.512	0.001	0.486	0.001
>CTTATCTTCT	14-CTTATCTTCT	9.445443	-156.146666	0	T:115.0(0.48%),B:13.1(0.05%),P:1e-67	Tpos:44.5,Tstd:21.5,Bpos:43.0,Bstd:39.1,StrandBias:2.1,Multiplicity:1.00
0.001	0.912	0.086	0.001
0.001	0.001	0.009	0.989
0.002	0.001	0.001	0.996
0.997	0.001	0.001	0.001
0.001	0.001	0.001	0.997
0.001	0.997	0.001	0.001
0.041	0.001	0.001	0.957
0.056	0.001	0.121	0.822
0.001	0.957	0.041	0.001
0.018	0.001	0.001	0.980
>AGCAAGCRAV	15-AGCAAGCRAV	9.425991	-129.271864	0	T:364.0(1.52%),B:145.1(0.58%),P:1e-56	Tpos:56.7,Tstd:27.1,Bpos:53.3,Bstd:30.4,StrandBias:0.1,Multiplicity:1.01
0.604	0.197	0.198	0.001
0.117	0.220	0.662	0.001
0.001	0.997	0.001	0.001
0.587	0.025	0.387	0.001
0.977	0.001	0.021	0.001
0.001	0.034	0.964	0.001
0.001	0.967	0.031	0.001
0.545	0.001	0.453	0.001
0.773	0.135	0.067	0.025
0.402	0.263	0.269	0.066
>CTAGCTAGCT	16-CTAGCTAGCT	8.336714	-126.614218	0	T:236.0(0.98%),B:72.8(0.29%),P:1e-54	Tpos:55.0,Tstd:26.0,Bpos:52.1,Bstd:31.0,StrandBias:0.0,Multiplicity:1.01
0.001	0.951	0.047	0.001
0.001	0.067	0.001	0.931
0.963	0.035	0.001	0.001
0.001	0.001	0.922	0.076
0.001	0.997	0.001	0.001
0.001	0.001	0.001	0.997
0.900	0.026	0.073	0.001
0.001	0.001	0.997	0.001
0.001	0.960	0.038	0.001
0.001	0.001	0.001	0.997
>GCAGTCGMAG	17-GCAGTCGMAG	8.960400	-106.346789	0	T:151.0(0.63%),B:37.3(0.15%),P:1e-46	Tpos:55.7,Tstd:24.5,Bpos:46.4,Bstd:21.9,StrandBias:-0.6,Multiplicity:1.04
0.036	0.001	0.962	0.001
0.001	0.928	0.001	0.070
0.997	0.001	0.001	0.001
0.001	0.001	0.986	0.012
0.001	0.001	0.001	0.997
0.001	0.972	0.001	0.026
0.001	0.056	0.942	0.001
0.448	0.550	0.001	0.001
0.994	0.004	0.001	0.001
0.157	0.208	0.634	0.001
>ACACAGACAC	18-ACACAGACAC	10.122059	-104.053613	0	T:134.0(0.56%),B:30.6(0.12%),P:1e-45	Tpos:49.7,Tstd:28.1,Bpos:43.1,Bstd:21.1,StrandBias:1.2,Multiplicity:1.00
0.982	0.001	0.016	0.001
0.064	0.834	0.093	0.009
0.916	0.017	0.064	0.003
0.001	0.969	0.027	0.003
0.661	0.001	0.178	0.160
0.001	0.001	0.821	0.177
0.918	0.064	0.001	0.017
0.009	0.971	0.003	0.017
0.997	0.001	0.001	0.001
0.001	0.971	0.027	0.001
>TCTCTTTAAC	19-TCTCTTTAAC	8.720843	-103.365571	0	T:112.0(0.47%),B:21.6(0.09%),P:1e-44	Tpos:45.9,Tstd:25.3,Bpos:50.0,Bstd:28.0,StrandBias:1.3,Multiplicity:1.00
0.017	0.147	0.017	0.819
0.001	0.600	0.262	0.137
0.004	0.001	0.067	0.928
0.116	0.601	0.069	0.214
0.017	0.114	0.035	0.834
0.001	0.038	0.001	0.960
0.001	0.001	0.004	0.994
0.924	0.001	0.074	0.001
0.827	0.171	0.001	0.001
0.001	0.945	0.053	0.001
>GAAAAATCTC	20-GAAAAATCTC	10.375178	-81.627984	0	T:145.0(0.60%),B:43.6(0.17%),P:1e-35	Tpos:41.2,Tstd:27.4,Bpos:65.2,Bstd:28.2,StrandBias:1.0,Multiplicity:1.02
0.010	0.113	0.777	0.100
0.970	0.001	0.028	0.001
0.976	0.003	0.018	0.003
0.997	0.001	0.001	0.001
0.906	0.009	0.001	0.084
0.993	0.001	0.003	0.003
0.116	0.001	0.001	0.882
0.084	0.897	0.001	0.018
0.001	0.128	0.001	0.870
0.014	0.726	0.219	0.041
>GATAGATAGA	21-GATAGATAGA	9.884791	-75.646447	0	T:67.0(0.28%),B:10.7(0.04%),P:1e-32	Tpos:48.2,Tstd:23.4,Bpos:53.2,Bstd:30.4,StrandBias:-0.6,Multiplicity:1.00
0.001	0.001	0.908	0.090
0.964	0.030	0.001	0.005
0.001	0.001	0.001	0.997
0.983	0.001	0.001	0.015
0.001	0.005	0.993	0.001
0.978	0.016	0.005	0.001
0.048	0.016	0.001	0.935
0.968	0.030	0.001	0.001
0.001	0.005	0.964	0.030
0.831	0.167	0.001	0.001
>AGAGTTCAGA	22-AGAGTTCAGA	10.615578	-62.525492	0	T:101.0(0.42%),B:28.6(0.11%),P:1e-27	Tpos:58.3,Tstd:27.3,Bpos:37.0,Bstd:31.5,StrandBias:0.0,Multiplicity:1.06
0.997	0.001	0.001	0.001
0.001	0.001	0.981	0.017
0.966	0.032	0.001	0.001
0.001	0.242	0.577	0.180
0.123	0.001	0.001	0.875
0.001	0.199	0.313	0.488
0.005	0.993	0.001	0.001
0.966	0.032	0.001	0.001
0.032	0.001	0.966	0.001
0.670	0.015	0.001	0.314
>AGCCAAGTCA	23-AGCCAAGTCA	8.322433	-49.422377	0	T:60.0(0.25%),B:13.0(0.05%),P:1e-21	Tpos:55.1,Tstd:27.7,Bpos:54.6,Bstd:16.7,StrandBias:0.6,Multiplicity:1.03
0.978	0.001	0.020	0.001
0.001	0.001	0.997	0.001
0.001	0.997	0.001	0.001
0.001	0.997	0.001	0.001
0.997	0.001	0.001	0.001
0.997	0.001	0.001	0.001
0.001	0.001	0.997	0.001
0.001	0.201	0.001	0.797
0.001	0.997	0.001	0.001
0.997	0.001	0.001	0.001
>CGGCACGGCA	24-CGGCACGGCA	10.296193	-45.875431	0	T:40.0(0.17%),B:6.5(0.03%),P:1e-19	Tpos:54.6,Tstd:27.2,Bpos:62.7,Bstd:8.4,StrandBias:-1.1,Multiplicity:1.07
0.100	0.700	0.100	0.100
0.100	0.100	0.700	0.100
0.100	0.100	0.700	0.100
0.100	0.700	0.100	0.100
0.700	0.100	0.100	0.100
0.100	0.700	0.100	0.100
0.100	0.100	0.700	0.100
0.100	0.100	0.700	0.100
0.100	0.700	0.100	0.100
0.700	0.100	0.100	0.100
>CCAGGCAACC	25-CCAGGCAACC	11.346987	-26.684666	0	T:34.0(0.14%),B:8.6(0.03%),P:1e-11	Tpos:69.6,Tstd:21.9,Bpos:48.4,Bstd:4.0,StrandBias:2.9,Multiplicity:1.00
0.001	0.997	0.001	0.001
0.001	0.997	0.001	0.001
0.997	0.001	0.001	0.001
0.083	0.001	0.915	0.001
0.001	0.001	0.997	0.001
0.001	0.997	0.001	0.001
0.997	0.001	0.001	0.001
0.997	0.001	0.001	0.001
0.001	0.997	0.001	0.001
0.001	0.997	0.001	0.001
>BBBNTWTATATA	1-BBBNTWTATATA	4.992310	-1411.489111	0	T:4615.0(19.22%),B:2080.8(8.33%),P:1e-612	Tpos:32.1,Tstd:12.1,Bpos:50.3,Bstd:35.9,StrandBias:-0.0,Multiplicity:1.05
0.130	0.314	0.294	0.262
0.150	0.303	0.335	0.212
0.135	0.299	0.226	0.340
0.220	0.297	0.237	0.246
0.083	0.205	0.140	0.572
0.387	0.204	0.099	0.311
0.025	0.031	0.002	0.942
0.644	0.067	0.035	0.254
0.184	0.001	0.001	0.814
0.876	0.022	0.040	0.062
0.263	0.021	0.150	0.566
0.584	0.140	0.166	0.110
>CCMMMCCMMMCC	2-CCMMMCCMMMCC	4.670590	-1131.554042	0	T:9713.0(40.45%),B:6579.5(26.33%),P:1e-491	Tpos:54.9,Tstd:25.4,Bpos:50.9,Bstd:29.5,StrandBias:2.4,Multiplicity:1.28
0.128	0.767	0.056	0.049
0.339	0.630	0.023	0.008
0.470	0.487	0.036	0.006
0.396	0.469	0.097	0.038
0.333	0.466	0.068	0.134
0.191	0.694	0.063	0.052
0.209	0.783	0.007	0.001
0.406	0.532	0.045	0.017
0.375	0.521	0.033	0.071
0.357	0.506	0.067	0.070
0.270	0.541	0.128	0.061
0.191	0.719	0.052	0.038
>TCBTCTCCTCTC	3-TCBTCTCCTCTC	5.461736	-999.970597	0	T:10155.0(42.29%),B:7187.0(28.76%),P:1e-434	Tpos:57.4,Tstd:25.8,Bpos:49.2,Bstd:32.9,StrandBias:1.8,Multiplicity:1.28
0.039	0.270	0.108	0.583
0.026	0.760	0.063	0.151
0.058	0.349	0.304	0.289
0.046	0.340	0.092	0.522
0.028	0.748	0.084	0.140
0.031	0.199	0.127	0.643
0.025	0.795	0.058	0.122
0.046	0.436	0.281	0.237
0.052	0.309	0.098	0.541
0.022	0.759	0.061	0.158
0.042	0.264	0.137	0.557
0.030	0.742	0.077	0.151
>CCNTTCCVTTCC	4-CCNTTCCVTTCC	5.012822	-918.435045	0	T:8821.0(36.73%),B:6079.6(24.33%),P:1e-398	Tpos:53.9,Tstd:26.7,Bpos:50.3,Bstd:29.8,StrandBias:1.5,Multiplicity:1.14
0.030	0.661	0.067	0.242
0.133	0.498	0.240	0.128
0.277	0.273	0.245	0.204
0.137	0.017	0.069	0.777
0.017	0.323	0.117	0.543
0.017	0.682	0.034	0.267
0.036	0.724	0.159	0.081
0.314	0.372	0.301	0.012
0.235	0.047	0.120	0.598
0.043	0.247	0.089	0.621
0.066	0.606	0.120	0.208
0.148	0.556	0.170	0.126
>CTCACAGTCTCA	5-CTCACAGTCTCA	7.655758	-364.093386	0	T:1080.0(4.50%),B:443.8(1.78%),P:1e-158	Tpos:56.4,Tstd:25.9,Bpos:52.7,Bstd:29.8,StrandBias:1.4,Multiplicity:1.07
0.065	0.744	0.133	0.058
0.116	0.084	0.173	0.627
0.023	0.937	0.027	0.013
0.486	0.111	0.233	0.170
0.045	0.857	0.080	0.018
0.546	0.082	0.179	0.193
0.040	0.309	0.578	0.073
0.146	0.195	0.162	0.496
0.030	0.900	0.043	0.027
0.183	0.056	0.249	0.512
0.026	0.928	0.029	0.017
0.592	0.135	0.179	0.094
>CCCGCCGCCGCC	6-CCCGCCGCCGCC	7.444336	-343.619861	0	T:3147.0(13.10%),B:2033.1(8.14%),P:1e-149	Tpos:61.2,Tstd:25.9,Bpos:50.5,Bstd:30.3,StrandBias:1.0,Multiplicity:1.08
0.067	0.563	0.277	0.093
0.072	0.717	0.129	0.082
0.083	0.691	0.129	0.097
0.062	0.076	0.776	0.086
0.049	0.815	0.082	0.054
0.063	0.772	0.109	0.056
0.067	0.070	0.792	0.071
0.044	0.820	0.071	0.065
0.062	0.749	0.107	0.082
0.057	0.066	0.787	0.090
0.050	0.762	0.108	0.080
0.063	0.758	0.092	0.087
>CACTCGTCACTC	7-CACTCGTCACTC	7.272694	-289.009334	0	T:854.0(3.56%),B:349.8(1.40%),P:1e-125	Tpos:56.1,Tstd:25.6,Bpos:51.0,Bstd:27.8,StrandBias:1.9,Multiplicity:1.04
0.063	0.766	0.106	0.065
0.727	0.097	0.098	0.078
0.050	0.795	0.100	0.055
0.095	0.085	0.096	0.724
0.074	0.771	0.089	0.066
0.091	0.159	0.669	0.081
0.074	0.123	0.101	0.702
0.037	0.827	0.088	0.048
0.746	0.088	0.099	0.067
0.065	0.770	0.116	0.049
0.074	0.082	0.108	0.736
0.060	0.772	0.096	0.072
>TCTCTCTCGCTC	8-TCTCTCTCGCTC	7.237267	-255.605484	0	T:1957.0(8.15%),B:1191.3(4.77%),P:1e-111	Tpos:56.4,Tstd:27.1,Bpos:47.9,Bstd:33.3,StrandBias:1.1,Multiplicity:1.03
0.058	0.109	0.129	0.704
0.062	0.780	0.070	0.088
0.053	0.084	0.112	0.751
0.053	0.809	0.077	0.061
0.059	0.106	0.118	0.717
0.047	0.816	0.082	0.055
0.055	0.071	0.104	0.770
0.057	0.785	0.066	0.092
0.063	0.116	0.601	0.220
0.061	0.785	0.087	0.067
0.064	0.095	0.088	0.753
0.060	0.732	0.106	0.102
>TGYGAGTTGCGA	9-TGYGAGTTGCGA	10.108470	-171.846249	0	T:92.0(0.38%),B:6.3(0.03%),P:1e-74	Tpos:55.7,Tstd:25.7,Bpos:62.8,Bstd:19.0,StrandBias:-0.8,Multiplicity:1.04
0.020	0.176	0.017	0.787
0.016	0.147	0.804	0.033
0.035	0.469	0.001	0.495
0.035	0.033	0.899	0.033
0.916	0.001	0.066	0.017
0.389	0.003	0.574	0.034
0.001	0.344	0.149	0.506
0.034	0.097	0.066	0.803
0.016	0.064	0.886	0.034
0.035	0.747	0.017	0.201
0.054	0.049	0.746	0.151
0.832	0.052	0.066	0.050
>TGCAGACTGCAG	10-TGCAGACTGCAG	7.382358	-157.968441	0	T:956.0(3.98%),B:536.4(2.15%),P:1e-68	Tpos:55.1,Tstd:25.7,Bpos:48.6,Bstd:30.0,StrandBias:-0.1,Multiplicity:1.05
0.092	0.108	0.072	0.728
0.065	0.123	0.758	0.054
0.050	0.784	0.067	0.099
0.751	0.086	0.064	0.099
0.037	0.069	0.877	0.017
0.422	0.211	0.224	0.144
0.010	0.740	0.198	0.052
0.115	0.063	0.073	0.749
0.059	0.120	0.758	0.063
0.011	0.841	0.072	0.076
0.694	0.104	0.095	0.107
0.039	0.051	0.897	0.013
>CGVGACTCGMGA	11-CGVGACTCGMGA	9.672045	-155.261670	0	T:208.0(0.87%),B:48.8(0.20%),P:1e-67	Tpos:57.5,Tstd:25.9,Bpos:56.3,Bstd:20.7,StrandBias:-1.4,Multiplicity:1.03
0.044	0.730	0.212	0.014
0.019	0.015	0.918	0.048
0.340	0.299	0.192	0.170
0.010	0.010	0.975	0.005
0.871	0.043	0.048	0.038
0.096	0.646	0.248	0.010
0.074	0.048	0.047	0.831
0.058	0.640	0.264	0.038
0.010	0.015	0.956	0.019
0.344	0.295	0.182	0.179
0.033	0.046	0.916	0.005
0.857	0.066	0.029	0.048
>TACTASTASTAG	12-TACTASTASTAG	7.395252	-147.175070	0	T:372.0(1.55%),B:139.6(0.56%),P:1e-63	Tpos:47.1,Tstd:24.6,Bpos:52.6,Bstd:25.5,StrandBias:-0.0,Multiplicity:1.04
0.101	0.083	0.073	0.743
0.702	0.089	0.105	0.104
0.025	0.591	0.358	0.026
0.065	0.113	0.075	0.747
0.846	0.036	0.071	0.047
0.021	0.461	0.499	0.020
0.040	0.068	0.043	0.849
0.800	0.070	0.071	0.059
0.026	0.443	0.514	0.017
0.057	0.140	0.076	0.727
0.800	0.062	0.067	0.071
0.041	0.322	0.598	0.039
>TGCCTGCCTGCC	13-TGCCTGCCTGCC	11.962488	-136.444337	0	T:106.0(0.44%),B:13.5(0.05%),P:1e-59	Tpos:53.5,Tstd:28.2,Bpos:59.2,Bstd:26.2,StrandBias:0.5,Multiplicity:1.00
0.101	0.244	0.051	0.604
0.001	0.050	0.935	0.014
0.050	0.847	0.102	0.001
0.050	0.899	0.050	0.001
0.028	0.172	0.001	0.799
0.050	0.001	0.899	0.050
0.001	0.997	0.001	0.001
0.001	0.997	0.001	0.001
0.127	0.050	0.001	0.822
0.001	0.001	0.949	0.049
0.001	0.948	0.050	0.001
0.152	0.797	0.050	0.001
>GCACAGCACAGC	14-GCACAGCACAGC	8.086513	-130.987613	0	T:605.0(2.52%),B:306.1(1.22%),P:1e-56	Tpos:56.1,Tstd:26.2,Bpos:49.4,Bstd:29.2,StrandBias:0.6,Multiplicity:1.02
0.058	0.021	0.907	0.014
0.025	0.906	0.041	0.028
0.696	0.086	0.167	0.051
0.157	0.718	0.104	0.021
0.790	0.048	0.034	0.128
0.039	0.028	0.919	0.014
0.014	0.947	0.028	0.011
0.699	0.072	0.167	0.062
0.221	0.703	0.062	0.014
0.866	0.029	0.013	0.092
0.053	0.021	0.908	0.018
0.035	0.787	0.139	0.039
>TCTGCTAGGGTT	15-TCTGCTAGGGTT	10.479396	-128.072591	0	T:71.0(0.30%),B:5.3(0.02%),P:1e-55	Tpos:56.9,Tstd:26.2,Bpos:32.6,Bstd:1.9,StrandBias:-0.1,Multiplicity:1.02
0.034	0.101	0.001	0.864
0.001	0.773	0.034	0.192
0.034	0.001	0.034	0.931
0.034	0.101	0.864	0.001
0.001	0.997	0.001	0.001
0.034	0.001	0.001	0.964
0.997	0.001	0.001	0.001
0.001	0.034	0.964	0.001
0.001	0.001	0.898	0.100
0.001	0.034	0.931	0.034
0.001	0.001	0.001	0.997
0.001	0.001	0.001	0.997
>AAAGCAAGCAAG	16-AAAGCAAGCAAG	11.611880	-123.698509	0	T:74.0(0.31%),B:6.6(0.03%),P:1e-53	Tpos:57.9,Tstd:24.3,Bpos:64.7,Bstd:21.3,StrandBias:0.8,Multiplicity:1.02
0.561	0.277	0.147	0.015
0.833	0.001	0.165	0.001
0.746	0.030	0.180	0.044
0.001	0.045	0.939	0.015
0.001	0.969	0.029	0.001
0.969	0.029	0.001	0.001
0.954	0.015	0.030	0.001
0.029	0.001	0.969	0.001
0.045	0.682	0.272	0.001
0.521	0.301	0.163	0.015
0.818	0.045	0.136	0.001
0.170	0.001	0.828	0.001
>TAGCTAGCTAGY	17-TAGCTAGCTAGY	8.869985	-113.467821	0	T:227.0(0.95%),B:73.3(0.29%),P:1e-49	Tpos:56.0,Tstd:26.6,Bpos:49.9,Bstd:30.5,StrandBias:-0.2,Multiplicity:1.02
0.153	0.131	0.277	0.439
0.643	0.076	0.162	0.119
0.045	0.082	0.782	0.091
0.042	0.853	0.067	0.038
0.087	0.101	0.127	0.685
0.707	0.067	0.113	0.113
0.031	0.043	0.872	0.054
0.061	0.806	0.070	0.063
0.124	0.115	0.105	0.656
0.475	0.127	0.259	0.139
0.057	0.261	0.565	0.117
0.133	0.404	0.126	0.337
>ATCATCAATCAT	18-ATCATCAATCAT	10.296214	-87.097797	0	T:46.0(0.19%),B:3.6(0.01%),P:1e-37	Tpos:53.4,Tstd:25.0,Bpos:58.4,Bstd:15.9,StrandBias:1.1,Multiplicity:1.03
0.731	0.113	0.095	0.061
0.025	0.084	0.071	0.820
0.048	0.892	0.036	0.024
0.891	0.025	0.012	0.072
0.012	0.071	0.072	0.845
0.037	0.878	0.037	0.048
0.867	0.061	0.048	0.024
0.725	0.095	0.061	0.119
0.024	0.107	0.084	0.785
0.012	0.904	0.060	0.024
0.902	0.025	0.036	0.037
0.096	0.049	0.071	0.784
>AGATTTTTCTAC	19-AGATTTTTCTAC	10.244288	-82.249263	0	T:64.0(0.27%),B:8.6(0.03%),P:1e-35	Tpos:34.4,Tstd:25.0,Bpos:66.5,Bstd:10.4,StrandBias:0.5,Multiplicity:1.02
0.727	0.041	0.140	0.092
0.061	0.030	0.838	0.071
0.849	0.071	0.060	0.020
0.059	0.001	0.061	0.879
0.071	0.020	0.020	0.889
0.030	0.061	0.020	0.889
0.020	0.051	0.020	0.909
0.011	0.030	0.061	0.898
0.030	0.909	0.060	0.001
0.040	0.099	0.040	0.821
0.650	0.082	0.111	0.157
0.061	0.766	0.081	0.092
>CTTCACTCCACT	20-CTTCACTCCACT	10.200321	-76.698623	0	T:76.0(0.32%),B:13.4(0.05%),P:1e-33	Tpos:62.0,Tstd:26.9,Bpos:57.8,Bstd:25.5,StrandBias:1.3,Multiplicity:1.00
0.064	0.751	0.096	0.089
0.111	0.045	0.094	0.750
0.096	0.120	0.067	0.717
0.021	0.851	0.053	0.075
0.872	0.001	0.063	0.064
0.075	0.840	0.063	0.022
0.032	0.021	0.063	0.884
0.043	0.832	0.054	0.071
0.053	0.861	0.043	0.043
0.868	0.032	0.057	0.043
0.053	0.893	0.033	0.021
0.043	0.051	0.032	0.874
>TTCCTTATCCTC	21-TTCCTTATCCTC	10.625521	-72.754300	0	T:91.0(0.38%),B:20.7(0.08%),P:1e-31	Tpos:50.5,Tstd:23.3,Bpos:34.9,Bstd:19.7,StrandBias:1.6,Multiplicity:1.00
0.130	0.068	0.114	0.688
0.022	0.059	0.073	0.846
0.015	0.875	0.051	0.059
0.023	0.889	0.051	0.037
0.059	0.044	0.015	0.882
0.023	0.118	0.037	0.822
0.803	0.058	0.073	0.066
0.022	0.044	0.037	0.897
0.015	0.883	0.043	0.059
0.088	0.752	0.045	0.115
0.037	0.061	0.080	0.822
0.029	0.860	0.059	0.052
>CMGGAAACCCTA	22-CMGGAAACCCTA	9.718886	-69.682800	0	T:61.0(0.25%),B:9.7(0.04%),P:1e-30	Tpos:54.5,Tstd:26.1,Bpos:10.0,Bstd:0.0,StrandBias:0.4,Multiplicity:1.00
0.126	0.551	0.211	0.112
0.278	0.412	0.165	0.145
0.159	0.272	0.463	0.107
0.195	0.144	0.579	0.082
0.757	0.089	0.119	0.035
0.741	0.090	0.078	0.091
0.749	0.046	0.143	0.062
0.044	0.842	0.008	0.106
0.007	0.833	0.085	0.075
0.122	0.735	0.099	0.044
0.162	0.147	0.109	0.582
0.565	0.221	0.113	0.101
>CCGCAACCGCAG	23-CCGCAACCGCAG	10.725984	-61.811141	0	T:86.0(0.36%),B:21.1(0.08%),P:1e-26	Tpos:53.4,Tstd:27.9,Bpos:39.6,Bstd:19.5,StrandBias:0.9,Multiplicity:1.00
0.062	0.794	0.086	0.058
0.154	0.752	0.041	0.053
0.047	0.029	0.906	0.018
0.042	0.893	0.035	0.030
0.838	0.068	0.047	0.047
0.658	0.053	0.152	0.137
0.012	0.935	0.029	0.024
0.085	0.789	0.079	0.047
0.036	0.053	0.893	0.018
0.024	0.894	0.047	0.035
0.842	0.064	0.035	0.059
0.059	0.024	0.821	0.096
>CTCTAGTCTCTA	24-CTCTAGTCTCTA	10.029919	-60.894543	0	T:67.0(0.28%),B:13.2(0.05%),P:1e-26	Tpos:49.1,Tstd:26.8,Bpos:41.7,Bstd:16.9,StrandBias:0.2,Multiplicity:1.02
0.025	0.825	0.099	0.051
0.025	0.025	0.098	0.852
0.034	0.905	0.018	0.043
0.034	0.034	0.034	0.898
0.843	0.034	0.089	0.034
0.059	0.077	0.838	0.026
0.124	0.034	0.119	0.723
0.017	0.873	0.059	0.051
0.018	0.025	0.115	0.842
0.034	0.856	0.042	0.068
0.017	0.093	0.051	0.839
0.728	0.068	0.179	0.025
>TGGCACTTGCAG	25-TGGCACTTGCAG	10.409522	-43.893718	0	T:36.0(0.15%),B:5.2(0.02%),P:1e-19	Tpos:47.6,Tstd:25.8,Bpos:32.5,Bstd:10.7,StrandBias:0.1,Multiplicity:1.03
0.100	0.100	0.100	0.700
0.100	0.100	0.700	0.100
0.100	0.100	0.700	0.100
0.100	0.700	0.100	0.100
0.700	0.100	0.100	0.100
0.100	0.700	0.100	0.100
0.100	0.100	0.100	0.700
0.100	0.100	0.100	0.700
0.100	0.100	0.700	0.100
0.100	0.700	0.100	0.100
0.700	0.100	0.100	0.100
0.100	0.100	0.700	0.100
>TATATA	1-TATATA	5.224522	-1203.953022	0	T:4202.0(17.50%),B:1944.6(7.78%),P:1e-522	Tpos:31.8,Tstd:12.5,Bpos:50.2,Bstd:38.9,StrandBias:-0.3,Multiplicity:1.16
0.001	0.028	0.001	0.970
0.592	0.001	0.031	0.376
0.082	0.001	0.001	0.916
0.997	0.001	0.001	0.001
0.001	0.001	0.029	0.969
0.997	0.001	0.001	0.001
>CMCACC	2-CMCACC	5.315350	-698.618144	0	T:12477.0(51.96%),B:10004.4(40.04%),P:1e-303	Tpos:53.4,Tstd:27.6,Bpos:50.0,Bstd:31.5,StrandBias:2.0,Multiplicity:1.55
0.001	0.997	0.001	0.001
0.431	0.567	0.001	0.001
0.408	0.590	0.001	0.001
0.713	0.001	0.001	0.285
0.001	0.997	0.001	0.001
0.001	0.997	0.001	0.001
>CRCCGC	3-CRCCGC	5.146849	-608.264394	0	T:13875.0(57.78%),B:11638.6(46.58%),P:1e-264	Tpos:55.9,Tstd:28.4,Bpos:49.9,Bstd:31.2,StrandBias:1.0,Multiplicity:1.61
0.001	0.997	0.001	0.001
0.438	0.124	0.438	0.001
0.001	0.669	0.124	0.206
0.331	0.667	0.001	0.001
0.235	0.001	0.763	0.001
0.001	0.997	0.001	0.001
>CGTYTC	4-CGTYTC	4.574414	-522.019914	0	T:10412.0(43.36%),B:8336.1(33.36%),P:1e-226	Tpos:53.2,Tstd:27.9,Bpos:50.1,Bstd:31.4,StrandBias:1.2,Multiplicity:1.24
0.001	0.997	0.001	0.001
0.227	0.001	0.767	0.005
0.001	0.174	0.001	0.824
0.179	0.367	0.001	0.453
0.001	0.001	0.001	0.997
0.001	0.997	0.001	0.001
>TCTCTY	5-TCTCTY	4.604098	-501.423624	0	T:10562.0(43.98%),B:8532.2(34.15%),P:1e-217	Tpos:55.3,Tstd:27.2,Bpos:49.8,Bstd:33.1,StrandBias:1.2,Multiplicity:1.36
0.057	0.253	0.001	0.689
0.001	0.746	0.252	0.001
0.164	0.078	0.210	0.548
0.001	0.844	0.122	0.033
0.085	0.101	0.193	0.621
0.001	0.552	0.001	0.446
>CCCGTC	6-CCCGTC	4.418795	-406.602027	0	T:9052.0(37.69%),B:7287.2(29.17%),P:1e-176	Tpos:52.8,Tstd:27.8,Bpos:50.4,Bstd:31.2,StrandBias:1.4,Multiplicity:1.31
0.001	0.897	0.001	0.101
0.001	0.997	0.001	0.001
0.254	0.744	0.001	0.001
0.001	0.001	0.997	0.001
0.001	0.201	0.001	0.797
0.001	0.997	0.001	0.001
>TCGATT	7-TCGATT	1.391974	-338.892910	0	T:6424.0(26.75%),B:4955.4(19.83%),P:1e-147	Tpos:51.5,Tstd:28.0,Bpos:50.5,Bstd:30.5,StrandBias:0.3,Multiplicity:1.08
0.001	0.001	0.001	0.997
0.001	0.997	0.001	0.001
0.001	0.001	0.997	0.001
0.888	0.014	0.001	0.097
0.001	0.071	0.001	0.927
0.001	0.001	0.001	0.997
>MAAATC	8-MAAATC	4.992561	-304.020429	0	T:5451.0(22.70%),B:4138.8(16.56%),P:1e-132	Tpos:47.4,Tstd:26.8,Bpos:49.9,Bstd:33.3,StrandBias:1.3,Multiplicity:1.11
0.448	0.550	0.001	0.001
0.847	0.001	0.001	0.151
0.997	0.001	0.001	0.001
0.704	0.157	0.001	0.138
0.001	0.191	0.147	0.661
0.001	0.707	0.154	0.138
>AACCCT	9-AACCCT	6.177716	-297.227323	0	T:1833.0(7.63%),B:1040.7(4.17%),P:1e-129	Tpos:53.7,Tstd:27.1,Bpos:50.6,Bstd:32.3,StrandBias:1.0,Multiplicity:1.06
0.700	0.100	0.100	0.100
0.700	0.100	0.100	0.100
0.100	0.700	0.100	0.100
0.100	0.700	0.100	0.100
0.100	0.700	0.100	0.100
0.100	0.100	0.100	0.700
>CACACA	10-CACACA	4.750559	-240.343697	0	T:4761.0(19.83%),B:3659.7(14.65%),P:1e-104	Tpos:53.8,Tstd:27.4,Bpos:50.4,Bstd:30.1,StrandBias:1.4,Multiplicity:1.13
0.001	0.997	0.001	0.001
0.846	0.001	0.001	0.152
0.001	0.997	0.001	0.001
0.810	0.001	0.188	0.001
0.001	0.997	0.001	0.001
0.997	0.001	0.001	0.001
>GGAAKG	11-GGAAKG	7.451771	-232.371057	0	T:3866.0(16.10%),B:2866.7(11.47%),P:1e-100	Tpos:54.4,Tstd:27.4,Bpos:50.2,Bstd:32.7,StrandBias:-1.7,Multiplicity:1.11
0.001	0.001	0.997	0.001
0.001	0.001	0.997	0.001
0.997	0.001	0.001	0.001
0.997	0.001	0.001	0.001
0.001	0.001	0.427	0.571
0.001	0.001	0.997	0.001
>ACSGCA	12-ACSGCA	0.905334	-222.693846	0	T:9142.0(38.07%),B:7917.5(31.69%),P:1e-96	Tpos:53.3,Tstd:28.4,Bpos:50.1,Bstd:31.2,StrandBias:0.2,Multiplicity:1.23
0.611	0.001	0.387	0.001
0.001	0.997	0.001	0.001
0.215	0.340	0.443	0.001
0.001	0.001	0.997	0.001
0.001	0.997	0.001	0.001
0.997	0.001	0.001	0.001
>GCCTGC	13-GCCTGC	5.143536	-214.441306	0	T:5012.0(20.87%),B:3959.8(15.85%),P:1e-93	Tpos:51.9,Tstd:27.6,Bpos:49.8,Bstd:30.4,StrandBias:-0.1,Multiplicity:1.17
0.001	0.001	0.997	0.001
0.212	0.786	0.001	0.001
0.001	0.997	0.001	0.001
0.001	0.001	0.001	0.997
0.064	0.001	0.934	0.001
0.001	0.839	0.001	0.159
>CTTATC	14-CTTATC	7.594975	-164.053752	0	T:1073.0(4.47%),B:618.2(2.47%),P:1e-71	Tpos:44.2,Tstd:25.3,Bpos:49.2,Bstd:32.9,StrandBias:1.3,Multiplicity:1.04
0.042	0.847	0.001	0.110
0.003	0.103	0.001	0.893
0.001	0.001	0.001	0.997
0.893	0.001	0.001	0.105
0.109	0.040	0.001	0.850
0.006	0.848	0.040	0.106
>CCGTTC	15-CCGTTC	5.757038	-147.747693	0	T:4775.0(19.88%),B:3938.6(15.76%),P:1e-64	Tpos:52.4,Tstd:28.0,Bpos:50.4,Bstd:30.9,StrandBias:0.9,Multiplicity:1.10
0.001	0.997	0.001	0.001
0.131	0.867	0.001	0.001
0.001	0.001	0.803	0.195
0.257	0.001	0.001	0.741
0.001	0.001	0.001	0.997
0.001	0.997	0.001	0.001
>CTACTA	16-CTACTA	7.258023	-132.178114	0	T:1230.0(5.12%),B:788.1(3.15%),P:1e-57	Tpos:46.0,Tstd:26.1,Bpos:50.4,Bstd:30.4,StrandBias:0.2,Multiplicity:1.21
0.001	0.911	0.087	0.001
0.001	0.001	0.001	0.997
0.997	0.001	0.001	0.001
0.001	0.613	0.385	0.001
0.001	0.001	0.001	0.997
0.997	0.001	0.001	0.001
>TAWTAA	17-TAWTAA	6.709541	-130.040059	0	T:1789.0(7.45%),B:1262.5(5.05%),P:1e-56	Tpos:35.0,Tstd:20.9,Bpos:49.8,Bstd:37.4,StrandBias:-0.0,Multiplicity:1.09
0.001	0.001	0.001	0.997
0.622	0.001	0.001	0.376
0.459	0.001	0.001	0.539
0.001	0.001	0.001	0.997
0.997	0.001	0.001	0.001
0.997	0.001	0.001	0.001
>AARCAA	18-AARCAA	5.573179	-113.880879	0	T:3713.0(15.46%),B:3051.3(12.21%),P:1e-49	Tpos:50.0,Tstd:27.7,Bpos:49.6,Bstd:33.6,StrandBias:0.6,Multiplicity:1.15
0.997	0.001	0.001	0.001
0.881	0.117	0.001	0.001
0.442	0.001	0.556	0.001
0.001	0.997	0.001	0.001
0.997	0.001	0.001	0.001
0.997	0.001	0.001	0.001
>TACAAA	19-TACAAA	7.144380	-41.039993	0	T:1270.0(5.29%),B:1030.1(4.12%),P:1e-17	Tpos:37.9,Tstd:22.3,Bpos:49.7,Bstd:33.6,StrandBias:0.9,Multiplicity:1.06
0.001	0.001	0.001	0.997
0.997	0.001	0.001	0.001
0.001	0.997	0.001	0.001
0.997	0.001	0.001	0.001
0.684	0.001	0.001	0.314
0.997	0.001	0.001	0.001
>CTAGCT	20-CTAGCT	6.177716	-26.153140	0	T:1371.0(5.71%),B:1186.0(4.75%),P:1e-11	Tpos:54.9,Tstd:28.1,Bpos:51.3,Bstd:31.2,StrandBias:0.0,Multiplicity:1.27
0.100	0.700	0.100	0.100
0.100	0.100	0.100	0.700
0.700	0.100	0.100	0.100
0.100	0.100	0.700	0.100
0.100	0.700	0.100	0.100
0.100	0.100	0.100	0.700
>SCTATATA	1-SCTATATA	4.627771	-1252.676096	0	T:3761.0(15.66%),B:1604.1(6.42%),P:1e-544	Tpos:31.9,Tstd:11.8,Bpos:50.7,Bstd:37.4,StrandBias:0.0,Multiplicity:1.04
0.016	0.534	0.387	0.063
0.135	0.524	0.107	0.234
0.001	0.001	0.001	0.997
0.648	0.001	0.001	0.350
0.012	0.001	0.001	0.986
0.997	0.001	0.001	0.001
0.294	0.001	0.001	0.704
0.997	0.001	0.001	0.001
>GGARGSGR	2-GGARGSGR	4.955875	-1039.521019	0	T:13735.0(57.19%),B:10636.5(42.57%),P:1e-451	Tpos:56.1,Tstd:27.2,Bpos:50.4,Bstd:32.1,StrandBias:-1.4,Multiplicity:1.44
0.235	0.263	0.501	0.001
0.043	0.050	0.906	0.001
0.588	0.158	0.217	0.037
0.454	0.119	0.307	0.121
0.256	0.001	0.634	0.109
0.001	0.573	0.425	0.001
0.133	0.001	0.865	0.001
0.499	0.001	0.499	0.001
>CCMMYCCC	3-CCMMYCCC	5.189962	-823.280785	0	T:9472.0(39.44%),B:6836.4(27.36%),P:1e-357	Tpos:54.6,Tstd:26.6,Bpos:50.3,Bstd:31.0,StrandBias:2.2,Multiplicity:1.41
0.001	0.941	0.001	0.057
0.304	0.631	0.028	0.037
0.430	0.535	0.034	0.001
0.366	0.439	0.023	0.172
0.245	0.411	0.001	0.343
0.207	0.568	0.075	0.150
0.169	0.829	0.001	0.001
0.262	0.697	0.040	0.001
>TCTCTCTC	4-TCTCTCTC	4.887352	-544.741411	0	T:8514.0(35.45%),B:6457.9(25.85%),P:1e-236	Tpos:56.1,Tstd:26.8,Bpos:50.2,Bstd:33.7,StrandBias:1.5,Multiplicity:1.28
0.065	0.154	0.083	0.698
0.071	0.776	0.066	0.087
0.130	0.164	0.107	0.599
0.044	0.842	0.071	0.043
0.103	0.069	0.080	0.748
0.028	0.872	0.029	0.071
0.105	0.086	0.128	0.681
0.051	0.785	0.025	0.139
>TCCAGTCC	5-TCCAGTCC	6.714342	-442.983143	0	T:2021.0(8.42%),B:1026.5(4.11%),P:1e-192	Tpos:52.5,Tstd:28.1,Bpos:49.9,Bstd:31.0,StrandBias:1.4,Multiplicity:1.05
0.001	0.222	0.001	0.776
0.001	0.997	0.001	0.001
0.001	0.997	0.001	0.001
0.825	0.001	0.106	0.068
0.001	0.178	0.820	0.001
0.001	0.001	0.001	0.997
0.001	0.921	0.001	0.077
0.001	0.941	0.001	0.057
>AAACCCTA	6-AAACCCTA	7.856536	-434.973030	0	T:1307.0(5.44%),B:541.6(2.17%),P:1e-188	Tpos:53.9,Tstd:26.1,Bpos:51.2,Bstd:32.0,StrandBias:1.1,Multiplicity:1.04
0.926	0.001	0.072	0.001
0.997	0.001	0.001	0.001
0.997	0.001	0.001	0.001
0.001	0.997	0.001	0.001
0.001	0.997	0.001	0.001
0.001	0.997	0.001	0.001
0.054	0.001	0.001	0.944
0.800	0.073	0.001	0.126
>CTCGTCTC	7-CTCGTCTC	6.526013	-427.421227	0	T:2728.0(11.36%),B:1578.1(6.32%),P:1e-185	Tpos:54.9,Tstd:26.7,Bpos:49.4,Bstd:31.7,StrandBias:1.2,Multiplicity:1.04
0.038	0.884	0.051	0.027
0.070	0.027	0.001	0.902
0.089	0.899	0.001	0.011
0.147	0.036	0.816	0.001
0.064	0.020	0.049	0.867
0.011	0.987	0.001	0.001
0.121	0.062	0.001	0.816
0.011	0.852	0.001	0.136
>CACCGCAC	8-CACCGCAC	5.246415	-412.140953	0	T:4758.0(19.81%),B:3295.4(13.19%),P:1e-178	Tpos:54.2,Tstd:27.2,Bpos:50.1,Bstd:30.3,StrandBias:1.4,Multiplicity:1.14
0.001	0.983	0.001	0.015
0.928	0.001	0.025	0.046
0.001	0.990	0.001	0.008
0.128	0.694	0.101	0.077
0.056	0.001	0.882	0.061
0.001	0.997	0.001	0.001
0.799	0.074	0.035	0.092
0.077	0.900	0.022	0.001
>AATAAAAA	9-AATAAAAA	4.671419	-336.699647	0	T:5739.0(23.90%),B:4327.7(17.32%),P:1e-146	Tpos:41.2,Tstd:24.8,Bpos:50.8,Bstd:35.9,StrandBias:0.4,Multiplicity:1.20
0.687	0.143	0.098	0.072
0.810	0.033	0.079	0.078
0.142	0.095	0.105	0.658
0.746	0.086	0.091	0.077
0.808	0.051	0.073	0.068
0.775	0.045	0.055	0.125
0.724	0.040	0.100	0.136
0.791	0.120	0.037	0.052
>ACACACAC	10-ACACACAC	5.336413	-284.609424	0	T:2811.0(11.71%),B:1847.5(7.39%),P:1e-123	Tpos:52.3,Tstd:26.5,Bpos:50.5,Bstd:29.0,StrandBias:1.5,Multiplicity:1.12
0.754	0.081	0.057	0.108
0.097	0.705	0.109	0.089
0.714	0.075	0.160	0.051
0.161	0.767	0.071	0.001
0.871	0.016	0.112	0.001
0.121	0.613	0.144	0.122
0.790	0.083	0.121	0.006
0.123	0.791	0.085	0.001
>CCGCAGCC	11-CCGCAGCC	6.485850	-202.901129	0	T:2674.0(11.13%),B:1878.7(7.52%),P:1e-88	Tpos:53.9,Tstd:27.6,Bpos:49.8,Bstd:31.8,StrandBias:1.1,Multiplicity:1.07
0.029	0.917	0.001	0.053
0.036	0.962	0.001	0.001
0.047	0.052	0.900	0.001
0.024	0.958	0.001	0.017
0.961	0.001	0.037	0.001
0.099	0.057	0.843	0.001
0.020	0.889	0.018	0.073
0.074	0.812	0.019	0.095
>GGTTKGGT	12-GGTTKGGT	8.245910	-200.824211	0	T:618.0(2.57%),B:258.6(1.03%),P:1e-87	Tpos:52.0,Tstd:27.5,Bpos:49.3,Bstd:27.3,StrandBias:-2.2,Multiplicity:1.04
0.001	0.001	0.997	0.001
0.001	0.001	0.741	0.257
0.001	0.001	0.252	0.746
0.001	0.001	0.257	0.741
0.001	0.001	0.549	0.449
0.001	0.001	0.997	0.001
0.001	0.001	0.737	0.261
0.001	0.001	0.001	0.997
>ATAAATAG	13-ATAAATAG	7.747974	-178.047491	0	T:992.0(4.13%),B:541.0(2.17%),P:1e-77	Tpos:31.1,Tstd:16.1,Bpos:71.1,Bstd:21.5,StrandBias:-0.4,Multiplicity:1.00
0.944	0.001	0.054	0.001
0.001	0.001	0.001	0.997
0.823	0.001	0.001	0.175
0.944	0.001	0.001	0.054
0.997	0.001	0.001	0.001
0.304	0.001	0.055	0.640
0.997	0.001	0.001	0.001
0.304	0.001	0.535	0.160
>CTACTAGT	14-CTACTAGT	6.154161	-171.443836	0	T:919.0(3.83%),B:493.2(1.97%),P:1e-74	Tpos:45.5,Tstd:25.2,Bpos:51.0,Bstd:29.5,StrandBias:0.1,Multiplicity:1.04
0.084	0.652	0.188	0.076
0.042	0.047	0.065	0.846
0.799	0.029	0.131	0.041
0.019	0.605	0.278	0.098
0.067	0.058	0.049	0.826
0.828	0.045	0.020	0.107
0.148	0.131	0.697	0.024
0.081	0.136	0.033	0.750
>CCCACCGC	15-CCCACCGC	9.951527	-165.407616	0	T:875.0(3.64%),B:467.2(1.87%),P:1e-71	Tpos:49.6,Tstd:28.2,Bpos:52.4,Bstd:35.3,StrandBias:1.2,Multiplicity:1.02
0.001	0.997	0.001	0.001
0.001	0.997	0.001	0.001
0.001	0.997	0.001	0.001
0.671	0.001	0.327	0.001
0.001	0.997	0.001	0.001
0.001	0.997	0.001	0.001
0.001	0.001	0.997	0.001
0.001	0.997	0.001	0.001
>CGTCCGTC	16-CGTCCGTC	6.818485	-164.451629	0	T:1028.0(4.28%),B:583.6(2.34%),P:1e-71	Tpos:52.9,Tstd:27.9,Bpos:46.3,Bstd:27.8,StrandBias:0.9,Multiplicity:1.04
0.052	0.858	0.001	0.089
0.066	0.090	0.692	0.152
0.001	0.144	0.221	0.634
0.001	0.953	0.001	0.045
0.387	0.566	0.001	0.046
0.061	0.031	0.794	0.114
0.001	0.052	0.096	0.851
0.037	0.655	0.053	0.255
>GCAGGCAG	17-GCAGGCAG	7.387044	-160.153661	0	T:1201.0(5.00%),B:723.6(2.90%),P:1e-69	Tpos:54.4,Tstd:26.8,Bpos:49.0,Bstd:30.9,StrandBias:-0.1,Multiplicity:1.12
0.051	0.001	0.816	0.132
0.057	0.917	0.001	0.025
0.792	0.046	0.052	0.110
0.376	0.071	0.552	0.001
0.088	0.026	0.670	0.216
0.057	0.821	0.026	0.096
0.718	0.039	0.001	0.242
0.280	0.001	0.718	0.001
>GCAACGCA	18-GCAACGCA	6.938377	-156.685271	0	T:1249.0(5.20%),B:766.8(3.07%),P:1e-68	Tpos:55.1,Tstd:27.4,Bpos:49.4,Bstd:31.1,StrandBias:0.4,Multiplicity:1.08
0.013	0.064	0.886	0.037
0.001	0.884	0.024	0.091
0.997	0.001	0.001	0.001
0.710	0.017	0.239	0.034
0.099	0.823	0.032	0.046
0.001	0.035	0.952	0.012
0.031	0.967	0.001	0.001
0.925	0.001	0.073	0.001
>CATCCATC	19-CATCCATC	8.437620	-145.150042	0	T:553.0(2.30%),B:257.2(1.03%),P:1e-63	Tpos:53.1,Tstd:28.1,Bpos:48.7,Bstd:23.8,StrandBias:2.2,Multiplicity:1.06
0.001	0.997	0.001	0.001
0.997	0.001	0.001	0.001
0.001	0.001	0.001	0.997
0.001	0.997	0.001	0.001
0.001	0.897	0.001	0.101
0.802	0.001	0.196	0.001
0.001	0.115	0.001	0.883
0.001	0.997	0.001	0.001
>ATTCGCTT	20-ATTCGCTT	6.918304	-133.690509	0	T:678.0(2.82%),B:356.7(1.43%),P:1e-58	Tpos:51.9,Tstd:27.1,Bpos:49.2,Bstd:27.5,StrandBias:-0.3,Multiplicity:1.01
0.745	0.088	0.149	0.018
0.026	0.045	0.001	0.928
0.001	0.039	0.001	0.959
0.001	0.997	0.001	0.001
0.038	0.001	0.960	0.001
0.252	0.722	0.001	0.025
0.040	0.030	0.067	0.863
0.019	0.039	0.045	0.897
>CACTCGCA	21-CACTCGCA	8.472938	-119.636459	0	T:292.0(1.22%),B:107.7(0.43%),P:1e-51	Tpos:53.4,Tstd:25.9,Bpos:46.2,Bstd:26.5,StrandBias:1.4,Multiplicity:1.00
0.354	0.644	0.001	0.001
0.997	0.001	0.001	0.001
0.001	0.862	0.001	0.136
0.001	0.001	0.001	0.997
0.001	0.997	0.001	0.001
0.001	0.001	0.997	0.001
0.001	0.846	0.001	0.152
0.997	0.001	0.001	0.001
>GAGTGGCG	22-GAGTGGCG	7.478357	-109.003731	0	T:737.0(3.07%),B:429.7(1.72%),P:1e-47	Tpos:54.1,Tstd:28.1,Bpos:50.8,Bstd:32.3,StrandBias:-1.1,Multiplicity:1.00
0.001	0.001	0.997	0.001
0.997	0.001	0.001	0.001
0.001	0.001	0.997	0.001
0.001	0.001	0.001	0.997
0.001	0.001	0.997	0.001
0.001	0.001	0.997	0.001
0.187	0.811	0.001	0.001
0.001	0.147	0.851	0.001
>TAGCTAGC	23-TAGCTAGC	8.102691	-97.713740	0	T:470.0(1.96%),B:242.4(0.97%),P:1e-42	Tpos:53.9,Tstd:27.7,Bpos:54.8,Bstd:29.9,StrandBias:-0.1,Multiplicity:1.16
0.001	0.001	0.001	0.997
0.997	0.001	0.001	0.001
0.001	0.001	0.997	0.001
0.001	0.997	0.001	0.001
0.067	0.001	0.001	0.931
0.997	0.001	0.001	0.001
0.001	0.001	0.997	0.001
0.066	0.766	0.001	0.167
>TATTTAAC	24-TATTTAAC	9.368331	-80.054251	0	T:173.0(0.72%),B:59.6(0.24%),P:1e-34	Tpos:34.8,Tstd:15.7,Bpos:45.9,Bstd:33.5,StrandBias:1.0,Multiplicity:1.00
0.001	0.001	0.001	0.997
0.757	0.241	0.001	0.001
0.001	0.001	0.001	0.997
0.001	0.001	0.001	0.997
0.001	0.001	0.001	0.997
0.997	0.001	0.001	0.001
0.997	0.001	0.001	0.001
0.001	0.755	0.243	0.001
>CCCGTTTC	25-CCCGTTTC	10.044889	-51.772769	0	T:246.0(1.02%),B:127.7(0.51%),P:1e-22	Tpos:48.9,Tstd:28.1,Bpos:51.9,Bstd:9.2,StrandBias:1.4,Multiplicity:1.00
0.001	0.997	0.001	0.001
0.001	0.639	0.001	0.359
0.001	0.997	0.001	0.001
0.001	0.001	0.997	0.001
0.001	0.001	0.001	0.997
0.001	0.001	0.001	0.997
0.001	0.001	0.001	0.997
0.001	0.997	0.001	0.001
