>TATATADASS	1-TATATADASS	5.404517	-1403.131275	0	T:3810.0(15.87%),B:1538.7(6.16%),P:1e-609	Tpos:31.8,Tstd:11.6,Bpos:50.7,Bstd:36.8,StrandBias:-0.1,Multiplicity:1.56
0.066	0.038	0.087	0.809
0.665	0.038	0.027	0.270
0.065	0.021	0.051	0.863
0.811	0.021	0.021	0.147
0.289	0.014	0.068	0.629
0.860	0.026	0.076	0.038
0.235	0.145	0.248	0.372
0.455	0.172	0.233	0.140
0.222	0.267	0.392	0.119
0.211	0.271	0.404	0.113
>CCYCCCYTCC	2-CCYCCCYTCC	5.886155	-1275.966875	0	T:9441.0(39.31%),B:6130.2(24.55%),P:1e-554	Tpos:55.9,Tstd:26.2,Bpos:50.8,Bstd:32.9,StrandBias:2.1,Multiplicity:1.43
0.001	0.587	0.005	0.407
0.159	0.561	0.001	0.279
0.161	0.483	0.001	0.354
0.001	0.738	0.023	0.238
0.005	0.765	0.220	0.010
0.252	0.436	0.146	0.167
0.165	0.392	0.135	0.308
0.113	0.357	0.011	0.519
0.001	0.805	0.001	0.193
0.001	0.997	0.001	0.001
>CTCTCGTCTC	3-CTCTCGTCTC	4.717335	-889.922939	0	T:11014.0(45.86%),B:8184.0(32.78%),P:1e-386	Tpos:56.1,Tstd:26.4,Bpos:50.7,Bstd:31.5,StrandBias:1.3,Multiplicity:1.30
0.075	0.676	0.125	0.124
0.109	0.137	0.109	0.645
0.050	0.745	0.088	0.117
0.084	0.134	0.115	0.667
0.058	0.779	0.083	0.080
0.104	0.178	0.589	0.129
0.114	0.134	0.101	0.651
0.051	0.761	0.080	0.108
0.096	0.084	0.098	0.722
0.043	0.764	0.080	0.113
>MMMMCMMMCC	4-MMMMCMMMCC	4.367622	-840.868484	0	T:8372.0(34.86%),B:5787.9(23.18%),P:1e-365	Tpos:53.4,Tstd:26.1,Bpos:49.6,Bstd:30.0,StrandBias:2.1,Multiplicity:1.20
0.414	0.505	0.044	0.037
0.520	0.378	0.058	0.044
0.463	0.448	0.045	0.045
0.413	0.462	0.063	0.062
0.288	0.589	0.066	0.057
0.449	0.460	0.048	0.043
0.465	0.453	0.046	0.037
0.427	0.489	0.046	0.039
0.369	0.529	0.061	0.041
0.325	0.554	0.076	0.045
>CCAATTCCCA	5-CCAATTCCCA	6.651673	-612.393653	0	T:2370.0(9.87%),B:1124.9(4.51%),P:1e-265	Tpos:53.0,Tstd:27.1,Bpos:49.0,Bstd:30.8,StrandBias:1.8,Multiplicity:1.06
0.007	0.778	0.066	0.149
0.260	0.738	0.001	0.001
0.578	0.322	0.099	0.001
0.553	0.133	0.098	0.216
0.249	0.074	0.154	0.523
0.001	0.309	0.144	0.546
0.001	0.759	0.116	0.124
0.003	0.880	0.104	0.013
0.390	0.561	0.048	0.001
0.571	0.253	0.057	0.119
>CCGCCGCCGC	6-CCGCCGCCGC	4.269100	-484.384868	0	T:6224.0(25.92%),B:4460.9(17.87%),P:1e-210	Tpos:58.4,Tstd:26.8,Bpos:49.5,Bstd:31.5,StrandBias:1.1,Multiplicity:1.14
0.159	0.806	0.001	0.034
0.285	0.604	0.052	0.059
0.144	0.040	0.815	0.001
0.001	0.997	0.001	0.001
0.110	0.867	0.001	0.022
0.001	0.001	0.997	0.001
0.001	0.997	0.001	0.001
0.273	0.554	0.001	0.172
0.320	0.001	0.595	0.084
0.001	0.997	0.001	0.001
>SKAGGGTTTG	7-SKAGGGTTTG	8.604111	-474.259823	0	T:724.0(3.01%),B:187.4(0.75%),P:1e-205	Tpos:54.2,Tstd:25.9,Bpos:44.7,Bstd:32.1,StrandBias:-0.9,Multiplicity:1.01
0.033	0.404	0.429	0.133
0.159	0.014	0.369	0.459
0.924	0.005	0.030	0.041
0.084	0.010	0.859	0.047
0.038	0.035	0.889	0.038
0.078	0.031	0.850	0.041
0.046	0.043	0.040	0.871
0.006	0.010	0.024	0.960
0.014	0.124	0.034	0.828
0.195	0.068	0.643	0.094
>TCTCTCTCTC	8-TCTCTCTCTC	6.656573	-444.948388	0	T:3032.0(12.63%),B:1795.5(7.19%),P:1e-193	Tpos:58.0,Tstd:25.9,Bpos:50.4,Bstd:32.6,StrandBias:1.3,Multiplicity:1.06
0.046	0.129	0.101	0.724
0.045	0.834	0.072	0.049
0.066	0.069	0.098	0.767
0.041	0.851	0.060	0.048
0.042	0.071	0.061	0.826
0.033	0.868	0.067	0.032
0.085	0.077	0.108	0.730
0.051	0.824	0.039	0.086
0.063	0.043	0.101	0.793
0.043	0.786	0.052	0.119
>CACACGCACA	9-CACACGCACA	6.023502	-341.254742	0	T:2871.0(11.96%),B:1807.2(7.24%),P:1e-148	Tpos:54.7,Tstd:26.9,Bpos:51.1,Bstd:30.9,StrandBias:1.2,Multiplicity:1.08
0.059	0.861	0.064	0.016
0.703	0.071	0.185	0.041
0.069	0.733	0.193	0.005
0.643	0.041	0.164	0.152
0.052	0.713	0.199	0.036
0.259	0.038	0.467	0.236
0.010	0.888	0.095	0.007
0.602	0.091	0.216	0.091
0.061	0.885	0.036	0.018
0.836	0.058	0.070	0.036
>CCTTATCCYC	10-CCTTATCCYC	10.408764	-285.798836	0	T:266.0(1.11%),B:41.6(0.17%),P:1e-124	Tpos:45.8,Tstd:23.8,Bpos:41.1,Bstd:26.5,StrandBias:2.4,Multiplicity:1.02
0.001	0.586	0.097	0.316
0.001	0.997	0.001	0.001
0.001	0.001	0.001	0.997
0.001	0.001	0.001	0.997
0.997	0.001	0.001	0.001
0.001	0.001	0.001	0.997
0.001	0.997	0.001	0.001
0.081	0.516	0.040	0.363
0.001	0.451	0.001	0.547
0.001	0.513	0.214	0.272
>GGCAGGCVGB	11-GGCAGGCVGB	7.990534	-243.095712	0	T:1226.0(5.11%),B:643.4(2.58%),P:1e-105	Tpos:52.1,Tstd:27.7,Bpos:51.1,Bstd:29.1,StrandBias:-0.5,Multiplicity:1.04
0.001	0.268	0.730	0.001
0.001	0.001	0.997	0.001
0.001	0.919	0.001	0.079
0.729	0.049	0.221	0.001
0.001	0.023	0.975	0.001
0.001	0.072	0.926	0.001
0.091	0.907	0.001	0.001
0.320	0.262	0.267	0.150
0.152	0.001	0.760	0.087
0.029	0.375	0.338	0.259
>AGTCCAGTCC	12-AGTCCAGTCC	7.003868	-203.408978	0	T:523.0(2.18%),B:197.5(0.79%),P:1e-88	Tpos:56.2,Tstd:26.9,Bpos:47.4,Bstd:29.7,StrandBias:1.6,Multiplicity:1.05
0.544	0.256	0.076	0.124
0.142	0.180	0.424	0.255
0.070	0.114	0.081	0.735
0.044	0.823	0.073	0.060
0.095	0.793	0.059	0.053
0.542	0.160	0.097	0.201
0.058	0.187	0.544	0.211
0.109	0.219	0.125	0.547
0.111	0.635	0.126	0.128
0.066	0.691	0.149	0.094
>CACTVGTCAC	13-CACTVGTCAC	6.793084	-202.732644	0	T:592.0(2.47%),B:240.8(0.96%),P:1e-88	Tpos:53.0,Tstd:25.9,Bpos:51.2,Bstd:26.0,StrandBias:1.3,Multiplicity:1.05
0.140	0.670	0.149	0.041
0.593	0.245	0.130	0.032
0.046	0.699	0.204	0.051
0.228	0.190	0.144	0.437
0.378	0.260	0.239	0.123
0.085	0.246	0.624	0.045
0.111	0.199	0.133	0.557
0.051	0.802	0.083	0.064
0.563	0.251	0.155	0.031
0.089	0.840	0.039	0.032
>AAACGGCAAA	14-AAACGGCAAA	6.573489	-193.928016	0	T:1382.0(5.75%),B:819.6(3.28%),P:1e-84	Tpos:48.6,Tstd:26.8,Bpos:48.0,Bstd:32.8,StrandBias:0.5,Multiplicity:1.04
0.768	0.133	0.078	0.021
0.886	0.071	0.033	0.010
0.856	0.030	0.079	0.035
0.143	0.671	0.099	0.087
0.116	0.050	0.749	0.085
0.023	0.099	0.830	0.048
0.123	0.793	0.060	0.024
0.779	0.084	0.101	0.036
0.884	0.044	0.047	0.025
0.784	0.072	0.115	0.029
>GTGGACTGTG	15-GTGGACTGTG	8.924701	-175.235373	0	T:309.0(1.29%),B:90.4(0.36%),P:1e-76	Tpos:50.4,Tstd:28.6,Bpos:43.4,Bstd:27.3,StrandBias:-1.6,Multiplicity:1.02
0.001	0.001	0.997	0.001
0.001	0.029	0.003	0.967
0.001	0.001	0.997	0.001
0.055	0.014	0.890	0.041
0.639	0.278	0.082	0.001
0.019	0.852	0.119	0.010
0.062	0.046	0.041	0.851
0.001	0.100	0.898	0.001
0.041	0.001	0.029	0.929
0.018	0.001	0.972	0.009
>CGGGACTGGG	16-CGGGACTGGG	7.263297	-167.435944	0	T:318.0(1.32%),B:98.2(0.39%),P:1e-72	Tpos:48.5,Tstd:27.7,Bpos:56.5,Bstd:28.6,StrandBias:-1.5,Multiplicity:1.01
0.066	0.519	0.218	0.197
0.095	0.142	0.561	0.202
0.113	0.081	0.775	0.031
0.153	0.123	0.693	0.031
0.575	0.182	0.121	0.122
0.025	0.795	0.055	0.125
0.197	0.189	0.135	0.480
0.105	0.230	0.630	0.035
0.044	0.183	0.765	0.008
0.181	0.183	0.427	0.209
>ACTASTAGTA	17-ACTASTAGTA	6.318134	-162.831386	0	T:1113.0(4.63%),B:651.0(2.61%),P:1e-70	Tpos:49.1,Tstd:25.6,Bpos:49.9,Bstd:27.9,StrandBias:0.2,Multiplicity:1.07
0.605	0.018	0.246	0.131
0.032	0.662	0.303	0.003
0.108	0.143	0.034	0.715
0.870	0.001	0.128	0.001
0.001	0.501	0.497	0.001
0.102	0.174	0.001	0.723
0.976	0.001	0.001	0.022
0.014	0.351	0.625	0.010
0.212	0.281	0.038	0.469
0.546	0.157	0.167	0.130
>CTAGCTAGCT	18-CTAGCTAGCT	8.781320	-148.248325	0	T:435.0(1.81%),B:177.2(0.71%),P:1e-64	Tpos:56.2,Tstd:26.2,Bpos:47.7,Bstd:28.7,StrandBias:-0.1,Multiplicity:1.02
0.141	0.663	0.195	0.001
0.001	0.159	0.001	0.839
0.692	0.071	0.236	0.001
0.001	0.001	0.836	0.162
0.001	0.997	0.001	0.001
0.001	0.001	0.001	0.997
0.656	0.043	0.300	0.001
0.001	0.001	0.735	0.263
0.001	0.875	0.001	0.123
0.222	0.075	0.001	0.702
>AAGCAACGCA	19-AAGCAACGCA	9.122596	-124.338261	0	T:288.0(1.20%),B:102.1(0.41%),P:1e-53	Tpos:56.4,Tstd:26.9,Bpos:51.2,Bstd:32.8,StrandBias:0.5,Multiplicity:1.04
0.922	0.003	0.056	0.019
0.947	0.042	0.001	0.010
0.001	0.001	0.989	0.009
0.001	0.957	0.041	0.001
0.941	0.029	0.029	0.001
0.905	0.001	0.075	0.019
0.268	0.586	0.075	0.071
0.001	0.010	0.979	0.010
0.055	0.943	0.001	0.001
0.826	0.103	0.070	0.001
>TCAATCAATC	20-TCAATCAATC	7.890019	-94.264743	0	T:275.0(1.15%),B:112.7(0.45%),P:1e-40	Tpos:51.4,Tstd:26.3,Bpos:52.5,Bstd:25.5,StrandBias:1.8,Multiplicity:1.01
0.061	0.065	0.024	0.850
0.045	0.843	0.066	0.046
0.712	0.195	0.057	0.036
0.726	0.048	0.113	0.113
0.046	0.084	0.059	0.811
0.054	0.858	0.048	0.040
0.783	0.132	0.057	0.028
0.703	0.047	0.110	0.140
0.057	0.043	0.069	0.831
0.022	0.887	0.032	0.059
>TTATTATTAT	21-TTATTATTAT	6.901908	-86.209187	0	T:598.0(2.49%),B:351.8(1.41%),P:1e-37	Tpos:38.1,Tstd:22.5,Bpos:52.0,Bstd:32.5,StrandBias:-0.1,Multiplicity:1.05
0.117	0.082	0.067	0.734
0.057	0.021	0.028	0.894
0.628	0.120	0.147	0.105
0.034	0.071	0.038	0.857
0.061	0.034	0.020	0.885
0.780	0.101	0.023	0.096
0.041	0.049	0.039	0.871
0.123	0.021	0.078	0.778
0.748	0.048	0.063	0.141
0.046	0.028	0.097	0.829
>CTGCGCTGCG	22-CTGCGCTGCG	11.595776	-79.517763	0	T:88.0(0.37%),B:17.5(0.07%),P:1e-34	Tpos:59.8,Tstd:25.4,Bpos:50.9,Bstd:26.2,StrandBias:-0.0,Multiplicity:1.05
0.001	0.851	0.001	0.147
0.001	0.001	0.001	0.997
0.019	0.001	0.979	0.001
0.001	0.997	0.001	0.001
0.001	0.001	0.997	0.001
0.001	0.997	0.001	0.001
0.001	0.001	0.001	0.997
0.001	0.001	0.997	0.001
0.001	0.997	0.001	0.001
0.127	0.001	0.871	0.001
>TACAAATCCA	23-TACAAATCCA	8.531964	-66.160168	0	T:167.0(0.70%),B:63.7(0.26%),P:1e-28	Tpos:40.2,Tstd:24.1,Bpos:46.0,Bstd:22.6,StrandBias:1.6,Multiplicity:1.01
0.001	0.058	0.041	0.900
0.973	0.025	0.001	0.001
0.097	0.861	0.041	0.001
0.934	0.026	0.026	0.014
0.907	0.041	0.026	0.026
0.985	0.001	0.013	0.001
0.097	0.004	0.001	0.898
0.190	0.754	0.001	0.055
0.001	0.973	0.025	0.001
0.973	0.001	0.001	0.025
>TCCAGACTCC	24-TCCAGACTCC	7.354919	-65.412625	0	T:115.0(0.48%),B:34.9(0.14%),P:1e-28	Tpos:57.0,Tstd:24.2,Bpos:40.3,Bstd:33.7,StrandBias:0.5,Multiplicity:1.01
0.011	0.001	0.001	0.987
0.001	0.997	0.001	0.001
0.001	0.997	0.001	0.001
0.667	0.001	0.171	0.161
0.185	0.001	0.813	0.001
0.997	0.001	0.001	0.001
0.001	0.997	0.001	0.001
0.001	0.001	0.001	0.997
0.003	0.995	0.001	0.001
0.003	0.995	0.001	0.001
>TTTGCCTTAC	25-TTTGCCTTAC	12.198829	-48.047743	0	T:31.0(0.13%),B:3.9(0.02%),P:1e-20	Tpos:54.6,Tstd:23.0,Bpos:74.6,Bstd:6.3,StrandBias:-0.3,Multiplicity:1.00
0.001	0.001	0.001	0.997
0.001	0.033	0.001	0.965
0.001	0.001	0.001	0.997
0.001	0.001	0.997	0.001
0.001	0.997	0.001	0.001
0.001	0.997	0.001	0.001
0.001	0.001	0.001	0.997
0.001	0.001	0.001	0.997
0.797	0.001	0.201	0.001
0.001	0.997	0.001	0.001
>TATATATANVSS	1-TATATATANVSS	4.764018	-1375.689412	0	T:4604.0(19.17%),B:2097.3(8.40%),P:1e-597	Tpos:32.1,Tstd:12.2,Bpos:50.0,Bstd:35.6,StrandBias:-0.0,Multiplicity:1.17
0.090	0.118	0.125	0.667
0.581	0.141	0.032	0.246
0.071	0.035	0.042	0.852
0.759	0.029	0.018	0.194
0.195	0.027	0.035	0.743
0.825	0.028	0.053	0.094
0.274	0.078	0.178	0.470
0.579	0.147	0.190	0.084
0.220	0.221	0.287	0.272
0.348	0.228	0.289	0.135
0.198	0.367	0.288	0.146
0.212	0.278	0.379	0.130
>CCCCACCCCACC	2-CCCCACCCCACC	5.228964	-1157.150621	0	T:8602.0(35.82%),B:5538.3(22.18%),P:1e-502	Tpos:56.1,Tstd:25.6,Bpos:50.6,Bstd:31.2,StrandBias:2.3,Multiplicity:1.31
0.054	0.852	0.022	0.072
0.100	0.766	0.047	0.087
0.104	0.773	0.049	0.074
0.134	0.772	0.042	0.052
0.461	0.281	0.073	0.185
0.054	0.840	0.056	0.050
0.092	0.698	0.102	0.108
0.082	0.741	0.082	0.095
0.077	0.875	0.027	0.021
0.473	0.288	0.120	0.119
0.043	0.845	0.049	0.063
0.023	0.913	0.027	0.037
>TTCCHTTCCMTT	3-TTCCHTTCCMTT	4.880951	-905.708840	0	T:10237.0(42.63%),B:7412.2(29.69%),P:1e-393	Tpos:53.9,Tstd:26.4,Bpos:50.2,Bstd:32.3,StrandBias:1.3,Multiplicity:1.17
0.107	0.141	0.054	0.698
0.011	0.235	0.076	0.678
0.003	0.747	0.058	0.192
0.068	0.727	0.090	0.115
0.271	0.332	0.154	0.242
0.064	0.171	0.035	0.730
0.007	0.209	0.016	0.768
0.010	0.688	0.079	0.223
0.043	0.777	0.062	0.118
0.272	0.374	0.140	0.214
0.098	0.216	0.115	0.571
0.039	0.306	0.097	0.558
>CAAACCAAAACC	4-CAAACCAAAACC	5.334220	-767.911276	0	T:5928.0(24.68%),B:3747.0(15.01%),P:1e-333	Tpos:52.7,Tstd:25.3,Bpos:50.0,Bstd:31.2,StrandBias:1.8,Multiplicity:1.15
0.290	0.536	0.149	0.025
0.656	0.246	0.079	0.019
0.711	0.153	0.111	0.025
0.615	0.150	0.183	0.052
0.179	0.555	0.186	0.080
0.226	0.696	0.058	0.020
0.543	0.365	0.073	0.019
0.642	0.193	0.092	0.073
0.736	0.180	0.066	0.018
0.458	0.209	0.266	0.066
0.181	0.611	0.167	0.041
0.280	0.589	0.086	0.045
>TCTCGCTCTCTC	5-TCTCGCTCTCTC	5.049366	-669.186264	0	T:8777.0(36.55%),B:6456.0(25.86%),P:1e-290	Tpos:56.9,Tstd:25.9,Bpos:50.0,Bstd:33.0,StrandBias:1.4,Multiplicity:1.24
0.076	0.190	0.143	0.591
0.057	0.741	0.087	0.115
0.073	0.149	0.109	0.669
0.069	0.713	0.086	0.132
0.078	0.191	0.461	0.270
0.066	0.719	0.089	0.126
0.081	0.163	0.118	0.638
0.057	0.709	0.105	0.129
0.069	0.149	0.135	0.647
0.051	0.772	0.080	0.097
0.078	0.151	0.152	0.619
0.062	0.721	0.093	0.124
>AAACCCTAGYCB	6-AAACCCTAGYCB	7.572802	-383.563553	0	T:640.0(2.67%),B:178.3(0.71%),P:1e-166	Tpos:52.8,Tstd:25.8,Bpos:44.3,Bstd:25.9,StrandBias:0.5,Multiplicity:1.01
0.927	0.001	0.056	0.016
0.997	0.001	0.001	0.001
0.997	0.001	0.001	0.001
0.001	0.991	0.001	0.007
0.001	0.997	0.001	0.001
0.001	0.997	0.001	0.001
0.001	0.001	0.001	0.997
0.887	0.104	0.001	0.008
0.001	0.007	0.991	0.001
0.097	0.413	0.227	0.263
0.142	0.471	0.090	0.296
0.152	0.281	0.307	0.260
>CGTCTCGTCTCG	7-CGTCTCGTCTCG	7.209098	-362.310056	0	T:1641.0(6.83%),B:827.3(3.31%),P:1e-157	Tpos:57.6,Tstd:25.8,Bpos:50.9,Bstd:29.9,StrandBias:0.9,Multiplicity:1.03
0.025	0.687	0.179	0.109
0.026	0.179	0.663	0.132
0.082	0.279	0.124	0.515
0.018	0.858	0.055	0.069
0.022	0.142	0.070	0.766
0.025	0.795	0.048	0.132
0.033	0.040	0.881	0.046
0.098	0.299	0.055	0.548
0.063	0.796	0.048	0.093
0.077	0.136	0.070	0.717
0.022	0.731	0.163	0.084
0.030	0.210	0.514	0.246
>CTCACAGCCTCA	8-CTCACAGCCTCA	7.376302	-282.231276	0	T:766.0(3.19%),B:298.3(1.19%),P:1e-122	Tpos:56.1,Tstd:24.6,Bpos:46.2,Bstd:30.0,StrandBias:1.2,Multiplicity:1.06
0.030	0.772	0.174	0.024
0.031	0.036	0.043	0.890
0.019	0.938	0.025	0.018
0.795	0.075	0.046	0.084
0.036	0.850	0.096	0.018
0.810	0.048	0.106	0.036
0.024	0.025	0.903	0.048
0.089	0.664	0.098	0.149
0.036	0.898	0.042	0.024
0.178	0.030	0.081	0.711
0.030	0.928	0.025	0.017
0.857	0.070	0.049	0.024
>CYGCCTGCCTGC	9-CYGCCTGCCTGC	7.989069	-228.268761	0	T:1156.0(4.81%),B:607.8(2.43%),P:1e-99	Tpos:55.7,Tstd:26.8,Bpos:51.7,Bstd:28.9,StrandBias:0.1,Multiplicity:1.03
0.073	0.670	0.234	0.023
0.095	0.426	0.066	0.413
0.059	0.033	0.731	0.177
0.020	0.606	0.352	0.022
0.025	0.789	0.104	0.082
0.096	0.036	0.220	0.648
0.010	0.021	0.952	0.017
0.014	0.869	0.099	0.018
0.017	0.877	0.039	0.067
0.063	0.165	0.058	0.714
0.069	0.187	0.665	0.079
0.013	0.708	0.140	0.139
>CGCAATTCGCAA	10-CGCAATTCGCAA	7.575745	-218.742670	0	T:395.0(1.64%),B:117.9(0.47%),P:1e-94	Tpos:53.6,Tstd:24.1,Bpos:45.5,Bstd:25.9,StrandBias:1.3,Multiplicity:1.03
0.088	0.750	0.078	0.084
0.104	0.104	0.687	0.105
0.082	0.838	0.054	0.026
0.766	0.097	0.079	0.058
0.787	0.062	0.101	0.050
0.080	0.179	0.152	0.589
0.063	0.110	0.065	0.762
0.075	0.759	0.073	0.093
0.115	0.113	0.682	0.090
0.070	0.828	0.067	0.035
0.793	0.086	0.069	0.052
0.762	0.087	0.097	0.054
>CAGCCGCCGCCC	11-CAGCCGCCGCCC	8.250758	-198.333334	0	T:1655.0(6.89%),B:1030.1(4.13%),P:1e-86	Tpos:62.5,Tstd:26.1,Bpos:48.5,Bstd:31.9,StrandBias:1.2,Multiplicity:1.03
0.073	0.808	0.065	0.054
0.490	0.265	0.131	0.114
0.067	0.060	0.812	0.061
0.048	0.845	0.059	0.048
0.090	0.759	0.076	0.075
0.068	0.038	0.837	0.057
0.050	0.816	0.063	0.071
0.094	0.722	0.113	0.071
0.051	0.042	0.847	0.060
0.055	0.783	0.093	0.069
0.082	0.707	0.114	0.097
0.096	0.577	0.218	0.109
>CGCCTCCCGTCC	12-CGCCTCCCGTCC	9.648789	-177.811062	0	T:311.0(1.30%),B:90.4(0.36%),P:1e-77	Tpos:53.3,Tstd:28.0,Bpos:42.2,Bstd:26.8,StrandBias:2.1,Multiplicity:1.00
0.038	0.780	0.135	0.047
0.029	0.047	0.589	0.335
0.113	0.752	0.059	0.076
0.001	0.923	0.057	0.019
0.047	0.009	0.205	0.739
0.038	0.700	0.067	0.195
0.038	0.866	0.029	0.067
0.062	0.729	0.095	0.114
0.019	0.001	0.971	0.009
0.028	0.096	0.066	0.810
0.066	0.867	0.057	0.010
0.019	0.884	0.096	0.001
>ACACGCACACAC	13-ACACGCACACAC	8.253629	-177.481197	0	T:720.0(3.00%),B:344.4(1.38%),P:1e-77	Tpos:56.1,Tstd:26.0,Bpos:48.8,Bstd:30.2,StrandBias:1.7,Multiplicity:1.02
0.532	0.123	0.276	0.069
0.030	0.872	0.060	0.038
0.793	0.035	0.120	0.052
0.029	0.890	0.062	0.019
0.399	0.011	0.553	0.037
0.034	0.820	0.119	0.027
0.752	0.041	0.159	0.048
0.011	0.862	0.089	0.038
0.641	0.027	0.297	0.035
0.026	0.892	0.071	0.011
0.697	0.029	0.226	0.048
0.058	0.775	0.154	0.013
>CTACTACTAGTA	14-CTACTACTAGTA	6.756469	-175.684648	0	T:803.0(3.34%),B:404.8(1.62%),P:1e-76	Tpos:49.0,Tstd:25.2,Bpos:48.8,Bstd:25.6,StrandBias:0.0,Multiplicity:1.07
0.037	0.764	0.190	0.009
0.046	0.047	0.018	0.889
0.705	0.009	0.254	0.032
0.001	0.643	0.350	0.006
0.125	0.160	0.012	0.703
0.917	0.003	0.071	0.009
0.001	0.576	0.420	0.003
0.001	0.046	0.003	0.950
0.774	0.012	0.179	0.035
0.018	0.412	0.564	0.006
0.217	0.255	0.028	0.500
0.778	0.078	0.056	0.088
>CTTATCCCCAGC	15-CTTATCCCCAGC	10.431996	-159.168965	0	T:109.0(0.45%),B:11.9(0.05%),P:1e-69	Tpos:45.8,Tstd:24.2,Bpos:40.0,Bstd:10.0,StrandBias:2.4,Multiplicity:1.00
0.001	0.967	0.031	0.001
0.001	0.001	0.001	0.997
0.003	0.001	0.031	0.965
0.937	0.031	0.031	0.001
0.001	0.001	0.001	0.997
0.031	0.967	0.001	0.001
0.063	0.599	0.001	0.337
0.126	0.807	0.001	0.066
0.031	0.933	0.001	0.035
0.863	0.032	0.042	0.063
0.063	0.123	0.591	0.223
0.031	0.933	0.035	0.001
>CAGCAGACAGCA	16-CAGCAGACAGCA	8.057046	-154.784632	0	T:716.0(2.98%),B:362.1(1.45%),P:1e-67	Tpos:57.5,Tstd:26.0,Bpos:52.9,Bstd:28.7,StrandBias:0.8,Multiplicity:1.03
0.059	0.784	0.097	0.060
0.718	0.112	0.062	0.108
0.057	0.070	0.817	0.056
0.071	0.800	0.079	0.050
0.744	0.103	0.092	0.061
0.089	0.096	0.779	0.036
0.518	0.226	0.147	0.109
0.082	0.758	0.098	0.062
0.701	0.108	0.084	0.107
0.046	0.076	0.828	0.050
0.075	0.812	0.075	0.038
0.742	0.094	0.101	0.063
>CAGTCTCCACTC	17-CAGTCTCCACTC	10.631272	-153.318844	0	T:90.0(0.37%),B:7.7(0.03%),P:1e-66	Tpos:69.7,Tstd:19.1,Bpos:25.3,Bstd:6.8,StrandBias:2.0,Multiplicity:1.08
0.072	0.828	0.050	0.050
0.827	0.078	0.067	0.028
0.066	0.134	0.741	0.059
0.034	0.045	0.039	0.882
0.011	0.906	0.061	0.022
0.045	0.056	0.136	0.763
0.044	0.817	0.100	0.039
0.086	0.809	0.044	0.061
0.894	0.044	0.028	0.034
0.017	0.850	0.127	0.006
0.051	0.056	0.070	0.823
0.028	0.872	0.061	0.039
>GCTAGCTAGCTA	18-GCTAGCTAGCTA	7.622373	-111.107756	0	T:561.0(2.34%),B:294.7(1.18%),P:1e-48	Tpos:57.6,Tstd:26.3,Bpos:47.5,Bstd:26.0,StrandBias:-0.0,Multiplicity:1.02
0.097	0.068	0.781	0.054
0.059	0.807	0.084	0.050
0.096	0.165	0.078	0.661
0.684	0.052	0.131	0.133
0.047	0.057	0.852	0.044
0.054	0.860	0.047	0.039
0.098	0.151	0.045	0.706
0.704	0.070	0.115	0.111
0.040	0.054	0.864	0.042
0.062	0.800	0.061	0.077
0.111	0.139	0.102	0.648
0.633	0.075	0.186	0.106
>TCCTTATCCTCT	19-TCCTTATCCTCT	8.629165	-107.085415	0	T:129.0(0.54%),B:27.3(0.11%),P:1e-46	Tpos:42.0,Tstd:23.6,Bpos:39.7,Bstd:14.9,StrandBias:2.2,Multiplicity:1.00
0.169	0.134	0.181	0.516
0.082	0.580	0.128	0.210
0.032	0.681	0.143	0.144
0.137	0.142	0.117	0.604
0.143	0.208	0.103	0.546
0.604	0.151	0.232	0.013
0.045	0.106	0.146	0.703
0.008	0.866	0.053	0.073
0.083	0.528	0.099	0.290
0.092	0.187	0.144	0.577
0.058	0.662	0.150	0.130
0.144	0.247	0.136	0.473
>TTTCTTTACCCT	20-TTTCTTTACCCT	10.374329	-88.666392	0	T:67.0(0.28%),B:8.4(0.03%),P:1e-38	Tpos:43.2,Tstd:20.8,Bpos:34.1,Bstd:22.8,StrandBias:1.0,Multiplicity:1.00
0.001	0.126	0.001	0.872
0.001	0.003	0.028	0.968
0.032	0.146	0.089	0.733
0.001	0.997	0.001	0.001
0.057	0.032	0.114	0.797
0.029	0.177	0.089	0.705
0.142	0.064	0.086	0.708
0.997	0.001	0.001	0.001
0.018	0.773	0.092	0.117
0.086	0.669	0.029	0.216
0.140	0.831	0.028	0.001
0.114	0.085	0.001	0.800
>TCTTCCGTCTCC	21-TCTTCCGTCTCC	11.458526	-87.553272	0	T:63.0(0.26%),B:7.4(0.03%),P:1e-38	Tpos:61.6,Tstd:24.0,Bpos:94.0,Bstd:0.0,StrandBias:1.5,Multiplicity:1.00
0.001	0.001	0.001	0.997
0.052	0.946	0.001	0.001
0.001	0.204	0.052	0.743
0.052	0.001	0.110	0.837
0.001	0.946	0.052	0.001
0.052	0.844	0.052	0.052
0.052	0.001	0.895	0.052
0.052	0.052	0.001	0.895
0.001	0.997	0.001	0.001
0.001	0.001	0.001	0.997
0.001	0.946	0.001	0.052
0.001	0.946	0.052	0.001
>TCGCSAGTCGCG	22-TCGCSAGTCGCG	9.485425	-81.455624	0	T:84.0(0.35%),B:15.3(0.06%),P:1e-35	Tpos:58.3,Tstd:25.9,Bpos:46.4,Bstd:16.8,StrandBias:0.6,Multiplicity:1.03
0.003	0.111	0.095	0.791
0.001	0.706	0.066	0.227
0.157	0.221	0.534	0.088
0.004	0.641	0.005	0.350
0.039	0.442	0.518	0.001
0.756	0.157	0.028	0.059
0.092	0.151	0.667	0.090
0.053	0.299	0.074	0.574
0.048	0.673	0.099	0.180
0.078	0.244	0.615	0.063
0.008	0.630	0.006	0.356
0.001	0.303	0.627	0.069
>CCAAAATTCCAA	23-CCAAAATTCCAA	10.211918	-75.611027	0	T:64.0(0.27%),B:9.1(0.04%),P:1e-32	Tpos:51.5,Tstd:24.4,Bpos:46.1,Bstd:36.4,StrandBias:3.1,Multiplicity:1.02
0.054	0.766	0.091	0.089
0.063	0.891	0.045	0.001
0.874	0.098	0.027	0.001
0.856	0.027	0.063	0.054
0.873	0.027	0.081	0.019
0.761	0.076	0.073	0.090
0.081	0.071	0.076	0.772
0.045	0.081	0.090	0.784
0.009	0.909	0.010	0.072
0.104	0.797	0.072	0.027
0.863	0.135	0.001	0.001
0.864	0.027	0.055	0.054
>CAWCCGCATCCG	24-CAWCCGCATCCG	10.575952	-74.356646	0	T:57.0(0.24%),B:7.1(0.03%),P:1e-32	Tpos:54.4,Tstd:27.0,Bpos:40.9,Bstd:12.9,StrandBias:2.0,Multiplicity:1.00
0.037	0.925	0.001	0.037
0.916	0.038	0.008	0.038
0.544	0.008	0.018	0.430
0.038	0.716	0.208	0.038
0.001	0.991	0.001	0.007
0.038	0.038	0.886	0.038
0.008	0.882	0.001	0.109
0.961	0.001	0.001	0.037
0.001	0.001	0.007	0.991
0.008	0.954	0.001	0.037
0.109	0.889	0.001	0.001
0.008	0.046	0.908	0.038
>GCRGCCTTATCT	25-GCRGCCTTATCT	10.222843	-74.356646	0	T:57.0(0.24%),B:7.8(0.03%),P:1e-32	Tpos:48.6,Tstd:22.1,Bpos:42.5,Bstd:24.4,StrandBias:0.6,Multiplicity:1.00
0.001	0.001	0.951	0.047
0.071	0.862	0.001	0.066
0.492	0.001	0.411	0.096
0.136	0.001	0.862	0.001
0.001	0.928	0.001	0.070
0.208	0.786	0.001	0.005
0.001	0.197	0.001	0.801
0.005	0.071	0.001	0.923
0.997	0.001	0.001	0.001
0.001	0.001	0.001	0.997
0.001	0.867	0.001	0.131
0.340	0.011	0.132	0.517
>TATATA	1-TATATA	5.345719	-1195.602340	0	T:4171.0(17.37%),B:1927.8(7.72%),P:1e-519	Tpos:31.9,Tstd:12.5,Bpos:50.7,Bstd:38.2,StrandBias:-0.3,Multiplicity:1.17
0.001	0.030	0.001	0.968
0.624	0.001	0.021	0.354
0.088	0.001	0.001	0.910
0.997	0.001	0.001	0.001
0.001	0.001	0.029	0.969
0.997	0.001	0.001	0.001
>TATTAA	2-TATTAA	4.822918	-854.160553	0	T:5886.0(24.51%),B:3598.7(14.41%),P:1e-370	Tpos:35.0,Tstd:21.1,Bpos:50.6,Bstd:36.5,StrandBias:-0.2,Multiplicity:1.16
0.001	0.001	0.001	0.997
0.637	0.001	0.001	0.361
0.337	0.001	0.001	0.661
0.191	0.001	0.001	0.807
0.997	0.001	0.001	0.001
0.670	0.001	0.001	0.328
>YCTCTC	3-YCTCTC	6.075752	-546.467793	0	T:7906.0(32.92%),B:5879.9(23.55%),P:1e-237	Tpos:55.2,Tstd:27.1,Bpos:50.5,Bstd:33.6,StrandBias:1.6,Multiplicity:1.28
0.001	0.491	0.001	0.507
0.001	0.997	0.001	0.001
0.219	0.001	0.001	0.779
0.001	0.997	0.001	0.001
0.001	0.001	0.001	0.997
0.001	0.997	0.001	0.001
>CCCACC	4-CCCACC	4.930189	-527.927888	0	T:13054.0(54.36%),B:10971.6(43.94%),P:1e-229	Tpos:53.0,Tstd:27.9,Bpos:49.4,Bstd:31.6,StrandBias:1.8,Multiplicity:1.63
0.086	0.912	0.001	0.001
0.072	0.867	0.060	0.001
0.111	0.887	0.001	0.001
0.759	0.001	0.105	0.135
0.001	0.920	0.001	0.078
0.001	0.997	0.001	0.001
>CGTYTC	5-CGTYTC	6.308262	-485.976908	0	T:6936.0(28.88%),B:5104.5(20.44%),P:1e-211	Tpos:55.1,Tstd:27.7,Bpos:50.4,Bstd:32.6,StrandBias:1.2,Multiplicity:1.20
0.001	0.997	0.001	0.001
0.001	0.001	0.997	0.001
0.001	0.317	0.001	0.681
0.064	0.507	0.001	0.428
0.001	0.001	0.001	0.997
0.001	0.997	0.001	0.001
>CAGTCC	6-CAGTCC	5.159106	-442.755531	0	T:7885.0(32.83%),B:6079.9(24.35%),P:1e-192	Tpos:54.1,Tstd:27.5,Bpos:49.8,Bstd:31.0,StrandBias:1.4,Multiplicity:1.23
0.001	0.997	0.001	0.001
0.823	0.175	0.001	0.001
0.001	0.001	0.700	0.298
0.001	0.001	0.001	0.997
0.001	0.997	0.001	0.001
0.075	0.822	0.001	0.102
>AAMCCC	7-AAMCCC	5.798538	-439.883433	0	T:2321.0(9.66%),B:1250.6(5.01%),P:1e-191	Tpos:52.9,Tstd:26.1,Bpos:49.8,Bstd:34.3,StrandBias:1.8,Multiplicity:1.09
0.664	0.334	0.001	0.001
0.651	0.347	0.001	0.001
0.535	0.463	0.001	0.001
0.186	0.812	0.001	0.001
0.198	0.800	0.001	0.001
0.114	0.536	0.001	0.349
>CGCTGC	8-CGCTGC	2.270122	-365.220984	0	T:10721.0(44.64%),B:9036.5(36.19%),P:1e-158	Tpos:56.7,Tstd:28.0,Bpos:49.9,Bstd:32.7,StrandBias:0.6,Multiplicity:1.52
0.299	0.699	0.001	0.001
0.001	0.001	0.997	0.001
0.001	0.997	0.001	0.001
0.008	0.311	0.001	0.680
0.001	0.001	0.997	0.001
0.001	0.997	0.001	0.001
>CACACA	9-CACACA	5.014752	-269.295462	0	T:5967.0(24.85%),B:4699.1(18.82%),P:1e-116	Tpos:52.2,Tstd:27.6,Bpos:50.0,Bstd:29.7,StrandBias:1.3,Multiplicity:1.19
0.001	0.997	0.001	0.001
0.934	0.001	0.001	0.064
0.109	0.812	0.078	0.001
0.997	0.001	0.001	0.001
0.001	0.997	0.001	0.001
0.714	0.001	0.136	0.149
>GCCTGC	10-GCCTGC	5.580265	-244.367903	0	T:6168.0(25.68%),B:4956.2(19.85%),P:1e-106	Tpos:52.4,Tstd:28.5,Bpos:50.0,Bstd:31.7,StrandBias:-0.0,Multiplicity:1.13
0.001	0.001	0.997	0.001
0.188	0.810	0.001	0.001
0.001	0.997	0.001	0.001
0.001	0.001	0.112	0.886
0.171	0.001	0.827	0.001
0.001	0.868	0.001	0.130
>AGCGAG	11-AGCGAG	5.674794	-227.000060	0	T:5604.0(23.34%),B:4475.0(17.92%),P:1e-98	Tpos:55.3,Tstd:27.8,Bpos:49.5,Bstd:31.9,StrandBias:-0.4,Multiplicity:1.18
0.812	0.001	0.001	0.186
0.001	0.001	0.997	0.001
0.001	0.997	0.001	0.001
0.001	0.001	0.614	0.384
0.997	0.001	0.001	0.001
0.144	0.001	0.854	0.001
>CAAWYC	12-CAAWYC	5.892077	-189.800399	0	T:5196.0(21.64%),B:4199.2(16.82%),P:1e-82	Tpos:52.9,Tstd:27.4,Bpos:50.2,Bstd:30.7,StrandBias:1.4,Multiplicity:1.13
0.001	0.984	0.008	0.007
0.614	0.001	0.384	0.001
0.968	0.030	0.001	0.001
0.401	0.001	0.149	0.449
0.001	0.442	0.017	0.540
0.001	0.997	0.001	0.001
>ACCGCA	13-ACCGCA	4.791551	-148.185814	0	T:5335.0(22.22%),B:4466.4(17.89%),P:1e-64	Tpos:51.4,Tstd:28.4,Bpos:49.5,Bstd:30.6,StrandBias:0.4,Multiplicity:1.12
0.783	0.080	0.100	0.037
0.282	0.492	0.119	0.107
0.202	0.453	0.132	0.213
0.064	0.077	0.858	0.001
0.048	0.796	0.119	0.037
0.847	0.001	0.075	0.077
>AGGCAG	14-AGGCAG	6.177716	-147.110117	0	T:2271.0(9.46%),B:1644.0(6.58%),P:1e-63	Tpos:53.8,Tstd:27.5,Bpos:51.2,Bstd:30.8,StrandBias:-0.4,Multiplicity:1.12
0.700	0.100	0.100	0.100
0.100	0.100	0.700	0.100
0.100	0.100	0.700	0.100
0.100	0.700	0.100	0.100
0.700	0.100	0.100	0.100
0.100	0.100	0.700	0.100
>CTASTA	15-CTASTA	7.398753	-142.571831	0	T:1241.0(5.17%),B:780.8(3.13%),P:1e-61	Tpos:47.0,Tstd:26.5,Bpos:48.1,Bstd:30.0,StrandBias:0.2,Multiplicity:1.21
0.001	0.926	0.072	0.001
0.001	0.001	0.001	0.997
0.997	0.001	0.001	0.001
0.001	0.562	0.436	0.001
0.001	0.001	0.001	0.997
0.997	0.001	0.001	0.001
>TCGTCT	16-TCGTCT	6.489174	-141.941038	0	T:4424.0(18.42%),B:3623.4(14.51%),P:1e-61	Tpos:52.5,Tstd:27.1,Bpos:50.8,Bstd:31.9,StrandBias:0.8,Multiplicity:1.15
0.001	0.001	0.001	0.997
0.237	0.761	0.001	0.001
0.001	0.001	0.686	0.312
0.001	0.001	0.001	0.997
0.001	0.997	0.001	0.001
0.001	0.001	0.001	0.997
>CATTTC	17-CATTTC	6.088422	-133.353169	0	T:5892.0(24.53%),B:5057.5(20.26%),P:1e-57	Tpos:51.1,Tstd:27.5,Bpos:50.5,Bstd:33.4,StrandBias:1.0,Multiplicity:1.14
0.001	0.997	0.001	0.001
0.668	0.001	0.001	0.330
0.001	0.330	0.001	0.668
0.001	0.001	0.001	0.997
0.001	0.001	0.001	0.997
0.001	0.997	0.001	0.001
>CCGTTC	18-CCGTTC	5.872199	-128.463779	0	T:4253.0(17.71%),B:3507.1(14.05%),P:1e-55	Tpos:50.9,Tstd:28.7,Bpos:49.9,Bstd:30.7,StrandBias:0.7,Multiplicity:1.10
0.001	0.997	0.001	0.001
0.001	0.997	0.001	0.001
0.001	0.001	0.997	0.001
0.257	0.001	0.137	0.605
0.001	0.001	0.001	0.997
0.001	0.853	0.001	0.145
>CTTATC	19-CTTATC	6.177716	-128.046366	0	T:1062.0(4.42%),B:658.1(2.64%),P:1e-55	Tpos:43.6,Tstd:24.9,Bpos:49.6,Bstd:32.2,StrandBias:1.3,Multiplicity:1.04
0.100	0.700	0.100	0.100
0.100	0.100	0.100	0.700
0.100	0.100	0.100	0.700
0.700	0.100	0.100	0.100
0.100	0.100	0.100	0.700
0.100	0.700	0.100	0.100
>YYTATATA	1-YYTATATA	5.331134	-1303.128420	0	T:3557.0(14.81%),B:1435.2(5.75%),P:1e-565	Tpos:31.7,Tstd:11.6,Bpos:50.2,Bstd:37.6,StrandBias:0.1,Multiplicity:1.03
0.028	0.427	0.139	0.406
0.103	0.372	0.037	0.487
0.001	0.001	0.001	0.997
0.751	0.001	0.001	0.247
0.001	0.001	0.001	0.997
0.997	0.001	0.001	0.001
0.269	0.001	0.001	0.729
0.997	0.001	0.001	0.001
>CCMCYCCC	2-CCMCYCCC	4.431563	-1005.398480	0	T:13133.0(54.69%),B:10075.4(40.35%),P:1e-436	Tpos:54.8,Tstd:26.8,Bpos:50.2,Bstd:32.2,StrandBias:2.1,Multiplicity:1.70
0.090	0.735	0.007	0.168
0.046	0.865	0.080	0.009
0.376	0.354	0.143	0.127
0.214	0.508	0.097	0.181
0.244	0.297	0.014	0.444
0.095	0.701	0.019	0.185
0.183	0.684	0.053	0.080
0.188	0.700	0.071	0.041
>CTCGTCTC	3-CTCGTCTC	5.780197	-757.545772	0	T:6353.0(26.45%),B:4125.3(16.52%),P:1e-328	Tpos:56.3,Tstd:27.1,Bpos:50.5,Bstd:33.0,StrandBias:1.4,Multiplicity:1.16
0.001	0.550	0.135	0.314
0.038	0.387	0.028	0.547
0.070	0.928	0.001	0.001
0.038	0.062	0.826	0.074
0.001	0.353	0.036	0.610
0.001	0.775	0.001	0.223
0.021	0.029	0.001	0.949
0.014	0.933	0.001	0.052
>CACMBCAC	4-CACMBCAC	5.645685	-532.853169	0	T:6233.0(25.95%),B:4379.4(17.54%),P:1e-231	Tpos:53.9,Tstd:27.2,Bpos:49.4,Bstd:30.6,StrandBias:1.6,Multiplicity:1.15
0.001	0.997	0.001	0.001
0.800	0.001	0.127	0.072
0.078	0.795	0.001	0.126
0.400	0.458	0.087	0.056
0.125	0.241	0.317	0.317
0.069	0.929	0.001	0.001
0.646	0.058	0.186	0.110
0.001	0.997	0.001	0.001
>TCCCGTCC	5-TCCCGTCC	6.805451	-517.533448	0	T:2198.0(9.15%),B:1084.6(4.34%),P:1e-224	Tpos:52.9,Tstd:28.5,Bpos:48.7,Bstd:29.7,StrandBias:1.3,Multiplicity:1.06
0.036	0.111	0.020	0.833
0.009	0.932	0.001	0.058
0.001	0.997	0.001	0.001
0.180	0.526	0.128	0.166
0.007	0.053	0.939	0.001
0.001	0.001	0.001	0.997
0.011	0.987	0.001	0.001
0.010	0.869	0.014	0.107
>AAACGVAA	6-AAACGVAA	4.539319	-512.019055	0	T:7714.0(32.12%),B:5770.3(23.11%),P:1e-222	Tpos:48.9,Tstd:26.8,Bpos:50.5,Bstd:33.2,StrandBias:0.6,Multiplicity:1.27
0.763	0.148	0.084	0.005
0.745	0.112	0.128	0.015
0.500	0.211	0.122	0.167
0.163	0.534	0.172	0.131
0.100	0.262	0.632	0.006
0.352	0.378	0.259	0.011
0.811	0.108	0.074	0.007
0.701	0.149	0.072	0.078
>AAACCCTA	7-AAACCCTA	7.837423	-461.502608	0	T:1136.0(4.73%),B:418.9(1.68%),P:1e-200	Tpos:55.4,Tstd:26.0,Bpos:50.8,Bstd:32.9,StrandBias:1.1,Multiplicity:1.03
0.946	0.001	0.052	0.001
0.997	0.001	0.001	0.001
0.997	0.001	0.001	0.001
0.001	0.997	0.001	0.001
0.001	0.997	0.001	0.001
0.001	0.997	0.001	0.001
0.001	0.001	0.001	0.997
0.757	0.195	0.001	0.047
>GCVGCCGC	8-GCVGCCGC	6.371019	-371.400104	0	T:6740.0(28.07%),B:5169.2(20.70%),P:1e-161	Tpos:57.7,Tstd:27.4,Bpos:49.7,Bstd:32.4,StrandBias:0.7,Multiplicity:1.21
0.279	0.228	0.492	0.001
0.001	0.997	0.001	0.001
0.260	0.351	0.268	0.121
0.212	0.001	0.786	0.001
0.001	0.997	0.001	0.001
0.323	0.534	0.001	0.142
0.001	0.001	0.997	0.001
0.001	0.997	0.001	0.001
>CTCTCTCT	9-CTCTCTCT	5.843355	-370.788939	0	T:4559.0(18.98%),B:3194.2(12.79%),P:1e-161	Tpos:55.9,Tstd:26.7,Bpos:50.1,Bstd:33.5,StrandBias:1.2,Multiplicity:1.11
0.084	0.789	0.024	0.103
0.117	0.001	0.088	0.794
0.001	0.950	0.001	0.048
0.036	0.001	0.064	0.899
0.037	0.893	0.041	0.029
0.064	0.001	0.167	0.768
0.001	0.921	0.001	0.077
0.170	0.158	0.160	0.512
>ACACACAC	10-ACACACAC	5.157096	-287.211973	0	T:3419.0(14.24%),B:2358.1(9.44%),P:1e-124	Tpos:54.6,Tstd:26.9,Bpos:49.9,Bstd:29.6,StrandBias:1.5,Multiplicity:1.11
0.745	0.027	0.067	0.161
0.086	0.776	0.082	0.056
0.688	0.060	0.144	0.108
0.084	0.811	0.080	0.025
0.700	0.040	0.154	0.106
0.091	0.748	0.111	0.050
0.727	0.093	0.147	0.033
0.076	0.806	0.105	0.013
>TTCCTGCC	11-TTCCTGCC	5.864216	-218.871500	0	T:810.0(3.37%),B:371.3(1.49%),P:1e-95	Tpos:53.2,Tstd:27.7,Bpos:49.9,Bstd:28.3,StrandBias:0.6,Multiplicity:1.12
0.001	0.001	0.001	0.997
0.001	0.001	0.086	0.912
0.001	0.997	0.001	0.001
0.001	0.997	0.001	0.001
0.001	0.001	0.001	0.997
0.001	0.001	0.992	0.006
0.001	0.997	0.001	0.001
0.001	0.997	0.001	0.001
>ATAAAAGC	12-ATAAAAGC	7.105912	-215.421622	0	T:1101.0(4.58%),B:580.9(2.33%),P:1e-93	Tpos:37.9,Tstd:22.6,Bpos:48.5,Bstd:34.7,StrandBias:1.0,Multiplicity:1.02
0.994	0.001	0.001	0.004
0.246	0.001	0.001	0.752
0.773	0.001	0.001	0.225
0.997	0.001	0.001	0.001
0.753	0.001	0.179	0.067
0.726	0.001	0.059	0.214
0.320	0.001	0.479	0.201
0.001	0.997	0.001	0.001
>CTCGACTC	13-CTCGACTC	8.861144	-194.165241	0	T:608.0(2.53%),B:256.4(1.03%),P:1e-84	Tpos:57.0,Tstd:25.7,Bpos:48.3,Bstd:31.4,StrandBias:0.5,Multiplicity:1.02
0.001	0.917	0.081	0.001
0.001	0.001	0.001	0.997
0.001	0.627	0.371	0.001
0.001	0.190	0.808	0.001
0.997	0.001	0.001	0.001
0.001	0.997	0.001	0.001
0.001	0.001	0.001	0.997
0.001	0.997	0.001	0.001
>CKGCCTGC	14-CKGCCTGC	7.303859	-189.882098	0	T:1560.0(6.50%),B:966.6(3.87%),P:1e-82	Tpos:52.7,Tstd:27.9,Bpos:51.9,Bstd:32.0,StrandBias:0.2,Multiplicity:1.06
0.147	0.725	0.001	0.127
0.001	0.177	0.474	0.348
0.002	0.001	0.996	0.001
0.169	0.667	0.002	0.162
0.001	0.821	0.001	0.177
0.001	0.001	0.286	0.712
0.189	0.001	0.808	0.002
0.001	0.899	0.001	0.099
>CCTTATCT	15-CCTTATCT	7.748257	-189.501309	0	T:439.0(1.83%),B:155.9(0.62%),P:1e-82	Tpos:43.0,Tstd:24.4,Bpos:53.4,Bstd:28.2,StrandBias:1.8,Multiplicity:1.02
0.001	0.997	0.001	0.001
0.051	0.850	0.098	0.001
0.001	0.001	0.001	0.997
0.001	0.001	0.001	0.997
0.997	0.001	0.001	0.001
0.001	0.001	0.001	0.997
0.001	0.997	0.001	0.001
0.001	0.292	0.001	0.706
>TACTAGTA	16-TACTAGTA	5.301687	-183.108669	0	T:1550.0(6.45%),B:968.0(3.88%),P:1e-79	Tpos:41.9,Tstd:24.1,Bpos:50.1,Bstd:31.0,StrandBias:0.2,Multiplicity:1.10
0.054	0.056	0.017	0.873
0.813	0.085	0.057	0.045
0.066	0.530	0.210	0.194
0.107	0.074	0.014	0.805
0.952	0.010	0.024	0.014
0.166	0.156	0.537	0.141
0.092	0.079	0.028	0.801
0.691	0.215	0.020	0.074
>AGGCTAGG	17-AGGCTAGG	3.979446	-135.966833	0	T:1195.0(4.98%),B:753.2(3.02%),P:1e-59	Tpos:49.4,Tstd:27.1,Bpos:50.3,Bstd:31.3,StrandBias:-1.0,Multiplicity:1.06
0.997	0.001	0.001	0.001
0.001	0.001	0.997	0.001
0.001	0.001	0.997	0.001
0.001	0.886	0.112	0.001
0.001	0.167	0.001	0.831
0.997	0.001	0.001	0.001
0.001	0.001	0.997	0.001
0.001	0.001	0.997	0.001
>TTTATTTA	18-TTTATTTA	3.641172	-135.310211	0	T:660.0(2.75%),B:341.8(1.37%),P:1e-58	Tpos:36.3,Tstd:21.0,Bpos:48.6,Bstd:32.0,StrandBias:-0.3,Multiplicity:1.05
0.272	0.001	0.001	0.726
0.001	0.412	0.001	0.586
0.001	0.001	0.001	0.997
0.997	0.001	0.001	0.001
0.001	0.001	0.259	0.739
0.001	0.001	0.001	0.997
0.005	0.001	0.001	0.993
0.997	0.001	0.001	0.001
>TATTTAAC	19-TATTTAAC	9.192005	-128.968871	0	T:238.0(0.99%),B:72.7(0.29%),P:1e-56	Tpos:31.8,Tstd:13.4,Bpos:55.1,Bstd:31.1,StrandBias:0.7,Multiplicity:1.00
0.001	0.001	0.001	0.997
0.997	0.001	0.001	0.001
0.001	0.001	0.001	0.997
0.001	0.001	0.001	0.997
0.001	0.001	0.001	0.997
0.997	0.001	0.001	0.001
0.997	0.001	0.001	0.001
0.153	0.626	0.220	0.001
>MATCGATC	20-MATCGATC	6.922554	-125.659793	0	T:526.0(2.19%),B:256.0(1.03%),P:1e-54	Tpos:52.4,Tstd:28.1,Bpos:50.5,Bstd:23.8,StrandBias:1.3,Multiplicity:1.07
0.438	0.560	0.001	0.001
0.997	0.001	0.001	0.001
0.001	0.001	0.001	0.997
0.001	0.997	0.001	0.001
0.036	0.032	0.931	0.001
0.997	0.001	0.001	0.001
0.001	0.001	0.001	0.997
0.001	0.997	0.001	0.001
>TAGCTAGC	21-TAGCTAGC	7.768061	-121.108211	0	T:611.0(2.54%),B:320.2(1.28%),P:1e-52	Tpos:54.4,Tstd:27.8,Bpos:50.6,Bstd:27.5,StrandBias:0.1,Multiplicity:1.12
0.001	0.001	0.001	0.997
0.997	0.001	0.001	0.001
0.001	0.001	0.997	0.001
0.001	0.997	0.001	0.001
0.051	0.070	0.001	0.878
0.925	0.001	0.073	0.001
0.001	0.001	0.948	0.050
0.001	0.899	0.001	0.099
>CTATTATA	22-CTATTATA	8.817693	-112.942913	0	T:223.0(0.93%),B:71.3(0.29%),P:1e-49	Tpos:34.9,Tstd:17.2,Bpos:48.2,Bstd:29.8,StrandBias:-0.6,Multiplicity:1.00
0.001	0.632	0.001	0.366
0.001	0.001	0.001	0.997
0.997	0.001	0.001	0.001
0.001	0.001	0.166	0.832
0.001	0.001	0.001	0.997
0.997	0.001	0.001	0.001
0.001	0.001	0.001	0.997
0.997	0.001	0.001	0.001
>TCTGTCTG	23-TCTGTCTG	4.131015	-91.288168	0	T:718.0(2.99%),B:438.1(1.75%),P:1e-39	Tpos:48.7,Tstd:28.1,Bpos:50.0,Bstd:30.8,StrandBias:-0.0,Multiplicity:1.06
0.001	0.001	0.001	0.997
0.001	0.997	0.001	0.001
0.001	0.001	0.001	0.997
0.001	0.001	0.967	0.031
0.001	0.001	0.001	0.997
0.001	0.997	0.001	0.001
0.001	0.001	0.001	0.997
0.001	0.001	0.966	0.032
>AGCCAGCC	24-AGCCAGCC	8.236954	-78.672486	0	T:297.0(1.24%),B:138.2(0.55%),P:1e-34	Tpos:55.1,Tstd:27.5,Bpos:48.4,Bstd:28.5,StrandBias:1.4,Multiplicity:1.12
0.700	0.100	0.100	0.100
0.100	0.100	0.700	0.100
0.100	0.700	0.100	0.100
0.100	0.700	0.100	0.100
0.700	0.100	0.100	0.100
0.100	0.100	0.700	0.100
0.100	0.700	0.100	0.100
0.100	0.700	0.100	0.100
>ACTCGCAA	25-ACTCGCAA	8.236954	-50.776489	0	T:72.0(0.30%),B:19.0(0.08%),P:1e-22	Tpos:55.7,Tstd:27.9,Bpos:57.4,Bstd:21.5,StrandBias:0.3,Multiplicity:1.00
0.700	0.100	0.100	0.100
0.100	0.700	0.100	0.100
0.100	0.100	0.100	0.700
0.100	0.700	0.100	0.100
0.100	0.100	0.700	0.100
0.100	0.700	0.100	0.100
0.700	0.100	0.100	0.100
0.700	0.100	0.100	0.100
