>BSTHTATATA	1-BSTHTATATA	5.285832	-1284.233672	0	T:4254.0(17.71%),B:1915.0(7.68%),P:1e-557	Tpos:32.0,Tstd:11.9,Bpos:49.9,Bstd:36.4,StrandBias:-0.0,Multiplicity:1.05
0.130	0.344	0.294	0.232
0.124	0.309	0.362	0.205
0.098	0.209	0.175	0.518
0.378	0.230	0.141	0.251
0.004	0.064	0.006	0.926
0.595	0.037	0.039	0.329
0.131	0.001	0.001	0.867
0.760	0.011	0.061	0.168
0.301	0.002	0.028	0.669
0.762	0.074	0.122	0.042
>TCCCCTCCCC	2-TCCCCTCCCC	4.789816	-1045.668719	0	T:11115.0(46.28%),B:8004.5(32.12%),P:1e-454	Tpos:56.7,Tstd:26.5,Bpos:50.0,Bstd:32.5,StrandBias:2.0,Multiplicity:1.40
0.100	0.118	0.082	0.700
0.053	0.762	0.080	0.105
0.075	0.711	0.114	0.100
0.119	0.687	0.099	0.095
0.090	0.669	0.128	0.113
0.097	0.086	0.118	0.699
0.065	0.711	0.089	0.135
0.072	0.696	0.097	0.135
0.098	0.673	0.105	0.124
0.091	0.692	0.120	0.097
>CMMMMMCCMM	3-CMMMMMCCMM	5.505673	-846.980227	0	T:6438.0(26.80%),B:4065.1(16.31%),P:1e-367	Tpos:53.7,Tstd:25.7,Bpos:50.1,Bstd:30.2,StrandBias:2.2,Multiplicity:1.16
0.302	0.503	0.001	0.194
0.460	0.538	0.001	0.001
0.505	0.493	0.001	0.001
0.515	0.441	0.001	0.043
0.441	0.432	0.001	0.126
0.405	0.534	0.001	0.060
0.399	0.599	0.001	0.001
0.392	0.606	0.001	0.001
0.358	0.499	0.001	0.141
0.346	0.472	0.001	0.182
>CCGCCGCCGC	4-CCGCCGCCGC	5.669534	-606.065906	0	T:8188.0(34.09%),B:6013.7(24.13%),P:1e-263	Tpos:57.7,Tstd:27.2,Bpos:48.9,Bstd:31.2,StrandBias:1.1,Multiplicity:1.22
0.193	0.738	0.043	0.026
0.191	0.631	0.173	0.005
0.111	0.141	0.688	0.060
0.012	0.865	0.001	0.122
0.164	0.607	0.094	0.135
0.137	0.049	0.721	0.093
0.029	0.950	0.006	0.015
0.145	0.677	0.001	0.177
0.146	0.125	0.536	0.193
0.041	0.718	0.171	0.070
>TCTCTCTCTC	5-TCTCTCTCTC	4.519052	-578.398441	0	T:10839.0(45.13%),B:8605.9(34.53%),P:1e-251	Tpos:56.1,Tstd:26.2,Bpos:50.0,Bstd:33.1,StrandBias:1.5,Multiplicity:1.33
0.091	0.156	0.092	0.661
0.070	0.733	0.094	0.103
0.093	0.140	0.106	0.661
0.055	0.747	0.090	0.108
0.105	0.142	0.115	0.638
0.061	0.737	0.103	0.099
0.088	0.141	0.098	0.673
0.064	0.757	0.083	0.096
0.082	0.139	0.096	0.683
0.073	0.711	0.092	0.124
>CTCTCGTCTC	6-CTCTCGTCTC	6.535839	-574.690490	0	T:3281.0(13.66%),B:1832.9(7.35%),P:1e-249	Tpos:55.4,Tstd:26.8,Bpos:49.4,Bstd:29.7,StrandBias:0.9,Multiplicity:1.05
0.058	0.797	0.074	0.071
0.061	0.060	0.111	0.768
0.029	0.804	0.107	0.060
0.056	0.047	0.088	0.809
0.075	0.775	0.059	0.091
0.067	0.092	0.752	0.089
0.074	0.033	0.110	0.783
0.032	0.859	0.071	0.038
0.072	0.027	0.073	0.828
0.026	0.825	0.060	0.089
>TCCAATCCCA	7-TCCAATCCCA	6.179382	-533.691253	0	T:3141.0(13.08%),B:1770.5(7.10%),P:1e-231	Tpos:51.2,Tstd:27.2,Bpos:51.7,Bstd:30.0,StrandBias:1.5,Multiplicity:1.08
0.089	0.204	0.099	0.608
0.026	0.912	0.019	0.043
0.101	0.838	0.028	0.033
0.756	0.075	0.145	0.024
0.476	0.047	0.255	0.222
0.067	0.148	0.124	0.661
0.025	0.592	0.099	0.284
0.048	0.911	0.020	0.021
0.330	0.540	0.046	0.084
0.775	0.047	0.079	0.099
>CGTTTCGTTT	8-CGTTTCGTTT	5.323407	-481.794119	0	T:3216.0(13.39%),B:1891.5(7.59%),P:1e-209	Tpos:49.3,Tstd:26.5,Bpos:49.6,Bstd:31.5,StrandBias:-0.0,Multiplicity:1.13
0.057	0.708	0.133	0.102
0.079	0.113	0.694	0.114
0.082	0.152	0.116	0.650
0.039	0.134	0.085	0.742
0.037	0.103	0.135	0.725
0.055	0.733	0.127	0.085
0.102	0.146	0.634	0.118
0.097	0.115	0.114	0.674
0.048	0.137	0.088	0.727
0.055	0.118	0.111	0.716
>BTAGGGTTTN	9-BTAGGGTTTN	7.532159	-462.436434	0	T:1017.0(4.23%),B:347.4(1.39%),P:1e-200	Tpos:53.0,Tstd:26.7,Bpos:52.1,Bstd:30.2,StrandBias:-1.1,Multiplicity:1.03
0.044	0.407	0.283	0.266
0.013	0.155	0.272	0.560
0.574	0.107	0.180	0.139
0.063	0.083	0.833	0.021
0.075	0.029	0.821	0.075
0.069	0.159	0.700	0.072
0.102	0.085	0.028	0.785
0.011	0.046	0.017	0.926
0.029	0.225	0.118	0.628
0.238	0.197	0.315	0.250
>CACACDCACA	10-CACACDCACA	5.973175	-452.231364	0	T:3067.0(12.77%),B:1810.6(7.27%),P:1e-196	Tpos:55.1,Tstd:26.7,Bpos:50.4,Bstd:29.0,StrandBias:1.5,Multiplicity:1.10
0.056	0.865	0.065	0.014
0.765	0.032	0.144	0.059
0.122	0.734	0.127	0.017
0.651	0.096	0.189	0.064
0.055	0.651	0.230	0.064
0.303	0.117	0.297	0.283
0.018	0.811	0.149	0.022
0.628	0.110	0.203	0.059
0.024	0.905	0.061	0.010
0.707	0.099	0.136	0.058
>GTGGVCTGTG	11-GTGGVCTGTG	7.991997	-288.981908	0	T:1215.0(5.06%),B:590.8(2.37%),P:1e-125	Tpos:50.7,Tstd:27.6,Bpos:52.2,Bstd:30.1,StrandBias:-1.1,Multiplicity:1.04
0.001	0.143	0.855	0.001
0.001	0.001	0.001	0.997
0.001	0.001	0.997	0.001
0.121	0.286	0.468	0.125
0.304	0.303	0.287	0.106
0.001	0.678	0.290	0.031
0.194	0.149	0.150	0.507
0.001	0.072	0.915	0.012
0.001	0.001	0.001	0.997
0.001	0.001	0.997	0.001
>YCCATCCATC	12-YCCATCCATC	7.758170	-269.102809	0	T:989.0(4.12%),B:451.7(1.81%),P:1e-116	Tpos:53.0,Tstd:28.4,Bpos:50.1,Bstd:25.4,StrandBias:1.8,Multiplicity:1.02
0.152	0.385	0.001	0.462
0.001	0.815	0.001	0.183
0.001	0.778	0.220	0.001
0.694	0.001	0.212	0.093
0.001	0.001	0.044	0.954
0.001	0.997	0.001	0.001
0.001	0.625	0.317	0.057
0.624	0.001	0.374	0.001
0.001	0.288	0.103	0.608
0.173	0.659	0.001	0.167
>CCTTATCCCC	13-CCTTATCCCC	8.823662	-254.824001	0	T:363.0(1.51%),B:88.0(0.35%),P:1e-110	Tpos:43.6,Tstd:23.6,Bpos:47.1,Bstd:34.3,StrandBias:2.6,Multiplicity:1.02
0.017	0.869	0.001	0.113
0.003	0.968	0.028	0.001
0.028	0.009	0.001	0.962
0.027	0.001	0.001	0.971
0.947	0.001	0.051	0.001
0.017	0.003	0.001	0.979
0.003	0.985	0.009	0.003
0.001	0.799	0.009	0.191
0.040	0.771	0.052	0.137
0.040	0.844	0.003	0.113
>CTGCCTGCCT	14-CTGCCTGCCT	6.798558	-253.666503	0	T:2456.0(10.23%),B:1597.5(6.41%),P:1e-110	Tpos:54.8,Tstd:26.8,Bpos:50.0,Bstd:30.9,StrandBias:0.2,Multiplicity:1.05
0.010	0.730	0.104	0.156
0.061	0.212	0.079	0.648
0.044	0.014	0.934	0.008
0.033	0.722	0.187	0.058
0.012	0.647	0.068	0.273
0.050	0.185	0.094	0.671
0.015	0.007	0.856	0.122
0.031	0.669	0.266	0.034
0.011	0.686	0.050	0.253
0.060	0.209	0.254	0.477
>TASTAGTAGT	15-TASTAGTAGT	6.176107	-206.459110	0	T:945.0(3.93%),B:475.8(1.91%),P:1e-89	Tpos:47.4,Tstd:25.5,Bpos:47.1,Bstd:26.5,StrandBias:-0.1,Multiplicity:1.05
0.083	0.124	0.159	0.634
0.635	0.082	0.151	0.132
0.032	0.527	0.429	0.012
0.038	0.143	0.045	0.774
0.871	0.017	0.054	0.058
0.017	0.324	0.639	0.020
0.031	0.172	0.015	0.782
0.763	0.051	0.085	0.101
0.024	0.289	0.638	0.049
0.090	0.222	0.096	0.592
>CTAGCTAGCW	16-CTAGCTAGCW	9.722402	-123.264543	0	T:228.0(0.95%),B:69.4(0.28%),P:1e-53	Tpos:56.6,Tstd:26.4,Bpos:47.3,Bstd:22.6,StrandBias:0.4,Multiplicity:1.02
0.001	0.927	0.056	0.016
0.001	0.047	0.001	0.951
0.989	0.001	0.009	0.001
0.001	0.001	0.997	0.001
0.001	0.994	0.001	0.004
0.015	0.008	0.001	0.976
0.967	0.001	0.016	0.016
0.001	0.028	0.966	0.005
0.016	0.962	0.021	0.001
0.434	0.054	0.021	0.490
>AAGCAAAGCA	17-AAGCAAAGCA	10.619965	-107.917633	0	T:165.0(0.69%),B:43.5(0.17%),P:1e-46	Tpos:58.0,Tstd:27.7,Bpos:47.4,Bstd:20.9,StrandBias:0.9,Multiplicity:1.02
0.997	0.001	0.001	0.001
0.997	0.001	0.001	0.001
0.001	0.001	0.929	0.069
0.028	0.970	0.001	0.001
0.997	0.001	0.001	0.001
0.850	0.001	0.148	0.001
0.997	0.001	0.001	0.001
0.001	0.001	0.997	0.001
0.001	0.929	0.069	0.001
0.750	0.090	0.001	0.159
>TCCTTTTTAT	18-TCCTTTTTAT	7.623481	-104.142837	0	T:707.0(2.94%),B:411.5(1.65%),P:1e-45	Tpos:43.6,Tstd:23.7,Bpos:49.6,Bstd:33.9,StrandBias:0.4,Multiplicity:1.02
0.039	0.059	0.079	0.823
0.020	0.875	0.049	0.056
0.029	0.797	0.085	0.089
0.056	0.104	0.037	0.803
0.026	0.132	0.070	0.772
0.058	0.156	0.036	0.750
0.018	0.118	0.041	0.823
0.031	0.038	0.053	0.878
0.676	0.219	0.049	0.056
0.057	0.097	0.040	0.806
>TACAAATCCA	19-TACAAATCCA	7.846156	-103.092874	0	T:278.0(1.16%),B:108.5(0.44%),P:1e-44	Tpos:46.2,Tstd:26.6,Bpos:49.0,Bstd:28.8,StrandBias:1.4,Multiplicity:1.01
0.059	0.120	0.078	0.743
0.672	0.089	0.153	0.086
0.075	0.817	0.044	0.064
0.843	0.020	0.124	0.013
0.859	0.079	0.056	0.006
0.771	0.105	0.095	0.029
0.068	0.003	0.096	0.833
0.110	0.764	0.100	0.026
0.014	0.853	0.087	0.046
0.849	0.060	0.037	0.054
>TGCGCTGCGC	20-TGCGCTGCGC	7.966469	-83.635419	0	T:105.0(0.44%),B:24.0(0.10%),P:1e-36	Tpos:54.9,Tstd:27.6,Bpos:62.9,Bstd:28.5,StrandBias:-0.4,Multiplicity:1.03
0.001	0.001	0.001	0.997
0.004	0.001	0.994	0.001
0.001	0.997	0.001	0.001
0.001	0.001	0.997	0.001
0.001	0.997	0.001	0.001
0.001	0.001	0.001	0.997
0.001	0.001	0.997	0.001
0.001	0.997	0.001	0.001
0.001	0.001	0.997	0.001
0.001	0.704	0.109	0.186
>CAAAACCGCA	21-CAAAACCGCA	7.982821	-78.807592	0	T:351.0(1.46%),B:175.7(0.70%),P:1e-34	Tpos:49.6,Tstd:25.5,Bpos:50.2,Bstd:30.4,StrandBias:1.4,Multiplicity:1.00
0.047	0.826	0.074	0.053
0.769	0.101	0.097	0.033
0.825	0.069	0.081	0.025
0.744	0.044	0.188	0.024
0.725	0.029	0.131	0.115
0.028	0.756	0.064	0.152
0.147	0.783	0.046	0.024
0.067	0.036	0.827	0.070
0.073	0.873	0.030	0.024
0.876	0.042	0.048	0.034
>TTATCKWMBC	22-TTATCKWMBC	8.447377	-71.838790	0	T:76.0(0.32%),B:15.0(0.06%),P:1e-31	Tpos:46.5,Tstd:25.7,Bpos:39.5,Bstd:34.9,StrandBias:1.3,Multiplicity:1.00
0.010	0.001	0.179	0.810
0.179	0.005	0.266	0.550
0.833	0.001	0.161	0.005
0.135	0.258	0.028	0.579
0.001	0.994	0.001	0.004
0.025	0.178	0.334	0.463
0.433	0.230	0.020	0.317
0.337	0.471	0.190	0.001
0.005	0.251	0.378	0.366
0.010	0.842	0.107	0.041
>AGCCAGCCAC	23-AGCCAGCCAC	13.739391	-62.134757	0	T:48.0(0.20%),B:6.2(0.02%),P:1e-26	Tpos:61.7,Tstd:25.5,Bpos:51.4,Bstd:6.7,StrandBias:1.4,Multiplicity:1.00
0.997	0.001	0.001	0.001
0.001	0.001	0.997	0.001
0.001	0.997	0.001	0.001
0.001	0.997	0.001	0.001
0.908	0.001	0.001	0.090
0.001	0.001	0.997	0.001
0.001	0.997	0.001	0.001
0.001	0.997	0.001	0.001
0.997	0.001	0.001	0.001
0.001	0.997	0.001	0.001
>GCAACTGCAA	24-GCAACTGCAA	8.878863	-60.192236	0	T:122.0(0.51%),B:40.4(0.16%),P:1e-26	Tpos:56.8,Tstd:26.2,Bpos:48.8,Bstd:21.3,StrandBias:0.6,Multiplicity:1.06
0.001	0.001	0.997	0.001
0.001	0.960	0.038	0.001
0.997	0.001	0.001	0.001
0.789	0.001	0.209	0.001
0.019	0.979	0.001	0.001
0.001	0.085	0.001	0.913
0.001	0.001	0.979	0.019
0.001	0.997	0.001	0.001
0.997	0.001	0.001	0.001
0.997	0.001	0.001	0.001
>CAGTGCAGTG	25-CAGTGCAGTG	8.874057	-35.511178	0	T:42.0(0.17%),B:9.5(0.04%),P:1e-15	Tpos:61.8,Tstd:21.9,Bpos:49.0,Bstd:26.7,StrandBias:-0.6,Multiplicity:1.06
0.001	0.997	0.001	0.001
0.997	0.001	0.001	0.001
0.001	0.001	0.997	0.001
0.001	0.001	0.001	0.997
0.001	0.001	0.997	0.001
0.001	0.997	0.001	0.001
0.991	0.007	0.001	0.001
0.001	0.001	0.997	0.001
0.001	0.001	0.001	0.997
0.001	0.001	0.997	0.001
>TWTATAWANNNV	1-TWTATAWANNNV	4.985736	-1342.882434	0	T:4891.0(20.36%),B:2324.0(9.33%),P:1e-583	Tpos:32.1,Tstd:12.6,Bpos:50.5,Bstd:35.8,StrandBias:0.0,Multiplicity:1.13
0.146	0.184	0.170	0.500
0.443	0.160	0.073	0.324
0.054	0.001	0.001	0.944
0.750	0.001	0.001	0.248
0.300	0.001	0.005	0.694
0.938	0.001	0.001	0.060
0.358	0.076	0.190	0.376
0.509	0.166	0.202	0.123
0.265	0.226	0.278	0.232
0.279	0.262	0.293	0.166
0.249	0.293	0.282	0.176
0.263	0.289	0.308	0.140
>TCBTCTCCTCTC	2-TCBTCTCCTCTC	4.573362	-1175.404179	0	T:13673.0(56.93%),B:10316.2(41.39%),P:1e-510	Tpos:57.3,Tstd:25.7,Bpos:50.0,Bstd:32.5,StrandBias:1.8,Multiplicity:1.44
0.029	0.318	0.077	0.576
0.015	0.811	0.066	0.108
0.057	0.370	0.286	0.287
0.038	0.358	0.082	0.522
0.022	0.810	0.053	0.115
0.019	0.186	0.095	0.700
0.011	0.865	0.047	0.077
0.040	0.465	0.267	0.228
0.038	0.280	0.090	0.592
0.014	0.834	0.034	0.118
0.034	0.255	0.121	0.590
0.021	0.813	0.062	0.104
>CCCCMCCCCCCC	3-CCCCMCCCCCCC	5.484769	-951.814044	0	T:5968.0(24.85%),B:3539.0(14.20%),P:1e-413	Tpos:54.7,Tstd:25.3,Bpos:49.8,Bstd:30.1,StrandBias:2.4,Multiplicity:1.17
0.223	0.688	0.044	0.045
0.322	0.676	0.001	0.001
0.355	0.585	0.017	0.043
0.334	0.664	0.001	0.001
0.401	0.515	0.052	0.032
0.344	0.584	0.071	0.001
0.345	0.528	0.060	0.067
0.346	0.629	0.024	0.001
0.318	0.582	0.007	0.093
0.313	0.668	0.001	0.018
0.304	0.588	0.072	0.036
0.290	0.620	0.014	0.076
>CCATTCCAWTCC	4-CCATTCCAWTCC	5.658003	-889.611911	0	T:5452.0(22.70%),B:3191.6(12.81%),P:1e-386	Tpos:55.2,Tstd:26.5,Bpos:50.1,Bstd:30.0,StrandBias:2.2,Multiplicity:1.08
0.013	0.829	0.069	0.089
0.164	0.742	0.055	0.039
0.610	0.206	0.077	0.107
0.161	0.186	0.119	0.534
0.002	0.216	0.031	0.751
0.002	0.889	0.033	0.076
0.028	0.957	0.013	0.002
0.741	0.199	0.041	0.019
0.279	0.217	0.113	0.390
0.015	0.186	0.034	0.765
0.011	0.775	0.071	0.143
0.045	0.920	0.015	0.020
>CACACACTCACA	5-CACACACTCACA	5.870912	-476.162957	0	T:2547.0(10.60%),B:1379.6(5.54%),P:1e-206	Tpos:57.0,Tstd:25.9,Bpos:50.4,Bstd:28.7,StrandBias:1.7,Multiplicity:1.08
0.047	0.837	0.066	0.050
0.702	0.070	0.118	0.110
0.048	0.834	0.074	0.044
0.723	0.065	0.121	0.091
0.071	0.789	0.087	0.053
0.690	0.065	0.147	0.098
0.056	0.746	0.137	0.061
0.217	0.064	0.191	0.528
0.040	0.861	0.064	0.035
0.734	0.060	0.129	0.077
0.060	0.834	0.064	0.042
0.725	0.103	0.090	0.082
>CBAAAACCCTAG	6-CBAAAACCCTAG	7.567295	-454.539789	0	T:688.0(2.86%),B:176.6(0.71%),P:1e-197	Tpos:55.9,Tstd:26.3,Bpos:48.7,Bstd:28.2,StrandBias:1.0,Multiplicity:1.01
0.165	0.527	0.181	0.127
0.157	0.331	0.185	0.327
0.472	0.221	0.204	0.103
0.658	0.131	0.165	0.046
0.824	0.062	0.054	0.060
0.683	0.100	0.150	0.067
0.112	0.637	0.137	0.114
0.104	0.666	0.096	0.134
0.095	0.721	0.108	0.076
0.177	0.182	0.119	0.522
0.631	0.158	0.103	0.108
0.198	0.142	0.583	0.077
>CCCGCCGCCGCC	7-CCCGCCGCCGCC	8.389854	-244.289653	0	T:1976.0(8.23%),B:1219.5(4.89%),P:1e-106	Tpos:61.7,Tstd:26.4,Bpos:45.9,Bstd:31.0,StrandBias:1.1,Multiplicity:1.05
0.106	0.574	0.241	0.079
0.069	0.785	0.110	0.036
0.126	0.671	0.130	0.073
0.040	0.029	0.887	0.044
0.020	0.927	0.039	0.014
0.052	0.910	0.016	0.022
0.045	0.014	0.923	0.018
0.035	0.880	0.049	0.036
0.030	0.884	0.034	0.052
0.061	0.021	0.902	0.016
0.018	0.898	0.060	0.024
0.059	0.761	0.093	0.087
>KCTCTCTCTCTC	8-KCTCTCTCTCTC	8.501200	-223.562032	0	T:993.0(4.13%),B:493.2(1.98%),P:1e-97	Tpos:59.1,Tstd:27.0,Bpos:51.3,Bstd:29.9,StrandBias:0.9,Multiplicity:1.01
0.012	0.200	0.436	0.353
0.128	0.714	0.021	0.137
0.001	0.038	0.201	0.760
0.012	0.839	0.097	0.052
0.001	0.006	0.147	0.846
0.001	0.944	0.054	0.001
0.001	0.003	0.142	0.854
0.001	0.898	0.093	0.008
0.003	0.056	0.172	0.769
0.043	0.791	0.101	0.065
0.015	0.127	0.131	0.727
0.091	0.692	0.165	0.052
>CAAAGCAAAGCA	9-CAAAGCAAAGCA	7.427960	-221.864500	0	T:1247.0(5.19%),B:680.6(2.73%),P:1e-96	Tpos:56.0,Tstd:25.9,Bpos:50.8,Bstd:28.7,StrandBias:1.2,Multiplicity:1.03
0.205	0.615	0.179	0.001
0.606	0.218	0.175	0.001
0.629	0.196	0.174	0.001
0.644	0.074	0.242	0.040
0.132	0.196	0.600	0.072
0.040	0.934	0.025	0.001
0.697	0.189	0.113	0.001
0.612	0.228	0.159	0.001
0.744	0.015	0.240	0.001
0.068	0.174	0.691	0.067
0.139	0.764	0.096	0.001
0.625	0.188	0.127	0.060
>TCGCAACTCGCA	10-TCGCAACTCGCA	7.575295	-210.789026	0	T:519.0(2.16%),B:190.9(0.77%),P:1e-91	Tpos:54.7,Tstd:26.2,Bpos:47.9,Bstd:28.1,StrandBias:0.8,Multiplicity:1.04
0.028	0.043	0.033	0.896
0.050	0.800	0.096	0.054
0.164	0.019	0.753	0.064
0.001	0.989	0.009	0.001
0.613	0.102	0.169	0.116
0.920	0.023	0.056	0.001
0.014	0.561	0.401	0.024
0.028	0.024	0.019	0.929
0.064	0.781	0.101	0.054
0.173	0.024	0.748	0.055
0.001	0.977	0.018	0.004
0.632	0.079	0.178	0.111
>CTGCCTGCCTGC	11-CTGCCTGCCTGC	8.710327	-198.876878	0	T:576.0(2.40%),B:232.2(0.93%),P:1e-86	Tpos:52.4,Tstd:26.7,Bpos:49.5,Bstd:28.0,StrandBias:0.1,Multiplicity:1.01
0.053	0.816	0.079	0.052
0.054	0.032	0.066	0.848
0.029	0.032	0.890	0.049
0.046	0.863	0.056	0.035
0.133	0.756	0.074	0.037
0.134	0.032	0.083	0.751
0.023	0.031	0.916	0.030
0.054	0.819	0.085	0.042
0.044	0.889	0.038	0.029
0.070	0.035	0.026	0.869
0.042	0.079	0.769	0.110
0.015	0.794	0.140	0.051
>CTGCAGNCTGCA	12-CTGCAGNCTGCA	8.928900	-167.593213	0	T:414.0(1.72%),B:152.3(0.61%),P:1e-72	Tpos:57.3,Tstd:24.2,Bpos:45.8,Bstd:28.3,StrandBias:0.1,Multiplicity:1.04
0.011	0.929	0.051	0.009
0.026	0.199	0.064	0.711
0.004	0.156	0.825	0.015
0.008	0.809	0.177	0.006
0.723	0.103	0.147	0.027
0.013	0.028	0.957	0.002
0.218	0.265	0.271	0.246
0.007	0.968	0.019	0.006
0.040	0.194	0.038	0.728
0.002	0.184	0.801	0.013
0.002	0.831	0.161	0.006
0.731	0.146	0.112	0.011
>TASTASTASTAG	13-TASTASTASTAG	6.947066	-160.237975	0	T:554.0(2.31%),B:245.1(0.98%),P:1e-69	Tpos:48.4,Tstd:25.1,Bpos:45.4,Bstd:24.2,StrandBias:0.0,Multiplicity:1.05
0.089	0.096	0.080	0.735
0.679	0.074	0.124	0.123
0.023	0.525	0.430	0.022
0.063	0.109	0.064	0.764
0.851	0.038	0.065	0.046
0.016	0.501	0.469	0.014
0.048	0.076	0.036	0.840
0.755	0.057	0.112	0.076
0.021	0.466	0.499	0.015
0.071	0.117	0.064	0.748
0.807	0.058	0.064	0.071
0.032	0.361	0.573	0.034
>CTGAAATYTGAA	14-CTGAAATYTGAA	10.637620	-149.534941	0	T:67.0(0.28%),B:3.3(0.01%),P:1e-64	Tpos:47.5,Tstd:25.9,Bpos:46.7,Bstd:15.6,StrandBias:-0.2,Multiplicity:1.02
0.001	0.625	0.001	0.373
0.001	0.252	0.001	0.746
0.001	0.097	0.901	0.001
0.838	0.001	0.160	0.001
0.932	0.001	0.001	0.066
0.693	0.067	0.203	0.037
0.222	0.043	0.001	0.734
0.001	0.554	0.001	0.444
0.004	0.067	0.193	0.736
0.001	0.001	0.997	0.001
0.744	0.033	0.222	0.001
0.840	0.001	0.095	0.064
>GCTAGCTAGCTA	15-GCTAGCTAGCTA	7.875299	-144.488841	0	T:430.0(1.79%),B:176.6(0.71%),P:1e-62	Tpos:57.5,Tstd:26.7,Bpos:49.7,Bstd:25.8,StrandBias:0.0,Multiplicity:1.04
0.201	0.105	0.610	0.084
0.012	0.979	0.006	0.003
0.021	0.021	0.012	0.946
0.539	0.030	0.053	0.378
0.003	0.006	0.985	0.006
0.001	0.993	0.001	0.005
0.001	0.015	0.003	0.981
0.656	0.039	0.024	0.281
0.001	0.011	0.987	0.001
0.003	0.982	0.012	0.003
0.073	0.023	0.015	0.889
0.611	0.023	0.102	0.264
>AGTCCTGACTCC	16-AGTCCTGACTCC	11.534503	-131.251315	0	T:77.0(0.32%),B:6.2(0.03%),P:1e-57	Tpos:52.6,Tstd:24.2,Bpos:25.5,Bstd:9.0,StrandBias:0.5,Multiplicity:1.00
0.672	0.142	0.185	0.001
0.001	0.258	0.740	0.001
0.001	0.047	0.001	0.951
0.001	0.997	0.001	0.001
0.001	0.997	0.001	0.001
0.098	0.202	0.194	0.506
0.192	0.001	0.806	0.001
0.951	0.047	0.001	0.001
0.001	0.803	0.195	0.001
0.001	0.047	0.001	0.951
0.001	0.997	0.001	0.001
0.047	0.951	0.001	0.001
>GCCTACAAATAC	17-GCCTACAAATAC	10.483424	-122.675613	0	T:64.0(0.27%),B:4.6(0.02%),P:1e-53	Tpos:43.0,Tstd:19.6,Bpos:42.7,Bstd:17.8,StrandBias:2.7,Multiplicity:1.00
0.077	0.082	0.757	0.084
0.159	0.655	0.103	0.083
0.082	0.860	0.001	0.057
0.137	0.001	0.001	0.861
0.857	0.019	0.123	0.001
0.019	0.979	0.001	0.001
0.937	0.061	0.001	0.001
0.961	0.019	0.001	0.019
0.758	0.202	0.020	0.020
0.264	0.001	0.057	0.678
0.656	0.141	0.141	0.062
0.061	0.896	0.041	0.002
>GCCTTATCTTCC	18-GCCTTATCTTCC	9.803889	-102.353101	0	T:173.0(0.72%),B:49.5(0.20%),P:1e-44	Tpos:40.9,Tstd:21.8,Bpos:54.9,Bstd:20.8,StrandBias:1.5,Multiplicity:1.00
0.064	0.028	0.808	0.100
0.018	0.872	0.073	0.037
0.018	0.936	0.009	0.037
0.028	0.046	0.056	0.870
0.064	0.028	0.064	0.844
0.802	0.064	0.028	0.106
0.055	0.010	0.091	0.844
0.037	0.927	0.018	0.018
0.037	0.068	0.018	0.877
0.092	0.180	0.047	0.681
0.009	0.816	0.083	0.092
0.115	0.747	0.046	0.092
>TCCAAABTCCAA	19-TCCAAABTCCAA	10.054049	-98.510012	0	T:75.0(0.31%),B:9.8(0.04%),P:1e-42	Tpos:55.3,Tstd:26.1,Bpos:42.5,Bstd:22.8,StrandBias:1.5,Multiplicity:1.00
0.031	0.063	0.233	0.673
0.031	0.606	0.160	0.203
0.031	0.914	0.030	0.025
0.698	0.249	0.027	0.026
0.631	0.043	0.312	0.014
0.567	0.244	0.052	0.137
0.114	0.253	0.290	0.343
0.030	0.254	0.179	0.537
0.025	0.885	0.042	0.048
0.066	0.709	0.199	0.026
0.653	0.287	0.025	0.035
0.654	0.260	0.058	0.028
>TGCTAGACTGCT	20-TGCTAGACTGCT	8.109804	-95.287126	0	T:54.0(0.22%),B:4.6(0.02%),P:1e-41	Tpos:61.2,Tstd:21.8,Bpos:47.0,Bstd:27.9,StrandBias:-1.3,Multiplicity:1.00
0.171	0.194	0.198	0.437
0.108	0.148	0.612	0.132
0.069	0.710	0.118	0.103
0.122	0.160	0.159	0.559
0.476	0.182	0.181	0.161
0.103	0.163	0.622	0.112
0.491	0.174	0.188	0.147
0.108	0.680	0.076	0.136
0.102	0.146	0.147	0.605
0.090	0.102	0.666	0.142
0.110	0.627	0.161	0.102
0.175	0.194	0.161	0.471
>ATCCATCCATCC	21-ATCCATCCATCC	12.231207	-84.209802	0	T:45.0(0.19%),B:3.5(0.01%),P:1e-36	Tpos:57.2,Tstd:29.0,Bpos:57.3,Bstd:21.0,StrandBias:10.0,Multiplicity:1.00
0.690	0.001	0.107	0.202
0.036	0.001	0.001	0.962
0.001	0.997	0.001	0.001
0.001	0.962	0.036	0.001
0.997	0.001	0.001	0.001
0.001	0.001	0.001	0.997
0.001	0.997	0.001	0.001
0.001	0.962	0.001	0.036
0.892	0.001	0.106	0.001
0.001	0.001	0.001	0.997
0.001	0.997	0.001	0.001
0.037	0.607	0.037	0.319
>TCTCGCAGTCTC	22-TCTCGCAGTCTC	10.440427	-77.118117	0	T:79.0(0.33%),B:14.6(0.06%),P:1e-33	Tpos:52.2,Tstd:28.3,Bpos:80.1,Bstd:10.5,StrandBias:0.9,Multiplicity:1.00
0.078	0.066	0.027	0.829
0.001	0.882	0.065	0.052
0.052	0.078	0.103	0.767
0.065	0.867	0.001	0.067
0.013	0.089	0.872	0.026
0.065	0.783	0.113	0.039
0.770	0.065	0.092	0.073
0.028	0.111	0.783	0.078
0.001	0.066	0.002	0.931
0.001	0.882	0.065	0.052
0.039	0.080	0.105	0.776
0.001	0.880	0.039	0.080
>CTCGCGCAGTCG	23-CTCGCGCAGTCG	11.072072	-68.618902	0	T:51.0(0.21%),B:6.6(0.03%),P:1e-29	Tpos:55.3,Tstd:25.5,Bpos:52.8,Bstd:18.1,StrandBias:0.0,Multiplicity:1.00
0.001	0.920	0.063	0.016
0.096	0.111	0.048	0.745
0.016	0.811	0.172	0.001
0.001	0.097	0.808	0.094
0.049	0.886	0.017	0.048
0.046	0.058	0.893	0.003
0.001	0.934	0.064	0.001
0.629	0.118	0.126	0.127
0.001	0.142	0.841	0.016
0.032	0.084	0.159	0.725
0.001	0.983	0.015	0.001
0.032	0.016	0.856	0.096
>ATTCCGCATTCC	24-ATTCCGCATTCC	10.180772	-67.804962	0	T:63.0(0.26%),B:10.9(0.04%),P:1e-29	Tpos:60.3,Tstd:25.2,Bpos:45.5,Bstd:20.5,StrandBias:3.1,Multiplicity:1.03
0.810	0.097	0.034	0.059
0.106	0.042	0.025	0.827
0.001	0.103	0.025	0.871
0.008	0.939	0.017	0.036
0.051	0.881	0.034	0.034
0.093	0.109	0.679	0.119
0.044	0.823	0.091	0.042
0.820	0.061	0.051	0.068
0.075	0.092	0.068	0.765
0.034	0.076	0.059	0.831
0.017	0.877	0.070	0.036
0.017	0.897	0.061	0.025
>CCATCCACTGCC	25-CCATCCACTGCC	8.842891	-46.309244	0	T:73.0(0.30%),B:20.2(0.08%),P:1e-20	Tpos:56.5,Tstd:26.2,Bpos:43.9,Bstd:22.6,StrandBias:1.9,Multiplicity:1.00
0.101	0.658	0.131	0.110
0.109	0.681	0.099	0.111
0.595	0.156	0.128	0.121
0.110	0.123	0.156	0.611
0.073	0.723	0.117	0.087
0.100	0.701	0.102	0.097
0.620	0.112	0.153	0.115
0.077	0.720	0.111	0.092
0.119	0.136	0.126	0.619
0.093	0.102	0.691	0.114
0.086	0.719	0.106	0.089
0.115	0.663	0.102	0.120
>TATATA	1-TATATA	5.586818	-1135.720621	0	T:4157.0(17.31%),B:1960.8(7.87%),P:1e-493	Tpos:32.0,Tstd:12.5,Bpos:49.2,Bstd:37.6,StrandBias:0.5,Multiplicity:1.15
0.001	0.038	0.001	0.960
0.997	0.001	0.001	0.001
0.111	0.001	0.001	0.887
0.997	0.001	0.001	0.001
0.350	0.032	0.001	0.617
0.997	0.001	0.001	0.001
>CCCACC	2-CCCACC	4.873094	-572.904981	0	T:12654.0(52.69%),B:10433.7(41.87%),P:1e-248	Tpos:53.0,Tstd:27.7,Bpos:49.9,Bstd:31.4,StrandBias:1.8,Multiplicity:1.63
0.112	0.886	0.001	0.001
0.071	0.927	0.001	0.001
0.072	0.926	0.001	0.001
0.671	0.046	0.152	0.131
0.001	0.915	0.001	0.083
0.001	0.997	0.001	0.001
>TCTCTC	3-TCTCTC	4.328080	-559.241829	0	T:13068.0(54.41%),B:10888.2(43.69%),P:1e-242	Tpos:55.5,Tstd:27.4,Bpos:50.3,Bstd:33.2,StrandBias:1.4,Multiplicity:1.50
0.001	0.253	0.001	0.745
0.001	0.997	0.001	0.001
0.090	0.001	0.094	0.815
0.001	0.997	0.001	0.001
0.001	0.001	0.116	0.882
0.001	0.927	0.001	0.071
>CGCTGC	4-CGCTGC	2.681423	-491.729357	0	T:11133.0(46.35%),B:9097.8(36.51%),P:1e-213	Tpos:56.8,Tstd:28.5,Bpos:49.0,Bstd:32.2,StrandBias:0.8,Multiplicity:1.43
0.001	0.997	0.001	0.001
0.401	0.001	0.597	0.001
0.001	0.997	0.001	0.001
0.009	0.417	0.001	0.573
0.001	0.001	0.997	0.001
0.001	0.997	0.001	0.001
>AAACCC	5-AAACCC	7.953185	-438.776556	0	T:2348.0(9.78%),B:1269.8(5.09%),P:1e-190	Tpos:53.4,Tstd:26.2,Bpos:50.2,Bstd:32.8,StrandBias:1.8,Multiplicity:1.10
0.997	0.001	0.001	0.001
0.997	0.001	0.001	0.001
0.997	0.001	0.001	0.001
0.293	0.705	0.001	0.001
0.001	0.997	0.001	0.001
0.001	0.997	0.001	0.001
>CCCGTC	6-CCCGTC	5.393105	-392.536122	0	T:5245.0(21.84%),B:3752.3(15.06%),P:1e-170	Tpos:52.6,Tstd:28.0,Bpos:50.4,Bstd:29.9,StrandBias:1.2,Multiplicity:1.13
0.001	0.810	0.001	0.188
0.001	0.997	0.001	0.001
0.289	0.709	0.001	0.001
0.001	0.001	0.997	0.001
0.001	0.001	0.001	0.997
0.001	0.997	0.001	0.001
>AACCCT	7-AACCCT	6.177716	-346.854406	0	T:1886.0(7.85%),B:1022.0(4.10%),P:1e-150	Tpos:52.9,Tstd:28.4,Bpos:50.6,Bstd:31.3,StrandBias:1.0,Multiplicity:1.02
0.700	0.100	0.100	0.100
0.700	0.100	0.100	0.100
0.100	0.700	0.100	0.100
0.100	0.700	0.100	0.100
0.100	0.700	0.100	0.100
0.100	0.100	0.100	0.700
>CATTTC	8-CATTTC	1.411865	-333.226259	0	T:10730.0(44.67%),B:9120.2(36.60%),P:1e-144	Tpos:52.8,Tstd:27.6,Bpos:49.7,Bstd:31.6,StrandBias:1.2,Multiplicity:1.29
0.001	0.997	0.001	0.001
0.541	0.178	0.280	0.001
0.001	0.273	0.001	0.725
0.001	0.005	0.001	0.993
0.005	0.001	0.001	0.993
0.001	0.997	0.001	0.001
>CATTCC	9-CATTCC	5.843838	-332.097474	0	T:5006.0(20.84%),B:3661.3(14.69%),P:1e-144	Tpos:54.1,Tstd:27.8,Bpos:51.2,Bstd:31.7,StrandBias:1.6,Multiplicity:1.09
0.001	0.997	0.001	0.001
0.748	0.250	0.001	0.001
0.001	0.001	0.114	0.884
0.001	0.001	0.001	0.997
0.001	0.997	0.001	0.001
0.001	0.997	0.001	0.001
>AAGCGA	10-AAGCGA	3.559730	-280.414468	0	T:5503.0(22.91%),B:4231.6(16.98%),P:1e-121	Tpos:50.2,Tstd:27.9,Bpos:51.0,Bstd:32.5,StrandBias:0.5,Multiplicity:1.19
0.997	0.001	0.001	0.001
0.997	0.001	0.001	0.001
0.363	0.005	0.623	0.009
0.006	0.992	0.001	0.001
0.028	0.001	0.970	0.001
0.997	0.001	0.001	0.001
>CCAATC	11-CCAATC	4.430940	-279.662545	0	T:7687.0(32.01%),B:6292.9(25.25%),P:1e-121	Tpos:51.6,Tstd:28.3,Bpos:49.9,Bstd:31.8,StrandBias:1.5,Multiplicity:1.12
0.001	0.997	0.001	0.001
0.001	0.979	0.019	0.001
0.997	0.001	0.001	0.001
0.604	0.001	0.394	0.001
0.035	0.375	0.001	0.589
0.001	0.997	0.001	0.001
>GCAGGC	12-GCAGGC	5.382475	-236.072902	0	T:6148.0(25.60%),B:4952.0(19.87%),P:1e-102	Tpos:52.6,Tstd:28.5,Bpos:51.0,Bstd:31.7,StrandBias:0.1,Multiplicity:1.13
0.145	0.001	0.853	0.001
0.001	0.901	0.001	0.097
0.852	0.146	0.001	0.001
0.001	0.001	0.997	0.001
0.001	0.001	0.758	0.240
0.001	0.997	0.001	0.001
>AGACTG	13-AGACTG	2.754437	-235.771703	0	T:6570.0(27.35%),B:5352.9(21.48%),P:1e-102	Tpos:52.3,Tstd:27.4,Bpos:49.6,Bstd:30.5,StrandBias:-0.4,Multiplicity:1.20
0.997	0.001	0.001	0.001
0.001	0.358	0.640	0.001
0.982	0.001	0.016	0.001
0.001	0.997	0.001	0.001
0.378	0.001	0.001	0.620
0.001	0.001	0.997	0.001
>TWAWAA	14-TWAWAA	5.627767	-206.813501	0	T:1989.0(8.28%),B:1287.5(5.17%),P:1e-89	Tpos:34.8,Tstd:20.6,Bpos:49.5,Bstd:38.1,StrandBias:0.1,Multiplicity:1.13
0.198	0.114	0.001	0.687
0.362	0.001	0.198	0.439
0.762	0.001	0.001	0.236
0.438	0.001	0.001	0.560
0.885	0.001	0.001	0.113
0.762	0.001	0.001	0.236
>CACACA	15-CACACA	6.657678	-194.673660	0	T:2985.0(12.43%),B:2161.2(8.67%),P:1e-84	Tpos:53.7,Tstd:27.3,Bpos:49.2,Bstd:30.4,StrandBias:1.4,Multiplicity:1.13
0.001	0.997	0.001	0.001
0.997	0.001	0.001	0.001
0.001	0.997	0.001	0.001
0.805	0.001	0.193	0.001
0.001	0.997	0.001	0.001
0.997	0.001	0.001	0.001
>ATAAAA	16-ATAAAA	6.177716	-184.280323	0	T:1700.0(7.08%),B:1086.2(4.36%),P:1e-80	Tpos:36.7,Tstd:22.3,Bpos:48.1,Bstd:37.6,StrandBias:0.8,Multiplicity:1.04
0.700	0.100	0.100	0.100
0.100	0.100	0.100	0.700
0.700	0.100	0.100	0.100
0.700	0.100	0.100	0.100
0.700	0.100	0.100	0.100
0.700	0.100	0.100	0.100
>CTTATC	17-CTTATC	7.433834	-147.940167	0	T:1065.0(4.43%),B:631.6(2.53%),P:1e-64	Tpos:43.0,Tstd:24.9,Bpos:49.8,Bstd:32.1,StrandBias:1.3,Multiplicity:1.03
0.001	0.926	0.001	0.072
0.001	0.267	0.048	0.684
0.158	0.080	0.077	0.685
0.958	0.001	0.001	0.040
0.001	0.001	0.001	0.997
0.001	0.997	0.001	0.001
>TCACAC	18-TCACAC	6.177716	-96.775338	0	T:952.0(3.96%),B:617.0(2.48%),P:1e-42	Tpos:52.7,Tstd:28.9,Bpos:50.8,Bstd:31.3,StrandBias:1.3,Multiplicity:1.01
0.100	0.100	0.100	0.700
0.100	0.700	0.100	0.100
0.700	0.100	0.100	0.100
0.100	0.700	0.100	0.100
0.700	0.100	0.100	0.100
0.100	0.700	0.100	0.100
>GTACTA	19-GTACTA	5.343991	-81.416088	0	T:1267.0(5.28%),B:913.6(3.67%),P:1e-35	Tpos:45.9,Tstd:26.6,Bpos:48.9,Bstd:29.6,StrandBias:0.3,Multiplicity:1.24
0.001	0.053	0.945	0.001
0.001	0.001	0.001	0.997
0.997	0.001	0.001	0.001
0.001	0.976	0.022	0.001
0.001	0.001	0.001	0.997
0.997	0.001	0.001	0.001
>CTAGCT	20-CTAGCT	6.177716	-25.113537	0	T:1387.0(5.77%),B:1202.2(4.82%),P:1e-10	Tpos:54.8,Tstd:28.3,Bpos:49.7,Bstd:31.1,StrandBias:0.1,Multiplicity:1.27
0.100	0.700	0.100	0.100
0.100	0.100	0.100	0.700
0.700	0.100	0.100	0.100
0.100	0.100	0.700	0.100
0.100	0.700	0.100	0.100
0.100	0.100	0.100	0.700
>BNTWTATA	1-BNTWTATA	5.417860	-1195.488239	0	T:4739.0(19.73%),B:2333.1(9.36%),P:1e-519	Tpos:32.4,Tstd:13.2,Bpos:49.4,Bstd:37.3,StrandBias:-0.3,Multiplicity:1.06
0.099	0.257	0.371	0.272
0.221	0.278	0.259	0.241
0.001	0.097	0.001	0.901
0.442	0.018	0.104	0.435
0.079	0.001	0.001	0.919
0.763	0.001	0.014	0.222
0.206	0.019	0.001	0.774
0.883	0.037	0.079	0.001
>CCMMTCCM	2-CCMMTCCM	5.491487	-939.690350	0	T:9987.0(41.58%),B:7106.0(28.51%),P:1e-408	Tpos:54.5,Tstd:26.8,Bpos:49.3,Bstd:31.3,StrandBias:2.2,Multiplicity:1.47
0.001	0.756	0.001	0.242
0.001	0.997	0.001	0.001
0.447	0.497	0.055	0.001
0.367	0.421	0.119	0.094
0.258	0.289	0.001	0.452
0.001	0.604	0.001	0.394
0.001	0.997	0.001	0.001
0.472	0.526	0.001	0.001
>CCRCCRCC	3-CCRCCRCC	5.657601	-869.635166	0	T:9190.0(38.26%),B:6478.5(26.00%),P:1e-377	Tpos:57.3,Tstd:27.6,Bpos:49.7,Bstd:31.0,StrandBias:1.4,Multiplicity:1.23
0.001	0.997	0.001	0.001
0.001	0.970	0.001	0.028
0.407	0.036	0.556	0.001
0.001	0.893	0.001	0.105
0.290	0.511	0.001	0.198
0.399	0.097	0.400	0.104
0.001	0.927	0.071	0.001
0.115	0.742	0.001	0.142
>YYCGTYTC	4-YYCGTYTC	5.224952	-821.447805	0	T:7174.0(29.87%),B:4737.3(19.01%),P:1e-356	Tpos:54.7,Tstd:27.0,Bpos:49.4,Bstd:31.9,StrandBias:1.1,Multiplicity:1.15
0.074	0.441	0.154	0.331
0.068	0.392	0.035	0.505
0.112	0.701	0.127	0.060
0.122	0.189	0.688	0.001
0.090	0.313	0.038	0.559
0.009	0.549	0.001	0.441
0.151	0.064	0.025	0.760
0.021	0.734	0.001	0.244
>TCCCGTCC	5-TCCCGTCC	4.150066	-641.001976	0	T:7412.0(30.86%),B:5238.5(21.02%),P:1e-278	Tpos:52.7,Tstd:28.4,Bpos:49.8,Bstd:30.8,StrandBias:1.3,Multiplicity:1.11
0.078	0.065	0.032	0.825
0.001	0.935	0.001	0.063
0.001	0.985	0.013	0.001
0.073	0.747	0.094	0.086
0.016	0.210	0.773	0.001
0.001	0.018	0.001	0.980
0.001	0.997	0.001	0.001
0.001	0.977	0.001	0.021
>CCTCTCTC	6-CCTCTCTC	5.187664	-575.664490	0	T:8473.0(35.28%),B:6338.3(25.43%),P:1e-250	Tpos:55.7,Tstd:26.8,Bpos:50.6,Bstd:34.1,StrandBias:1.5,Multiplicity:1.25
0.028	0.562	0.068	0.342
0.037	0.707	0.056	0.200
0.055	0.246	0.103	0.596
0.024	0.861	0.079	0.036
0.095	0.049	0.097	0.759
0.001	0.866	0.072	0.061
0.106	0.089	0.179	0.626
0.068	0.659	0.012	0.261
>WAAACCCT	7-WAAACCCT	8.452026	-495.164966	0	T:1098.0(4.57%),B:377.3(1.51%),P:1e-215	Tpos:52.3,Tstd:27.1,Bpos:55.1,Bstd:34.8,StrandBias:1.7,Multiplicity:1.01
0.424	0.073	0.123	0.380
0.997	0.001	0.001	0.001
0.997	0.001	0.001	0.001
0.997	0.001	0.001	0.001
0.001	0.997	0.001	0.001
0.001	0.997	0.001	0.001
0.001	0.997	0.001	0.001
0.001	0.001	0.001	0.997
>AAGCAAAC	8-AAGCAAAC	5.287430	-456.066434	0	T:5074.0(21.13%),B:3485.0(13.98%),P:1e-198	Tpos:50.3,Tstd:27.1,Bpos:51.0,Bstd:32.2,StrandBias:0.8,Multiplicity:1.21
0.912	0.047	0.028	0.013
0.860	0.076	0.060	0.004
0.189	0.184	0.453	0.174
0.107	0.747	0.113	0.033
0.755	0.076	0.145	0.024
0.917	0.031	0.021	0.031
0.621	0.089	0.162	0.128
0.054	0.737	0.138	0.071
>CGAADCGR	9-CGAADCGR	6.041160	-427.505247	0	T:3012.0(12.54%),B:1799.0(7.22%),P:1e-185	Tpos:53.9,Tstd:27.7,Bpos:50.8,Bstd:27.7,StrandBias:-0.7,Multiplicity:1.05
0.018	0.672	0.210	0.100
0.147	0.001	0.851	0.001
0.829	0.001	0.151	0.019
0.603	0.001	0.139	0.257
0.352	0.001	0.271	0.376
0.001	0.712	0.108	0.179
0.001	0.001	0.997	0.001
0.506	0.037	0.431	0.026
>YDCATTCC	10-YDCATTCC	5.598326	-404.592071	0	T:3501.0(14.58%),B:2228.2(8.94%),P:1e-175	Tpos:53.3,Tstd:27.7,Bpos:50.5,Bstd:31.8,StrandBias:1.5,Multiplicity:1.06
0.073	0.458	0.019	0.450
0.241	0.127	0.297	0.335
0.042	0.909	0.001	0.048
0.676	0.236	0.064	0.024
0.073	0.142	0.127	0.658
0.078	0.024	0.121	0.777
0.009	0.564	0.037	0.390
0.030	0.708	0.108	0.154
>AAAMCCYW	11-AAAMCCYW	6.943581	-391.583243	0	T:890.0(3.71%),B:310.5(1.25%),P:1e-170	Tpos:55.5,Tstd:26.1,Bpos:53.4,Bstd:31.1,StrandBias:1.1,Multiplicity:1.02
0.842	0.040	0.001	0.117
0.782	0.093	0.046	0.079
0.760	0.029	0.128	0.083
0.338	0.480	0.081	0.101
0.109	0.570	0.177	0.144
0.094	0.759	0.078	0.069
0.236	0.390	0.075	0.299
0.509	0.091	0.026	0.374
>ACACACAC	12-ACACACAC	4.535032	-379.619629	0	T:6058.0(25.22%),B:4512.6(18.11%),P:1e-164	Tpos:54.2,Tstd:26.8,Bpos:49.9,Bstd:29.6,StrandBias:1.5,Multiplicity:1.19
0.696	0.063	0.070	0.171
0.063	0.827	0.060	0.050
0.679	0.063	0.118	0.140
0.058	0.839	0.079	0.024
0.713	0.050	0.125	0.112
0.066	0.794	0.094	0.046
0.690	0.134	0.099	0.077
0.086	0.762	0.129	0.023
>TTATWAMN	13-TTATWAMN	5.094962	-356.600351	0	T:2261.0(9.41%),B:1296.6(5.20%),P:1e-154	Tpos:34.6,Tstd:21.0,Bpos:48.7,Bstd:37.0,StrandBias:0.0,Multiplicity:1.04
0.239	0.067	0.043	0.651
0.180	0.001	0.001	0.818
0.669	0.047	0.001	0.283
0.396	0.001	0.001	0.602
0.445	0.001	0.174	0.380
0.695	0.120	0.061	0.124
0.414	0.353	0.014	0.219
0.254	0.260	0.213	0.272
>ATTWRTAG	14-ATTWRTAG	7.402397	-283.017280	0	T:1085.0(4.52%),B:505.4(2.03%),P:1e-122	Tpos:39.4,Tstd:22.7,Bpos:50.2,Bstd:32.3,StrandBias:-1.0,Multiplicity:1.02
0.994	0.001	0.001	0.004
0.009	0.309	0.159	0.523
0.237	0.001	0.001	0.761
0.477	0.001	0.001	0.521
0.406	0.070	0.523	0.001
0.001	0.001	0.001	0.997
0.997	0.001	0.001	0.001
0.159	0.001	0.839	0.001
>CCTTATCY	15-CCTTATCY	4.161567	-232.950272	0	T:465.0(1.94%),B:148.2(0.59%),P:1e-101	Tpos:45.0,Tstd:24.4,Bpos:48.2,Bstd:30.4,StrandBias:1.7,Multiplicity:1.02
0.001	0.997	0.001	0.001
0.001	0.997	0.001	0.001
0.001	0.001	0.001	0.997
0.001	0.001	0.001	0.997
0.997	0.001	0.001	0.001
0.001	0.001	0.001	0.997
0.001	0.997	0.001	0.001
0.001	0.452	0.067	0.480
>CGCTGCYT	16-CGCTGCYT	7.043126	-213.325662	0	T:2519.0(10.49%),B:1720.4(6.90%),P:1e-92	Tpos:53.8,Tstd:27.2,Bpos:47.8,Bstd:32.4,StrandBias:0.3,Multiplicity:1.04
0.084	0.766	0.006	0.144
0.231	0.001	0.514	0.254
0.001	0.991	0.001	0.007
0.036	0.001	0.001	0.962
0.001	0.077	0.682	0.240
0.001	0.997	0.001	0.001
0.001	0.421	0.134	0.444
0.063	0.001	0.001	0.935
>CACCGCAC	17-CACCGCAC	6.736974	-181.979973	0	T:1617.0(6.73%),B:1022.9(4.10%),P:1e-79	Tpos:52.4,Tstd:27.9,Bpos:48.2,Bstd:28.1,StrandBias:1.1,Multiplicity:1.07
0.001	0.939	0.059	0.001
0.946	0.001	0.052	0.001
0.014	0.941	0.017	0.028
0.262	0.503	0.181	0.054
0.016	0.001	0.887	0.096
0.001	0.997	0.001	0.001
0.940	0.001	0.032	0.027
0.001	0.945	0.053	0.001
>ACTACTAG	18-ACTACTAG	6.634067	-149.617307	0	T:555.0(2.31%),B:254.3(1.02%),P:1e-64	Tpos:46.2,Tstd:25.1,Bpos:48.2,Bstd:28.2,StrandBias:0.0,Multiplicity:1.04
0.818	0.065	0.094	0.023
0.001	0.921	0.061	0.017
0.001	0.001	0.010	0.988
0.974	0.001	0.024	0.001
0.001	0.780	0.211	0.008
0.024	0.016	0.001	0.959
0.886	0.023	0.021	0.070
0.001	0.188	0.777	0.034
>GCAGGCAG	19-GCAGGCAG	8.236954	-141.917700	0	T:413.0(1.72%),B:167.1(0.67%),P:1e-61	Tpos:54.7,Tstd:27.0,Bpos:53.3,Bstd:30.6,StrandBias:-0.2,Multiplicity:1.11
0.100	0.100	0.700	0.100
0.100	0.700	0.100	0.100
0.700	0.100	0.100	0.100
0.100	0.100	0.700	0.100
0.100	0.100	0.700	0.100
0.100	0.700	0.100	0.100
0.700	0.100	0.100	0.100
0.100	0.100	0.700	0.100
>TAGCTAGC	20-TAGCTAGC	7.641055	-136.462236	0	T:675.0(2.81%),B:350.4(1.41%),P:1e-59	Tpos:55.5,Tstd:27.7,Bpos:50.2,Bstd:29.8,StrandBias:0.2,Multiplicity:1.14
0.001	0.153	0.001	0.845
0.997	0.001	0.001	0.001
0.001	0.001	0.997	0.001
0.001	0.997	0.001	0.001
0.061	0.001	0.001	0.937
0.997	0.001	0.001	0.001
0.001	0.001	0.951	0.047
0.076	0.864	0.001	0.059
>AACGCTAC	21-AACGCTAC	8.090952	-117.335423	0	T:275.0(1.14%),B:98.7(0.40%),P:1e-50	Tpos:55.5,Tstd:25.5,Bpos:49.3,Bstd:26.0,StrandBias:1.0,Multiplicity:1.01
0.815	0.001	0.001	0.183
0.997	0.001	0.001	0.001
0.001	0.691	0.173	0.135
0.184	0.191	0.624	0.001
0.001	0.826	0.172	0.001
0.292	0.001	0.001	0.706
0.803	0.195	0.001	0.001
0.001	0.992	0.006	0.001
>CACTCGCT	22-CACTCGCT	7.560810	-107.893308	0	T:602.0(2.51%),B:327.6(1.31%),P:1e-46	Tpos:54.2,Tstd:25.5,Bpos:53.0,Bstd:26.8,StrandBias:1.2,Multiplicity:1.02
0.016	0.970	0.001	0.013
0.920	0.001	0.057	0.022
0.054	0.944	0.001	0.001
0.001	0.001	0.026	0.972
0.001	0.925	0.073	0.001
0.048	0.035	0.892	0.025
0.101	0.897	0.001	0.001
0.234	0.130	0.023	0.613
>AATCGCAG	23-AATCGCAG	6.613457	-83.032605	0	T:1003.0(4.18%),B:684.6(2.75%),P:1e-36	Tpos:52.8,Tstd:27.5,Bpos:51.5,Bstd:30.8,StrandBias:0.4,Multiplicity:1.03
0.857	0.031	0.027	0.085
0.762	0.041	0.158	0.039
0.103	0.089	0.001	0.807
0.001	0.815	0.156	0.028
0.050	0.001	0.948	0.001
0.001	0.997	0.001	0.001
0.850	0.037	0.001	0.112
0.001	0.039	0.959	0.001
>TCGATMKA	24-TCGATMKA	8.055265	-56.585208	0	T:307.0(1.28%),B:166.8(0.67%),P:1e-24	Tpos:48.0,Tstd:27.7,Bpos:55.3,Bstd:28.8,StrandBias:-0.4,Multiplicity:1.06
0.010	0.001	0.001	0.988
0.373	0.625	0.001	0.001
0.352	0.001	0.646	0.001
0.997	0.001	0.001	0.001
0.204	0.001	0.001	0.794
0.533	0.465	0.001	0.001
0.001	0.001	0.480	0.518
0.997	0.001	0.001	0.001
>TATTTAAG	25-TATTTAAG	8.236954	-36.160030	0	T:67.0(0.28%),B:21.7(0.09%),P:1e-15	Tpos:35.8,Tstd:15.6,Bpos:61.0,Bstd:12.9,StrandBias:0.1,Multiplicity:1.00
0.100	0.100	0.100	0.700
0.700	0.100	0.100	0.100
0.100	0.100	0.100	0.700
0.100	0.100	0.100	0.700
0.100	0.100	0.100	0.700
0.700	0.100	0.100	0.100
0.700	0.100	0.100	0.100
0.100	0.100	0.700	0.100
