>TATATAWASS	1-TATATAWASS	5.059406	-1530.679509	0	T:4736.0(19.72%),B:2079.2(8.32%),P:1e-664	Tpos:32.0,Tstd:12.6,Bpos:50.5,Bstd:35.9,StrandBias:-0.2,Multiplicity:1.39
0.075	0.101	0.094	0.730
0.648	0.050	0.002	0.300
0.130	0.012	0.001	0.857
0.787	0.001	0.001	0.211
0.267	0.003	0.062	0.668
0.878	0.005	0.116	0.001
0.268	0.120	0.204	0.407
0.560	0.160	0.203	0.077
0.191	0.267	0.393	0.148
0.193	0.272	0.385	0.150
>CCYCCCCTCC	2-CCYCCCCTCC	4.554703	-1129.062129	0	T:14237.0(59.28%),B:10997.5(44.02%),P:1e-490	Tpos:56.5,Tstd:26.2,Bpos:49.8,Bstd:32.9,StrandBias:1.9,Multiplicity:1.71
0.158	0.545	0.044	0.253
0.086	0.493	0.141	0.281
0.124	0.368	0.083	0.425
0.014	0.639	0.091	0.256
0.049	0.562	0.185	0.204
0.204	0.570	0.094	0.132
0.155	0.417	0.214	0.214
0.112	0.098	0.137	0.653
0.010	0.680	0.011	0.299
0.005	0.696	0.006	0.293
>CMMMMCCCMM	3-CMMMMCCCMM	5.046528	-783.327040	0	T:7259.0(30.22%),B:4881.6(19.54%),P:1e-340	Tpos:53.3,Tstd:26.1,Bpos:49.2,Bstd:30.5,StrandBias:2.0,Multiplicity:1.19
0.405	0.566	0.028	0.001
0.426	0.572	0.001	0.001
0.501	0.481	0.017	0.001
0.548	0.434	0.017	0.001
0.463	0.464	0.057	0.016
0.355	0.528	0.099	0.018
0.375	0.563	0.061	0.001
0.348	0.650	0.001	0.001
0.433	0.565	0.001	0.001
0.429	0.510	0.058	0.003
>CTCTCGTCTC	4-CTCTCGTCTC	5.463780	-683.559227	0	T:5381.0(22.40%),B:3403.4(13.62%),P:1e-296	Tpos:55.5,Tstd:27.2,Bpos:49.0,Bstd:30.6,StrandBias:1.1,Multiplicity:1.08
0.080	0.724	0.090	0.106
0.128	0.098	0.121	0.653
0.039	0.726	0.139	0.096
0.083	0.124	0.121	0.672
0.072	0.737	0.102	0.089
0.147	0.183	0.554	0.116
0.151	0.109	0.098	0.642
0.038	0.772	0.114	0.076
0.156	0.020	0.119	0.705
0.033	0.753	0.120	0.094
>CGTTTCGTTT	5-CGTTTCGTTT	5.651299	-616.113588	0	T:5543.0(23.08%),B:3640.0(14.57%),P:1e-267	Tpos:51.0,Tstd:26.7,Bpos:49.1,Bstd:32.7,StrandBias:-0.1,Multiplicity:1.15
0.004	0.606	0.240	0.150
0.006	0.045	0.669	0.280
0.033	0.314	0.056	0.597
0.001	0.252	0.008	0.739
0.001	0.093	0.079	0.827
0.003	0.688	0.283	0.026
0.086	0.261	0.463	0.190
0.040	0.179	0.188	0.593
0.001	0.304	0.047	0.648
0.037	0.097	0.042	0.824
>CAAWTCCCAA	6-CAAWTCCCAA	6.261942	-474.523597	0	T:1451.0(6.04%),B:607.4(2.43%),P:1e-206	Tpos:55.2,Tstd:26.0,Bpos:50.2,Bstd:30.8,StrandBias:1.5,Multiplicity:1.05
0.170	0.722	0.069	0.039
0.667	0.227	0.068	0.038
0.578	0.116	0.194	0.112
0.233	0.203	0.192	0.372
0.028	0.188	0.093	0.691
0.034	0.712	0.115	0.139
0.174	0.592	0.166	0.068
0.243	0.685	0.052	0.020
0.672	0.203	0.094	0.031
0.520	0.236	0.122	0.122
>WAAACCCTMV	7-WAAACCCTMV	9.055532	-460.651821	0	T:556.0(2.31%),B:115.7(0.46%),P:1e-200	Tpos:53.1,Tstd:26.4,Bpos:53.5,Bstd:30.3,StrandBias:0.9,Multiplicity:1.02
0.374	0.119	0.220	0.287
0.751	0.089	0.110	0.050
0.929	0.024	0.043	0.004
0.894	0.032	0.004	0.070
0.011	0.916	0.038	0.035
0.014	0.854	0.095	0.037
0.055	0.766	0.087	0.092
0.023	0.049	0.109	0.819
0.324	0.474	0.066	0.136
0.293	0.287	0.381	0.039
>CMGCMGCCGC	8-CMGCMGCCGC	5.860401	-431.216804	0	T:6604.0(27.50%),B:4914.5(19.67%),P:1e-187	Tpos:58.6,Tstd:27.0,Bpos:49.8,Bstd:31.4,StrandBias:0.9,Multiplicity:1.14
0.180	0.605	0.062	0.153
0.336	0.483	0.086	0.095
0.175	0.130	0.694	0.001
0.012	0.895	0.014	0.079
0.406	0.426	0.001	0.167
0.086	0.121	0.750	0.043
0.001	0.889	0.001	0.109
0.262	0.432	0.071	0.235
0.102	0.036	0.692	0.170
0.051	0.805	0.105	0.039
>CACACTCACA	9-CACACTCACA	6.158221	-375.498817	0	T:2029.0(8.45%),B:1100.9(4.41%),P:1e-163	Tpos:55.3,Tstd:26.4,Bpos:48.0,Bstd:29.7,StrandBias:1.6,Multiplicity:1.08
0.077	0.786	0.080	0.057
0.640	0.112	0.136	0.112
0.084	0.734	0.130	0.052
0.679	0.102	0.116	0.103
0.087	0.692	0.139	0.082
0.167	0.101	0.171	0.561
0.058	0.798	0.081	0.063
0.624	0.105	0.156	0.115
0.073	0.804	0.074	0.049
0.683	0.134	0.092	0.091
>TCTCTCTCTC	10-TCTCTCTCTC	6.880961	-266.193318	0	T:2260.0(9.41%),B:1420.2(5.68%),P:1e-115	Tpos:57.8,Tstd:26.5,Bpos:48.4,Bstd:31.9,StrandBias:1.0,Multiplicity:1.04
0.076	0.066	0.081	0.777
0.045	0.786	0.099	0.070
0.081	0.068	0.127	0.724
0.035	0.876	0.050	0.039
0.068	0.055	0.091	0.786
0.032	0.858	0.077	0.033
0.062	0.066	0.122	0.750
0.069	0.850	0.039	0.042
0.053	0.069	0.132	0.746
0.029	0.848	0.087	0.036
>CTGCCTGCCT	11-CTGCCTGCCT	6.846745	-235.991845	0	T:1745.0(7.27%),B:1050.0(4.20%),P:1e-102	Tpos:55.2,Tstd:26.7,Bpos:50.8,Bstd:29.9,StrandBias:-0.3,Multiplicity:1.04
0.015	0.712	0.077	0.196
0.055	0.051	0.066	0.828
0.026	0.012	0.936	0.026
0.132	0.605	0.165	0.098
0.017	0.606	0.120	0.257
0.082	0.100	0.104	0.714
0.015	0.061	0.917	0.007
0.133	0.516	0.225	0.126
0.043	0.608	0.033	0.316
0.024	0.036	0.322	0.618
>CGCASCGCAS	12-CGCASCGCAS	7.154064	-223.250363	0	T:590.0(2.46%),B:226.2(0.91%),P:1e-96	Tpos:56.5,Tstd:26.0,Bpos:52.1,Bstd:30.6,StrandBias:1.0,Multiplicity:1.05
0.211	0.572	0.128	0.089
0.168	0.177	0.564	0.091
0.061	0.791	0.100	0.048
0.730	0.063	0.104	0.103
0.064	0.440	0.346	0.150
0.100	0.643	0.095	0.162
0.126	0.105	0.649	0.120
0.073	0.778	0.108	0.041
0.682	0.092	0.097	0.129
0.156	0.455	0.316	0.073
>TCASYMVTCA	13-TCASYMVTCA	7.096383	-219.805201	0	T:904.0(3.76%),B:435.9(1.74%),P:1e-95	Tpos:51.8,Tstd:26.6,Bpos:50.7,Bstd:26.7,StrandBias:1.3,Multiplicity:1.05
0.025	0.008	0.012	0.955
0.004	0.904	0.034	0.058
0.908	0.010	0.064	0.018
0.153	0.419	0.280	0.148
0.094	0.324	0.162	0.420
0.296	0.382	0.183	0.138
0.294	0.375	0.305	0.026
0.044	0.151	0.035	0.770
0.013	0.972	0.008	0.007
0.857	0.074	0.036	0.033
>GTGGHSHGTG	14-GTGGHSHGTG	7.879850	-198.128532	0	T:369.0(1.54%),B:112.1(0.45%),P:1e-86	Tpos:50.2,Tstd:28.8,Bpos:53.0,Bstd:28.7,StrandBias:-1.7,Multiplicity:1.00
0.080	0.167	0.725	0.028
0.042	0.092	0.045	0.821
0.069	0.051	0.845	0.035
0.272	0.057	0.436	0.235
0.385	0.301	0.033	0.281
0.165	0.415	0.392	0.028
0.292	0.360	0.028	0.321
0.048	0.158	0.761	0.033
0.049	0.039	0.267	0.645
0.179	0.023	0.732	0.066
>AGTCCAAACC	15-AGTCCAAACC	7.536442	-196.860549	0	T:637.0(2.65%),B:273.5(1.09%),P:1e-85	Tpos:53.7,Tstd:26.4,Bpos:52.2,Bstd:29.7,StrandBias:1.6,Multiplicity:1.03
0.849	0.027	0.001	0.123
0.262	0.057	0.547	0.134
0.066	0.001	0.076	0.857
0.054	0.870	0.008	0.068
0.029	0.866	0.035	0.070
0.900	0.045	0.052	0.003
0.680	0.131	0.171	0.018
0.567	0.096	0.070	0.267
0.059	0.702	0.147	0.092
0.037	0.807	0.033	0.123
>TGCGGACTGC	16-TGCGGACTGC	8.172258	-183.622020	0	T:529.0(2.20%),B:213.5(0.85%),P:1e-79	Tpos:53.0,Tstd:26.5,Bpos:47.3,Bstd:30.4,StrandBias:-0.6,Multiplicity:1.03
0.022	0.001	0.156	0.821
0.001	0.190	0.808	0.001
0.010	0.853	0.005	0.132
0.090	0.126	0.748	0.036
0.126	0.033	0.811	0.030
0.432	0.273	0.088	0.207
0.021	0.902	0.049	0.028
0.001	0.059	0.107	0.833
0.001	0.140	0.858	0.001
0.027	0.967	0.001	0.005
>CCTTATCTTC	17-CCTTATCTTC	10.194275	-173.967402	0	T:170.0(0.71%),B:28.2(0.11%),P:1e-75	Tpos:45.7,Tstd:25.2,Bpos:70.5,Bstd:30.7,StrandBias:2.8,Multiplicity:1.02
0.001	0.997	0.001	0.001
0.018	0.980	0.001	0.001
0.001	0.001	0.001	0.997
0.001	0.001	0.001	0.997
0.997	0.001	0.001	0.001
0.001	0.001	0.001	0.997
0.018	0.979	0.002	0.001
0.044	0.163	0.001	0.792
0.018	0.327	0.001	0.654
0.001	0.938	0.035	0.026
>GCGAGTGGCG	18-GCGAGTGGCG	7.493794	-168.988840	0	T:1228.0(5.11%),B:732.2(2.93%),P:1e-73	Tpos:55.0,Tstd:27.4,Bpos:53.3,Bstd:29.3,StrandBias:-1.2,Multiplicity:1.04
0.048	0.034	0.917	0.001
0.001	0.854	0.066	0.079
0.010	0.001	0.988	0.001
0.696	0.001	0.182	0.121
0.048	0.245	0.626	0.081
0.019	0.072	0.001	0.908
0.179	0.109	0.662	0.050
0.042	0.006	0.951	0.001
0.148	0.689	0.001	0.162
0.029	0.167	0.780	0.024
>TACTASTAGT	19-TACTASTAGT	6.550485	-159.125264	0	T:526.0(2.19%),B:228.3(0.91%),P:1e-69	Tpos:47.7,Tstd:25.6,Bpos:51.2,Bstd:27.4,StrandBias:-0.1,Multiplicity:1.05
0.118	0.255	0.142	0.486
0.600	0.056	0.249	0.095
0.046	0.666	0.263	0.025
0.120	0.159	0.020	0.701
0.657	0.005	0.257	0.081
0.002	0.449	0.531	0.018
0.010	0.302	0.012	0.676
0.600	0.027	0.169	0.204
0.024	0.317	0.594	0.065
0.164	0.284	0.036	0.516
>CTAGCTAGCT	20-CTAGCTAGCT	9.367290	-144.854681	0	T:262.0(1.09%),B:78.3(0.31%),P:1e-62	Tpos:56.4,Tstd:26.9,Bpos:47.4,Bstd:24.9,StrandBias:0.2,Multiplicity:1.03
0.014	0.907	0.001	0.078
0.001	0.200	0.013	0.786
0.962	0.001	0.036	0.001
0.001	0.034	0.931	0.034
0.001	0.995	0.001	0.003
0.024	0.001	0.001	0.974
0.952	0.001	0.046	0.001
0.001	0.001	0.944	0.054
0.022	0.943	0.028	0.007
0.042	0.045	0.001	0.912
>TCCCGATTCC	21-TCCCGATTCC	9.013381	-142.049288	0	T:212.0(0.88%),B:54.8(0.22%),P:1e-61	Tpos:50.1,Tstd:26.0,Bpos:44.0,Bstd:27.0,StrandBias:2.2,Multiplicity:1.02
0.032	0.001	0.001	0.966
0.001	0.771	0.033	0.195
0.003	0.993	0.001	0.003
0.020	0.978	0.001	0.001
0.061	0.001	0.937	0.001
0.908	0.001	0.045	0.046
0.174	0.001	0.193	0.632
0.001	0.046	0.001	0.952
0.004	0.907	0.011	0.078
0.011	0.985	0.001	0.003
>CCGCGTCCCG	22-CCGCGTCCCG	10.973335	-72.055180	0	T:68.0(0.28%),B:11.6(0.05%),P:1e-31	Tpos:57.5,Tstd:26.6,Bpos:59.1,Bstd:24.3,StrandBias:0.2,Multiplicity:1.00
0.022	0.976	0.001	0.001
0.023	0.968	0.001	0.008
0.001	0.205	0.771	0.023
0.001	0.724	0.001	0.274
0.235	0.001	0.721	0.043
0.043	0.001	0.314	0.642
0.001	0.991	0.001	0.007
0.001	0.997	0.001	0.001
0.235	0.741	0.001	0.023
0.008	0.169	0.822	0.001
>GCCARACCCT	23-GCCARACCCT	11.327192	-65.550291	0	T:38.0(0.16%),B:3.2(0.01%),P:1e-28	Tpos:57.5,Tstd:25.1,Bpos:26.3,Bstd:9.1,StrandBias:1.9,Multiplicity:1.03
0.001	0.001	0.997	0.001
0.001	0.997	0.001	0.001
0.078	0.798	0.001	0.123
0.997	0.001	0.001	0.001
0.464	0.001	0.534	0.001
0.777	0.001	0.001	0.221
0.001	0.997	0.001	0.001
0.001	0.997	0.001	0.001
0.001	0.684	0.001	0.314
0.001	0.001	0.108	0.890
>TATCTATCTA	24-TATCTATCTA	9.543724	-55.933451	0	T:45.0(0.19%),B:6.2(0.02%),P:1e-24	Tpos:47.4,Tstd:21.7,Bpos:56.4,Bstd:13.5,StrandBias:0.6,Multiplicity:1.00
0.059	0.001	0.001	0.939
0.880	0.001	0.112	0.007
0.007	0.007	0.001	0.985
0.001	0.979	0.019	0.001
0.006	0.001	0.001	0.992
0.992	0.001	0.006	0.001
0.001	0.006	0.001	0.992
0.001	0.997	0.001	0.001
0.001	0.111	0.001	0.887
0.997	0.001	0.001	0.001
>YCGTTCCGTT	25-YCGTTCCGTT	9.087125	-53.539186	0	T:96.0(0.40%),B:29.1(0.12%),P:1e-23	Tpos:46.0,Tstd:26.4,Bpos:53.0,Bstd:38.6,StrandBias:0.4,Multiplicity:1.02
0.012	0.439	0.017	0.532
0.006	0.985	0.008	0.001
0.092	0.124	0.778	0.006
0.317	0.001	0.190	0.493
0.017	0.017	0.194	0.772
0.023	0.799	0.160	0.018
0.006	0.772	0.052	0.170
0.202	0.123	0.642	0.033
0.208	0.017	0.041	0.734
0.064	0.198	0.018	0.720
>TATATAWANNNV	1-TATATAWANNNV	5.185797	-1619.541472	0	T:4595.0(19.13%),B:1923.7(7.70%),P:1e-703	Tpos:32.1,Tstd:12.2,Bpos:51.1,Bstd:34.7,StrandBias:0.1,Multiplicity:1.12
0.139	0.198	0.148	0.515
0.485	0.153	0.064	0.298
0.039	0.005	0.002	0.954
0.769	0.001	0.001	0.229
0.278	0.001	0.001	0.720
0.973	0.001	0.001	0.025
0.347	0.064	0.187	0.402
0.539	0.165	0.199	0.097
0.257	0.234	0.280	0.229
0.294	0.249	0.303	0.154
0.226	0.305	0.300	0.169
0.245	0.304	0.311	0.140
>CCMCCCCCCCCC	2-CCMCCCCCCCCC	5.361242	-1144.605468	0	T:7050.0(29.35%),B:4219.5(16.89%),P:1e-497	Tpos:54.8,Tstd:25.4,Bpos:50.2,Bstd:30.0,StrandBias:2.4,Multiplicity:1.20
0.201	0.708	0.034	0.057
0.281	0.707	0.011	0.001
0.422	0.558	0.019	0.001
0.342	0.526	0.075	0.057
0.323	0.520	0.039	0.118
0.274	0.615	0.076	0.035
0.279	0.649	0.071	0.001
0.347	0.592	0.023	0.038
0.338	0.587	0.007	0.068
0.295	0.521	0.087	0.097
0.248	0.589	0.107	0.056
0.236	0.711	0.030	0.023
>CCYCCCCYYCCC	3-CCYCCCCYYCCC	4.716942	-978.486074	0	T:13004.0(54.14%),B:9997.5(40.02%),P:1e-424	Tpos:57.0,Tstd:25.8,Bpos:49.7,Bstd:33.9,StrandBias:1.7,Multiplicity:1.38
0.022	0.547	0.132	0.299
0.049	0.537	0.136	0.278
0.039	0.333	0.159	0.469
0.013	0.587	0.093	0.307
0.033	0.495	0.157	0.315
0.051	0.486	0.164	0.299
0.039	0.588	0.094	0.279
0.041	0.417	0.141	0.402
0.020	0.427	0.142	0.411
0.013	0.600	0.107	0.280
0.046	0.504	0.125	0.325
0.067	0.562	0.107	0.264
>CATTCCATTCCC	4-CATTCCATTCCC	6.199792	-761.515940	0	T:3600.0(14.99%),B:1885.0(7.55%),P:1e-330	Tpos:55.0,Tstd:26.4,Bpos:50.2,Bstd:29.3,StrandBias:1.9,Multiplicity:1.06
0.140	0.674	0.117	0.069
0.557	0.175	0.126	0.142
0.133	0.204	0.075	0.588
0.009	0.193	0.029	0.769
0.001	0.874	0.054	0.071
0.044	0.937	0.015	0.004
0.842	0.060	0.033	0.065
0.157	0.205	0.166	0.472
0.024	0.103	0.029	0.844
0.014	0.581	0.119	0.286
0.049	0.806	0.077	0.068
0.270	0.600	0.069	0.061
>AAACCCTAGCCV	5-AAACCCTAGCCV	8.211024	-592.859860	0	T:1117.0(4.65%),B:343.5(1.37%),P:1e-257	Tpos:55.2,Tstd:26.2,Bpos:49.5,Bstd:32.2,StrandBias:1.2,Multiplicity:1.02
0.638	0.095	0.146	0.121
0.997	0.001	0.001	0.001
0.831	0.001	0.167	0.001
0.141	0.648	0.104	0.107
0.007	0.991	0.001	0.001
0.001	0.969	0.029	0.001
0.387	0.040	0.004	0.569
0.597	0.262	0.063	0.078
0.246	0.203	0.477	0.075
0.140	0.451	0.214	0.195
0.187	0.458	0.183	0.171
0.247	0.352	0.238	0.164
>GGTTTGGACTTG	6-GGTTTGGACTTG	7.113157	-410.898341	0	T:851.0(3.54%),B:279.7(1.12%),P:1e-178	Tpos:52.5,Tstd:26.6,Bpos:48.7,Bstd:30.9,StrandBias:-1.7,Multiplicity:1.03
0.089	0.069	0.772	0.070
0.094	0.110	0.695	0.101
0.076	0.082	0.090	0.752
0.048	0.104	0.096	0.752
0.036	0.106	0.104	0.754
0.061	0.072	0.785	0.082
0.068	0.080	0.785	0.067
0.720	0.088	0.092	0.100
0.056	0.728	0.088	0.128
0.078	0.083	0.083	0.756
0.056	0.105	0.081	0.758
0.046	0.092	0.746	0.116
>TCGCRAGTCGCR	7-TCGCRAGTCGCR	7.775061	-332.254485	0	T:723.0(3.01%),B:245.1(0.98%),P:1e-144	Tpos:55.6,Tstd:25.7,Bpos:47.7,Bstd:27.9,StrandBias:1.4,Multiplicity:1.05
0.032	0.030	0.015	0.923
0.031	0.905	0.044	0.020
0.245	0.237	0.476	0.043
0.028	0.964	0.001	0.007
0.408	0.190	0.303	0.099
0.903	0.005	0.090	0.002
0.027	0.290	0.619	0.064
0.024	0.027	0.001	0.948
0.036	0.910	0.034	0.020
0.279	0.212	0.493	0.015
0.048	0.937	0.001	0.014
0.411	0.184	0.305	0.100
>CACACACWCACA	8-CACACACWCACA	6.565805	-331.468863	0	T:1403.0(5.84%),B:686.8(2.75%),P:1e-143	Tpos:57.1,Tstd:26.0,Bpos:45.6,Bstd:29.7,StrandBias:1.6,Multiplicity:1.08
0.001	0.885	0.111	0.003
0.574	0.014	0.214	0.198
0.001	0.964	0.034	0.001
0.846	0.001	0.024	0.129
0.014	0.890	0.092	0.004
0.697	0.021	0.235	0.047
0.042	0.653	0.263	0.042
0.393	0.027	0.131	0.449
0.001	0.934	0.058	0.007
0.698	0.014	0.201	0.087
0.004	0.959	0.011	0.026
0.810	0.011	0.059	0.120
>CAAAGCAAAGCA	9-CAAAGCAAAGCA	5.261611	-284.169408	0	T:2964.0(12.34%),B:1976.2(7.91%),P:1e-123	Tpos:55.3,Tstd:26.0,Bpos:50.5,Bstd:29.6,StrandBias:0.8,Multiplicity:1.05
0.153	0.595	0.251	0.001
0.626	0.255	0.118	0.001
0.847	0.055	0.097	0.001
0.863	0.066	0.065	0.006
0.081	0.055	0.842	0.022
0.066	0.928	0.005	0.001
0.921	0.017	0.061	0.001
0.809	0.044	0.146	0.001
0.916	0.066	0.017	0.001
0.059	0.060	0.865	0.016
0.027	0.961	0.011	0.001
0.836	0.076	0.075	0.013
>CGTCTCGTCTCT	10-CGTCTCGTCTCT	8.849661	-219.403880	0	T:378.0(1.57%),B:108.5(0.43%),P:1e-95	Tpos:53.5,Tstd:26.3,Bpos:48.4,Bstd:29.3,StrandBias:0.5,Multiplicity:1.01
0.041	0.771	0.064	0.124
0.089	0.071	0.828	0.012
0.024	0.012	0.105	0.859
0.006	0.897	0.042	0.055
0.018	0.024	0.048	0.910
0.041	0.833	0.064	0.062
0.043	0.024	0.880	0.053
0.111	0.083	0.123	0.683
0.018	0.880	0.060	0.042
0.048	0.030	0.098	0.824
0.012	0.893	0.059	0.036
0.042	0.075	0.129	0.754
>TGTAGNCTGTAG	11-TGTAGNCTGTAG	7.811669	-211.545617	0	T:534.0(2.22%),B:199.7(0.80%),P:1e-91	Tpos:52.1,Tstd:26.5,Bpos:50.8,Bstd:28.3,StrandBias:-1.4,Multiplicity:1.03
0.029	0.007	0.021	0.943
0.079	0.043	0.870	0.008
0.137	0.029	0.110	0.724
0.581	0.007	0.405	0.007
0.007	0.072	0.800	0.121
0.288	0.292	0.264	0.156
0.001	0.779	0.184	0.036
0.107	0.050	0.022	0.821
0.043	0.001	0.920	0.036
0.144	0.007	0.075	0.774
0.679	0.001	0.277	0.043
0.007	0.065	0.899	0.029
>GRRGATAAGGHD	12-GRRGATAAGGHD	10.481020	-204.739338	0	T:136.0(0.57%),B:13.6(0.05%),P:1e-88	Tpos:41.2,Tstd:20.5,Bpos:74.8,Bstd:21.3,StrandBias:-2.3,Multiplicity:1.02
0.068	0.372	0.535	0.025
0.552	0.001	0.413	0.034
0.472	0.049	0.464	0.015
0.034	0.001	0.960	0.005
0.911	0.049	0.020	0.020
0.073	0.035	0.034	0.858
0.809	0.035	0.112	0.044
0.886	0.035	0.040	0.039
0.044	0.224	0.707	0.025
0.050	0.059	0.856	0.035
0.332	0.278	0.175	0.215
0.349	0.021	0.339	0.291
>TAGTAGTAGTAG	13-TAGTAGTAGTAG	4.553010	-184.542772	0	T:837.0(3.48%),B:420.3(1.68%),P:1e-80	Tpos:47.4,Tstd:25.1,Bpos:53.1,Bstd:25.5,StrandBias:-0.0,Multiplicity:1.06
0.145	0.048	0.007	0.800
0.871	0.006	0.104	0.019
0.001	0.348	0.626	0.025
0.006	0.091	0.001	0.902
0.986	0.001	0.012	0.001
0.001	0.250	0.743	0.006
0.001	0.012	0.001	0.986
0.925	0.031	0.031	0.013
0.006	0.079	0.914	0.001
0.007	0.093	0.006	0.894
0.937	0.006	0.032	0.025
0.036	0.225	0.691	0.048
>ATCACTCGTCAC	14-ATCACTCGTCAC	8.238091	-175.394017	0	T:354.0(1.47%),B:114.7(0.46%),P:1e-76	Tpos:55.4,Tstd:24.0,Bpos:45.7,Bstd:20.9,StrandBias:1.2,Multiplicity:1.04
0.532	0.166	0.178	0.124
0.027	0.150	0.099	0.724
0.018	0.955	0.018	0.009
0.757	0.093	0.048	0.102
0.120	0.731	0.097	0.052
0.072	0.061	0.064	0.803
0.057	0.743	0.143	0.057
0.163	0.137	0.607	0.093
0.041	0.142	0.078	0.739
0.005	0.979	0.007	0.009
0.697	0.066	0.108	0.129
0.059	0.749	0.145	0.047
>TGCRGACTGCDG	15-TGCRGACTGCDG	8.523859	-171.317673	0	T:608.0(2.53%),B:273.0(1.09%),P:1e-74	Tpos:57.0,Tstd:25.8,Bpos:48.9,Bstd:29.7,StrandBias:-0.2,Multiplicity:1.05
0.057	0.033	0.135	0.775
0.018	0.397	0.574	0.011
0.037	0.918	0.015	0.030
0.303	0.163	0.358	0.177
0.007	0.068	0.918	0.007
0.452	0.161	0.190	0.197
0.015	0.757	0.168	0.060
0.004	0.089	0.109	0.798
0.004	0.346	0.643	0.007
0.018	0.974	0.001	0.007
0.238	0.137	0.385	0.241
0.026	0.152	0.792	0.030
>CTGCCTGCCTGC	16-CTGCCTGCCTGC	8.271073	-158.096603	0	T:737.0(3.07%),B:374.7(1.50%),P:1e-68	Tpos:53.5,Tstd:26.7,Bpos:49.2,Bstd:29.8,StrandBias:-0.0,Multiplicity:1.01
0.037	0.816	0.111	0.036
0.078	0.032	0.129	0.761
0.009	0.031	0.924	0.036
0.046	0.859	0.064	0.031
0.113	0.728	0.009	0.150
0.124	0.081	0.219	0.576
0.011	0.021	0.954	0.014
0.041	0.809	0.089	0.061
0.014	0.933	0.028	0.025
0.030	0.033	0.245	0.692
0.031	0.023	0.865	0.081
0.014	0.794	0.136	0.056
>GTCGAGTCGASK	17-GTCGAGTCGASK	10.340951	-157.490724	0	T:112.0(0.47%),B:12.6(0.05%),P:1e-68	Tpos:50.8,Tstd:28.0,Bpos:61.2,Bstd:16.9,StrandBias:-0.7,Multiplicity:1.00
0.082	0.011	0.748	0.159
0.240	0.001	0.031	0.728
0.062	0.761	0.093	0.084
0.001	0.040	0.958	0.001
0.979	0.010	0.001	0.010
0.020	0.053	0.835	0.092
0.181	0.001	0.208	0.610
0.001	0.845	0.092	0.062
0.001	0.092	0.897	0.010
0.891	0.105	0.003	0.001
0.010	0.515	0.403	0.072
0.001	0.133	0.489	0.377
>GCTAGCTAGCTA	18-GCTAGCTAGCTA	7.728638	-125.737928	0	T:553.0(2.30%),B:274.2(1.10%),P:1e-54	Tpos:57.0,Tstd:26.2,Bpos:47.9,Bstd:26.3,StrandBias:-0.1,Multiplicity:1.03
0.078	0.050	0.813	0.059
0.065	0.833	0.067	0.035
0.123	0.152	0.104	0.621
0.692	0.076	0.107	0.125
0.040	0.041	0.870	0.049
0.055	0.875	0.040	0.030
0.121	0.135	0.080	0.664
0.688	0.089	0.100	0.123
0.026	0.043	0.875	0.056
0.071	0.820	0.047	0.062
0.125	0.140	0.100	0.635
0.615	0.107	0.157	0.121
>ATTGCAAATTTC	19-ATTGCAAATTTC	8.445232	-96.684773	0	T:59.0(0.25%),B:5.7(0.02%),P:1e-41	Tpos:42.6,Tstd:25.0,Bpos:65.4,Bstd:12.1,StrandBias:1.2,Multiplicity:1.00
0.435	0.249	0.107	0.209
0.144	0.159	0.056	0.641
0.088	0.121	0.136	0.655
0.066	0.234	0.500	0.200
0.069	0.659	0.183	0.089
0.615	0.191	0.124	0.070
0.616	0.094	0.173	0.117
0.626	0.105	0.131	0.138
0.164	0.175	0.007	0.654
0.104	0.145	0.070	0.681
0.036	0.083	0.274	0.607
0.082	0.567	0.171	0.180
>AAAACGAAAAAC	20-AAAACGAAAAAC	10.445832	-86.743743	0	T:55.0(0.23%),B:5.7(0.02%),P:1e-37	Tpos:48.0,Tstd:27.3,Bpos:68.2,Bstd:2.4,StrandBias:1.1,Multiplicity:1.02
0.847	0.028	0.097	0.028
0.922	0.028	0.049	0.001
0.864	0.028	0.066	0.042
0.832	0.049	0.077	0.042
0.123	0.723	0.063	0.091
0.042	0.056	0.879	0.023
0.854	0.056	0.062	0.028
0.887	0.029	0.049	0.035
0.873	0.091	0.035	0.001
0.754	0.147	0.070	0.029
0.754	0.082	0.122	0.042
0.049	0.825	0.077	0.049
>CTATCTATCTAT	21-CTATCTATCTAT	9.953649	-81.822108	0	T:76.0(0.32%),B:12.5(0.05%),P:1e-35	Tpos:43.6,Tstd:24.7,Bpos:45.9,Bstd:11.1,StrandBias:1.0,Multiplicity:1.00
0.086	0.829	0.024	0.061
0.037	0.184	0.096	0.683
0.843	0.084	0.072	0.001
0.012	0.024	0.036	0.928
0.012	0.940	0.024	0.024
0.012	0.115	0.060	0.813
0.856	0.048	0.060	0.036
0.024	0.060	0.013	0.903
0.012	0.890	0.061	0.037
0.083	0.156	0.025	0.736
0.843	0.072	0.037	0.048
0.048	0.073	0.107	0.772
>CGCATCGCATCK	22-CGCATCGCATCK	11.751798	-65.464300	0	T:46.0(0.19%),B:5.5(0.02%),P:1e-28	Tpos:60.2,Tstd:24.3,Bpos:62.5,Bstd:10.7,StrandBias:5.2,Multiplicity:1.00
0.082	0.889	0.001	0.028
0.001	0.027	0.971	0.001
0.001	0.997	0.001	0.001
0.971	0.001	0.027	0.001
0.028	0.028	0.001	0.943
0.001	0.997	0.001	0.001
0.001	0.001	0.997	0.001
0.001	0.997	0.001	0.001
0.889	0.001	0.082	0.028
0.001	0.001	0.001	0.997
0.028	0.943	0.028	0.001
0.082	0.155	0.346	0.417
>TCAGTCAGTCAC	23-TCAGTCAGTCAC	10.382936	-60.116718	0	T:47.0(0.20%),B:6.6(0.03%),P:1e-26	Tpos:51.1,Tstd:23.5,Bpos:41.6,Bstd:13.0,StrandBias:1.4,Multiplicity:1.03
0.059	0.199	0.059	0.683
0.001	0.997	0.001	0.001
0.940	0.001	0.001	0.058
0.001	0.001	0.940	0.058
0.001	0.001	0.058	0.940
0.001	0.940	0.058	0.001
0.940	0.058	0.001	0.001
0.001	0.001	0.940	0.058
0.001	0.001	0.001	0.997
0.001	0.997	0.001	0.001
0.823	0.059	0.059	0.059
0.001	0.683	0.258	0.058
>GCACCGCACCCA	24-GCACCGCACCCA	9.090053	-56.873012	0	T:57.0(0.24%),B:10.6(0.04%),P:1e-24	Tpos:55.2,Tstd:24.2,Bpos:28.1,Bstd:7.2,StrandBias:1.0,Multiplicity:1.00
0.088	0.097	0.703	0.112
0.061	0.795	0.107	0.037
0.565	0.116	0.186	0.133
0.090	0.712	0.129	0.069
0.140	0.619	0.147	0.094
0.099	0.020	0.791	0.090
0.117	0.744	0.102	0.037
0.602	0.143	0.149	0.106
0.138	0.566	0.184	0.112
0.135	0.640	0.134	0.091
0.134	0.633	0.155	0.078
0.564	0.142	0.183	0.111
>CCGTCCCGTGCT	25-CCGTCCCGTGCT	10.221326	-50.689655	0	T:56.0(0.23%),B:11.9(0.05%),P:1e-22	Tpos:40.9,Tstd:28.2,Bpos:32.0,Bstd:22.1,StrandBias:1.2,Multiplicity:1.00
0.017	0.835	0.070	0.078
0.064	0.856	0.024	0.056
0.048	0.039	0.881	0.032
0.080	0.062	0.071	0.787
0.031	0.843	0.086	0.040
0.016	0.764	0.102	0.118
0.040	0.873	0.055	0.032
0.070	0.040	0.859	0.031
0.077	0.069	0.055	0.799
0.048	0.078	0.826	0.048
0.031	0.921	0.016	0.032
0.079	0.071	0.078	0.772
>TATATA	1-TATATA	5.525142	-1307.157649	0	T:4205.0(17.51%),B:1869.4(7.48%),P:1e-567	Tpos:31.9,Tstd:12.6,Bpos:51.0,Bstd:38.4,StrandBias:-0.3,Multiplicity:1.17
0.001	0.001	0.001	0.997
0.610	0.001	0.026	0.363
0.106	0.001	0.001	0.892
0.997	0.001	0.001	0.001
0.001	0.001	0.042	0.956
0.997	0.001	0.001	0.001
>CAMWCC	2-CAMWCC	4.266917	-671.362727	0	T:15451.0(64.33%),B:13158.6(52.67%),P:1e-291	Tpos:53.7,Tstd:27.6,Bpos:50.0,Bstd:31.2,StrandBias:1.9,Multiplicity:1.75
0.045	0.935	0.001	0.019
0.494	0.331	0.175	0.001
0.387	0.264	0.135	0.214
0.341	0.196	0.001	0.462
0.031	0.781	0.064	0.124
0.198	0.800	0.001	0.001
>AAACCC	3-AAACCC	8.060671	-508.949998	0	T:2315.0(9.64%),B:1177.7(4.71%),P:1e-221	Tpos:53.5,Tstd:26.1,Bpos:50.2,Bstd:33.8,StrandBias:1.8,Multiplicity:1.09
0.997	0.001	0.001	0.001
0.997	0.001	0.001	0.001
0.997	0.001	0.001	0.001
0.213	0.785	0.001	0.001
0.001	0.997	0.001	0.001
0.001	0.997	0.001	0.001
>CSTCTC	4-CSTCTC	5.037218	-463.154616	0	T:6923.0(28.82%),B:5141.0(20.58%),P:1e-201	Tpos:55.0,Tstd:27.2,Bpos:49.8,Bstd:33.9,StrandBias:1.4,Multiplicity:1.22
0.001	0.642	0.001	0.356
0.112	0.358	0.335	0.196
0.001	0.332	0.001	0.666
0.195	0.550	0.001	0.254
0.001	0.001	0.190	0.808
0.001	0.997	0.001	0.001
>CTCGCA	5-CTCGCA	5.822433	-345.077717	0	T:7481.0(31.15%),B:5933.2(23.75%),P:1e-149	Tpos:54.4,Tstd:27.4,Bpos:49.3,Bstd:30.8,StrandBias:1.1,Multiplicity:1.24
0.001	0.997	0.001	0.001
0.352	0.001	0.001	0.646
0.001	0.997	0.001	0.001
0.367	0.001	0.631	0.001
0.001	0.997	0.001	0.001
0.647	0.001	0.001	0.351
>CCCGTC	6-CCCGTC	6.201316	-318.394004	0	T:5591.0(23.28%),B:4232.2(16.94%),P:1e-138	Tpos:52.6,Tstd:28.2,Bpos:49.5,Bstd:31.4,StrandBias:1.4,Multiplicity:1.19
0.001	0.813	0.001	0.185
0.001	0.997	0.001	0.001
0.001	0.997	0.001	0.001
0.001	0.001	0.997	0.001
0.001	0.339	0.001	0.659
0.001	0.997	0.001	0.001
>TTTTAT	7-TTTTAT	5.004420	-310.202354	0	T:5470.0(22.77%),B:4140.9(16.57%),P:1e-134	Tpos:39.5,Tstd:24.3,Bpos:49.2,Bstd:35.9,StrandBias:-0.1,Multiplicity:1.19
0.001	0.001	0.001	0.997
0.149	0.114	0.001	0.736
0.001	0.001	0.001	0.997
0.001	0.001	0.001	0.997
0.874	0.124	0.001	0.001
0.282	0.001	0.001	0.716
>ARGCAG	8-ARGCAG	4.337995	-298.906543	0	T:13173.0(54.85%),B:11746.5(47.02%),P:1e-129	Tpos:53.7,Tstd:27.8,Bpos:50.1,Bstd:31.8,StrandBias:-0.1,Multiplicity:1.49
0.734	0.264	0.001	0.001
0.386	0.217	0.396	0.001
0.116	0.161	0.722	0.001
0.001	0.838	0.001	0.160
0.659	0.001	0.177	0.163
0.346	0.001	0.652	0.001
>CACCAC	9-CACCAC	5.461502	-281.967090	0	T:5565.0(23.17%),B:4295.2(17.19%),P:1e-122	Tpos:54.5,Tstd:28.2,Bpos:49.3,Bstd:30.0,StrandBias:1.3,Multiplicity:1.20
0.006	0.985	0.008	0.001
0.992	0.001	0.006	0.001
0.001	0.911	0.001	0.087
0.001	0.784	0.007	0.208
0.856	0.001	0.088	0.055
0.001	0.936	0.062	0.001
>ARWCGA	10-ARWCGA	4.467910	-271.166085	0	T:6407.0(26.68%),B:5110.0(20.45%),P:1e-117	Tpos:52.9,Tstd:27.8,Bpos:49.4,Bstd:31.2,StrandBias:-0.5,Multiplicity:1.14
0.974	0.001	0.024	0.001
0.474	0.001	0.524	0.001
0.439	0.001	0.048	0.512
0.009	0.989	0.001	0.001
0.001	0.001	0.997	0.001
0.974	0.001	0.024	0.001
>GAAGMG	11-GAAGMG	5.625687	-246.299985	0	T:7930.0(33.02%),B:6644.8(26.60%),P:1e-106	Tpos:53.3,Tstd:28.0,Bpos:50.3,Bstd:31.4,StrandBias:-0.7,Multiplicity:1.15
0.038	0.001	0.960	0.001
0.997	0.001	0.001	0.001
0.712	0.286	0.001	0.001
0.025	0.174	0.800	0.001
0.425	0.573	0.001	0.001
0.001	0.001	0.997	0.001
>CCAGCC	12-CCAGCC	1.394987	-230.989564	0	T:8210.0(34.18%),B:6967.3(27.89%),P:1e-100	Tpos:51.4,Tstd:28.7,Bpos:50.7,Bstd:32.5,StrandBias:1.0,Multiplicity:1.19
0.001	0.997	0.001	0.001
0.001	0.997	0.001	0.001
0.598	0.001	0.400	0.001
0.001	0.001	0.997	0.001
0.001	0.997	0.001	0.001
0.001	0.997	0.001	0.001
>CACAGC	13-CACAGC	5.464434	-220.583312	0	T:4509.0(18.77%),B:3477.3(13.92%),P:1e-95	Tpos:53.2,Tstd:28.3,Bpos:49.3,Bstd:32.7,StrandBias:0.7,Multiplicity:1.11
0.001	0.915	0.001	0.083
0.703	0.001	0.295	0.001
0.001	0.997	0.001	0.001
0.997	0.001	0.001	0.001
0.001	0.001	0.997	0.001
0.001	0.997	0.001	0.001
>CCGCTC	14-CCGCTC	4.767699	-200.842373	0	T:5907.0(24.59%),B:4841.0(19.38%),P:1e-87	Tpos:53.3,Tstd:28.6,Bpos:49.3,Bstd:32.0,StrandBias:1.1,Multiplicity:1.11
0.001	0.997	0.001	0.001
0.001	0.997	0.001	0.001
0.001	0.001	0.997	0.001
0.001	0.510	0.134	0.355
0.057	0.001	0.001	0.941
0.001	0.997	0.001	0.001
>ACCGCA	15-ACCGCA	4.810102	-200.177460	0	T:7280.0(30.31%),B:6163.4(24.67%),P:1e-86	Tpos:52.3,Tstd:27.8,Bpos:51.4,Bstd:30.4,StrandBias:0.8,Multiplicity:1.16
0.785	0.079	0.135	0.001
0.085	0.854	0.001	0.060
0.001	0.642	0.259	0.098
0.001	0.001	0.997	0.001
0.001	0.997	0.001	0.001
0.997	0.001	0.001	0.001
>CATTTC	16-CATTTC	7.350040	-129.254633	0	T:2334.0(9.72%),B:1741.8(6.97%),P:1e-56	Tpos:50.7,Tstd:27.9,Bpos:49.6,Bstd:32.7,StrandBias:1.0,Multiplicity:1.07
0.001	0.997	0.001	0.001
0.596	0.001	0.390	0.013
0.001	0.001	0.001	0.997
0.012	0.001	0.001	0.986
0.001	0.001	0.001	0.997
0.001	0.997	0.001	0.001
>CTTATC	17-CTTATC	8.201870	-114.918611	0	T:1044.0(4.35%),B:664.0(2.66%),P:1e-49	Tpos:43.3,Tstd:25.4,Bpos:48.3,Bstd:34.3,StrandBias:1.4,Multiplicity:1.02
0.001	0.965	0.001	0.033
0.001	0.001	0.001	0.997
0.001	0.001	0.001	0.997
0.997	0.001	0.001	0.001
0.033	0.001	0.001	0.965
0.033	0.965	0.001	0.001
>CTACTA	18-CTACTA	6.014339	-100.078441	0	T:1484.0(6.18%),B:1062.6(4.25%),P:1e-43	Tpos:44.8,Tstd:26.4,Bpos:51.2,Bstd:29.8,StrandBias:0.1,Multiplicity:1.23
0.001	0.839	0.159	0.001
0.001	0.001	0.001	0.997
0.997	0.001	0.001	0.001
0.001	0.636	0.362	0.001
0.001	0.001	0.001	0.997
0.997	0.001	0.001	0.001
>TGGACT	19-TGGACT	6.177716	-78.480363	0	T:1139.0(4.74%),B:811.7(3.25%),P:1e-34	Tpos:52.3,Tstd:27.4,Bpos:50.6,Bstd:30.2,StrandBias:-0.8,Multiplicity:1.02
0.100	0.100	0.100	0.700
0.100	0.100	0.700	0.100
0.100	0.100	0.700	0.100
0.700	0.100	0.100	0.100
0.100	0.700	0.100	0.100
0.100	0.100	0.100	0.700
>CWGTCT	20-CWGTCT	7.465725	-60.719798	0	T:1970.0(8.20%),B:1608.5(6.44%),P:1e-26	Tpos:52.8,Tstd:27.6,Bpos:49.1,Bstd:30.5,StrandBias:0.7,Multiplicity:1.07
0.001	0.997	0.001	0.001
0.433	0.001	0.001	0.565
0.001	0.001	0.997	0.001
0.001	0.001	0.001	0.997
0.001	0.997	0.001	0.001
0.001	0.001	0.001	0.997
>CTAGCT	21-CTAGCT	6.177716	-14.419604	0	T:1359.0(5.66%),B:1239.6(4.96%),P:1e-6	Tpos:55.2,Tstd:28.4,Bpos:49.7,Bstd:30.2,StrandBias:0.1,Multiplicity:1.26
0.100	0.700	0.100	0.100
0.100	0.100	0.100	0.700
0.700	0.100	0.100	0.100
0.100	0.100	0.700	0.100
0.100	0.700	0.100	0.100
0.100	0.100	0.100	0.700
>KWTATATA	1-KWTATATA	4.808190	-1284.972188	0	T:5715.0(23.79%),B:2996.4(11.99%),P:1e-558	Tpos:32.3,Tstd:13.9,Bpos:51.0,Bstd:36.6,StrandBias:-0.2,Multiplicity:1.09
0.104	0.001	0.412	0.483
0.404	0.245	0.044	0.306
0.001	0.036	0.001	0.962
0.800	0.001	0.042	0.157
0.259	0.001	0.001	0.739
0.926	0.001	0.014	0.059
0.319	0.076	0.090	0.515
0.678	0.007	0.314	0.001
>GGGATKGG	2-GGGATKGG	5.077192	-1077.496752	0	T:10820.0(45.05%),B:7692.5(30.79%),P:1e-467	Tpos:54.0,Tstd:26.6,Bpos:50.0,Bstd:31.6,StrandBias:-2.2,Multiplicity:1.53
0.001	0.001	0.671	0.327
0.009	0.001	0.989	0.001
0.379	0.001	0.619	0.001
0.633	0.001	0.098	0.268
0.087	0.153	0.268	0.493
0.001	0.038	0.483	0.478
0.043	0.040	0.784	0.133
0.289	0.001	0.709	0.001
>CTCGTCTC	3-CTCGTCTC	4.734266	-820.749698	0	T:11631.0(48.43%),B:8915.2(35.69%),P:1e-356	Tpos:56.2,Tstd:26.6,Bpos:49.6,Bstd:32.7,StrandBias:1.5,Multiplicity:1.45
0.050	0.747	0.067	0.136
0.051	0.196	0.065	0.688
0.071	0.868	0.023	0.038
0.062	0.174	0.599	0.165
0.087	0.221	0.047	0.645
0.034	0.783	0.048	0.135
0.071	0.052	0.059	0.818
0.037	0.853	0.026	0.084
>CCACCACC	4-CCACCACC	5.605820	-605.418453	0	T:7557.0(31.46%),B:5447.1(21.80%),P:1e-262	Tpos:56.9,Tstd:27.3,Bpos:49.7,Bstd:30.5,StrandBias:1.6,Multiplicity:1.17
0.120	0.782	0.040	0.058
0.110	0.808	0.013	0.069
0.520	0.182	0.250	0.048
0.049	0.845	0.059	0.047
0.086	0.834	0.011	0.069
0.596	0.043	0.266	0.095
0.065	0.822	0.080	0.033
0.086	0.795	0.057	0.062
>AAACCCTA	5-AAACCCTA	9.536845	-472.841467	0	T:891.0(3.71%),B:273.5(1.09%),P:1e-205	Tpos:54.5,Tstd:26.4,Bpos:48.1,Bstd:33.4,StrandBias:0.8,Multiplicity:1.02
0.997	0.001	0.001	0.001
0.997	0.001	0.001	0.001
0.997	0.001	0.001	0.001
0.001	0.997	0.001	0.001
0.001	0.997	0.001	0.001
0.001	0.997	0.001	0.001
0.001	0.001	0.001	0.997
0.782	0.216	0.001	0.001
>RAACGRAA	6-RAACGRAA	6.198500	-402.802580	0	T:5185.0(21.59%),B:3688.1(14.76%),P:1e-174	Tpos:48.6,Tstd:27.1,Bpos:49.8,Bstd:33.6,StrandBias:0.2,Multiplicity:1.19
0.519	0.010	0.470	0.001
0.839	0.001	0.159	0.001
0.945	0.019	0.035	0.001
0.001	0.454	0.283	0.262
0.289	0.231	0.480	0.001
0.556	0.001	0.442	0.001
0.997	0.001	0.001	0.001
0.721	0.277	0.001	0.001
>CACWCACA	7-CACWCACA	6.029177	-354.033076	0	T:2776.0(11.56%),B:1712.6(6.86%),P:1e-153	Tpos:55.4,Tstd:26.3,Bpos:50.3,Bstd:30.5,StrandBias:1.5,Multiplicity:1.14
0.170	0.806	0.001	0.023
0.765	0.001	0.233	0.001
0.001	0.871	0.127	0.001
0.549	0.001	0.001	0.449
0.062	0.807	0.077	0.054
0.649	0.001	0.307	0.043
0.001	0.971	0.027	0.001
0.658	0.046	0.035	0.261
>CACCGCAC	8-CACCGCAC	6.408997	-330.232531	0	T:2734.0(11.38%),B:1712.1(6.85%),P:1e-143	Tpos:54.4,Tstd:27.3,Bpos:48.8,Bstd:31.2,StrandBias:1.3,Multiplicity:1.08
0.028	0.938	0.001	0.033
0.926	0.001	0.045	0.028
0.027	0.956	0.001	0.016
0.174	0.644	0.152	0.030
0.081	0.012	0.870	0.037
0.015	0.983	0.001	0.001
0.902	0.022	0.044	0.032
0.001	0.921	0.052	0.026
>AACCCTAG	9-AACCCTAG	9.996378	-321.733475	0	T:712.0(2.96%),B:244.9(0.98%),P:1e-139	Tpos:55.0,Tstd:27.9,Bpos:44.1,Bstd:29.8,StrandBias:0.9,Multiplicity:1.00
0.997	0.001	0.001	0.001
0.997	0.001	0.001	0.001
0.001	0.997	0.001	0.001
0.001	0.997	0.001	0.001
0.001	0.997	0.001	0.001
0.001	0.001	0.001	0.997
0.997	0.001	0.001	0.001
0.001	0.342	0.656	0.001
>TCTCTCTC	10-TCTCTCTC	5.139787	-269.658486	0	T:5661.0(23.57%),B:4415.6(17.67%),P:1e-117	Tpos:54.6,Tstd:27.3,Bpos:50.5,Bstd:33.8,StrandBias:1.0,Multiplicity:1.14
0.090	0.114	0.147	0.649
0.094	0.795	0.046	0.065
0.062	0.061	0.172	0.705
0.062	0.748	0.081	0.109
0.062	0.051	0.091	0.796
0.039	0.819	0.033	0.109
0.073	0.048	0.129	0.750
0.097	0.741	0.066	0.096
>YTGCTWGC	11-YTGCTWGC	5.977280	-240.121556	0	T:2860.0(11.91%),B:1966.4(7.87%),P:1e-104	Tpos:54.8,Tstd:27.3,Bpos:50.1,Bstd:29.9,StrandBias:0.1,Multiplicity:1.20
0.001	0.478	0.001	0.520
0.401	0.001	0.001	0.597
0.001	0.001	0.997	0.001
0.001	0.971	0.027	0.001
0.001	0.358	0.001	0.640
0.475	0.001	0.001	0.523
0.001	0.001	0.997	0.001
0.001	0.849	0.060	0.090
>GGAAGCGG	12-GGAAGCGG	6.693671	-221.433816	0	T:3293.0(13.71%),B:2380.4(9.53%),P:1e-96	Tpos:54.5,Tstd:27.3,Bpos:50.3,Bstd:31.3,StrandBias:-1.0,Multiplicity:1.09
0.001	0.001	0.997	0.001
0.021	0.223	0.755	0.001
0.573	0.397	0.001	0.029
0.600	0.083	0.001	0.316
0.001	0.001	0.870	0.128
0.191	0.807	0.001	0.001
0.001	0.001	0.997	0.001
0.068	0.001	0.930	0.001
>YCTTATCC	13-YCTTATCC	5.518968	-218.212358	0	T:657.0(2.74%),B:271.4(1.09%),P:1e-94	Tpos:44.9,Tstd:24.9,Bpos:47.8,Bstd:33.6,StrandBias:1.5,Multiplicity:1.03
0.001	0.435	0.001	0.563
0.001	0.592	0.406	0.001
0.001	0.001	0.001	0.997
0.001	0.001	0.001	0.997
0.997	0.001	0.001	0.001
0.001	0.001	0.001	0.997
0.001	0.997	0.001	0.001
0.001	0.983	0.001	0.015
>CGGCCGCC	14-CGGCCGCC	5.355783	-209.833097	0	T:4756.0(19.80%),B:3733.7(14.94%),P:1e-91	Tpos:54.2,Tstd:28.3,Bpos:49.8,Bstd:31.7,StrandBias:0.3,Multiplicity:1.14
0.035	0.942	0.001	0.022
0.042	0.001	0.924	0.033
0.001	0.109	0.839	0.051
0.030	0.954	0.001	0.015
0.030	0.855	0.056	0.059
0.001	0.016	0.932	0.051
0.001	0.709	0.201	0.089
0.062	0.916	0.001	0.021
>GGKTTTAA	15-GGKTTTAA	9.238200	-197.874460	0	T:340.0(1.42%),B:97.1(0.39%),P:1e-85	Tpos:42.3,Tstd:24.4,Bpos:51.2,Bstd:37.2,StrandBias:-1.7,Multiplicity:1.00
0.001	0.001	0.997	0.001
0.001	0.001	0.997	0.001
0.001	0.001	0.517	0.481
0.001	0.001	0.001	0.997
0.001	0.001	0.001	0.997
0.001	0.001	0.001	0.997
0.689	0.001	0.001	0.309
0.997	0.001	0.001	0.001
>CTTCCKTY	16-CTTCCKTY	5.664195	-195.984736	0	T:998.0(4.16%),B:525.1(2.10%),P:1e-85	Tpos:52.8,Tstd:27.3,Bpos:49.9,Bstd:33.0,StrandBias:1.0,Multiplicity:1.04
0.001	0.997	0.001	0.001
0.001	0.001	0.001	0.997
0.001	0.001	0.001	0.997
0.001	0.997	0.001	0.001
0.001	0.997	0.001	0.001
0.001	0.001	0.438	0.560
0.001	0.001	0.001	0.997
0.001	0.470	0.008	0.521
>GAGTGGTG	17-GAGTGGTG	5.775009	-153.568090	0	T:616.0(2.56%),B:293.7(1.18%),P:1e-66	Tpos:53.0,Tstd:28.2,Bpos:49.2,Bstd:31.0,StrandBias:-1.6,Multiplicity:1.02
0.001	0.001	0.997	0.001
0.997	0.001	0.001	0.001
0.001	0.035	0.963	0.001
0.001	0.001	0.001	0.997
0.001	0.001	0.997	0.001
0.001	0.001	0.997	0.001
0.001	0.143	0.001	0.855
0.001	0.001	0.997	0.001
>GGACAGGA	18-GGACAGGA	7.872933	-152.805444	0	T:969.0(4.03%),B:552.5(2.21%),P:1e-66	Tpos:49.9,Tstd:29.0,Bpos:47.6,Bstd:29.8,StrandBias:-1.1,Multiplicity:1.05
0.135	0.001	0.863	0.001
0.001	0.001	0.997	0.001
0.997	0.001	0.001	0.001
0.001	0.760	0.001	0.238
0.724	0.213	0.062	0.001
0.001	0.001	0.997	0.001
0.001	0.001	0.997	0.001
0.997	0.001	0.001	0.001
>TGCGCTGC	19-TGCGCTGC	7.816229	-141.350567	0	T:843.0(3.51%),B:470.8(1.88%),P:1e-61	Tpos:54.8,Tstd:26.8,Bpos:51.5,Bstd:30.3,StrandBias:-0.4,Multiplicity:1.06
0.001	0.001	0.001	0.997
0.078	0.001	0.920	0.001
0.001	0.997	0.001	0.001
0.001	0.001	0.801	0.197
0.212	0.699	0.001	0.088
0.001	0.001	0.001	0.997
0.001	0.001	0.997	0.001
0.001	0.997	0.001	0.001
>TCGCATCG	20-TCGCATCG	7.515352	-139.138132	0	T:450.0(1.87%),B:193.8(0.78%),P:1e-60	Tpos:53.4,Tstd:29.3,Bpos:54.8,Bstd:26.0,StrandBias:0.9,Multiplicity:1.00
0.001	0.001	0.001	0.997
0.001	0.997	0.001	0.001
0.001	0.001	0.997	0.001
0.001	0.997	0.001	0.001
0.963	0.035	0.001	0.001
0.001	0.001	0.001	0.997
0.001	0.815	0.001	0.183
0.001	0.001	0.997	0.001
>CTAGTAGT	21-CTAGTAGT	5.527263	-137.936972	0	T:987.0(4.11%),B:585.8(2.34%),P:1e-59	Tpos:46.2,Tstd:26.2,Bpos:52.8,Bstd:27.6,StrandBias:-0.1,Multiplicity:1.06
0.001	0.848	0.142	0.009
0.035	0.021	0.001	0.943
0.960	0.001	0.038	0.001
0.001	0.318	0.680	0.001
0.001	0.008	0.001	0.990
0.997	0.001	0.001	0.001
0.012	0.065	0.922	0.001
0.129	0.082	0.028	0.761
>GATTTTTC	22-GATTTTTC	8.617115	-107.412293	0	T:503.0(2.09%),B:256.0(1.02%),P:1e-46	Tpos:40.3,Tstd:26.8,Bpos:51.2,Bstd:32.3,StrandBias:0.1,Multiplicity:1.07
0.001	0.001	0.997	0.001
0.997	0.001	0.001	0.001
0.001	0.001	0.001	0.997
0.295	0.001	0.001	0.703
0.001	0.001	0.001	0.997
0.001	0.001	0.001	0.997
0.001	0.001	0.001	0.997
0.001	0.707	0.001	0.291
>CATCCGTC	23-CATCCGTC	8.236954	-55.397898	0	T:105.0(0.44%),B:33.4(0.13%),P:1e-24	Tpos:50.1,Tstd:29.3,Bpos:48.3,Bstd:18.2,StrandBias:3.2,Multiplicity:1.00
0.100	0.700	0.100	0.100
0.700	0.100	0.100	0.100
0.100	0.100	0.100	0.700
0.100	0.700	0.100	0.100
0.100	0.700	0.100	0.100
0.100	0.100	0.700	0.100
0.100	0.100	0.100	0.700
0.100	0.700	0.100	0.100
>TAGATAGA	24-TAGATAGA	8.236954	-30.253333	0	T:96.0(0.40%),B:42.2(0.17%),P:1e-13	Tpos:43.7,Tstd:25.5,Bpos:55.1,Bstd:25.7,StrandBias:-1.0,Multiplicity:1.10
0.100	0.100	0.100	0.700
0.700	0.100	0.100	0.100
0.100	0.100	0.700	0.100
0.700	0.100	0.100	0.100
0.100	0.100	0.100	0.700
0.700	0.100	0.100	0.100
0.100	0.100	0.700	0.100
0.700	0.100	0.100	0.100
>ATTGTATA	25-ATTGTATA	8.236954	-17.204211	0	T:31.0(0.13%),B:10.1(0.04%),P:1e-7	Tpos:29.4,Tstd:22.2,Bpos:39.5,Bstd:12.0,StrandBias:-0.5,Multiplicity:1.00
0.700	0.100	0.100	0.100
0.100	0.100	0.100	0.700
0.100	0.100	0.100	0.700
0.100	0.100	0.700	0.100
0.100	0.100	0.100	0.700
0.700	0.100	0.100	0.100
0.100	0.100	0.100	0.700
0.700	0.100	0.100	0.100
