>BBYHTATATA	1-BBYHTATATA	5.904403	-1580.146189	0	T:3835.0(15.97%),B:1454.1(5.81%),P:1e-686	Tpos:31.9,Tstd:11.5,Bpos:50.9,Bstd:35.8,StrandBias:0.1,Multiplicity:1.04
0.125	0.340	0.270	0.265
0.129	0.347	0.302	0.222
0.169	0.256	0.198	0.377
0.327	0.247	0.171	0.254
0.001	0.019	0.001	0.979
0.682	0.011	0.001	0.306
0.177	0.001	0.001	0.821
0.892	0.001	0.001	0.106
0.358	0.001	0.016	0.625
0.904	0.047	0.031	0.018
>CCCCCMYYCC	2-CCCCCMYYCC	5.542157	-1412.377156	0	T:10822.0(45.06%),B:7232.9(28.89%),P:1e-613	Tpos:55.8,Tstd:26.1,Bpos:49.9,Bstd:32.3,StrandBias:2.2,Multiplicity:1.52
0.218	0.477	0.001	0.303
0.212	0.502	0.001	0.285
0.193	0.504	0.001	0.302
0.001	0.963	0.001	0.035
0.244	0.533	0.222	0.001
0.276	0.391	0.106	0.227
0.203	0.441	0.051	0.306
0.222	0.317	0.037	0.424
0.001	0.839	0.001	0.159
0.001	0.997	0.001	0.001
>CCKCTCGTCT	3-CCKCTCGTCT	5.093350	-766.716118	0	T:10373.0(43.19%),B:7809.9(31.19%),P:1e-332	Tpos:54.4,Tstd:27.0,Bpos:50.1,Bstd:31.5,StrandBias:1.1,Multiplicity:1.26
0.001	0.696	0.122	0.181
0.001	0.488	0.300	0.211
0.037	0.262	0.279	0.421
0.001	0.560	0.187	0.252
0.001	0.388	0.001	0.610
0.006	0.885	0.108	0.001
0.055	0.090	0.798	0.057
0.024	0.347	0.022	0.607
0.001	0.733	0.085	0.181
0.011	0.233	0.005	0.751
>CCAAACCCAA	4-CCAAACCCAA	5.960642	-697.794935	0	T:4096.0(17.05%),B:2340.4(9.35%),P:1e-303	Tpos:51.1,Tstd:26.1,Bpos:49.6,Bstd:31.3,StrandBias:1.8,Multiplicity:1.15
0.192	0.611	0.089	0.108
0.352	0.585	0.061	0.002
0.641	0.230	0.123	0.006
0.944	0.001	0.054	0.001
0.760	0.103	0.088	0.049
0.242	0.521	0.149	0.088
0.023	0.860	0.109	0.008
0.334	0.620	0.042	0.004
0.732	0.137	0.009	0.122
0.643	0.197	0.146	0.014
>TCTCTCTCTC	5-TCTCTCTCTC	5.359286	-505.910943	0	T:5768.0(24.02%),B:4025.5(16.08%),P:1e-219	Tpos:55.8,Tstd:26.5,Bpos:51.8,Bstd:33.4,StrandBias:1.3,Multiplicity:1.12
0.063	0.161	0.131	0.645
0.084	0.691	0.094	0.131
0.040	0.142	0.141	0.677
0.061	0.719	0.101	0.119
0.086	0.137	0.124	0.653
0.004	0.755	0.123	0.118
0.105	0.101	0.074	0.720
0.069	0.728	0.091	0.112
0.062	0.113	0.141	0.684
0.001	0.731	0.115	0.153
>ACACACACAC	6-ACACACACAC	4.781690	-444.716642	0	T:5755.0(23.96%),B:4126.2(16.48%),P:1e-193	Tpos:54.6,Tstd:25.9,Bpos:50.9,Bstd:29.2,StrandBias:1.8,Multiplicity:1.13
0.641	0.139	0.115	0.105
0.122	0.748	0.078	0.052
0.643	0.118	0.140	0.099
0.101	0.769	0.094	0.036
0.654	0.100	0.144	0.102
0.105	0.744	0.102	0.049
0.675	0.101	0.138	0.086
0.117	0.742	0.108	0.033
0.651	0.125	0.140	0.084
0.116	0.734	0.101	0.049
>CACAGCACAS	7-CACAGCACAS	6.351099	-444.459470	0	T:3177.0(13.23%),B:1917.6(7.66%),P:1e-193	Tpos:55.3,Tstd:26.9,Bpos:50.2,Bstd:29.7,StrandBias:1.3,Multiplicity:1.11
0.073	0.897	0.028	0.002
0.664	0.009	0.237	0.090
0.003	0.951	0.045	0.001
0.532	0.276	0.066	0.126
0.109	0.139	0.630	0.122
0.026	0.844	0.105	0.025
0.551	0.200	0.109	0.140
0.068	0.860	0.071	0.001
0.547	0.110	0.246	0.097
0.222	0.446	0.329	0.003
>CMGCMGCMGC	8-CMGCMGCMGC	6.785069	-311.917421	0	T:3786.0(15.76%),B:2637.2(10.53%),P:1e-135	Tpos:59.0,Tstd:26.6,Bpos:49.3,Bstd:31.0,StrandBias:0.9,Multiplicity:1.10
0.232	0.748	0.001	0.019
0.397	0.348	0.191	0.064
0.064	0.063	0.841	0.032
0.001	0.858	0.001	0.140
0.335	0.478	0.095	0.092
0.001	0.055	0.943	0.001
0.001	0.819	0.001	0.179
0.324	0.437	0.064	0.175
0.156	0.001	0.794	0.049
0.001	0.738	0.001	0.260
>CTGCCTGCCT	9-CTGCCTGCCT	7.318236	-257.120585	0	T:1203.0(5.01%),B:614.8(2.46%),P:1e-111	Tpos:53.7,Tstd:26.4,Bpos:47.8,Bstd:30.5,StrandBias:0.1,Multiplicity:1.03
0.025	0.786	0.137	0.052
0.049	0.122	0.046	0.783
0.044	0.042	0.832	0.082
0.064	0.781	0.106	0.049
0.036	0.859	0.031	0.074
0.056	0.056	0.042	0.846
0.013	0.085	0.833	0.069
0.041	0.749	0.154	0.056
0.038	0.821	0.057	0.084
0.083	0.117	0.090	0.710
>AAACCCTCGC	10-AAACCCTCGC	10.601191	-227.316467	0	T:302.0(1.26%),B:69.6(0.28%),P:1e-98	Tpos:56.2,Tstd:24.6,Bpos:48.1,Bstd:22.8,StrandBias:0.9,Multiplicity:1.00
0.997	0.001	0.001	0.001
0.997	0.001	0.001	0.001
0.752	0.001	0.246	0.001
0.276	0.722	0.001	0.001
0.001	0.695	0.001	0.303
0.001	0.997	0.001	0.001
0.001	0.001	0.001	0.997
0.278	0.437	0.001	0.284
0.068	0.001	0.888	0.043
0.001	0.955	0.043	0.001
>TCGCGACTCG	11-TCGCGACTCG	7.687796	-201.251752	0	T:348.0(1.45%),B:100.5(0.40%),P:1e-87	Tpos:57.6,Tstd:26.8,Bpos:55.4,Bstd:30.2,StrandBias:0.3,Multiplicity:1.02
0.042	0.001	0.001	0.956
0.007	0.991	0.001	0.001
0.014	0.001	0.962	0.023
0.079	0.786	0.134	0.001
0.107	0.082	0.788	0.023
0.868	0.024	0.015	0.093
0.032	0.751	0.216	0.001
0.001	0.001	0.001	0.997
0.001	0.976	0.022	0.001
0.001	0.023	0.974	0.002
>TASTAGTAGT	12-TASTAGTAGT	6.484807	-166.907827	0	T:777.0(3.24%),B:395.6(1.58%),P:1e-72	Tpos:46.8,Tstd:25.0,Bpos:47.6,Bstd:28.0,StrandBias:-0.2,Multiplicity:1.06
0.088	0.142	0.114	0.656
0.660	0.036	0.195	0.109
0.036	0.520	0.417	0.027
0.036	0.038	0.016	0.910
0.767	0.017	0.127	0.089
0.024	0.319	0.641	0.016
0.015	0.099	0.009	0.877
0.863	0.022	0.058	0.057
0.014	0.289	0.660	0.037
0.145	0.214	0.086	0.555
>TCACTCACCA	13-TCACTCACCA	5.234246	-157.068921	0	T:733.0(3.05%),B:373.6(1.49%),P:1e-68	Tpos:53.1,Tstd:26.9,Bpos:52.1,Bstd:26.6,StrandBias:1.8,Multiplicity:1.03
0.001	0.300	0.001	0.698
0.001	0.997	0.001	0.001
0.997	0.001	0.001	0.001
0.001	0.997	0.001	0.001
0.001	0.001	0.001	0.997
0.001	0.997	0.001	0.001
0.997	0.001	0.001	0.001
0.001	0.609	0.001	0.389
0.001	0.997	0.001	0.001
0.997	0.001	0.001	0.001
>CTAGCTAGCT	14-CTAGCTAGCT	7.446558	-146.739756	0	T:716.0(2.98%),B:371.5(1.48%),P:1e-63	Tpos:56.0,Tstd:26.9,Bpos:49.8,Bstd:28.9,StrandBias:0.2,Multiplicity:1.04
0.098	0.797	0.079	0.026
0.061	0.143	0.025	0.771
0.735	0.079	0.041	0.145
0.034	0.026	0.913	0.027
0.025	0.881	0.044	0.050
0.070	0.065	0.049	0.816
0.745	0.074	0.053	0.128
0.033	0.031	0.917	0.019
0.073	0.746	0.052	0.129
0.152	0.107	0.061	0.680
>AGAAGATAAG	15-AGAAGATAAG	9.479397	-146.055853	0	T:206.0(0.86%),B:50.1(0.20%),P:1e-63	Tpos:45.9,Tstd:25.0,Bpos:56.0,Bstd:27.5,StrandBias:-1.4,Multiplicity:1.03
0.883	0.001	0.072	0.044
0.044	0.032	0.923	0.001
0.871	0.095	0.001	0.033
0.720	0.008	0.239	0.033
0.067	0.001	0.931	0.001
0.997	0.001	0.001	0.001
0.001	0.022	0.001	0.976
0.966	0.032	0.001	0.001
0.991	0.007	0.001	0.001
0.001	0.109	0.850	0.040
>CCTTATCTCC	16-CCTTATCTCC	11.272575	-125.069601	0	T:59.0(0.25%),B:3.4(0.01%),P:1e-54	Tpos:47.3,Tstd:22.5,Bpos:84.0,Bstd:0.0,StrandBias:2.7,Multiplicity:1.00
0.001	0.997	0.001	0.001
0.001	0.893	0.009	0.097
0.001	0.001	0.001	0.997
0.001	0.001	0.001	0.997
0.996	0.002	0.001	0.001
0.001	0.001	0.001	0.997
0.001	0.996	0.001	0.002
0.001	0.078	0.018	0.903
0.040	0.877	0.082	0.001
0.001	0.996	0.002	0.001
>YAGTCYACTC	17-YAGTCYACTC	9.527355	-115.552911	0	T:134.0(0.56%),B:27.9(0.11%),P:1e-50	Tpos:54.7,Tstd:26.5,Bpos:45.2,Bstd:22.6,StrandBias:1.5,Multiplicity:1.03
0.001	0.491	0.001	0.507
0.997	0.001	0.001	0.001
0.001	0.151	0.847	0.001
0.001	0.001	0.001	0.997
0.030	0.968	0.001	0.001
0.001	0.440	0.095	0.464
0.699	0.001	0.001	0.299
0.163	0.648	0.188	0.001
0.001	0.031	0.001	0.967
0.323	0.675	0.001	0.001
>CGACTGCGAG	18-CGACTGCGAG	8.951338	-113.579959	0	T:269.0(1.12%),B:97.0(0.39%),P:1e-49	Tpos:54.8,Tstd:26.9,Bpos:48.7,Bstd:31.0,StrandBias:-0.5,Multiplicity:1.00
0.054	0.924	0.012	0.010
0.020	0.001	0.978	0.001
0.863	0.067	0.069	0.001
0.001	0.952	0.018	0.029
0.067	0.140	0.001	0.792
0.098	0.001	0.829	0.072
0.029	0.899	0.054	0.018
0.001	0.028	0.970	0.001
0.962	0.036	0.001	0.001
0.001	0.029	0.952	0.018
>DGATTTTTCY	19-DGATTTTTCY	8.560203	-111.626863	0	T:368.0(1.53%),B:160.3(0.64%),P:1e-48	Tpos:39.9,Tstd:26.6,Bpos:50.9,Bstd:35.7,StrandBias:0.2,Multiplicity:1.07
0.338	0.122	0.331	0.208
0.161	0.001	0.693	0.145
0.944	0.038	0.017	0.001
0.129	0.036	0.054	0.781
0.319	0.003	0.001	0.677
0.001	0.001	0.001	0.997
0.001	0.002	0.001	0.996
0.030	0.001	0.023	0.946
0.089	0.650	0.001	0.260
0.162	0.413	0.016	0.410
>CGAATCGAAT	20-CGAATCGAAT	7.052600	-107.943331	0	T:543.0(2.26%),B:285.8(1.14%),P:1e-46	Tpos:54.5,Tstd:27.5,Bpos:46.5,Bstd:25.9,StrandBias:0.2,Multiplicity:1.05
0.026	0.826	0.121	0.027
0.094	0.046	0.830	0.030
0.832	0.091	0.066	0.011
0.808	0.063	0.041	0.088
0.064	0.043	0.072	0.821
0.044	0.824	0.055	0.077
0.068	0.056	0.862	0.014
0.783	0.085	0.097	0.035
0.755	0.037	0.131	0.077
0.087	0.089	0.164	0.660
>TCTTAAACCC	21-TCTTAAACCC	9.668947	-100.878898	0	T:56.0(0.23%),B:4.3(0.02%),P:1e-43	Tpos:45.0,Tstd:27.6,Bpos:47.1,Bstd:2.5,StrandBias:2.2,Multiplicity:1.00
0.072	0.111	0.069	0.748
0.108	0.772	0.079	0.041
0.102	0.157	0.057	0.684
0.093	0.045	0.131	0.731
0.690	0.101	0.067	0.142
0.881	0.032	0.021	0.066
0.781	0.094	0.060	0.065
0.044	0.895	0.019	0.042
0.015	0.947	0.015	0.023
0.072	0.875	0.015	0.038
>TCCATCCATC	22-TCCATCCATC	11.601330	-100.122935	0	T:110.0(0.46%),B:21.1(0.08%),P:1e-43	Tpos:61.9,Tstd:26.5,Bpos:61.5,Bstd:20.1,StrandBias:3.6,Multiplicity:1.00
0.001	0.246	0.001	0.752
0.001	0.794	0.059	0.146
0.001	0.997	0.001	0.001
0.997	0.001	0.001	0.001
0.001	0.001	0.001	0.997
0.004	0.994	0.001	0.001
0.001	0.972	0.001	0.026
0.997	0.001	0.001	0.001
0.001	0.001	0.001	0.997
0.001	0.997	0.001	0.001
>CGATCCGATC	23-CGATCCGATC	10.372976	-58.831253	0	T:43.0(0.18%),B:5.6(0.02%),P:1e-25	Tpos:58.5,Tstd:29.6,Bpos:54.3,Bstd:25.3,StrandBias:0.7,Multiplicity:1.08
0.001	0.997	0.001	0.001
0.036	0.001	0.962	0.001
0.916	0.001	0.001	0.082
0.001	0.001	0.001	0.997
0.001	0.997	0.001	0.001
0.001	0.997	0.001	0.001
0.001	0.001	0.997	0.001
0.962	0.001	0.001	0.036
0.001	0.001	0.001	0.997
0.001	0.979	0.001	0.019
>TACTATTATT	24-TACTATTATT	8.432960	-58.181185	0	T:144.0(0.60%),B:54.5(0.22%),P:1e-25	Tpos:41.5,Tstd:24.5,Bpos:39.3,Bstd:32.3,StrandBias:0.0,Multiplicity:1.02
0.052	0.038	0.056	0.854
0.656	0.040	0.116	0.188
0.060	0.601	0.079	0.260
0.036	0.021	0.059	0.884
0.834	0.043	0.060	0.063
0.052	0.007	0.021	0.920
0.050	0.023	0.016	0.911
0.726	0.158	0.048	0.068
0.023	0.076	0.044	0.857
0.076	0.047	0.116	0.761
>GCCGCCGCTC	25-GCCGCCGCTC	10.296193	-32.109129	0	T:101.0(0.42%),B:44.7(0.18%),P:1e-13	Tpos:68.8,Tstd:25.4,Bpos:55.7,Bstd:1.2,StrandBias:2.9,Multiplicity:1.00
0.100	0.100	0.700	0.100
0.100	0.700	0.100	0.100
0.100	0.700	0.100	0.100
0.100	0.100	0.700	0.100
0.100	0.700	0.100	0.100
0.100	0.700	0.100	0.100
0.100	0.100	0.700	0.100
0.100	0.700	0.100	0.100
0.100	0.100	0.100	0.700
0.100	0.700	0.100	0.100
>TATATAWANVNV	1-TATATAWANVNV	5.415491	-1631.002578	0	T:4044.0(16.84%),B:1558.1(6.22%),P:1e-708	Tpos:32.0,Tstd:11.6,Bpos:50.8,Bstd:35.2,StrandBias:0.0,Multiplicity:1.18
0.121	0.187	0.137	0.555
0.490	0.155	0.031	0.324
0.045	0.005	0.001	0.949
0.786	0.001	0.001	0.212
0.274	0.001	0.001	0.724
0.967	0.001	0.001	0.031
0.326	0.088	0.193	0.393
0.519	0.173	0.204	0.104
0.250	0.233	0.289	0.229
0.294	0.254	0.301	0.151
0.226	0.311	0.286	0.176
0.246	0.310	0.303	0.141
>CCCCCCCCCWCC	2-CCCCCCCCCWCC	4.357532	-1298.361010	0	T:14014.0(58.35%),B:10519.5(42.01%),P:1e-563	Tpos:56.6,Tstd:25.8,Bpos:49.9,Bstd:31.8,StrandBias:2.2,Multiplicity:1.60
0.045	0.778	0.071	0.106
0.073	0.773	0.062	0.092
0.088	0.748	0.072	0.092
0.245	0.440	0.057	0.259
0.147	0.503	0.048	0.302
0.065	0.764	0.068	0.103
0.065	0.765	0.113	0.057
0.085	0.749	0.072	0.094
0.068	0.798	0.062	0.072
0.269	0.141	0.202	0.388
0.045	0.825	0.053	0.077
0.045	0.850	0.050	0.055
>TCCTCTCGTCTC	3-TCCTCTCGTCTC	5.119237	-767.977778	0	T:8050.0(33.52%),B:5628.2(22.48%),P:1e-333	Tpos:56.2,Tstd:25.9,Bpos:50.5,Bstd:32.2,StrandBias:1.0,Multiplicity:1.12
0.019	0.222	0.091	0.668
0.018	0.678	0.129	0.175
0.028	0.485	0.243	0.244
0.030	0.065	0.076	0.829
0.019	0.839	0.086	0.056
0.012	0.027	0.066	0.895
0.014	0.849	0.078	0.059
0.052	0.250	0.433	0.265
0.025	0.093	0.079	0.803
0.007	0.867	0.043	0.083
0.016	0.048	0.142	0.794
0.008	0.838	0.051	0.103
>CCAAACCAAACC	4-CCAAACCAAACC	5.799722	-677.991444	0	T:4023.0(16.75%),B:2305.0(9.21%),P:1e-294	Tpos:51.5,Tstd:25.8,Bpos:49.9,Bstd:30.5,StrandBias:1.8,Multiplicity:1.10
0.183	0.639	0.135	0.043
0.312	0.524	0.138	0.026
0.782	0.127	0.063	0.028
0.839	0.060	0.083	0.018
0.668	0.144	0.121	0.067
0.131	0.676	0.135	0.058
0.169	0.740	0.070	0.021
0.654	0.247	0.066	0.033
0.766	0.080	0.068	0.086
0.743	0.093	0.114	0.050
0.222	0.486	0.230	0.062
0.191	0.668	0.094	0.047
>CACACACACACM	5-CACACACACACM	6.608709	-417.526360	0	T:1749.0(7.28%),B:856.9(3.42%),P:1e-181	Tpos:58.1,Tstd:25.0,Bpos:53.2,Bstd:29.5,StrandBias:1.9,Multiplicity:1.05
0.082	0.826	0.058	0.034
0.684	0.046	0.151	0.119
0.085	0.823	0.062	0.030
0.698	0.028	0.184	0.090
0.093	0.765	0.117	0.025
0.750	0.022	0.160	0.068
0.098	0.700	0.168	0.034
0.648	0.071	0.185	0.096
0.114	0.777	0.081	0.028
0.667	0.083	0.168	0.082
0.094	0.675	0.165	0.066
0.432	0.344	0.152	0.071
>TCACAMBTCACA	6-TCACAMBTCACA	7.222143	-334.585011	0	T:912.0(3.80%),B:357.6(1.43%),P:1e-145	Tpos:54.2,Tstd:25.7,Bpos:53.1,Bstd:26.8,StrandBias:1.5,Multiplicity:1.06
0.075	0.250	0.060	0.615
0.022	0.915	0.031	0.032
0.707	0.114	0.105	0.074
0.062	0.743	0.194	0.001
0.759	0.001	0.148	0.092
0.392	0.350	0.218	0.040
0.137	0.264	0.270	0.328
0.071	0.224	0.088	0.617
0.023	0.917	0.045	0.015
0.779	0.081	0.082	0.058
0.026	0.753	0.215	0.006
0.693	0.099	0.112	0.096
>CTCACAGTCTCA	7-CTCACAGTCTCA	7.719013	-277.005442	0	T:575.0(2.39%),B:189.2(0.76%),P:1e-120	Tpos:53.4,Tstd:26.2,Bpos:51.2,Bstd:26.2,StrandBias:1.0,Multiplicity:1.03
0.079	0.739	0.101	0.081
0.056	0.099	0.058	0.787
0.049	0.853	0.053	0.045
0.661	0.105	0.088	0.146
0.072	0.781	0.093	0.054
0.651	0.087	0.134	0.128
0.077	0.128	0.695	0.100
0.060	0.137	0.089	0.714
0.054	0.822	0.066	0.058
0.093	0.079	0.102	0.726
0.055	0.841	0.057	0.047
0.730	0.085	0.106	0.079
>TTCCRTTCCRTC	8-TTCCRTTCCRTC	7.972264	-274.004542	0	T:782.0(3.26%),B:315.0(1.26%),P:1e-118	Tpos:52.5,Tstd:26.7,Bpos:53.1,Bstd:29.9,StrandBias:1.3,Multiplicity:1.01
0.156	0.024	0.186	0.634
0.016	0.044	0.028	0.912
0.008	0.875	0.004	0.113
0.012	0.924	0.052	0.012
0.388	0.096	0.347	0.168
0.112	0.136	0.142	0.610
0.004	0.059	0.008	0.929
0.008	0.684	0.012	0.296
0.012	0.908	0.028	0.052
0.542	0.028	0.409	0.021
0.153	0.196	0.213	0.438
0.072	0.610	0.105	0.213
>CTAAAACCCTAG	9-CTAAAACCCTAG	10.612448	-254.550732	0	T:260.0(1.08%),B:45.8(0.18%),P:1e-110	Tpos:50.9,Tstd:25.5,Bpos:58.9,Bstd:27.9,StrandBias:0.2,Multiplicity:1.01
0.025	0.662	0.200	0.113
0.164	0.041	0.248	0.547
0.471	0.088	0.305	0.136
0.935	0.020	0.035	0.010
0.984	0.014	0.001	0.001
0.915	0.030	0.030	0.025
0.010	0.940	0.030	0.020
0.010	0.970	0.015	0.005
0.015	0.960	0.005	0.020
0.015	0.025	0.030	0.930
0.840	0.080	0.050	0.030
0.096	0.030	0.864	0.010
>CTGCCTGCCTGC	10-CTGCCTGCCTGC	6.326231	-233.100009	0	T:1487.0(6.19%),B:854.0(3.41%),P:1e-101	Tpos:52.6,Tstd:26.4,Bpos:50.7,Bstd:30.5,StrandBias:-0.2,Multiplicity:1.04
0.099	0.519	0.211	0.171
0.132	0.170	0.158	0.540
0.068	0.133	0.644	0.155
0.089	0.610	0.195	0.106
0.104	0.597	0.141	0.158
0.124	0.155	0.178	0.543
0.067	0.162	0.613	0.158
0.083	0.610	0.189	0.118
0.097	0.602	0.139	0.162
0.123	0.156	0.185	0.536
0.083	0.191	0.583	0.143
0.121	0.507	0.194	0.178
>CCGCAGCCCGCA	11-CCGCAGCCCGCA	7.906777	-213.971812	0	T:807.0(3.36%),B:374.7(1.50%),P:1e-92	Tpos:55.3,Tstd:25.9,Bpos:49.7,Bstd:30.2,StrandBias:0.7,Multiplicity:1.03
0.043	0.817	0.072	0.068
0.110	0.680	0.104	0.106
0.096	0.045	0.819	0.040
0.048	0.816	0.096	0.040
0.708	0.094	0.120	0.078
0.084	0.058	0.808	0.050
0.069	0.656	0.146	0.129
0.075	0.739	0.091	0.095
0.115	0.644	0.138	0.103
0.094	0.080	0.777	0.049
0.056	0.818	0.086	0.040
0.719	0.078	0.123	0.080
>TCGTCGTCTTCT	12-TCGTCGTCTTCT	7.434236	-178.837395	0	T:1070.0(4.46%),B:599.6(2.39%),P:1e-77	Tpos:55.5,Tstd:26.3,Bpos:50.5,Bstd:27.6,StrandBias:1.1,Multiplicity:1.01
0.073	0.171	0.186	0.570
0.059	0.719	0.124	0.098
0.093	0.208	0.473	0.226
0.064	0.182	0.150	0.604
0.039	0.779	0.084	0.098
0.107	0.169	0.450	0.273
0.087	0.157	0.155	0.601
0.034	0.735	0.117	0.114
0.100	0.188	0.234	0.478
0.094	0.131	0.181	0.594
0.046	0.754	0.099	0.101
0.118	0.232	0.198	0.452
>TACTAGTAGTAG	13-TACTAGTAGTAG	7.335701	-172.314126	0	T:434.0(1.81%),B:162.3(0.65%),P:1e-74	Tpos:47.0,Tstd:24.3,Bpos:45.8,Bstd:25.9,StrandBias:-0.1,Multiplicity:1.04
0.068	0.083	0.051	0.798
0.691	0.041	0.089	0.179
0.047	0.591	0.341	0.021
0.030	0.034	0.035	0.901
0.939	0.001	0.036	0.024
0.012	0.294	0.688	0.006
0.021	0.053	0.012	0.914
0.788	0.009	0.082	0.121
0.024	0.329	0.638	0.009
0.033	0.084	0.027	0.856
0.898	0.033	0.045	0.024
0.033	0.245	0.678	0.044
>AGTGCTGTGCTG	14-AGTGCTGTGCTG	11.578451	-148.051747	0	T:59.0(0.25%),B:2.9(0.01%),P:1e-64	Tpos:58.1,Tstd:22.6,Bpos:38.0,Bstd:17.0,StrandBias:-0.8,Multiplicity:1.00
0.755	0.141	0.001	0.103
0.001	0.001	0.997	0.001
0.001	0.048	0.001	0.950
0.001	0.001	0.997	0.001
0.001	0.950	0.001	0.048
0.268	0.001	0.001	0.730
0.001	0.048	0.950	0.001
0.049	0.142	0.049	0.760
0.001	0.001	0.997	0.001
0.001	0.997	0.001	0.001
0.049	0.001	0.049	0.901
0.001	0.001	0.997	0.001
>GCTAGCTAGCTA	15-GCTAGCTAGCTA	7.813010	-117.687727	0	T:516.0(2.15%),B:257.0(1.03%),P:1e-51	Tpos:56.5,Tstd:25.8,Bpos:51.0,Bstd:28.7,StrandBias:0.1,Multiplicity:1.04
0.088	0.060	0.782	0.070
0.072	0.812	0.080	0.036
0.150	0.116	0.110	0.624
0.706	0.087	0.098	0.109
0.040	0.039	0.874	0.047
0.056	0.876	0.038	0.030
0.141	0.106	0.091	0.662
0.708	0.095	0.097	0.100
0.035	0.048	0.863	0.054
0.066	0.824	0.048	0.062
0.148	0.121	0.100	0.631
0.639	0.119	0.157	0.085
>TGCGACTGCGAG	16-TGCGACTGCGAG	11.452191	-114.355823	0	T:82.0(0.34%),B:9.2(0.04%),P:1e-49	Tpos:55.3,Tstd:24.0,Bpos:62.7,Bstd:31.3,StrandBias:-0.9,Multiplicity:1.03
0.128	0.107	0.001	0.764
0.001	0.001	0.813	0.185
0.001	0.956	0.001	0.042
0.001	0.077	0.921	0.001
0.892	0.106	0.001	0.001
0.233	0.701	0.065	0.001
0.001	0.128	0.126	0.745
0.001	0.001	0.771	0.227
0.001	0.850	0.128	0.021
0.001	0.085	0.913	0.001
0.869	0.005	0.005	0.121
0.001	0.109	0.846	0.044
>GAAAAATCTGCA	17-GAAAAATCTGCA	11.002302	-101.325348	0	T:65.0(0.27%),B:6.9(0.03%),P:1e-44	Tpos:34.8,Tstd:28.1,Bpos:67.1,Bstd:3.7,StrandBias:-0.7,Multiplicity:1.00
0.216	0.001	0.782	0.001
0.786	0.212	0.001	0.001
0.997	0.001	0.001	0.001
0.997	0.001	0.001	0.001
0.942	0.001	0.056	0.001
0.782	0.001	0.160	0.057
0.001	0.001	0.001	0.997
0.212	0.786	0.001	0.001
0.001	0.001	0.001	0.997
0.061	0.229	0.488	0.222
0.174	0.432	0.213	0.180
0.662	0.082	0.143	0.113
>TCCATCCATCCH	18-TCCATCCATCCH	9.742721	-95.689147	0	T:80.0(0.33%),B:11.2(0.04%),P:1e-41	Tpos:58.5,Tstd:28.8,Bpos:57.1,Bstd:13.2,StrandBias:2.8,Multiplicity:1.00
0.018	0.322	0.011	0.649
0.009	0.562	0.145	0.284
0.144	0.680	0.011	0.165
0.804	0.008	0.176	0.012
0.105	0.176	0.147	0.572
0.003	0.978	0.008	0.011
0.015	0.626	0.100	0.259
0.641	0.011	0.124	0.224
0.133	0.031	0.274	0.562
0.089	0.897	0.005	0.009
0.113	0.501	0.197	0.189
0.348	0.245	0.148	0.259
>TGGAAATGDGGA	19-TGGAAATGDGGA	11.113809	-92.370784	0	T:72.0(0.30%),B:9.6(0.04%),P:1e-40	Tpos:51.3,Tstd:28.3,Bpos:64.4,Bstd:12.7,StrandBias:-1.2,Multiplicity:1.00
0.196	0.001	0.069	0.734
0.001	0.001	0.997	0.001
0.069	0.001	0.929	0.001
0.895	0.001	0.069	0.035
0.959	0.001	0.039	0.001
0.853	0.077	0.035	0.035
0.001	0.035	0.035	0.929
0.035	0.001	0.895	0.069
0.336	0.001	0.297	0.366
0.035	0.001	0.929	0.035
0.034	0.001	0.964	0.001
0.929	0.001	0.035	0.035
>AATYCAAATTTC	20-AATYCAAATTTC	10.808390	-90.251544	0	T:52.0(0.22%),B:4.9(0.02%),P:1e-39	Tpos:42.7,Tstd:23.0,Bpos:0.0,Bstd:0.0,StrandBias:2.2,Multiplicity:1.00
0.854	0.014	0.106	0.026
0.779	0.013	0.038	0.170
0.039	0.093	0.068	0.800
0.065	0.404	0.038	0.493
0.038	0.948	0.001	0.013
0.859	0.039	0.077	0.025
0.911	0.038	0.038	0.013
0.893	0.013	0.013	0.081
0.051	0.013	0.001	0.935
0.228	0.129	0.031	0.612
0.229	0.173	0.038	0.560
0.025	0.794	0.105	0.076
>CTTATCCYCAKC	21-CTTATCCYCAKC	10.516446	-86.506131	0	T:84.0(0.35%),B:15.0(0.06%),P:1e-37	Tpos:47.3,Tstd:26.1,Bpos:69.2,Bstd:5.0,StrandBias:3.1,Multiplicity:1.00
0.067	0.749	0.074	0.110
0.128	0.055	0.001	0.816
0.043	0.055	0.086	0.816
0.698	0.110	0.001	0.191
0.012	0.006	0.001	0.981
0.001	0.950	0.001	0.048
0.099	0.530	0.049	0.322
0.087	0.464	0.100	0.350
0.012	0.878	0.019	0.091
0.520	0.123	0.043	0.314
0.142	0.025	0.475	0.358
0.001	0.765	0.098	0.136
>GASTGCAGASTG	22-GASTGCAGASTG	9.662834	-67.838642	0	T:76.0(0.32%),B:15.8(0.06%),P:1e-29	Tpos:58.2,Tstd:26.9,Bpos:42.3,Bstd:15.1,StrandBias:-1.1,Multiplicity:1.00
0.136	0.211	0.531	0.122
0.578	0.106	0.159	0.157
0.008	0.427	0.554	0.011
0.145	0.013	0.006	0.836
0.004	0.161	0.827	0.008
0.113	0.542	0.332	0.013
0.658	0.130	0.191	0.021
0.015	0.021	0.956	0.008
0.503	0.220	0.004	0.273
0.015	0.417	0.369	0.198
0.281	0.009	0.174	0.536
0.037	0.009	0.812	0.142
>TTTTCACCGCTC	23-TTTTCACCGCTC	11.062377	-65.560188	0	T:46.0(0.19%),B:5.8(0.02%),P:1e-28	Tpos:51.7,Tstd:26.7,Bpos:72.1,Bstd:20.3,StrandBias:0.9,Multiplicity:1.00
0.077	0.197	0.001	0.725
0.004	0.066	0.066	0.864
0.066	0.004	0.001	0.929
0.001	0.003	0.001	0.995
0.065	0.933	0.001	0.001
0.734	0.199	0.066	0.001
0.001	0.995	0.001	0.003
0.070	0.846	0.001	0.083
0.263	0.001	0.670	0.066
0.001	0.925	0.004	0.070
0.001	0.004	0.201	0.794
0.001	0.864	0.069	0.066
>GAAATGGCGATG	24-GAAATGGCGATG	10.801267	-47.463500	0	T:54.0(0.22%),B:11.0(0.04%),P:1e-20	Tpos:52.6,Tstd:26.9,Bpos:45.7,Bstd:15.1,StrandBias:-1.8,Multiplicity:1.07
0.046	0.040	0.897	0.017
0.718	0.198	0.056	0.028
0.680	0.048	0.221	0.051
0.747	0.069	0.109	0.075
0.045	0.068	0.051	0.836
0.023	0.023	0.921	0.033
0.034	0.028	0.909	0.029
0.056	0.836	0.051	0.057
0.073	0.034	0.876	0.017
0.853	0.051	0.056	0.040
0.051	0.073	0.056	0.820
0.023	0.039	0.921	0.017
>TTTTCCGTTTTC	25-TTTTCCGTTTTC	8.669802	-29.941893	0	T:65.0(0.27%),B:23.1(0.09%),P:1e-13	Tpos:48.5,Tstd:25.1,Bpos:31.8,Bstd:23.5,StrandBias:0.4,Multiplicity:1.00
0.081	0.200	0.190	0.529
0.053	0.204	0.115	0.628
0.076	0.205	0.112	0.607
0.064	0.180	0.218	0.538
0.041	0.731	0.062	0.166
0.158	0.628	0.078	0.136
0.200	0.183	0.422	0.194
0.110	0.076	0.191	0.623
0.087	0.194	0.053	0.666
0.004	0.071	0.179	0.746
0.034	0.250	0.228	0.488
0.093	0.638	0.097	0.172
>TATATA	1-TATATA	5.508777	-1374.056729	0	T:4193.0(17.46%),B:1819.0(7.26%),P:1e-596	Tpos:32.0,Tstd:12.5,Bpos:50.1,Bstd:37.6,StrandBias:-0.3,Multiplicity:1.16
0.001	0.041	0.001	0.957
0.611	0.001	0.001	0.387
0.104	0.001	0.001	0.894
0.997	0.001	0.001	0.001
0.001	0.001	0.001	0.997
0.997	0.001	0.001	0.001
>TTAAWA	2-TTAAWA	5.863796	-626.217981	0	T:4920.0(20.49%),B:3103.4(12.39%),P:1e-271	Tpos:36.0,Tstd:21.4,Bpos:49.3,Bstd:36.4,StrandBias:0.2,Multiplicity:1.22
0.420	0.001	0.001	0.578
0.001	0.001	0.001	0.997
0.997	0.001	0.001	0.001
0.585	0.001	0.001	0.413
0.500	0.001	0.001	0.498
0.997	0.001	0.001	0.001
>YCRCTC	3-YCRCTC	5.211895	-625.638787	0	T:12012.0(50.01%),B:9712.8(38.79%),P:1e-271	Tpos:54.9,Tstd:27.4,Bpos:50.5,Bstd:32.9,StrandBias:1.5,Multiplicity:1.45
0.001	0.465	0.003	0.531
0.001	0.997	0.001	0.001
0.465	0.001	0.318	0.216
0.001	0.997	0.001	0.001
0.209	0.001	0.003	0.787
0.001	0.997	0.001	0.001
>CCCACC	4-CCCACC	5.228381	-584.929903	0	T:12311.0(51.26%),B:10106.3(40.36%),P:1e-254	Tpos:53.1,Tstd:27.9,Bpos:49.9,Bstd:31.4,StrandBias:1.8,Multiplicity:1.59
0.097	0.901	0.001	0.001
0.001	0.910	0.088	0.001
0.085	0.913	0.001	0.001
0.735	0.001	0.100	0.164
0.001	0.915	0.001	0.083
0.001	0.997	0.001	0.001
>AAACCC	5-AAACCC	8.019053	-439.736471	0	T:2332.0(9.71%),B:1262.1(5.04%),P:1e-190	Tpos:52.9,Tstd:26.2,Bpos:50.6,Bstd:32.9,StrandBias:1.8,Multiplicity:1.09
0.997	0.001	0.001	0.001
0.997	0.001	0.001	0.001
0.997	0.001	0.001	0.001
0.245	0.753	0.001	0.001
0.001	0.997	0.001	0.001
0.001	0.997	0.001	0.001
>CGCAKC	6-CGCAKC	4.591295	-423.709894	0	T:12186.0(50.74%),B:10381.8(41.46%),P:1e-184	Tpos:56.3,Tstd:28.2,Bpos:49.7,Bstd:31.8,StrandBias:0.9,Multiplicity:1.50
0.256	0.742	0.001	0.001
0.001	0.001	0.997	0.001
0.001	0.997	0.001	0.001
0.827	0.171	0.001	0.001
0.001	0.001	0.555	0.443
0.001	0.997	0.001	0.001
>CCTTTC	7-CCTTTC	4.748909	-392.812063	0	T:12677.0(52.78%),B:10971.2(43.81%),P:1e-170	Tpos:53.3,Tstd:27.5,Bpos:50.1,Bstd:32.7,StrandBias:1.2,Multiplicity:1.32
0.001	0.997	0.001	0.001
0.200	0.593	0.140	0.067
0.003	0.372	0.074	0.551
0.001	0.001	0.307	0.691
0.001	0.210	0.001	0.788
0.001	0.997	0.001	0.001
>CTCTCC	8-CTCTCC	6.468103	-374.545260	0	T:7340.0(30.56%),B:5740.8(22.93%),P:1e-162	Tpos:54.8,Tstd:27.3,Bpos:50.0,Bstd:34.0,StrandBias:1.0,Multiplicity:1.08
0.001	0.997	0.001	0.001
0.001	0.001	0.001	0.997
0.001	0.997	0.001	0.001
0.001	0.001	0.001	0.997
0.001	0.737	0.001	0.261
0.001	0.782	0.216	0.001
>AGGCAG	9-AGGCAG	4.478984	-300.565883	0	T:6411.0(26.69%),B:5048.7(20.16%),P:1e-130	Tpos:53.3,Tstd:27.4,Bpos:50.0,Bstd:30.8,StrandBias:-0.8,Multiplicity:1.18
0.997	0.001	0.001	0.001
0.001	0.001	0.997	0.001
0.132	0.001	0.866	0.001
0.001	0.997	0.001	0.001
0.833	0.001	0.165	0.001
0.001	0.001	0.997	0.001
>CACACA	10-CACACA	5.674131	-246.926132	0	T:5418.0(22.56%),B:4258.6(17.01%),P:1e-107	Tpos:50.7,Tstd:27.4,Bpos:50.3,Bstd:30.3,StrandBias:1.2,Multiplicity:1.13
0.001	0.997	0.001	0.001
0.832	0.001	0.001	0.166
0.415	0.583	0.001	0.001
0.996	0.001	0.002	0.001
0.001	0.997	0.001	0.001
0.597	0.001	0.208	0.194
>CCAGTC	11-CCAGTC	5.593869	-233.348240	0	T:4246.0(17.68%),B:3213.5(12.83%),P:1e-101	Tpos:53.1,Tstd:27.8,Bpos:50.7,Bstd:29.8,StrandBias:1.0,Multiplicity:1.07
0.001	0.665	0.333	0.001
0.001	0.871	0.001	0.127
0.997	0.001	0.001	0.001
0.214	0.001	0.784	0.001
0.001	0.001	0.001	0.997
0.001	0.997	0.001	0.001
>CAGTCC	12-CAGTCC	6.057025	-224.853701	0	T:3236.0(13.47%),B:2328.5(9.30%),P:1e-97	Tpos:53.2,Tstd:27.6,Bpos:50.7,Bstd:30.0,StrandBias:1.3,Multiplicity:1.10
0.001	0.997	0.001	0.001
0.997	0.001	0.001	0.001
0.001	0.001	0.738	0.260
0.001	0.001	0.001	0.997
0.001	0.997	0.001	0.001
0.143	0.855	0.001	0.001
>GCCTGC	13-GCCTGC	6.116328	-183.481995	0	T:5292.0(22.03%),B:4321.1(17.26%),P:1e-79	Tpos:52.2,Tstd:28.6,Bpos:50.5,Bstd:32.7,StrandBias:-0.0,Multiplicity:1.12
0.001	0.001	0.997	0.001
0.001	0.997	0.001	0.001
0.001	0.997	0.001	0.001
0.001	0.001	0.283	0.715
0.240	0.001	0.758	0.001
0.001	0.792	0.001	0.206
>AAGCAA	14-AAGCAA	6.841725	-181.461510	0	T:2870.0(11.95%),B:2099.2(8.38%),P:1e-78	Tpos:53.2,Tstd:27.8,Bpos:49.0,Bstd:32.5,StrandBias:0.3,Multiplicity:1.11
0.997	0.001	0.001	0.001
0.997	0.001	0.001	0.001
0.001	0.001	0.997	0.001
0.001	0.997	0.001	0.001
0.766	0.001	0.232	0.001
0.997	0.001	0.001	0.001
>TCCATC	15-TCCATC	5.694815	-179.562293	0	T:4802.0(19.99%),B:3871.1(15.46%),P:1e-77	Tpos:53.6,Tstd:28.5,Bpos:50.4,Bstd:28.1,StrandBias:1.0,Multiplicity:1.16
0.001	0.001	0.001	0.997
0.001	0.997	0.001	0.001
0.109	0.779	0.111	0.001
0.674	0.001	0.324	0.001
0.001	0.001	0.001	0.997
0.001	0.997	0.001	0.001
>CAAATC	16-CAAATC	7.391439	-174.025298	0	T:2914.0(12.13%),B:2155.3(8.61%),P:1e-75	Tpos:51.9,Tstd:27.3,Bpos:49.3,Bstd:31.4,StrandBias:1.7,Multiplicity:1.06
0.001	0.997	0.001	0.001
0.997	0.001	0.001	0.001
0.997	0.001	0.001	0.001
0.997	0.001	0.001	0.001
0.001	0.402	0.001	0.596
0.001	0.997	0.001	0.001
>CTTATC	17-CTTATC	6.466805	-155.787680	0	T:1050.0(4.37%),B:612.5(2.45%),P:1e-67	Tpos:43.9,Tstd:24.9,Bpos:52.5,Bstd:31.7,StrandBias:1.3,Multiplicity:1.03
0.107	0.753	0.001	0.139
0.151	0.094	0.071	0.684
0.389	0.041	0.001	0.569
0.819	0.071	0.050	0.060
0.130	0.001	0.001	0.868
0.139	0.754	0.073	0.034
>TCGTCT	18-TCGTCT	6.177716	-135.336469	0	T:1738.0(7.24%),B:1210.5(4.83%),P:1e-58	Tpos:54.2,Tstd:27.5,Bpos:50.0,Bstd:30.1,StrandBias:1.0,Multiplicity:1.06
0.100	0.100	0.100	0.700
0.100	0.700	0.100	0.100
0.100	0.100	0.700	0.100
0.100	0.100	0.100	0.700
0.100	0.700	0.100	0.100
0.100	0.100	0.100	0.700
>CTAGTA	19-CTAGTA	7.083458	-108.489275	0	T:1208.0(5.03%),B:812.6(3.25%),P:1e-47	Tpos:46.3,Tstd:26.4,Bpos:48.2,Bstd:30.0,StrandBias:0.2,Multiplicity:1.22
0.001	0.807	0.191	0.001
0.001	0.001	0.001	0.997
0.997	0.001	0.001	0.001
0.001	0.365	0.633	0.001
0.001	0.001	0.001	0.997
0.997	0.001	0.001	0.001
>TAGCTA	20-TAGCTA	6.177716	-62.996794	0	T:573.0(2.39%),B:366.4(1.46%),P:1e-27	Tpos:53.2,Tstd:28.5,Bpos:49.8,Bstd:31.6,StrandBias:0.0,Multiplicity:1.16
0.100	0.100	0.100	0.700
0.700	0.100	0.100	0.100
0.100	0.100	0.700	0.100
0.100	0.700	0.100	0.100
0.100	0.100	0.100	0.700
0.700	0.100	0.100	0.100
>BCTWTAWA	1-BCTWTAWA	6.430850	-1469.536905	0	T:3321.0(13.83%),B:1195.7(4.78%),P:1e-638	Tpos:31.9,Tstd:11.7,Bpos:50.6,Bstd:35.6,StrandBias:0.4,Multiplicity:1.04
0.083	0.312	0.289	0.315
0.274	0.465	0.180	0.081
0.001	0.035	0.001	0.963
0.539	0.001	0.001	0.459
0.035	0.001	0.001	0.963
0.922	0.037	0.001	0.040
0.449	0.015	0.001	0.535
0.815	0.088	0.050	0.047
>CCMCYCCC	2-CCMCYCCC	4.840325	-886.435828	0	T:12798.0(53.29%),B:9979.6(39.85%),P:1e-384	Tpos:54.6,Tstd:26.8,Bpos:50.0,Bstd:31.8,StrandBias:2.1,Multiplicity:1.64
0.001	0.949	0.001	0.049
0.011	0.952	0.036	0.001
0.444	0.482	0.066	0.008
0.299	0.471	0.090	0.140
0.226	0.415	0.001	0.358
0.181	0.487	0.086	0.245
0.001	0.955	0.043	0.001
0.177	0.779	0.043	0.001
>TCCCTTCC	3-TCCCTTCC	6.491141	-625.655262	0	T:3855.0(16.05%),B:2233.6(8.92%),P:1e-271	Tpos:55.3,Tstd:27.9,Bpos:49.2,Bstd:33.3,StrandBias:1.6,Multiplicity:1.10
0.001	0.001	0.001	0.997
0.001	0.788	0.052	0.159
0.046	0.822	0.131	0.001
0.161	0.739	0.001	0.099
0.029	0.125	0.001	0.845
0.001	0.068	0.056	0.875
0.001	0.997	0.001	0.001
0.040	0.958	0.001	0.001
>ATAAAWAC	4-ATAAAWAC	4.740115	-621.105834	0	T:5401.0(22.49%),B:3518.1(14.05%),P:1e-269	Tpos:38.4,Tstd:22.0,Bpos:49.7,Bstd:34.2,StrandBias:0.6,Multiplicity:1.10
0.682	0.053	0.001	0.264
0.001	0.154	0.001	0.844
0.888	0.001	0.001	0.110
0.914	0.084	0.001	0.001
0.841	0.001	0.109	0.049
0.437	0.001	0.001	0.561
0.675	0.186	0.097	0.042
0.100	0.595	0.304	0.001
>TCYCGTCT	5-TCYCGTCT	4.957485	-620.813899	0	T:8173.0(34.03%),B:6000.7(23.96%),P:1e-269	Tpos:53.6,Tstd:27.0,Bpos:49.8,Bstd:31.7,StrandBias:1.1,Multiplicity:1.22
0.028	0.256	0.037	0.679
0.091	0.615	0.072	0.222
0.018	0.440	0.040	0.502
0.054	0.891	0.033	0.022
0.031	0.040	0.824	0.105
0.034	0.078	0.060	0.828
0.009	0.714	0.019	0.258
0.028	0.177	0.001	0.794
>TTATATGG	6-TTATATGG	6.790727	-603.168365	0	T:1539.0(6.41%),B:583.2(2.33%),P:1e-261	Tpos:35.3,Tstd:20.5,Bpos:48.2,Bstd:36.8,StrandBias:-1.3,Multiplicity:1.01
0.200	0.001	0.001	0.798
0.011	0.001	0.136	0.852
0.817	0.001	0.092	0.090
0.001	0.001	0.001	0.997
0.883	0.001	0.001	0.115
0.149	0.001	0.001	0.849
0.276	0.071	0.649	0.004
0.201	0.108	0.690	0.001
>CGCVKCDC	7-CGCVKCDC	5.596700	-573.916229	0	T:8423.0(35.07%),B:6325.1(25.26%),P:1e-249	Tpos:54.7,Tstd:27.8,Bpos:50.1,Bstd:31.8,StrandBias:1.1,Multiplicity:1.21
0.001	0.890	0.026	0.083
0.268	0.013	0.533	0.186
0.001	0.997	0.001	0.001
0.322	0.350	0.212	0.115
0.001	0.001	0.504	0.494
0.001	0.997	0.001	0.001
0.354	0.124	0.262	0.260
0.064	0.556	0.138	0.242
>AAACCCTA	8-AAACCCTA	8.250455	-478.301040	0	T:1400.0(5.83%),B:573.3(2.29%),P:1e-207	Tpos:53.2,Tstd:26.4,Bpos:47.8,Bstd:32.5,StrandBias:1.1,Multiplicity:1.04
0.909	0.001	0.089	0.001
0.997	0.001	0.001	0.001
0.997	0.001	0.001	0.001
0.001	0.997	0.001	0.001
0.001	0.997	0.001	0.001
0.001	0.997	0.001	0.001
0.090	0.001	0.001	0.908
0.734	0.110	0.083	0.073
>TCTCTCTC	9-TCTCTCTC	5.025293	-472.545311	0	T:6919.0(28.81%),B:5130.3(20.49%),P:1e-205	Tpos:55.8,Tstd:26.9,Bpos:50.7,Bstd:33.0,StrandBias:1.3,Multiplicity:1.22
0.084	0.132	0.099	0.685
0.054	0.783	0.059	0.104
0.123	0.100	0.153	0.624
0.048	0.825	0.067	0.060
0.105	0.037	0.087	0.771
0.041	0.830	0.048	0.081
0.103	0.056	0.134	0.707
0.045	0.777	0.060	0.118
>CCGCAGCC	10-CCGCAGCC	4.976244	-471.581412	0	T:6387.0(26.59%),B:4645.6(18.55%),P:1e-204	Tpos:58.1,Tstd:27.7,Bpos:50.2,Bstd:31.4,StrandBias:1.0,Multiplicity:1.14
0.001	0.972	0.001	0.026
0.023	0.928	0.031	0.018
0.001	0.001	0.975	0.023
0.019	0.979	0.001	0.001
0.744	0.164	0.001	0.091
0.125	0.001	0.793	0.081
0.001	0.739	0.085	0.175
0.018	0.930	0.001	0.051
>CACACACA	11-CACACACA	4.644741	-391.517265	0	T:6989.0(29.10%),B:5370.9(21.45%),P:1e-170	Tpos:53.4,Tstd:26.7,Bpos:50.7,Bstd:29.5,StrandBias:1.5,Multiplicity:1.21
0.109	0.771	0.033	0.087
0.757	0.051	0.151	0.041
0.107	0.764	0.098	0.031
0.736	0.067	0.104	0.093
0.100	0.767	0.109	0.024
0.734	0.054	0.159	0.053
0.117	0.772	0.096	0.015
0.698	0.208	0.076	0.018
>TCGHWTCG	12-TCGHWTCG	4.056278	-304.122041	0	T:2616.0(10.89%),B:1658.0(6.62%),P:1e-132	Tpos:52.7,Tstd:27.5,Bpos:47.6,Bstd:27.5,StrandBias:0.1,Multiplicity:1.08
0.137	0.161	0.161	0.541
0.087	0.607	0.156	0.150
0.157	0.162	0.563	0.118
0.347	0.238	0.175	0.240
0.344	0.187	0.106	0.364
0.159	0.187	0.064	0.590
0.161	0.509	0.095	0.235
0.188	0.169	0.489	0.155
>CCCMCCKC	13-CCCMCCKC	5.249297	-287.020163	0	T:2244.0(9.34%),B:1380.2(5.51%),P:1e-124	Tpos:53.5,Tstd:27.8,Bpos:48.4,Bstd:32.6,StrandBias:1.5,Multiplicity:1.01
0.001	0.997	0.001	0.001
0.013	0.985	0.001	0.001
0.001	0.997	0.001	0.001
0.502	0.474	0.023	0.001
0.001	0.997	0.001	0.001
0.001	0.997	0.001	0.001
0.001	0.001	0.546	0.452
0.001	0.997	0.001	0.001
>GGATAAGR	14-GGATAAGR	8.324925	-203.287930	0	T:480.0(2.00%),B:172.9(0.69%),P:1e-88	Tpos:43.2,Tstd:24.3,Bpos:56.5,Bstd:31.8,StrandBias:-2.0,Multiplicity:1.04
0.309	0.001	0.466	0.224
0.001	0.001	0.702	0.296
0.997	0.001	0.001	0.001
0.001	0.001	0.001	0.997
0.997	0.001	0.001	0.001
0.775	0.223	0.001	0.001
0.108	0.190	0.701	0.001
0.459	0.001	0.539	0.001
>TWGCTAGC	15-TWGCTAGC	5.496470	-195.503711	0	T:3773.0(15.71%),B:2876.9(11.49%),P:1e-84	Tpos:52.3,Tstd:27.5,Bpos:50.0,Bstd:30.3,StrandBias:0.1,Multiplicity:1.24
0.001	0.370	0.001	0.628
0.561	0.001	0.001	0.437
0.231	0.001	0.767	0.001
0.268	0.686	0.045	0.001
0.001	0.172	0.001	0.826
0.640	0.001	0.001	0.358
0.108	0.001	0.890	0.001
0.045	0.798	0.048	0.109
>CATCCATC	16-CATCCATC	7.140767	-180.045192	0	T:831.0(3.46%),B:421.1(1.68%),P:1e-78	Tpos:51.8,Tstd:28.5,Bpos:52.1,Bstd:25.5,StrandBias:1.7,Multiplicity:1.07
0.090	0.672	0.041	0.197
0.666	0.001	0.248	0.085
0.101	0.001	0.001	0.897
0.039	0.810	0.001	0.150
0.291	0.633	0.001	0.075
0.584	0.001	0.330	0.085
0.101	0.001	0.001	0.897
0.001	0.849	0.001	0.149
>CGAAGCAA	17-CGAAGCAA	6.823432	-165.159456	0	T:967.0(4.03%),B:537.1(2.14%),P:1e-71	Tpos:54.9,Tstd:27.4,Bpos:51.2,Bstd:30.5,StrandBias:1.4,Multiplicity:1.07
0.001	0.997	0.001	0.001
0.399	0.035	0.565	0.001
0.997	0.001	0.001	0.001
0.997	0.001	0.001	0.001
0.001	0.408	0.590	0.001
0.001	0.997	0.001	0.001
0.997	0.001	0.001	0.001
0.997	0.001	0.001	0.001
>TACTAGTA	18-TACTAGTA	6.299488	-140.895614	0	T:623.0(2.59%),B:310.5(1.24%),P:1e-61	Tpos:38.9,Tstd:22.3,Bpos:47.1,Bstd:29.5,StrandBias:0.0,Multiplicity:1.04
0.028	0.090	0.020	0.862
0.804	0.081	0.001	0.114
0.171	0.423	0.233	0.173
0.079	0.069	0.044	0.808
0.925	0.001	0.017	0.057
0.189	0.155	0.538	0.118
0.001	0.126	0.044	0.829
0.814	0.168	0.017	0.001
>ACAGCAAA	19-ACAGCAAA	5.775665	-128.240323	0	T:2623.0(10.92%),B:2007.2(8.02%),P:1e-55	Tpos:48.7,Tstd:27.4,Bpos:49.9,Bstd:32.3,StrandBias:0.5,Multiplicity:1.06
0.837	0.001	0.161	0.001
0.153	0.731	0.001	0.115
0.596	0.227	0.113	0.064
0.001	0.104	0.858	0.037
0.183	0.667	0.149	0.001
0.887	0.001	0.078	0.034
0.615	0.268	0.078	0.039
0.818	0.095	0.001	0.086
>CCGCCTGC	20-CCGCCTGC	7.058931	-127.990353	0	T:1313.0(5.47%),B:865.6(3.46%),P:1e-55	Tpos:53.1,Tstd:28.9,Bpos:48.6,Bstd:31.3,StrandBias:0.7,Multiplicity:1.05
0.001	0.997	0.001	0.001
0.001	0.906	0.092	0.001
0.001	0.001	0.997	0.001
0.001	0.964	0.001	0.034
0.001	0.997	0.001	0.001
0.199	0.190	0.001	0.610
0.042	0.001	0.956	0.001
0.001	0.997	0.001	0.001
>TCCAGTCC	21-TCCAGTCC	7.596126	-112.985557	0	T:673.0(2.80%),B:376.0(1.50%),P:1e-49	Tpos:52.4,Tstd:27.7,Bpos:51.7,Bstd:29.6,StrandBias:0.8,Multiplicity:1.04
0.001	0.001	0.001	0.997
0.049	0.866	0.001	0.084
0.001	0.899	0.099	0.001
0.859	0.001	0.139	0.001
0.001	0.001	0.997	0.001
0.001	0.001	0.107	0.891
0.089	0.909	0.001	0.001
0.001	0.997	0.001	0.001
>CCGTCTCG	22-CCGTCTCG	8.673307	-112.065417	0	T:633.0(2.64%),B:347.2(1.39%),P:1e-48	Tpos:50.4,Tstd:27.5,Bpos:52.0,Bstd:30.3,StrandBias:0.9,Multiplicity:1.01
0.174	0.824	0.001	0.001
0.144	0.854	0.001	0.001
0.001	0.001	0.997	0.001
0.001	0.001	0.001	0.997
0.001	0.997	0.001	0.001
0.001	0.001	0.001	0.997
0.001	0.997	0.001	0.001
0.001	0.235	0.763	0.001
>CTTATCCC	23-CTTATCCC	8.236954	-96.277230	0	T:150.0(0.62%),B:40.5(0.16%),P:1e-41	Tpos:38.4,Tstd:21.9,Bpos:78.7,Bstd:12.4,StrandBias:2.7,Multiplicity:1.00
0.100	0.700	0.100	0.100
0.100	0.100	0.100	0.700
0.100	0.100	0.100	0.700
0.700	0.100	0.100	0.100
0.100	0.100	0.100	0.700
0.100	0.700	0.100	0.100
0.100	0.700	0.100	0.100
0.100	0.700	0.100	0.100
>ATTATAAA	24-ATTATAAA	9.391178	-93.371978	0	T:233.0(0.97%),B:87.7(0.35%),P:1e-40	Tpos:33.2,Tstd:20.7,Bpos:45.6,Bstd:29.9,StrandBias:0.8,Multiplicity:1.00
0.997	0.001	0.001	0.001
0.001	0.001	0.282	0.716
0.001	0.001	0.001	0.997
0.997	0.001	0.001	0.001
0.001	0.001	0.001	0.997
0.738	0.001	0.001	0.260
0.997	0.001	0.001	0.001
0.997	0.001	0.001	0.001
>ATATAACC	25-ATATAACC	8.236954	-40.320770	0	T:83.0(0.35%),B:28.9(0.12%),P:1e-17	Tpos:34.8,Tstd:12.4,Bpos:77.8,Bstd:21.2,StrandBias:1.9,Multiplicity:1.00
0.700	0.100	0.100	0.100
0.100	0.100	0.100	0.700
0.700	0.100	0.100	0.100
0.100	0.100	0.100	0.700
0.700	0.100	0.100	0.100
0.700	0.100	0.100	0.100
0.100	0.700	0.100	0.100
0.100	0.700	0.100	0.100
