>SBTHTATATA	1-SBTHTATATA	5.057642	-1317.052199	0	T:4334.0(18.05%),B:1951.9(7.82%),P:1e-571	Tpos:32.0,Tstd:11.9,Bpos:50.5,Bstd:36.5,StrandBias:-0.0,Multiplicity:1.05
0.099	0.381	0.303	0.217
0.132	0.331	0.310	0.227
0.102	0.209	0.202	0.488
0.351	0.235	0.163	0.251
0.035	0.067	0.029	0.869
0.627	0.038	0.023	0.312
0.112	0.011	0.010	0.867
0.845	0.017	0.033	0.105
0.232	0.014	0.044	0.710
0.808	0.081	0.055	0.056
>YCYCCMYYCC	2-YCYCCMYYCC	5.271385	-1172.903389	0	T:12301.0(51.22%),B:8971.7(35.92%),P:1e-509	Tpos:56.2,Tstd:26.2,Bpos:49.8,Bstd:32.5,StrandBias:2.1,Multiplicity:1.60
0.204	0.460	0.001	0.335
0.001	0.638	0.001	0.360
0.190	0.405	0.141	0.263
0.001	0.724	0.001	0.274
0.001	0.625	0.242	0.132
0.256	0.402	0.176	0.166
0.200	0.359	0.168	0.273
0.157	0.316	0.110	0.417
0.001	0.861	0.001	0.137
0.001	0.997	0.001	0.001
>CCAAACCCAA	3-CCAAACCCAA	5.416727	-773.271021	0	T:5670.0(23.61%),B:3523.2(14.11%),P:1e-335	Tpos:51.5,Tstd:26.3,Bpos:49.7,Bstd:31.6,StrandBias:1.8,Multiplicity:1.21
0.136	0.727	0.074	0.063
0.296	0.686	0.013	0.005
0.729	0.201	0.063	0.007
0.811	0.114	0.074	0.001
0.678	0.154	0.072	0.096
0.170	0.494	0.189	0.147
0.085	0.744	0.134	0.037
0.224	0.715	0.060	0.001
0.678	0.241	0.003	0.078
0.762	0.132	0.105	0.001
>TCGCCGCTTC	4-TCGCCGCTTC	4.988291	-728.730908	0	T:8126.0(33.84%),B:5748.2(23.02%),P:1e-316	Tpos:56.8,Tstd:27.4,Bpos:49.5,Bstd:31.4,StrandBias:0.9,Multiplicity:1.14
0.090	0.168	0.119	0.623
0.071	0.707	0.115	0.107
0.081	0.116	0.692	0.111
0.074	0.745	0.080	0.101
0.098	0.705	0.085	0.112
0.108	0.076	0.687	0.129
0.067	0.723	0.082	0.128
0.102	0.141	0.121	0.636
0.064	0.108	0.107	0.721
0.048	0.760	0.087	0.105
>ACACACACAC	5-ACACACACAC	4.840627	-462.745759	0	T:5710.0(23.78%),B:4041.3(16.18%),P:1e-200	Tpos:54.2,Tstd:26.1,Bpos:50.2,Bstd:29.7,StrandBias:1.9,Multiplicity:1.13
0.633	0.142	0.115	0.110
0.118	0.745	0.089	0.048
0.650	0.120	0.129	0.101
0.103	0.761	0.102	0.034
0.638	0.138	0.123	0.101
0.106	0.751	0.097	0.046
0.660	0.119	0.117	0.104
0.107	0.764	0.093	0.036
0.652	0.124	0.130	0.094
0.104	0.747	0.100	0.049
>TCTCGTCTCG	6-TCTCGTCTCG	6.561355	-422.990526	0	T:2616.0(10.89%),B:1495.7(5.99%),P:1e-183	Tpos:55.7,Tstd:26.2,Bpos:49.7,Bstd:30.3,StrandBias:1.0,Multiplicity:1.12
0.044	0.115	0.054	0.787
0.040	0.809	0.077	0.074
0.051	0.100	0.069	0.780
0.035	0.839	0.075	0.051
0.071	0.099	0.751	0.079
0.064	0.099	0.065	0.772
0.013	0.880	0.036	0.071
0.027	0.089	0.054	0.830
0.036	0.828	0.074	0.062
0.066	0.067	0.722	0.145
>TTGGGAATTG	7-TTGGGAATTG	6.098274	-416.779635	0	T:1924.0(8.01%),B:980.5(3.93%),P:1e-181	Tpos:52.9,Tstd:26.0,Bpos:51.0,Bstd:29.3,StrandBias:-1.5,Multiplicity:1.03
0.061	0.092	0.094	0.753
0.024	0.022	0.123	0.831
0.014	0.040	0.881	0.065
0.069	0.135	0.681	0.115
0.057	0.076	0.839	0.028
0.869	0.040	0.078	0.013
0.674	0.136	0.163	0.027
0.079	0.085	0.054	0.782
0.028	0.014	0.119	0.839
0.020	0.033	0.850	0.097
>TCTCTCTCTC	8-TCTCTCTCTC	5.104514	-399.293173	0	T:5891.0(24.53%),B:4328.7(17.33%),P:1e-173	Tpos:55.5,Tstd:26.2,Bpos:50.5,Bstd:33.6,StrandBias:1.0,Multiplicity:1.10
0.065	0.138	0.111	0.686
0.084	0.707	0.082	0.127
0.064	0.134	0.110	0.692
0.072	0.705	0.093	0.130
0.070	0.119	0.125	0.686
0.069	0.708	0.112	0.111
0.078	0.108	0.116	0.698
0.075	0.729	0.091	0.105
0.069	0.111	0.114	0.706
0.080	0.685	0.086	0.149
>CACAGCACAC	9-CACAGCACAC	6.365282	-381.420495	0	T:2359.0(9.82%),B:1345.9(5.39%),P:1e-165	Tpos:54.1,Tstd:27.0,Bpos:51.0,Bstd:29.6,StrandBias:1.2,Multiplicity:1.09
0.030	0.881	0.042	0.047
0.801	0.038	0.108	0.053
0.023	0.892	0.064	0.021
0.787	0.074	0.059	0.080
0.041	0.076	0.805	0.078
0.058	0.814	0.090	0.038
0.717	0.121	0.071	0.091
0.088	0.825	0.064	0.023
0.765	0.077	0.093	0.065
0.100	0.716	0.143	0.041
>AAACCCTAGH	10-AAACCCTAGH	9.204493	-362.085626	0	T:448.0(1.87%),B:95.3(0.38%),P:1e-157	Tpos:52.3,Tstd:26.1,Bpos:48.3,Bstd:31.5,StrandBias:0.5,Multiplicity:1.01
0.997	0.001	0.001	0.001
0.997	0.001	0.001	0.001
0.994	0.001	0.001	0.004
0.001	0.997	0.001	0.001
0.002	0.994	0.002	0.002
0.001	0.994	0.004	0.001
0.001	0.001	0.001	0.997
0.935	0.050	0.001	0.014
0.001	0.001	0.997	0.001
0.196	0.333	0.182	0.290
>CACCACCACC	11-CACCACCACC	7.350239	-277.577154	0	T:1941.0(8.08%),B:1148.7(4.60%),P:1e-120	Tpos:58.1,Tstd:26.3,Bpos:50.4,Bstd:28.3,StrandBias:1.5,Multiplicity:1.05
0.243	0.460	0.109	0.188
0.433	0.272	0.096	0.199
0.002	0.641	0.178	0.179
0.001	0.996	0.001	0.002
0.704	0.001	0.215	0.080
0.001	0.731	0.059	0.209
0.088	0.906	0.004	0.002
0.689	0.036	0.231	0.044
0.095	0.538	0.198	0.169
0.084	0.792	0.012	0.112
>TASTAGTAGT	12-TASTAGTAGT	5.857580	-194.954687	0	T:1106.0(4.61%),B:607.0(2.43%),P:1e-84	Tpos:47.9,Tstd:25.5,Bpos:49.5,Bstd:27.7,StrandBias:-0.1,Multiplicity:1.06
0.121	0.112	0.135	0.632
0.666	0.065	0.172	0.097
0.029	0.526	0.392	0.053
0.086	0.086	0.048	0.780
0.771	0.031	0.107	0.091
0.012	0.383	0.594	0.011
0.024	0.151	0.025	0.800
0.772	0.065	0.093	0.070
0.013	0.323	0.610	0.054
0.166	0.245	0.063	0.526
>CGAATCGAAT	13-CGAATCGAAT	6.024030	-187.999219	0	T:1237.0(5.15%),B:714.1(2.86%),P:1e-81	Tpos:53.2,Tstd:27.0,Bpos:49.8,Bstd:27.8,StrandBias:-0.1,Multiplicity:1.07
0.020	0.866	0.075	0.039
0.069	0.030	0.880	0.021
0.784	0.095	0.098	0.023
0.807	0.070	0.067	0.056
0.083	0.038	0.122	0.757
0.036	0.819	0.086	0.059
0.051	0.060	0.878	0.011
0.793	0.062	0.116	0.029
0.745	0.063	0.131	0.061
0.070	0.118	0.139	0.673
>CCACTCACCA	14-CCACTCACCA	6.244720	-143.430846	0	T:529.0(2.20%),B:242.0(0.97%),P:1e-62	Tpos:56.0,Tstd:26.7,Bpos:46.5,Bstd:28.1,StrandBias:1.7,Multiplicity:1.03
0.099	0.643	0.135	0.123
0.141	0.625	0.110	0.124
0.569	0.147	0.145	0.139
0.125	0.584	0.161	0.130
0.114	0.177	0.137	0.572
0.112	0.635	0.148	0.105
0.532	0.150	0.161	0.157
0.129	0.585	0.145	0.141
0.106	0.698	0.102	0.094
0.559	0.150	0.142	0.149
>CTGCCTGCCT	15-CTGCCTGCCT	7.712519	-142.036445	0	T:505.0(2.10%),B:227.0(0.91%),P:1e-61	Tpos:53.2,Tstd:26.2,Bpos:51.2,Bstd:32.4,StrandBias:0.0,Multiplicity:1.01
0.007	0.741	0.212	0.040
0.045	0.051	0.067	0.837
0.064	0.044	0.558	0.334
0.089	0.522	0.301	0.088
0.080	0.704	0.057	0.159
0.144	0.171	0.203	0.482
0.015	0.020	0.707	0.258
0.098	0.555	0.223	0.124
0.038	0.734	0.032	0.196
0.053	0.331	0.070	0.546
>CTAGCTAGCT	16-CTAGCTAGCT	9.140620	-118.813687	0	T:276.0(1.15%),B:98.1(0.39%),P:1e-51	Tpos:56.8,Tstd:26.6,Bpos:42.6,Bstd:26.2,StrandBias:0.2,Multiplicity:1.03
0.001	0.956	0.042	0.001
0.001	0.096	0.017	0.886
0.945	0.001	0.001	0.053
0.001	0.001	0.997	0.001
0.001	0.997	0.001	0.001
0.026	0.001	0.001	0.972
0.950	0.001	0.048	0.001
0.005	0.001	0.983	0.011
0.046	0.895	0.020	0.039
0.127	0.069	0.022	0.782
>GCTTGGTTGC	17-GCTTGGTTGC	9.498126	-111.145293	0	T:77.0(0.32%),B:8.5(0.03%),P:1e-48	Tpos:54.4,Tstd:26.1,Bpos:41.2,Bstd:13.1,StrandBias:-0.6,Multiplicity:1.02
0.075	0.132	0.583	0.210
0.077	0.582	0.080	0.261
0.043	0.193	0.090	0.674
0.013	0.004	0.087	0.896
0.062	0.111	0.541	0.286
0.029	0.367	0.603	0.001
0.054	0.058	0.043	0.845
0.001	0.115	0.017	0.867
0.003	0.043	0.844	0.110
0.069	0.582	0.160	0.189
>GTWTTATTAT	18-GTWTTATTAT	9.828737	-94.162731	0	T:91.0(0.38%),B:15.4(0.06%),P:1e-40	Tpos:33.7,Tstd:19.3,Bpos:30.0,Bstd:22.8,StrandBias:0.4,Multiplicity:1.02
0.001	0.142	0.547	0.310
0.001	0.008	0.001	0.990
0.477	0.017	0.080	0.426
0.001	0.001	0.016	0.982
0.072	0.046	0.006	0.876
0.730	0.103	0.032	0.135
0.003	0.008	0.001	0.988
0.017	0.008	0.010	0.965
0.821	0.177	0.001	0.001
0.009	0.001	0.266	0.724
>TTATCTTCTC	19-TTATCTTCTC	10.955483	-82.659476	0	T:82.0(0.34%),B:14.5(0.06%),P:1e-35	Tpos:48.6,Tstd:22.7,Bpos:53.1,Bstd:29.9,StrandBias:3.0,Multiplicity:1.00
0.001	0.001	0.001	0.997
0.001	0.001	0.001	0.997
0.907	0.001	0.091	0.001
0.001	0.001	0.001	0.997
0.001	0.997	0.001	0.001
0.001	0.001	0.001	0.997
0.001	0.001	0.001	0.997
0.001	0.997	0.001	0.001
0.001	0.074	0.001	0.924
0.001	0.831	0.167	0.001
>GCAGGCCGCA	20-GCAGGCCGCA	8.129967	-79.911756	0	T:75.0(0.31%),B:12.2(0.05%),P:1e-34	Tpos:52.4,Tstd:26.1,Bpos:52.0,Bstd:16.7,StrandBias:1.3,Multiplicity:1.00
0.001	0.001	0.956	0.042
0.014	0.984	0.001	0.001
0.997	0.001	0.001	0.001
0.001	0.001	0.997	0.001
0.001	0.001	0.997	0.001
0.001	0.997	0.001	0.001
0.001	0.997	0.001	0.001
0.001	0.001	0.918	0.080
0.001	0.997	0.001	0.001
0.997	0.001	0.001	0.001
>CAGTCAGTCA	21-CAGTCAGTCA	8.358356	-75.382215	0	T:54.0(0.22%),B:6.5(0.03%),P:1e-32	Tpos:52.5,Tstd:23.2,Bpos:57.0,Bstd:16.0,StrandBias:1.4,Multiplicity:1.00
0.001	0.997	0.001	0.001
0.997	0.001	0.001	0.001
0.001	0.001	0.981	0.017
0.001	0.001	0.001	0.997
0.001	0.997	0.001	0.001
0.997	0.001	0.001	0.001
0.001	0.005	0.993	0.001
0.001	0.001	0.001	0.997
0.001	0.997	0.001	0.001
0.847	0.151	0.001	0.001
>GATTTTTCGW	22-GATTTTTCGW	9.628552	-72.293126	0	T:45.0(0.19%),B:4.4(0.02%),P:1e-31	Tpos:32.6,Tstd:28.6,Bpos:66.4,Bstd:3.0,StrandBias:1.3,Multiplicity:1.00
0.029	0.001	0.969	0.001
0.606	0.001	0.029	0.364
0.001	0.031	0.029	0.939
0.001	0.001	0.001	0.997
0.001	0.001	0.001	0.997
0.015	0.001	0.001	0.983
0.001	0.001	0.001	0.997
0.001	0.997	0.001	0.001
0.029	0.054	0.916	0.001
0.501	0.001	0.001	0.497
>GCAGTCGTAG	23-GCAGTCGTAG	10.186243	-66.484393	0	T:65.0(0.27%),B:11.5(0.05%),P:1e-28	Tpos:57.2,Tstd:24.8,Bpos:46.2,Bstd:20.4,StrandBias:0.8,Multiplicity:1.02
0.001	0.001	0.997	0.001
0.001	0.997	0.001	0.001
0.997	0.001	0.001	0.001
0.001	0.001	0.997	0.001
0.001	0.001	0.001	0.997
0.001	0.997	0.001	0.001
0.001	0.001	0.997	0.001
0.026	0.175	0.001	0.798
0.997	0.001	0.001	0.001
0.001	0.001	0.997	0.001
>TCGATCGAGC	24-TCGATCGAGC	13.587902	-48.762579	0	T:27.0(0.11%),B:2.4(0.01%),P:1e-21	Tpos:56.3,Tstd:29.9,Bpos:23.2,Bstd:5.6,StrandBias:1.2,Multiplicity:1.00
0.001	0.001	0.001	0.997
0.001	0.885	0.113	0.001
0.001	0.001	0.997	0.001
0.997	0.001	0.001	0.001
0.001	0.001	0.001	0.997
0.001	0.997	0.001	0.001
0.038	0.001	0.960	0.001
0.997	0.001	0.001	0.001
0.001	0.001	0.997	0.001
0.001	0.913	0.085	0.001
>CTCACCTCAC	25-CTCACCTCAC	10.958541	-41.875938	0	T:110.0(0.46%),B:43.7(0.17%),P:1e-18	Tpos:55.7,Tstd:26.6,Bpos:72.5,Bstd:19.8,StrandBias:1.8,Multiplicity:1.05
0.001	0.997	0.001	0.001
0.001	0.074	0.001	0.924
0.001	0.993	0.001	0.005
0.873	0.001	0.001	0.125
0.001	0.997	0.001	0.001
0.001	0.997	0.001	0.001
0.001	0.001	0.125	0.873
0.001	0.993	0.005	0.001
0.997	0.001	0.001	0.001
0.001	0.997	0.001	0.001
>TATATAWANVSV	1-TATATAWANVSV	4.897102	-1334.310373	0	T:4725.0(19.67%),B:2215.9(8.87%),P:1e-579	Tpos:32.1,Tstd:12.1,Bpos:50.0,Bstd:35.3,StrandBias:0.0,Multiplicity:1.18
0.101	0.158	0.096	0.645
0.569	0.124	0.049	0.258
0.055	0.023	0.021	0.901
0.828	0.007	0.002	0.163
0.220	0.009	0.024	0.747
0.924	0.004	0.010	0.062
0.305	0.066	0.196	0.432
0.594	0.145	0.187	0.074
0.224	0.231	0.276	0.268
0.364	0.218	0.299	0.120
0.183	0.331	0.353	0.133
0.215	0.343	0.325	0.117
>CCCMCCCCCHCC	2-CCCMCCCCCHCC	4.661461	-1043.208896	0	T:12825.0(53.40%),B:9702.3(38.85%),P:1e-453	Tpos:56.6,Tstd:25.8,Bpos:49.7,Bstd:31.5,StrandBias:2.2,Multiplicity:1.54
0.083	0.681	0.104	0.132
0.094	0.703	0.068	0.135
0.141	0.713	0.069	0.077
0.354	0.371	0.126	0.149
0.099	0.634	0.103	0.164
0.083	0.743	0.076	0.098
0.165	0.500	0.172	0.163
0.104	0.700	0.088	0.108
0.117	0.766	0.058	0.059
0.350	0.281	0.133	0.236
0.079	0.744	0.092	0.085
0.058	0.800	0.066	0.076
>TCGTCTCGTCTC	3-TCGTCTCGTCTC	3.969865	-772.241665	0	T:8404.0(34.99%),B:5929.7(23.74%),P:1e-335	Tpos:55.4,Tstd:26.0,Bpos:50.5,Bstd:31.1,StrandBias:1.2,Multiplicity:1.15
0.022	0.123	0.045	0.810
0.018	0.865	0.057	0.060
0.078	0.199	0.624	0.099
0.024	0.106	0.036	0.834
0.014	0.901	0.028	0.057
0.012	0.045	0.016	0.927
0.014	0.925	0.043	0.018
0.081	0.168	0.686	0.065
0.036	0.083	0.049	0.832
0.008	0.882	0.067	0.043
0.018	0.047	0.067	0.868
0.028	0.855	0.077	0.040
>CCATTCCATTCC	4-CCATTCCATTCC	4.897580	-731.644291	0	T:7990.0(33.27%),B:5619.8(22.50%),P:1e-317	Tpos:54.0,Tstd:27.1,Bpos:49.8,Bstd:30.4,StrandBias:1.6,Multiplicity:1.10
0.085	0.675	0.105	0.135
0.111	0.656	0.113	0.120
0.514	0.156	0.130	0.200
0.108	0.150	0.121	0.621
0.071	0.161	0.123	0.645
0.047	0.701	0.103	0.149
0.090	0.734	0.087	0.089
0.512	0.180	0.091	0.217
0.116	0.137	0.130	0.617
0.062	0.155	0.103	0.680
0.066	0.629	0.113	0.192
0.092	0.702	0.090	0.116
>CMAAACCCAAAC	5-CMAAACCCAAAC	5.874283	-589.683962	0	T:3944.0(16.42%),B:2343.0(9.38%),P:1e-256	Tpos:51.7,Tstd:25.5,Bpos:49.3,Bstd:32.0,StrandBias:1.8,Multiplicity:1.11
0.204	0.566	0.173	0.057
0.496	0.358	0.118	0.028
0.740	0.178	0.081	0.001
0.829	0.046	0.124	0.001
0.606	0.181	0.137	0.076
0.221	0.477	0.207	0.096
0.148	0.688	0.121	0.043
0.363	0.523	0.065	0.049
0.692	0.204	0.032	0.072
0.824	0.068	0.099	0.009
0.417	0.259	0.263	0.060
0.272	0.558	0.108	0.062
>TCSCMABTCSCM	6-TCSCMABTCSCM	7.887509	-509.803604	0	T:943.0(3.93%),B:285.4(1.14%),P:1e-221	Tpos:56.5,Tstd:25.8,Bpos:51.9,Bstd:29.7,StrandBias:1.7,Multiplicity:1.07
0.126	0.217	0.045	0.612
0.032	0.618	0.025	0.325
0.186	0.376	0.383	0.055
0.007	0.991	0.001	0.001
0.447	0.362	0.184	0.007
0.732	0.048	0.217	0.003
0.156	0.224	0.308	0.311
0.001	0.110	0.064	0.825
0.024	0.616	0.005	0.355
0.152	0.415	0.346	0.086
0.011	0.956	0.032	0.001
0.443	0.295	0.253	0.009
>AAACCCTAGCYN	7-AAACCCTAGCYN	9.449616	-406.525098	0	T:580.0(2.42%),B:141.5(0.57%),P:1e-176	Tpos:53.0,Tstd:26.0,Bpos:47.9,Bstd:28.9,StrandBias:0.4,Multiplicity:1.01
0.811	0.034	0.089	0.066
0.982	0.001	0.001	0.016
0.967	0.016	0.001	0.016
0.001	0.997	0.001	0.001
0.033	0.933	0.001	0.033
0.001	0.949	0.049	0.001
0.001	0.016	0.001	0.982
0.844	0.138	0.001	0.017
0.001	0.083	0.866	0.050
0.069	0.605	0.075	0.251
0.156	0.342	0.190	0.312
0.219	0.182	0.276	0.322
>NCACACACACAC	8-NCACACACACAC	5.735011	-397.657863	0	T:2194.0(9.14%),B:1201.0(4.81%),P:1e-172	Tpos:57.1,Tstd:25.4,Bpos:50.1,Bstd:29.6,StrandBias:1.8,Multiplicity:1.07
0.275	0.233	0.202	0.291
0.125	0.697	0.112	0.066
0.555	0.131	0.174	0.140
0.149	0.668	0.126	0.057
0.543	0.095	0.219	0.143
0.141	0.639	0.161	0.059
0.521	0.113	0.212	0.154
0.142	0.677	0.139	0.042
0.526	0.101	0.220	0.153
0.132	0.694	0.119	0.055
0.571	0.097	0.200	0.132
0.153	0.554	0.200	0.093
>CTCTCTCTCTCT	9-CTCTCTCTCTCT	7.237221	-281.854194	0	T:2111.0(8.79%),B:1277.9(5.12%),P:1e-122	Tpos:57.3,Tstd:25.5,Bpos:50.4,Bstd:35.2,StrandBias:1.1,Multiplicity:1.03
0.065	0.493	0.227	0.215
0.048	0.150	0.115	0.687
0.053	0.718	0.077	0.152
0.027	0.111	0.094	0.768
0.053	0.760	0.066	0.121
0.019	0.120	0.128	0.733
0.032	0.747	0.087	0.134
0.037	0.118	0.109	0.736
0.040	0.759	0.072	0.129
0.035	0.118	0.133	0.714
0.024	0.782	0.071	0.123
0.078	0.184	0.130	0.608
>WTCCWTCCWTCC	10-WTCCWTCCWTCC	8.980005	-200.006948	0	T:413.0(1.72%),B:135.8(0.54%),P:1e-86	Tpos:57.4,Tstd:27.7,Bpos:47.5,Bstd:26.5,StrandBias:2.4,Multiplicity:1.01
0.387	0.174	0.150	0.289
0.048	0.089	0.026	0.837
0.029	0.828	0.093	0.050
0.038	0.855	0.032	0.075
0.428	0.025	0.184	0.363
0.036	0.035	0.050	0.879
0.001	0.917	0.038	0.044
0.032	0.913	0.026	0.029
0.439	0.023	0.193	0.345
0.048	0.057	0.064	0.831
0.031	0.845	0.050	0.074
0.061	0.828	0.048	0.063
>CTACTACTACTA	11-CTACTACTACTA	6.921762	-196.465181	0	T:629.0(2.62%),B:268.3(1.07%),P:1e-85	Tpos:47.4,Tstd:24.7,Bpos:49.5,Bstd:27.7,StrandBias:0.0,Multiplicity:1.06
0.045	0.540	0.350	0.065
0.046	0.024	0.034	0.896
0.727	0.046	0.176	0.051
0.006	0.708	0.254	0.032
0.085	0.087	0.043	0.785
0.821	0.087	0.074	0.018
0.002	0.646	0.338	0.014
0.018	0.012	0.018	0.952
0.766	0.032	0.148	0.054
0.020	0.570	0.366	0.044
0.139	0.131	0.029	0.701
0.757	0.047	0.032	0.164
>GCTGTGCTGTGT	12-GCTGTGCTGTGT	7.296388	-191.620125	0	T:904.0(3.76%),B:461.9(1.85%),P:1e-83	Tpos:55.4,Tstd:26.1,Bpos:54.8,Bstd:29.0,StrandBias:-1.0,Multiplicity:1.01
0.071	0.087	0.770	0.072
0.048	0.780	0.080	0.092
0.081	0.073	0.068	0.778
0.040	0.098	0.785	0.077
0.073	0.108	0.090	0.729
0.047	0.067	0.816	0.070
0.055	0.752	0.111	0.082
0.083	0.132	0.070	0.715
0.039	0.140	0.741	0.080
0.064	0.130	0.073	0.733
0.057	0.095	0.767	0.081
0.071	0.191	0.104	0.634
>TGCAGACTGCAG	13-TGCAGACTGCAG	8.118818	-166.210883	0	T:534.0(2.22%),B:228.5(0.92%),P:1e-72	Tpos:56.4,Tstd:24.9,Bpos:47.4,Bstd:26.9,StrandBias:-0.3,Multiplicity:1.02
0.082	0.043	0.041	0.834
0.014	0.178	0.745	0.063
0.022	0.695	0.171	0.112
0.663	0.057	0.166	0.114
0.033	0.137	0.819	0.011
0.416	0.216	0.129	0.240
0.025	0.866	0.080	0.029
0.087	0.027	0.047	0.839
0.009	0.178	0.720	0.093
0.017	0.751	0.125	0.107
0.665	0.042	0.168	0.125
0.043	0.145	0.792	0.020
>GCCTGCCTGCCT	14-GCCTGCCTGCCT	10.353895	-161.583141	0	T:196.0(0.82%),B:41.2(0.16%),P:1e-70	Tpos:53.6,Tstd:28.1,Bpos:54.1,Bstd:30.4,StrandBias:0.3,Multiplicity:1.00
0.175	0.292	0.503	0.030
0.020	0.875	0.104	0.001
0.001	0.924	0.074	0.001
0.038	0.019	0.001	0.942
0.001	0.038	0.942	0.019
0.055	0.871	0.055	0.019
0.001	0.997	0.001	0.001
0.021	0.055	0.001	0.923
0.001	0.019	0.961	0.019
0.001	0.850	0.019	0.130
0.001	0.997	0.001	0.001
0.106	0.077	0.190	0.627
>GCTGAGAGCCTG	15-GCTGAGAGCCTG	9.292242	-147.049715	0	T:258.0(1.07%),B:75.6(0.30%),P:1e-63	Tpos:52.9,Tstd:24.9,Bpos:51.1,Bstd:33.0,StrandBias:-0.8,Multiplicity:1.01
0.058	0.009	0.932	0.001
0.126	0.854	0.001	0.019
0.087	0.096	0.019	0.798
0.001	0.028	0.970	0.001
0.428	0.216	0.231	0.124
0.106	0.278	0.559	0.057
0.694	0.067	0.077	0.162
0.010	0.029	0.922	0.039
0.119	0.812	0.068	0.001
0.057	0.904	0.001	0.038
0.058	0.010	0.126	0.806
0.001	0.067	0.904	0.028
>TTCGCTGCGCTG	16-TTCGCTGCGCTG	12.392579	-116.607393	0	T:41.0(0.17%),B:0.9(0.00%),P:1e-50	Tpos:60.9,Tstd:21.1,Bpos:77.0,Bstd:0.0,StrandBias:-0.6,Multiplicity:1.00
0.048	0.266	0.001	0.685
0.001	0.001	0.100	0.898
0.001	0.996	0.001	0.002
0.048	0.048	0.903	0.001
0.048	0.903	0.001	0.048
0.001	0.001	0.047	0.951
0.001	0.001	0.951	0.047
0.001	0.997	0.001	0.001
0.001	0.048	0.903	0.048
0.048	0.903	0.048	0.001
0.001	0.001	0.047	0.951
0.001	0.001	0.951	0.047
>GCTAGCTAGCTA	17-GCTAGCTAGCTA	7.480250	-112.121327	0	T:665.0(2.77%),B:370.0(1.48%),P:1e-48	Tpos:55.3,Tstd:27.2,Bpos:47.9,Bstd:30.1,StrandBias:-0.1,Multiplicity:1.03
0.087	0.050	0.798	0.065
0.063	0.824	0.077	0.036
0.126	0.147	0.097	0.630
0.686	0.071	0.124	0.119
0.035	0.039	0.883	0.043
0.052	0.883	0.037	0.028
0.123	0.137	0.068	0.672
0.679	0.090	0.116	0.115
0.028	0.044	0.878	0.050
0.070	0.824	0.051	0.055
0.126	0.153	0.083	0.638
0.606	0.106	0.185	0.103
>TCGCATTCGCAT	18-TCGCATTCGCAT	7.834551	-106.150114	0	T:235.0(0.98%),B:81.3(0.33%),P:1e-46	Tpos:55.7,Tstd:25.4,Bpos:49.6,Bstd:26.1,StrandBias:1.0,Multiplicity:1.04
0.079	0.127	0.126	0.668
0.078	0.698	0.108	0.116
0.087	0.092	0.708	0.113
0.081	0.726	0.111	0.082
0.603	0.148	0.134	0.115
0.111	0.128	0.166	0.595
0.069	0.168	0.119	0.644
0.085	0.682	0.112	0.121
0.092	0.099	0.703	0.106
0.083	0.737	0.097	0.083
0.622	0.149	0.121	0.108
0.110	0.108	0.170	0.612
>TGACTGACTGAC	19-TGACTGACTGAC	10.322496	-105.417598	0	T:38.0(0.16%),B:1.5(0.01%),P:1e-45	Tpos:54.0,Tstd:24.4,Bpos:46.9,Bstd:14.3,StrandBias:-1.2,Multiplicity:1.00
0.094	0.153	0.156	0.597
0.025	0.181	0.781	0.013
0.612	0.185	0.034	0.169
0.024	0.740	0.043	0.193
0.026	0.038	0.205	0.731
0.018	0.187	0.788	0.007
0.540	0.178	0.182	0.100
0.013	0.697	0.133	0.157
0.011	0.023	0.193	0.773
0.015	0.033	0.938	0.014
0.536	0.176	0.180	0.108
0.146	0.647	0.043	0.164
>CTGGGACTCTGG	20-CTGGGACTCTGG	9.892654	-95.454116	0	T:86.0(0.36%),B:13.2(0.05%),P:1e-41	Tpos:57.2,Tstd:25.8,Bpos:43.7,Bstd:16.4,StrandBias:-0.7,Multiplicity:1.00
0.019	0.918	0.036	0.027
0.037	0.064	0.063	0.836
0.019	0.036	0.855	0.090
0.045	0.081	0.803	0.071
0.062	0.099	0.802	0.037
0.757	0.116	0.073	0.054
0.054	0.767	0.117	0.062
0.081	0.028	0.054	0.837
0.009	0.919	0.063	0.009
0.009	0.046	0.071	0.874
0.009	0.028	0.883	0.080
0.063	0.115	0.769	0.053
>TTATCTTCTGCG	21-TTATCTTCTGCG	7.895489	-94.544923	0	T:500.0(2.08%),B:267.5(1.07%),P:1e-41	Tpos:48.4,Tstd:24.5,Bpos:52.3,Bstd:32.9,StrandBias:1.2,Multiplicity:1.01
0.040	0.060	0.030	0.870
0.010	0.010	0.050	0.930
0.859	0.060	0.020	0.061
0.030	0.030	0.051	0.889
0.010	0.910	0.010	0.070
0.050	0.040	0.031	0.879
0.030	0.090	0.040	0.840
0.001	0.918	0.051	0.030
0.051	0.090	0.030	0.829
0.089	0.077	0.590	0.244
0.011	0.864	0.075	0.050
0.061	0.248	0.651	0.040
>CCTCAGTCCTCT	22-CCTCAGTCCTCT	9.710642	-92.092343	0	T:65.0(0.27%),B:7.8(0.03%),P:1e-39	Tpos:66.9,Tstd:21.2,Bpos:61.6,Bstd:8.5,StrandBias:1.7,Multiplicity:1.03
0.003	0.769	0.120	0.108
0.058	0.699	0.104	0.139
0.109	0.034	0.168	0.689
0.026	0.777	0.140	0.057
0.459	0.205	0.220	0.116
0.115	0.189	0.582	0.114
0.069	0.294	0.144	0.493
0.037	0.756	0.093	0.114
0.064	0.646	0.149	0.141
0.102	0.098	0.103	0.697
0.048	0.781	0.095	0.076
0.200	0.150	0.204	0.447
>CYGGASTCYGGA	23-CYGGASTCYGGA	10.002192	-58.466037	0	T:68.0(0.28%),B:14.4(0.06%),P:1e-25	Tpos:62.5,Tstd:26.3,Bpos:56.4,Bstd:1.1,StrandBias:0.0,Multiplicity:1.04
0.038	0.683	0.212	0.067
0.199	0.280	0.102	0.419
0.030	0.048	0.890	0.032
0.055	0.001	0.882	0.062
0.591	0.115	0.157	0.137
0.098	0.388	0.495	0.020
0.124	0.102	0.218	0.556
0.025	0.672	0.281	0.022
0.220	0.333	0.073	0.374
0.036	0.054	0.838	0.072
0.039	0.061	0.873	0.027
0.561	0.115	0.225	0.099
>CTAGCTWAGCTA	24-CTAGCTWAGCTA	9.623858	-48.053348	0	T:31.0(0.13%),B:3.5(0.01%),P:1e-20	Tpos:64.2,Tstd:25.1,Bpos:14.5,Bstd:6.4,StrandBias:0.1,Multiplicity:1.00
0.076	0.542	0.153	0.229
0.105	0.052	0.001	0.842
0.922	0.076	0.001	0.001
0.001	0.001	0.922	0.076
0.001	0.997	0.001	0.001
0.001	0.001	0.001	0.997
0.538	0.001	0.001	0.460
0.997	0.001	0.001	0.001
0.001	0.001	0.997	0.001
0.001	0.997	0.001	0.001
0.001	0.001	0.001	0.997
0.777	0.001	0.001	0.221
>TGAATGAATGAA	25-TGAATGAATGAA	10.103134	-37.893990	0	T:41.0(0.17%),B:8.1(0.03%),P:1e-16	Tpos:52.2,Tstd:26.8,Bpos:51.5,Bstd:26.0,StrandBias:-1.4,Multiplicity:1.00
0.076	0.046	0.060	0.818
0.046	0.060	0.878	0.016
0.832	0.092	0.061	0.015
0.819	0.045	0.045	0.091
0.060	0.076	0.045	0.819
0.030	0.121	0.834	0.015
0.804	0.060	0.091	0.045
0.771	0.076	0.046	0.107
0.031	0.031	0.079	0.859
0.061	0.091	0.818	0.030
0.909	0.015	0.031	0.045
0.894	0.015	0.031	0.060
>TATATA	1-TATATA	4.981150	-1128.659090	0	T:4557.0(18.97%),B:2261.8(9.06%),P:1e-490	Tpos:31.8,Tstd:12.7,Bpos:50.2,Bstd:38.3,StrandBias:-0.3,Multiplicity:1.18
0.001	0.001	0.001	0.997
0.627	0.001	0.001	0.371
0.097	0.001	0.001	0.901
0.997	0.001	0.001	0.001
0.001	0.001	0.001	0.997
0.997	0.001	0.001	0.001
>TAWAAA	2-TAWAAA	5.439879	-660.323548	0	T:5101.0(21.24%),B:3199.9(12.81%),P:1e-286	Tpos:36.7,Tstd:22.5,Bpos:50.0,Bstd:35.2,StrandBias:0.4,Multiplicity:1.12
0.001	0.001	0.001	0.997
0.602	0.001	0.001	0.396
0.414	0.259	0.001	0.326
0.653	0.001	0.001	0.345
0.996	0.001	0.001	0.002
0.672	0.001	0.001	0.326
>CCACTC	3-CCACTC	4.237757	-582.192307	0	T:14282.0(59.47%),B:12118.4(48.53%),P:1e-252	Tpos:54.0,Tstd:27.5,Bpos:49.9,Bstd:31.8,StrandBias:1.7,Multiplicity:1.62
0.001	0.864	0.001	0.134
0.001	0.997	0.001	0.001
0.708	0.001	0.081	0.210
0.045	0.770	0.122	0.063
0.114	0.100	0.001	0.785
0.001	0.997	0.001	0.001
>CCCGTC	4-CCCGTC	3.223314	-560.936754	0	T:12610.0(52.51%),B:10439.7(41.80%),P:1e-243	Tpos:53.4,Tstd:28.2,Bpos:49.5,Bstd:31.1,StrandBias:1.6,Multiplicity:1.42
0.001	0.792	0.001	0.206
0.001	0.997	0.001	0.001
0.001	0.997	0.001	0.001
0.143	0.001	0.855	0.001
0.001	0.210	0.001	0.788
0.001	0.997	0.001	0.001
>CACAGC	5-CACAGC	4.639151	-477.212253	0	T:11496.0(47.87%),B:9516.3(38.11%),P:1e-207	Tpos:56.4,Tstd:28.2,Bpos:50.2,Bstd:31.9,StrandBias:0.7,Multiplicity:1.46
0.001	0.944	0.001	0.054
0.725	0.001	0.273	0.001
0.001	0.997	0.001	0.001
0.651	0.156	0.001	0.192
0.001	0.001	0.997	0.001
0.001	0.997	0.001	0.001
>CAACCA	6-CAACCA	3.046995	-383.423902	0	T:12527.0(52.16%),B:10815.1(43.31%),P:1e-166	Tpos:50.3,Tstd:27.6,Bpos:50.3,Bstd:32.0,StrandBias:1.3,Multiplicity:1.32
0.364	0.634	0.001	0.001
0.980	0.018	0.001	0.001
0.997	0.001	0.001	0.001
0.300	0.519	0.001	0.180
0.001	0.997	0.001	0.001
0.873	0.125	0.001	0.001
>AAGCGA	7-AAGCGA	4.654258	-341.738460	0	T:8605.0(35.83%),B:7019.3(28.11%),P:1e-148	Tpos:53.1,Tstd:27.7,Bpos:49.5,Bstd:31.4,StrandBias:-0.4,Multiplicity:1.26
0.938	0.001	0.060	0.001
0.836	0.025	0.138	0.001
0.100	0.001	0.850	0.049
0.035	0.890	0.001	0.074
0.202	0.001	0.796	0.001
0.942	0.001	0.056	0.001
>CGCATC	8-CGCATC	1.169836	-337.204402	0	T:8364.0(34.83%),B:6798.9(27.22%),P:1e-146	Tpos:52.6,Tstd:28.0,Bpos:50.3,Bstd:31.5,StrandBias:0.7,Multiplicity:1.16
0.001	0.997	0.001	0.001
0.001	0.001	0.997	0.001
0.001	0.997	0.001	0.001
0.671	0.001	0.169	0.159
0.001	0.001	0.001	0.997
0.001	0.796	0.001	0.202
>CCTTCC	9-CCTTCC	5.908544	-312.463802	0	T:8186.0(34.09%),B:6694.6(26.81%),P:1e-135	Tpos:53.9,Tstd:27.9,Bpos:50.0,Bstd:33.2,StrandBias:1.5,Multiplicity:1.24
0.001	0.997	0.001	0.001
0.001	0.997	0.001	0.001
0.001	0.314	0.001	0.684
0.133	0.001	0.133	0.733
0.001	0.997	0.001	0.001
0.001	0.997	0.001	0.001
>AAMCCY	10-AAMCCY	5.670315	-276.140450	0	T:3725.0(15.51%),B:2646.3(10.60%),P:1e-119	Tpos:53.7,Tstd:26.4,Bpos:49.9,Bstd:32.6,StrandBias:1.7,Multiplicity:1.14
0.786	0.212	0.001	0.001
0.778	0.220	0.001	0.001
0.435	0.563	0.001	0.001
0.213	0.785	0.001	0.001
0.220	0.778	0.001	0.001
0.143	0.436	0.001	0.420
>CACRCA	11-CACRCA	5.272931	-239.609701	0	T:4327.0(18.02%),B:3263.9(13.07%),P:1e-104	Tpos:53.2,Tstd:27.5,Bpos:50.7,Bstd:29.8,StrandBias:0.9,Multiplicity:1.18
0.147	0.851	0.001	0.001
0.825	0.001	0.080	0.094
0.164	0.513	0.322	0.001
0.395	0.078	0.423	0.104
0.001	0.773	0.225	0.001
0.644	0.312	0.043	0.001
>CTGTCT	12-CTGTCT	5.157473	-238.121683	0	T:7299.0(30.39%),B:6056.1(24.25%),P:1e-103	Tpos:50.6,Tstd:27.9,Bpos:49.4,Bstd:32.9,StrandBias:0.5,Multiplicity:1.12
0.001	0.997	0.001	0.001
0.177	0.089	0.001	0.733
0.001	0.001	0.780	0.218
0.001	0.120	0.001	0.878
0.001	0.913	0.001	0.085
0.001	0.001	0.001	0.997
>CGAGAS	13-CGAGAS	7.583251	-199.237132	0	T:3067.0(12.77%),B:2228.2(8.92%),P:1e-86	Tpos:55.8,Tstd:27.4,Bpos:49.3,Bstd:30.4,StrandBias:-0.1,Multiplicity:1.05
0.001	0.997	0.001	0.001
0.001	0.001	0.997	0.001
0.997	0.001	0.001	0.001
0.001	0.001	0.997	0.001
0.997	0.001	0.001	0.001
0.001	0.487	0.511	0.001
>GAAATG	14-GAAATG	5.508800	-136.188061	0	T:4134.0(17.21%),B:3370.7(13.50%),P:1e-59	Tpos:50.6,Tstd:28.1,Bpos:50.0,Bstd:31.4,StrandBias:-0.7,Multiplicity:1.08
0.001	0.001	0.997	0.001
0.997	0.001	0.001	0.001
0.997	0.001	0.001	0.001
0.842	0.156	0.001	0.001
0.001	0.391	0.001	0.607
0.001	0.001	0.997	0.001
>TCGTCT	15-TCGTCT	6.177716	-131.884082	0	T:1743.0(7.26%),B:1218.4(4.88%),P:1e-57	Tpos:54.0,Tstd:27.4,Bpos:50.7,Bstd:30.0,StrandBias:0.9,Multiplicity:1.06
0.100	0.100	0.100	0.700
0.100	0.700	0.100	0.100
0.100	0.100	0.700	0.100
0.100	0.100	0.100	0.700
0.100	0.700	0.100	0.100
0.100	0.100	0.100	0.700
>CTTATC	16-CTTATC	6.177716	-131.257534	0	T:1059.0(4.41%),B:651.1(2.61%),P:1e-57	Tpos:44.1,Tstd:24.9,Bpos:49.7,Bstd:32.5,StrandBias:1.4,Multiplicity:1.04
0.100	0.700	0.100	0.100
0.100	0.100	0.100	0.700
0.100	0.100	0.100	0.700
0.700	0.100	0.100	0.100
0.100	0.100	0.100	0.700
0.100	0.700	0.100	0.100
>CTACTA	17-CTACTA	7.116062	-93.829878	0	T:1227.0(5.11%),B:854.1(3.42%),P:1e-40	Tpos:46.2,Tstd:26.5,Bpos:49.0,Bstd:29.5,StrandBias:0.2,Multiplicity:1.21
0.001	0.867	0.131	0.001
0.001	0.001	0.001	0.997
0.997	0.001	0.001	0.001
0.001	0.647	0.351	0.001
0.001	0.001	0.001	0.997
0.997	0.001	0.001	0.001
>TCACAC	18-TCACAC	7.283865	-84.109146	0	T:1759.0(7.32%),B:1343.9(5.38%),P:1e-36	Tpos:52.7,Tstd:27.6,Bpos:50.6,Bstd:29.6,StrandBias:1.1,Multiplicity:1.04
0.001	0.001	0.001	0.997
0.001	0.997	0.001	0.001
0.997	0.001	0.001	0.001
0.001	0.997	0.001	0.001
0.997	0.001	0.001	0.001
0.001	0.637	0.361	0.001
>CTAGCT	19-CTAGCT	6.177716	-24.915345	0	T:1378.0(5.74%),B:1197.7(4.80%),P:1e-10	Tpos:55.3,Tstd:28.4,Bpos:49.2,Bstd:30.0,StrandBias:0.0,Multiplicity:1.27
0.100	0.700	0.100	0.100
0.100	0.100	0.100	0.700
0.700	0.100	0.100	0.100
0.100	0.100	0.700	0.100
0.100	0.700	0.100	0.100
0.100	0.100	0.100	0.700
>SMTATAWA	1-SMTATAWA	5.942489	-1212.903435	0	T:3341.0(13.91%),B:1351.2(5.41%),P:1e-526	Tpos:31.6,Tstd:11.3,Bpos:51.5,Bstd:37.5,StrandBias:0.4,Multiplicity:1.03
0.001	0.426	0.309	0.263
0.292	0.351	0.194	0.163
0.001	0.001	0.001	0.997
0.828	0.027	0.001	0.144
0.067	0.001	0.001	0.931
0.956	0.001	0.001	0.042
0.552	0.001	0.001	0.446
0.997	0.001	0.001	0.001
>YCGCHKCC	2-YCGCHKCC	4.428401	-921.427636	0	T:15514.0(64.60%),B:12710.2(50.89%),P:1e-400	Tpos:56.1,Tstd:27.5,Bpos:49.9,Bstd:31.1,StrandBias:1.3,Multiplicity:1.47
0.257	0.414	0.001	0.328
0.001	0.944	0.054	0.001
0.205	0.237	0.542	0.016
0.001	0.927	0.001	0.071
0.401	0.291	0.001	0.307
0.150	0.152	0.404	0.294
0.058	0.596	0.132	0.214
0.176	0.628	0.001	0.195
>CYCCYCTC	3-CYCCYCTC	5.026031	-741.042774	0	T:10108.0(42.09%),B:7582.4(30.36%),P:1e-321	Tpos:56.1,Tstd:26.7,Bpos:50.3,Bstd:33.7,StrandBias:1.8,Multiplicity:1.37
0.060	0.581	0.057	0.302
0.053	0.482	0.119	0.346
0.008	0.611	0.051	0.330
0.001	0.507	0.291	0.201
0.102	0.341	0.159	0.399
0.001	0.997	0.001	0.001
0.123	0.272	0.122	0.483
0.030	0.601	0.024	0.345
>CMAAMCCC	4-CMAAMCCC	4.147122	-730.939173	0	T:9836.0(40.96%),B:7341.8(29.40%),P:1e-317	Tpos:53.6,Tstd:26.8,Bpos:49.8,Bstd:30.9,StrandBias:2.1,Multiplicity:1.41
0.001	0.997	0.001	0.001
0.469	0.529	0.001	0.001
0.786	0.212	0.001	0.001
0.582	0.416	0.001	0.001
0.499	0.374	0.001	0.126
0.001	0.997	0.001	0.001
0.314	0.684	0.001	0.001
0.376	0.622	0.001	0.001
>TYCMTTTC	5-TYCMTTTC	6.287107	-547.820767	0	T:4547.0(18.93%),B:2894.0(11.59%),P:1e-237	Tpos:50.8,Tstd:27.4,Bpos:50.0,Bstd:32.8,StrandBias:1.1,Multiplicity:1.15
0.001	0.101	0.001	0.897
0.001	0.492	0.001	0.506
0.001	0.587	0.102	0.310
0.494	0.504	0.001	0.001
0.001	0.001	0.252	0.746
0.001	0.048	0.001	0.950
0.001	0.375	0.001	0.623
0.270	0.714	0.015	0.001
>AAACCCTA	6-AAACCCTA	8.997849	-437.776642	0	T:987.0(4.11%),B:343.5(1.38%),P:1e-190	Tpos:53.7,Tstd:25.8,Bpos:51.4,Bstd:33.1,StrandBias:0.9,Multiplicity:1.03
0.997	0.001	0.001	0.001
0.997	0.001	0.001	0.001
0.997	0.001	0.001	0.001
0.001	0.997	0.001	0.001
0.001	0.997	0.001	0.001
0.001	0.997	0.001	0.001
0.001	0.001	0.001	0.997
0.745	0.128	0.001	0.126
>AASCCWAG	7-AASCCWAG	4.559751	-381.973212	0	T:2312.0(9.63%),B:1308.2(5.24%),P:1e-165	Tpos:50.8,Tstd:26.9,Bpos:49.7,Bstd:29.0,StrandBias:1.0,Multiplicity:1.05
0.997	0.001	0.001	0.001
0.997	0.001	0.001	0.001
0.001	0.519	0.479	0.001
0.001	0.997	0.001	0.001
0.001	0.863	0.135	0.001
0.479	0.010	0.001	0.510
0.997	0.001	0.001	0.001
0.001	0.357	0.641	0.001
>CMATTCCC	8-CMATTCCC	6.081291	-378.783483	0	T:3123.0(13.00%),B:1959.4(7.85%),P:1e-164	Tpos:52.8,Tstd:27.6,Bpos:49.1,Bstd:31.3,StrandBias:1.6,Multiplicity:1.05
0.175	0.823	0.001	0.001
0.532	0.466	0.001	0.001
0.849	0.001	0.149	0.001
0.378	0.001	0.001	0.620
0.001	0.089	0.001	0.909
0.001	0.638	0.001	0.360
0.001	0.782	0.216	0.001
0.001	0.997	0.001	0.001
>TGTGTGTG	9-TGTGTGTG	5.410216	-311.316527	0	T:3405.0(14.18%),B:2303.9(9.23%),P:1e-135	Tpos:53.9,Tstd:27.2,Bpos:50.4,Bstd:29.4,StrandBias:-1.4,Multiplicity:1.10
0.118	0.095	0.129	0.658
0.007	0.086	0.834	0.073
0.133	0.133	0.023	0.711
0.050	0.099	0.784	0.067
0.196	0.067	0.039	0.698
0.036	0.123	0.797	0.044
0.100	0.169	0.036	0.695
0.073	0.041	0.822	0.064
>CGCACCGC	10-CGCACCGC	6.567617	-282.735407	0	T:2726.0(11.35%),B:1778.5(7.12%),P:1e-122	Tpos:55.7,Tstd:27.8,Bpos:49.1,Bstd:31.8,StrandBias:1.0,Multiplicity:1.08
0.029	0.949	0.021	0.001
0.052	0.070	0.847	0.031
0.040	0.947	0.001	0.012
0.895	0.001	0.057	0.047
0.037	0.665	0.222	0.076
0.001	0.937	0.020	0.042
0.127	0.001	0.849	0.023
0.012	0.986	0.001	0.001
>CCMSTCCG	11-CCMSTCCG	4.486706	-279.053640	0	T:1932.0(8.04%),B:1139.8(4.56%),P:1e-121	Tpos:53.5,Tstd:27.4,Bpos:49.0,Bstd:31.2,StrandBias:1.2,Multiplicity:1.03
0.001	0.935	0.001	0.063
0.001	0.997	0.001	0.001
0.464	0.534	0.001	0.001
0.001	0.527	0.471	0.001
0.001	0.001	0.001	0.997
0.001	0.997	0.001	0.001
0.001	0.997	0.001	0.001
0.001	0.001	0.992	0.006
>TAAAASCC	12-TAAAASCC	5.959009	-278.549770	0	T:848.0(3.53%),B:352.5(1.41%),P:1e-120	Tpos:41.5,Tstd:23.1,Bpos:51.0,Bstd:29.4,StrandBias:1.5,Multiplicity:1.01
0.001	0.021	0.001	0.977
0.997	0.001	0.001	0.001
0.609	0.001	0.001	0.389
0.997	0.001	0.001	0.001
0.997	0.001	0.001	0.001
0.001	0.529	0.469	0.001
0.001	0.997	0.001	0.001
0.001	0.997	0.001	0.001
>TCGTTTCG	13-TCGTTTCG	6.277511	-265.473094	0	T:1577.0(6.57%),B:881.0(3.53%),P:1e-115	Tpos:51.7,Tstd:27.0,Bpos:50.4,Bstd:30.7,StrandBias:0.1,Multiplicity:1.06
0.048	0.076	0.045	0.831
0.015	0.827	0.124	0.034
0.040	0.109	0.817	0.034
0.243	0.160	0.111	0.486
0.116	0.225	0.023	0.636
0.074	0.025	0.024	0.877
0.043	0.768	0.027	0.162
0.100	0.043	0.760	0.097
>TCTCGTCT	14-TCTCGTCT	6.576010	-259.537722	0	T:1437.0(5.98%),B:782.3(3.13%),P:1e-112	Tpos:51.9,Tstd:27.4,Bpos:50.7,Bstd:29.2,StrandBias:0.2,Multiplicity:1.03
0.001	0.001	0.001	0.997
0.001	0.721	0.060	0.218
0.001	0.001	0.047	0.951
0.156	0.729	0.114	0.001
0.048	0.001	0.950	0.001
0.020	0.029	0.151	0.800
0.001	0.997	0.001	0.001
0.029	0.016	0.001	0.954
>CTCTCTCT	15-CTCTCTCT	7.172065	-244.301325	0	T:1883.0(7.84%),B:1147.3(4.59%),P:1e-106	Tpos:55.6,Tstd:27.3,Bpos:50.9,Bstd:32.1,StrandBias:0.6,Multiplicity:1.04
0.208	0.740	0.051	0.001
0.043	0.001	0.049	0.907
0.001	0.966	0.032	0.001
0.052	0.001	0.130	0.817
0.030	0.916	0.053	0.001
0.025	0.001	0.039	0.935
0.001	0.947	0.001	0.051
0.080	0.001	0.060	0.859
>YTATTAWA	16-YTATTAWA	4.761766	-238.101709	0	T:953.0(3.97%),B:453.3(1.81%),P:1e-103	Tpos:35.0,Tstd:19.7,Bpos:44.5,Bstd:35.7,StrandBias:0.4,Multiplicity:1.02
0.001	0.481	0.001	0.517
0.001	0.001	0.001	0.997
0.997	0.001	0.001	0.001
0.001	0.001	0.001	0.997
0.008	0.001	0.001	0.990
0.997	0.001	0.001	0.001
0.477	0.001	0.001	0.521
0.984	0.001	0.001	0.014
>TCCTTATC	17-TCCTTATC	6.011658	-198.095700	0	T:942.0(3.92%),B:482.3(1.93%),P:1e-86	Tpos:43.3,Tstd:24.3,Bpos:50.9,Bstd:32.2,StrandBias:1.2,Multiplicity:1.06
0.076	0.125	0.140	0.659
0.047	0.841	0.001	0.111
0.001	0.942	0.001	0.056
0.001	0.001	0.001	0.997
0.001	0.001	0.001	0.997
0.997	0.001	0.001	0.001
0.001	0.001	0.001	0.997
0.042	0.956	0.001	0.001
>YTAMTAGY	18-YTAMTAGY	5.084006	-188.018590	0	T:3946.0(16.43%),B:3045.5(12.19%),P:1e-81	Tpos:46.9,Tstd:26.4,Bpos:49.9,Bstd:29.8,StrandBias:0.1,Multiplicity:1.17
0.001	0.538	0.001	0.460
0.390	0.001	0.027	0.582
0.593	0.001	0.380	0.026
0.427	0.365	0.207	0.001
0.109	0.046	0.078	0.767
0.839	0.001	0.001	0.159
0.035	0.344	0.575	0.046
0.245	0.308	0.031	0.416
>ACAGCACA	19-ACAGCACA	6.915747	-166.933504	0	T:1139.0(4.74%),B:665.6(2.67%),P:1e-72	Tpos:51.8,Tstd:27.7,Bpos:51.6,Bstd:28.9,StrandBias:0.7,Multiplicity:1.06
0.969	0.001	0.001	0.029
0.001	0.802	0.178	0.019
0.985	0.001	0.001	0.013
0.001	0.075	0.923	0.001
0.046	0.844	0.084	0.026
0.896	0.034	0.023	0.047
0.129	0.869	0.001	0.001
0.873	0.053	0.039	0.035
>GCTTGCTT	20-GCTTGCTT	7.618861	-152.081092	0	T:865.0(3.60%),B:475.0(1.90%),P:1e-66	Tpos:54.1,Tstd:27.1,Bpos:46.7,Bstd:31.8,StrandBias:-0.2,Multiplicity:1.08
0.001	0.172	0.826	0.001
0.084	0.776	0.001	0.139
0.001	0.001	0.001	0.997
0.001	0.001	0.001	0.997
0.001	0.106	0.892	0.001
0.001	0.997	0.001	0.001
0.001	0.001	0.001	0.997
0.055	0.001	0.001	0.943
>GGCAGGCA	21-GGCAGGCA	7.791987	-141.290700	0	T:901.0(3.75%),B:514.6(2.06%),P:1e-61	Tpos:53.8,Tstd:27.4,Bpos:50.4,Bstd:29.8,StrandBias:-0.3,Multiplicity:1.09
0.001	0.059	0.939	0.001
0.075	0.001	0.923	0.001
0.170	0.757	0.001	0.072
0.997	0.001	0.001	0.001
0.091	0.001	0.907	0.001
0.001	0.001	0.997	0.001
0.001	0.997	0.001	0.001
0.997	0.001	0.001	0.001
>CGGCCGGC	22-CGGCCGGC	6.381225	-120.889192	0	T:1911.0(7.96%),B:1387.6(5.56%),P:1e-52	Tpos:53.5,Tstd:28.3,Bpos:48.7,Bstd:30.0,StrandBias:0.3,Multiplicity:1.05
0.001	0.997	0.001	0.001
0.001	0.001	0.863	0.135
0.001	0.001	0.997	0.001
0.001	0.924	0.074	0.001
0.001	0.997	0.001	0.001
0.001	0.001	0.997	0.001
0.001	0.123	0.738	0.138
0.001	0.905	0.001	0.093
>TTTCATTT	23-TTTCATTT	4.083362	-109.033985	0	T:997.0(4.15%),B:635.2(2.54%),P:1e-47	Tpos:43.7,Tstd:26.3,Bpos:51.7,Bstd:37.9,StrandBias:-0.3,Multiplicity:1.04
0.001	0.001	0.001	0.997
0.001	0.001	0.001	0.997
0.001	0.001	0.001	0.997
0.001	0.997	0.001	0.001
0.890	0.001	0.001	0.108
0.001	0.076	0.001	0.922
0.001	0.001	0.001	0.997
0.001	0.001	0.001	0.997
>GGATGGAT	24-GGATGGAT	7.969667	-86.103897	0	T:486.0(2.02%),B:266.5(1.07%),P:1e-37	Tpos:52.0,Tstd:28.6,Bpos:50.4,Bstd:26.6,StrandBias:-2.0,Multiplicity:1.06
0.001	0.001	0.895	0.103
0.001	0.001	0.997	0.001
0.715	0.283	0.001	0.001
0.001	0.001	0.001	0.997
0.001	0.001	0.997	0.001
0.070	0.001	0.928	0.001
0.997	0.001	0.001	0.001
0.001	0.001	0.001	0.997
>CAGACAGC	25-CAGACAGC	7.209569	-74.169314	0	T:880.0(3.66%),B:599.3(2.40%),P:1e-32	Tpos:52.9,Tstd:26.6,Bpos:53.1,Bstd:27.7,StrandBias:0.4,Multiplicity:1.06
0.001	0.997	0.001	0.001
0.946	0.001	0.001	0.052
0.110	0.001	0.888	0.001
0.573	0.001	0.009	0.417
0.001	0.962	0.001	0.036
0.830	0.001	0.036	0.133
0.002	0.117	0.880	0.001
0.144	0.494	0.159	0.202
