>SBTATATATA	1-SBTATATATA	5.034731	-1385.871491	0	T:4815.0(20.05%),B:2238.2(8.97%),P:1e-601	Tpos:32.4,Tstd:12.8,Bpos:49.9,Bstd:37.4,StrandBias:0.1,Multiplicity:1.06
0.095	0.402	0.265	0.238
0.116	0.340	0.296	0.247
0.099	0.204	0.177	0.520
0.377	0.221	0.174	0.227
0.014	0.140	0.004	0.842
0.594	0.040	0.036	0.330
0.172	0.001	0.001	0.826
0.796	0.001	0.016	0.187
0.307	0.001	0.023	0.669
0.718	0.092	0.097	0.093
>YYYCCBYTCC	2-YYYCCBYTCC	5.097416	-1073.723647	0	T:14080.0(58.62%),B:10917.1(43.75%),P:1e-466	Tpos:56.4,Tstd:26.8,Bpos:50.7,Bstd:32.6,StrandBias:1.6,Multiplicity:1.48
0.001	0.484	0.055	0.460
0.001	0.489	0.100	0.409
0.001	0.380	0.209	0.410
0.001	0.760	0.001	0.238
0.001	0.681	0.262	0.056
0.148	0.356	0.232	0.264
0.038	0.412	0.226	0.324
0.001	0.232	0.180	0.587
0.001	0.617	0.001	0.381
0.001	0.882	0.001	0.116
>MMMMMCCCMC	3-MMMMMCCCMC	4.566872	-869.750747	0	T:10440.0(43.47%),B:7662.1(30.70%),P:1e-377	Tpos:53.3,Tstd:25.9,Bpos:49.3,Bstd:29.7,StrandBias:2.1,Multiplicity:1.31
0.345	0.471	0.001	0.183
0.430	0.568	0.001	0.001
0.508	0.490	0.001	0.001
0.434	0.482	0.024	0.060
0.409	0.429	0.027	0.135
0.355	0.524	0.001	0.120
0.404	0.569	0.001	0.026
0.403	0.595	0.001	0.001
0.368	0.505	0.001	0.126
0.389	0.609	0.001	0.001
>TCTCTCTCTC	4-TCTCTCTCTC	4.887865	-530.223372	0	T:7940.0(33.06%),B:5940.5(23.80%),P:1e-230	Tpos:56.7,Tstd:26.3,Bpos:50.4,Bstd:33.0,StrandBias:1.4,Multiplicity:1.21
0.025	0.100	0.104	0.771
0.018	0.804	0.085	0.093
0.041	0.084	0.130	0.745
0.003	0.869	0.058	0.070
0.042	0.099	0.113	0.746
0.007	0.844	0.104	0.045
0.067	0.117	0.155	0.661
0.004	0.915	0.054	0.027
0.044	0.081	0.083	0.792
0.041	0.854	0.036	0.069
>CGTCTCGTCT	5-CGTCTCGTCT	6.114825	-483.961954	0	T:2962.0(12.33%),B:1691.2(6.78%),P:1e-210	Tpos:53.6,Tstd:26.8,Bpos:49.4,Bstd:28.8,StrandBias:0.5,Multiplicity:1.10
0.046	0.835	0.058	0.061
0.069	0.118	0.743	0.070
0.088	0.052	0.131	0.729
0.018	0.865	0.070	0.047
0.035	0.048	0.064	0.853
0.031	0.835	0.096	0.038
0.100	0.053	0.772	0.075
0.078	0.083	0.079	0.760
0.025	0.828	0.091	0.056
0.051	0.090	0.077	0.782
>AAACCCTASC	6-AAACCCTASC	9.015902	-429.400316	0	T:903.0(3.76%),B:299.4(1.20%),P:1e-186	Tpos:55.3,Tstd:25.5,Bpos:53.7,Bstd:33.1,StrandBias:0.9,Multiplicity:1.01
0.741	0.072	0.186	0.001
0.997	0.001	0.001	0.001
0.774	0.001	0.224	0.001
0.001	0.997	0.001	0.001
0.001	0.997	0.001	0.001
0.001	0.997	0.001	0.001
0.001	0.001	0.001	0.997
0.577	0.209	0.001	0.213
0.197	0.368	0.413	0.022
0.161	0.471	0.178	0.191
>CASACACRCA	7-CASACACRCA	6.554938	-419.480709	0	T:3225.0(13.43%),B:1983.7(7.95%),P:1e-182	Tpos:53.3,Tstd:27.0,Bpos:50.3,Bstd:28.6,StrandBias:1.0,Multiplicity:1.08
0.001	0.997	0.001	0.001
0.790	0.001	0.208	0.001
0.001	0.486	0.512	0.001
0.562	0.191	0.172	0.075
0.001	0.580	0.418	0.001
0.404	0.161	0.223	0.211
0.001	0.710	0.288	0.001
0.353	0.179	0.370	0.098
0.019	0.895	0.085	0.001
0.960	0.007	0.032	0.001
>CCGCCGCCGC	8-CCGCCGCCGC	6.838827	-417.718933	0	T:4297.0(17.89%),B:2882.4(11.55%),P:1e-181	Tpos:60.9,Tstd:27.2,Bpos:49.6,Bstd:31.5,StrandBias:0.9,Multiplicity:1.09
0.100	0.823	0.029	0.048
0.069	0.792	0.073	0.066
0.086	0.103	0.748	0.063
0.036	0.852	0.064	0.048
0.100	0.714	0.074	0.112
0.109	0.054	0.782	0.055
0.047	0.901	0.018	0.034
0.077	0.767	0.064	0.092
0.113	0.057	0.770	0.060
0.050	0.853	0.046	0.051
>ATTCCATTCC	9-ATTCCATTCC	7.226778	-354.693455	0	T:1046.0(4.36%),B:427.7(1.71%),P:1e-154	Tpos:55.7,Tstd:26.6,Bpos:50.9,Bstd:29.6,StrandBias:1.8,Multiplicity:1.09
0.806	0.046	0.123	0.025
0.115	0.080	0.073	0.732
0.028	0.096	0.042	0.834
0.010	0.838	0.033	0.119
0.054	0.848	0.044	0.054
0.787	0.087	0.045	0.081
0.099	0.085	0.109	0.707
0.024	0.129	0.027	0.820
0.026	0.781	0.053	0.140
0.086	0.851	0.040	0.023
>CCGCACCGCA	10-CCGCACCGCA	7.184310	-286.399863	0	T:1172.0(4.88%),B:563.4(2.26%),P:1e-124	Tpos:55.5,Tstd:26.7,Bpos:49.4,Bstd:30.1,StrandBias:1.3,Multiplicity:1.05
0.096	0.726	0.098	0.080
0.097	0.778	0.068	0.057
0.069	0.087	0.800	0.044
0.086	0.831	0.044	0.039
0.834	0.024	0.055	0.087
0.047	0.754	0.117	0.082
0.045	0.787	0.082	0.086
0.057	0.053	0.849	0.041
0.060	0.879	0.037	0.024
0.763	0.112	0.059	0.066
>CTGCCTGCCK	11-CTGCCTGCCK	6.172765	-280.661728	0	T:2277.0(9.48%),B:1411.4(5.66%),P:1e-121	Tpos:55.1,Tstd:26.7,Bpos:50.0,Bstd:30.2,StrandBias:-0.2,Multiplicity:1.05
0.022	0.575	0.225	0.178
0.071	0.263	0.182	0.484
0.033	0.003	0.911	0.053
0.159	0.458	0.289	0.094
0.038	0.544	0.168	0.250
0.151	0.185	0.122	0.542
0.022	0.017	0.919	0.042
0.125	0.520	0.272	0.083
0.020	0.557	0.233	0.190
0.080	0.127	0.374	0.420
>CACBCGTCAC	12-CACBCGTCAC	7.917414	-256.833496	0	T:780.0(3.25%),B:323.6(1.30%),P:1e-111	Tpos:54.3,Tstd:26.9,Bpos:55.3,Bstd:24.6,StrandBias:1.1,Multiplicity:1.03
0.001	0.997	0.001	0.001
0.738	0.006	0.077	0.179
0.001	0.997	0.001	0.001
0.163	0.267	0.225	0.345
0.306	0.463	0.165	0.066
0.043	0.237	0.719	0.001
0.153	0.033	0.156	0.658
0.001	0.997	0.001	0.001
0.911	0.046	0.001	0.042
0.001	0.997	0.001	0.001
>AAAGCAAAGC	13-AAAGCAAAGC	8.541124	-235.559276	0	T:437.0(1.82%),B:132.3(0.53%),P:1e-102	Tpos:53.1,Tstd:27.1,Bpos:53.8,Bstd:31.1,StrandBias:1.1,Multiplicity:1.05
0.772	0.134	0.045	0.049
0.970	0.028	0.001	0.001
0.857	0.029	0.101	0.013
0.001	0.021	0.918	0.060
0.084	0.874	0.029	0.013
0.997	0.001	0.001	0.001
0.997	0.001	0.001	0.001
0.919	0.060	0.020	0.001
0.060	0.165	0.774	0.001
0.001	0.997	0.001	0.001
>TASTAGTAGT	14-TASTAGTAGT	5.833160	-208.192746	0	T:1133.0(4.72%),B:611.9(2.45%),P:1e-90	Tpos:47.2,Tstd:25.5,Bpos:49.4,Bstd:27.9,StrandBias:-0.0,Multiplicity:1.06
0.098	0.100	0.103	0.699
0.743	0.043	0.093	0.121
0.009	0.556	0.424	0.011
0.027	0.074	0.044	0.855
0.825	0.030	0.105	0.040
0.001	0.414	0.584	0.001
0.012	0.114	0.011	0.863
0.841	0.004	0.070	0.085
0.020	0.338	0.589	0.053
0.046	0.249	0.110	0.595
>CTTATCCYCT	15-CTTATCCYCT	8.786145	-204.225155	0	T:376.0(1.57%),B:113.1(0.45%),P:1e-88	Tpos:45.9,Tstd:25.6,Bpos:46.9,Bstd:32.9,StrandBias:2.3,Multiplicity:1.01
0.006	0.893	0.085	0.016
0.026	0.001	0.001	0.972
0.005	0.042	0.027	0.926
0.795	0.001	0.093	0.111
0.001	0.031	0.005	0.963
0.001	0.933	0.019	0.047
0.079	0.451	0.293	0.178
0.124	0.373	0.182	0.322
0.005	0.921	0.069	0.005
0.264	0.085	0.069	0.582
>GAGAAATTTG	16-GAGAAATTTG	7.148577	-195.323101	0	T:799.0(3.33%),B:383.9(1.54%),P:1e-84	Tpos:45.5,Tstd:25.3,Bpos:53.8,Bstd:33.8,StrandBias:-1.6,Multiplicity:1.01
0.032	0.019	0.872	0.077
0.760	0.039	0.138	0.063
0.126	0.066	0.788	0.020
0.785	0.017	0.115	0.083
0.688	0.017	0.110	0.185
0.878	0.023	0.041	0.058
0.076	0.021	0.065	0.838
0.034	0.095	0.045	0.826
0.048	0.064	0.075	0.813
0.056	0.060	0.755	0.129
>CCACAGTCCA	17-CCACAGTCCA	8.698021	-155.170473	0	T:385.0(1.60%),B:142.6(0.57%),P:1e-67	Tpos:53.3,Tstd:26.9,Bpos:50.3,Bstd:27.5,StrandBias:1.3,Multiplicity:1.01
0.002	0.970	0.001	0.027
0.001	0.980	0.001	0.018
0.944	0.001	0.036	0.019
0.001	0.750	0.222	0.027
0.886	0.060	0.053	0.001
0.002	0.002	0.984	0.012
0.001	0.248	0.152	0.599
0.001	0.980	0.018	0.001
0.001	0.987	0.001	0.011
0.978	0.019	0.001	0.002
>TTTAAACCGC	18-TTTAAACCGC	8.306135	-129.922928	0	T:103.0(0.43%),B:13.5(0.05%),P:1e-56	Tpos:38.5,Tstd:22.6,Bpos:35.6,Bstd:33.3,StrandBias:1.0,Multiplicity:1.00
0.040	0.154	0.005	0.801
0.001	0.228	0.068	0.703
0.262	0.197	0.001	0.540
0.643	0.158	0.012	0.187
0.891	0.004	0.097	0.008
0.583	0.209	0.191	0.017
0.259	0.465	0.275	0.001
0.005	0.717	0.141	0.137
0.008	0.186	0.773	0.033
0.169	0.772	0.012	0.047
>CTAGCTAGCT	19-CTAGCTAGCT	10.562083	-120.318123	0	T:156.0(0.65%),B:35.3(0.14%),P:1e-52	Tpos:59.2,Tstd:26.7,Bpos:53.2,Bstd:23.1,StrandBias:0.3,Multiplicity:1.02
0.001	0.943	0.055	0.001
0.001	0.226	0.001	0.772
0.967	0.001	0.001	0.031
0.001	0.001	0.982	0.016
0.001	0.997	0.001	0.001
0.035	0.001	0.001	0.963
0.997	0.001	0.001	0.001
0.001	0.015	0.923	0.061
0.001	0.962	0.001	0.036
0.049	0.001	0.001	0.949
>TTCGATTCGA	20-TTCGATTCGA	7.490174	-114.691494	0	T:383.0(1.59%),B:167.8(0.67%),P:1e-49	Tpos:55.5,Tstd:25.7,Bpos:47.0,Bstd:29.8,StrandBias:-0.4,Multiplicity:1.06
0.062	0.200	0.104	0.634
0.026	0.090	0.050	0.834
0.026	0.885	0.061	0.028
0.068	0.023	0.876	0.033
0.745	0.052	0.109	0.094
0.075	0.069	0.090	0.766
0.046	0.022	0.057	0.875
0.025	0.842	0.024	0.109
0.040	0.040	0.897	0.023
0.649	0.074	0.183	0.094
>CCGTCAGTCC	21-CCGTCAGTCC	11.255507	-107.018830	0	T:53.0(0.22%),B:3.4(0.01%),P:1e-46	Tpos:52.4,Tstd:23.3,Bpos:72.8,Bstd:11.4,StrandBias:1.4,Multiplicity:1.00
0.001	0.948	0.050	0.001
0.330	0.668	0.001	0.001
0.001	0.001	0.979	0.019
0.001	0.001	0.001	0.997
0.050	0.948	0.001	0.001
0.858	0.090	0.001	0.051
0.001	0.001	0.997	0.001
0.050	0.001	0.001	0.948
0.001	0.997	0.001	0.001
0.315	0.633	0.001	0.051
>TTATCCCTTC	22-TTATCCCTTC	9.739016	-93.425167	0	T:79.0(0.33%),B:11.9(0.05%),P:1e-40	Tpos:37.2,Tstd:21.7,Bpos:59.6,Bstd:18.6,StrandBias:1.4,Multiplicity:1.02
0.001	0.001	0.001	0.997
0.001	0.021	0.001	0.977
0.954	0.001	0.044	0.001
0.067	0.001	0.087	0.845
0.026	0.930	0.022	0.022
0.001	0.593	0.294	0.112
0.089	0.640	0.249	0.022
0.001	0.001	0.001	0.997
0.022	0.168	0.001	0.809
0.022	0.799	0.033	0.146
>TGCGAGTTGC	23-TGCGAGTTGC	8.975739	-77.603229	0	T:55.0(0.23%),B:6.4(0.03%),P:1e-33	Tpos:49.1,Tstd:25.4,Bpos:56.0,Bstd:22.4,StrandBias:-0.5,Multiplicity:1.00
0.001	0.190	0.156	0.653
0.014	0.004	0.968	0.014
0.127	0.615	0.175	0.083
0.029	0.020	0.743	0.208
0.779	0.112	0.050	0.059
0.084	0.101	0.611	0.204
0.235	0.100	0.073	0.592
0.018	0.056	0.209	0.717
0.033	0.069	0.704	0.194
0.218	0.631	0.004	0.147
>TGCAGTCTGC	24-TGCAGTCTGC	10.296193	-56.889872	0	T:30.0(0.12%),B:3.0(0.01%),P:1e-24	Tpos:58.7,Tstd:24.3,Bpos:54.4,Bstd:22.6,StrandBias:0.8,Multiplicity:1.00
0.100	0.100	0.100	0.700
0.100	0.100	0.700	0.100
0.100	0.700	0.100	0.100
0.700	0.100	0.100	0.100
0.100	0.100	0.700	0.100
0.100	0.100	0.100	0.700
0.100	0.700	0.100	0.100
0.100	0.100	0.100	0.700
0.100	0.100	0.700	0.100
0.100	0.700	0.100	0.100
>AGAAAAATCT	25-AGAAAAATCT	10.390753	-41.425470	0	T:48.0(0.20%),B:11.0(0.04%),P:1e-17	Tpos:42.5,Tstd:23.7,Bpos:55.9,Bstd:21.4,StrandBias:-0.3,Multiplicity:1.00
0.997	0.001	0.001	0.001
0.001	0.001	0.997	0.001
0.997	0.001	0.001	0.001
0.997	0.001	0.001	0.001
0.956	0.001	0.001	0.042
0.997	0.001	0.001	0.001
0.997	0.001	0.001	0.001
0.096	0.001	0.001	0.902
0.001	0.997	0.001	0.001
0.161	0.001	0.001	0.837
>TATATAWANVVV	1-TATATAWANVVV	4.631213	-1465.964157	0	T:4963.0(20.66%),B:2283.9(9.15%),P:1e-636	Tpos:32.5,Tstd:12.8,Bpos:50.3,Bstd:35.9,StrandBias:0.1,Multiplicity:1.26
0.106	0.135	0.115	0.644
0.566	0.126	0.046	0.262
0.088	0.058	0.029	0.825
0.801	0.019	0.015	0.165
0.239	0.052	0.031	0.678
0.841	0.035	0.064	0.060
0.287	0.132	0.163	0.419
0.567	0.150	0.197	0.086
0.227	0.283	0.265	0.225
0.353	0.238	0.279	0.130
0.207	0.351	0.288	0.155
0.228	0.289	0.344	0.138
>CCCCMCCCCMCC	2-CCCCMCCCCMCC	4.831790	-1143.486926	0	T:9599.0(39.97%),B:6449.6(25.84%),P:1e-496	Tpos:56.1,Tstd:25.7,Bpos:50.3,Bstd:30.9,StrandBias:2.3,Multiplicity:1.35
0.038	0.881	0.020	0.061
0.111	0.751	0.045	0.093
0.087	0.826	0.044	0.043
0.155	0.765	0.052	0.028
0.389	0.362	0.073	0.176
0.107	0.803	0.041	0.049
0.089	0.732	0.078	0.101
0.090	0.749	0.086	0.075
0.088	0.860	0.029	0.023
0.394	0.348	0.116	0.142
0.063	0.835	0.049	0.053
0.039	0.905	0.028	0.028
>YCSTCTCSTCTC	3-YCSTCTCSTCTC	4.991668	-982.496860	0	T:11909.0(49.58%),B:8890.2(35.62%),P:1e-426	Tpos:56.0,Tstd:25.9,Bpos:50.1,Bstd:32.5,StrandBias:1.3,Multiplicity:1.29
0.022	0.362	0.105	0.511
0.025	0.725	0.087	0.163
0.065	0.402	0.324	0.209
0.033	0.320	0.082	0.565
0.029	0.645	0.048	0.278
0.003	0.097	0.053	0.847
0.005	0.898	0.030	0.067
0.036	0.418	0.298	0.248
0.045	0.260	0.076	0.619
0.007	0.773	0.045	0.175
0.044	0.092	0.136	0.728
0.016	0.624	0.100	0.260
>CCVTTCCAKTCC	4-CCVTTCCAKTCC	7.224744	-742.339245	0	T:2675.0(11.14%),B:1231.2(4.93%),P:1e-322	Tpos:55.2,Tstd:26.6,Bpos:49.0,Bstd:29.4,StrandBias:2.0,Multiplicity:1.03
0.001	0.672	0.173	0.154
0.131	0.654	0.060	0.155
0.318	0.318	0.214	0.150
0.135	0.183	0.201	0.481
0.001	0.251	0.013	0.735
0.001	0.880	0.052	0.067
0.004	0.994	0.001	0.001
0.589	0.225	0.118	0.068
0.201	0.118	0.320	0.361
0.001	0.122	0.003	0.874
0.001	0.657	0.111	0.231
0.042	0.895	0.026	0.037
>CAAAMCCMAVVC	5-CAAAMCCMAVVC	5.976907	-681.445647	0	T:4403.0(18.33%),B:2596.6(10.40%),P:1e-295	Tpos:52.4,Tstd:25.9,Bpos:49.6,Bstd:30.9,StrandBias:1.8,Multiplicity:1.11
0.286	0.445	0.185	0.084
0.513	0.248	0.227	0.012
0.996	0.001	0.002	0.001
0.710	0.013	0.264	0.013
0.309	0.404	0.154	0.134
0.020	0.938	0.030	0.012
0.177	0.781	0.041	0.001
0.444	0.316	0.093	0.147
0.540	0.218	0.056	0.186
0.359	0.272	0.297	0.072
0.255	0.382	0.240	0.123
0.244	0.455	0.176	0.125
>CACACACACACA	6-CACACACACACA	6.602055	-420.675691	0	T:1872.0(7.79%),B:938.2(3.76%),P:1e-182	Tpos:57.5,Tstd:25.3,Bpos:49.5,Bstd:29.1,StrandBias:1.8,Multiplicity:1.04
0.062	0.841	0.059	0.038
0.664	0.072	0.135	0.129
0.098	0.762	0.098	0.042
0.450	0.051	0.250	0.249
0.054	0.822	0.101	0.023
0.648	0.066	0.199	0.087
0.060	0.780	0.133	0.027
0.590	0.056	0.203	0.151
0.060	0.862	0.066	0.012
0.647	0.053	0.195	0.105
0.072	0.810	0.094	0.024
0.571	0.145	0.185	0.099
>CACTCGCCACTC	7-CACTCGCCACTC	8.309142	-213.071959	0	T:462.0(1.92%),B:156.2(0.63%),P:1e-92	Tpos:58.1,Tstd:25.6,Bpos:47.2,Bstd:27.8,StrandBias:2.1,Multiplicity:1.10
0.001	0.964	0.034	0.001
0.894	0.018	0.053	0.035
0.017	0.691	0.291	0.001
0.035	0.035	0.018	0.912
0.001	0.962	0.036	0.001
0.196	0.071	0.539	0.194
0.018	0.647	0.159	0.176
0.018	0.964	0.001	0.017
0.946	0.018	0.001	0.035
0.018	0.673	0.238	0.071
0.053	0.001	0.106	0.840
0.001	0.929	0.017	0.053
>TCNCARYTCVCA	8-TCNCARYTCVCA	8.926738	-188.332542	0	T:117.0(0.49%),B:10.2(0.04%),P:1e-81	Tpos:58.2,Tstd:22.4,Bpos:48.6,Bstd:4.9,StrandBias:1.7,Multiplicity:1.04
0.086	0.183	0.133	0.598
0.023	0.667	0.081	0.229
0.280	0.291	0.282	0.146
0.147	0.763	0.074	0.016
0.543	0.156	0.215	0.086
0.462	0.169	0.351	0.018
0.138	0.417	0.116	0.329
0.034	0.040	0.120	0.806
0.020	0.650	0.134	0.196
0.268	0.321	0.281	0.129
0.040	0.823	0.119	0.018
0.584	0.141	0.247	0.028
>CGGGASTCGGGA	9-CGGGASTCGGGA	8.532020	-187.146755	0	T:288.0(1.20%),B:75.6(0.30%),P:1e-81	Tpos:57.9,Tstd:24.1,Bpos:48.4,Bstd:28.3,StrandBias:-1.0,Multiplicity:1.06
0.004	0.833	0.019	0.144
0.199	0.058	0.694	0.049
0.103	0.217	0.522	0.158
0.004	0.015	0.980	0.001
0.973	0.011	0.001	0.015
0.001	0.485	0.506	0.008
0.008	0.025	0.004	0.963
0.001	0.840	0.001	0.158
0.198	0.065	0.710	0.027
0.114	0.206	0.511	0.169
0.011	0.004	0.984	0.001
0.970	0.011	0.015	0.004
>CTCACGGCTCAC	10-CTCACGGCTCAC	10.506426	-175.505571	0	T:56.0(0.23%),B:1.7(0.01%),P:1e-76	Tpos:52.2,Tstd:28.6,Bpos:27.1,Bstd:1.1,StrandBias:1.9,Multiplicity:1.02
0.041	0.877	0.034	0.048
0.054	0.027	0.135	0.784
0.048	0.831	0.100	0.021
0.869	0.054	0.029	0.048
0.034	0.816	0.115	0.035
0.068	0.055	0.756	0.121
0.041	0.089	0.828	0.042
0.034	0.870	0.055	0.041
0.055	0.051	0.114	0.780
0.014	0.878	0.094	0.014
0.842	0.055	0.048	0.055
0.055	0.889	0.035	0.021
>CCACAGCCCACA	11-CCACAGCCCACA	8.124273	-169.919487	0	T:638.0(2.66%),B:295.0(1.18%),P:1e-73	Tpos:54.3,Tstd:26.5,Bpos:50.3,Bstd:28.8,StrandBias:1.4,Multiplicity:1.02
0.045	0.836	0.090	0.029
0.093	0.839	0.026	0.042
0.712	0.033	0.184	0.071
0.020	0.777	0.195	0.008
0.728	0.098	0.107	0.067
0.024	0.026	0.897	0.053
0.091	0.562	0.152	0.195
0.113	0.763	0.044	0.080
0.125	0.745	0.077	0.053
0.716	0.097	0.135	0.052
0.040	0.797	0.154	0.009
0.665	0.098	0.153	0.084
>CTGCCTGCCTGC	12-CTGCCTGCCTGC	9.237094	-152.494749	0	T:438.0(1.82%),B:176.4(0.71%),P:1e-66	Tpos:55.3,Tstd:25.9,Bpos:53.2,Bstd:25.2,StrandBias:0.3,Multiplicity:1.02
0.020	0.823	0.102	0.055
0.258	0.071	0.044	0.627
0.014	0.015	0.899	0.072
0.032	0.684	0.272	0.012
0.027	0.749	0.054	0.170
0.272	0.052	0.213	0.463
0.008	0.010	0.972	0.010
0.048	0.754	0.186	0.012
0.006	0.933	0.012	0.049
0.259	0.026	0.093	0.622
0.020	0.090	0.861	0.029
0.008	0.769	0.192	0.031
>STASTASTASTA	13-STASTASTASTA	6.511051	-140.319563	0	T:670.0(2.79%),B:343.2(1.38%),P:1e-60	Tpos:47.8,Tstd:25.0,Bpos:51.0,Bstd:25.7,StrandBias:-0.0,Multiplicity:1.04
0.057	0.462	0.423	0.058
0.115	0.125	0.113	0.647
0.659	0.097	0.121	0.123
0.025	0.483	0.469	0.023
0.102	0.119	0.091	0.688
0.687	0.088	0.119	0.106
0.019	0.481	0.484	0.017
0.107	0.127	0.095	0.671
0.691	0.087	0.116	0.106
0.049	0.427	0.485	0.038
0.125	0.158	0.108	0.609
0.634	0.123	0.117	0.126
>TYCCAAATTCCC	14-TYCCAAATTCCC	8.671041	-137.218956	0	T:103.0(0.43%),B:12.5(0.05%),P:1e-59	Tpos:58.9,Tstd:25.6,Bpos:67.5,Bstd:14.8,StrandBias:2.8,Multiplicity:1.00
0.079	0.228	0.108	0.585
0.057	0.361	0.084	0.498
0.034	0.713	0.127	0.126
0.175	0.710	0.076	0.039
0.494	0.257	0.147	0.102
0.593	0.131	0.270	0.006
0.405	0.229	0.133	0.234
0.130	0.170	0.033	0.667
0.005	0.197	0.071	0.727
0.011	0.655	0.073	0.261
0.097	0.656	0.114	0.133
0.269	0.442	0.114	0.175
>TAGCTAGCTRGC	15-TAGCTAGCTRGC	10.202882	-106.506085	0	T:178.0(0.74%),B:50.9(0.20%),P:1e-46	Tpos:59.4,Tstd:25.8,Bpos:52.5,Bstd:21.3,StrandBias:-0.1,Multiplicity:1.02
0.160	0.274	0.111	0.455
0.723	0.032	0.099	0.146
0.001	0.001	0.997	0.001
0.005	0.973	0.011	0.011
0.021	0.144	0.042	0.793
0.793	0.005	0.097	0.105
0.010	0.001	0.988	0.001
0.010	0.988	0.001	0.001
0.021	0.167	0.043	0.769
0.448	0.121	0.309	0.122
0.101	0.256	0.548	0.095
0.161	0.424	0.148	0.267
>CTCGCTCTCTCT	16-CTCGCTCTCTCT	10.504849	-93.847859	0	T:312.0(1.30%),B:136.1(0.55%),P:1e-40	Tpos:61.4,Tstd:26.5,Bpos:55.6,Bstd:40.1,StrandBias:1.0,Multiplicity:1.01
0.013	0.933	0.038	0.016
0.027	0.066	0.056	0.851
0.037	0.912	0.020	0.031
0.035	0.031	0.668	0.266
0.037	0.876	0.060	0.027
0.011	0.047	0.054	0.888
0.015	0.917	0.037	0.031
0.011	0.033	0.294	0.662
0.030	0.849	0.073	0.048
0.035	0.066	0.065	0.834
0.011	0.862	0.063	0.064
0.045	0.085	0.113	0.757
>GGACTCTGGAST	17-GGACTCTGGAST	11.845441	-87.040516	0	T:46.0(0.19%),B:3.5(0.01%),P:1e-37	Tpos:61.4,Tstd:21.1,Bpos:8.0,Bstd:0.0,StrandBias:-1.1,Multiplicity:1.03
0.001	0.001	0.997	0.001
0.028	0.001	0.970	0.001
0.943	0.028	0.001	0.028
0.028	0.813	0.158	0.001
0.001	0.001	0.028	0.970
0.001	0.943	0.028	0.028
0.001	0.028	0.028	0.943
0.001	0.001	0.997	0.001
0.001	0.001	0.997	0.001
0.970	0.001	0.001	0.028
0.001	0.503	0.468	0.028
0.028	0.001	0.001	0.970
>CTACAGGCCACA	18-CTACAGGCCACA	11.552437	-86.689359	0	T:55.0(0.23%),B:5.7(0.02%),P:1e-37	Tpos:53.2,Tstd:25.9,Bpos:49.7,Bstd:19.1,StrandBias:1.4,Multiplicity:1.00
0.001	0.969	0.001	0.029
0.001	0.355	0.001	0.643
0.938	0.001	0.031	0.030
0.001	0.997	0.001	0.001
0.969	0.029	0.001	0.001
0.001	0.001	0.997	0.001
0.030	0.030	0.648	0.292
0.030	0.939	0.030	0.001
0.001	0.628	0.001	0.370
0.997	0.001	0.001	0.001
0.001	0.969	0.029	0.001
0.997	0.001	0.001	0.001
>CTCCCAGTCTCC	19-CTCCCAGTCTCC	9.299279	-77.789152	0	T:87.0(0.36%),B:17.1(0.07%),P:1e-33	Tpos:55.2,Tstd:23.7,Bpos:55.7,Bstd:12.3,StrandBias:2.2,Multiplicity:1.00
0.029	0.596	0.346	0.029
0.029	0.029	0.029	0.913
0.001	0.997	0.001	0.001
0.001	0.970	0.028	0.001
0.028	0.970	0.001	0.001
0.970	0.001	0.001	0.028
0.001	0.001	0.997	0.001
0.029	0.029	0.029	0.913
0.001	0.997	0.001	0.001
0.001	0.001	0.028	0.970
0.001	0.970	0.028	0.001
0.001	0.997	0.001	0.001
>TCTCTGTCTCTC	20-TCTCTGTCTCTC	11.082190	-76.153061	0	T:81.0(0.34%),B:15.8(0.06%),P:1e-33	Tpos:52.4,Tstd:28.0,Bpos:53.5,Bstd:18.4,StrandBias:0.8,Multiplicity:1.00
0.021	0.011	0.021	0.947
0.021	0.836	0.077	0.066
0.001	0.280	0.001	0.718
0.011	0.880	0.098	0.011
0.267	0.170	0.092	0.470
0.010	0.021	0.968	0.001
0.336	0.031	0.055	0.578
0.045	0.869	0.085	0.001
0.076	0.041	0.130	0.753
0.021	0.685	0.239	0.055
0.074	0.169	0.086	0.671
0.010	0.888	0.001	0.101
>TCTRCTAGGGTT	21-TCTRCTAGGGTT	10.868803	-74.576137	0	T:128.0(0.53%),B:37.9(0.15%),P:1e-32	Tpos:56.0,Tstd:24.7,Bpos:29.1,Bstd:10.4,StrandBias:-0.3,Multiplicity:1.00
0.062	0.229	0.263	0.446
0.048	0.510	0.200	0.242
0.035	0.232	0.201	0.532
0.402	0.065	0.486	0.047
0.064	0.822	0.064	0.050
0.063	0.017	0.063	0.857
0.779	0.204	0.001	0.016
0.016	0.063	0.890	0.031
0.001	0.033	0.965	0.001
0.018	0.094	0.840	0.048
0.079	0.064	0.017	0.840
0.032	0.017	0.016	0.935
>ACTGACTGACTG	22-ACTGACTGACTG	10.777141	-69.799228	0	T:44.0(0.18%),B:4.2(0.02%),P:1e-30	Tpos:50.4,Tstd:27.2,Bpos:54.6,Bstd:18.1,StrandBias:-0.7,Multiplicity:1.00
0.790	0.021	0.188	0.001
0.021	0.957	0.021	0.001
0.001	0.001	0.001	0.997
0.001	0.001	0.997	0.001
0.957	0.001	0.021	0.021
0.001	0.977	0.021	0.001
0.001	0.001	0.001	0.997
0.001	0.001	0.977	0.021
0.957	0.001	0.021	0.021
0.022	0.893	0.022	0.063
0.001	0.001	0.021	0.977
0.001	0.021	0.957	0.021
>CACAACACAAGG	23-CACAACACAAGG	12.161155	-63.157976	0	T:45.0(0.19%),B:5.5(0.02%),P:1e-27	Tpos:54.7,Tstd:28.1,Bpos:50.7,Bstd:19.2,StrandBias:1.5,Multiplicity:1.00
0.035	0.929	0.001	0.035
0.997	0.001	0.001	0.001
0.035	0.963	0.001	0.001
0.929	0.035	0.035	0.001
0.929	0.035	0.035	0.001
0.001	0.963	0.001	0.035
0.997	0.001	0.001	0.001
0.001	0.997	0.001	0.001
0.963	0.001	0.001	0.035
0.997	0.001	0.001	0.001
0.001	0.195	0.803	0.001
0.309	0.103	0.552	0.036
>GTTTCTTTACCC	24-GTTTCTTTACCC	10.463267	-52.117897	0	T:49.0(0.20%),B:8.3(0.03%),P:1e-22	Tpos:41.8,Tstd:20.6,Bpos:37.7,Bstd:18.4,StrandBias:1.7,Multiplicity:1.00
0.120	0.055	0.705	0.120
0.064	0.055	0.001	0.880
0.064	0.055	0.064	0.817
0.055	0.001	0.119	0.825
0.001	0.935	0.001	0.063
0.001	0.119	0.001	0.879
0.001	0.001	0.063	0.935
0.001	0.166	0.001	0.832
0.989	0.009	0.001	0.001
0.160	0.775	0.064	0.001
0.001	0.997	0.001	0.001
0.060	0.770	0.110	0.060
>CCTTATCTTCTA	25-CCTTATCTTCTA	8.640923	-21.176609	0	T:135.0(0.56%),B:79.5(0.32%),P:1e-9	Tpos:47.8,Tstd:26.8,Bpos:52.5,Bstd:34.2,StrandBias:2.3,Multiplicity:1.00
0.085	0.679	0.118	0.118
0.100	0.670	0.111	0.119
0.113	0.121	0.094	0.672
0.104	0.151	0.116	0.629
0.604	0.120	0.139	0.137
0.093	0.096	0.120	0.691
0.091	0.722	0.074	0.113
0.087	0.126	0.076	0.711
0.095	0.122	0.117	0.666
0.072	0.724	0.096	0.108
0.114	0.139	0.094	0.653
0.582	0.140	0.130	0.148
>TATATA	1-TATATA	5.448155	-1235.535782	0	T:4180.0(17.40%),B:1902.7(7.62%),P:1e-536	Tpos:31.9,Tstd:12.7,Bpos:50.1,Bstd:38.5,StrandBias:-0.3,Multiplicity:1.17
0.001	0.001	0.001	0.997
0.614	0.001	0.043	0.342
0.096	0.001	0.001	0.902
0.997	0.001	0.001	0.001
0.001	0.001	0.027	0.971
0.997	0.001	0.001	0.001
>CGCHGC	2-CGCHGC	5.472972	-633.597749	0	T:13675.0(56.94%),B:11357.9(45.51%),P:1e-275	Tpos:56.5,Tstd:28.0,Bpos:50.4,Bstd:31.6,StrandBias:0.9,Multiplicity:1.59
0.001	0.997	0.001	0.001
0.310	0.001	0.688	0.001
0.001	0.997	0.001	0.001
0.378	0.299	0.001	0.322
0.001	0.006	0.633	0.360
0.001	0.997	0.001	0.001
>CMCWCC	3-CMCWCC	4.762298	-607.457861	0	T:10294.0(42.86%),B:8021.4(32.14%),P:1e-263	Tpos:53.5,Tstd:27.8,Bpos:50.5,Bstd:32.4,StrandBias:1.8,Multiplicity:1.43
0.050	0.920	0.001	0.029
0.345	0.463	0.072	0.120
0.114	0.728	0.054	0.104
0.450	0.048	0.178	0.324
0.026	0.691	0.092	0.191
0.165	0.749	0.028	0.058
>CCCGTC	4-CCCGTC	3.158087	-548.795559	0	T:9226.0(38.41%),B:7116.8(28.52%),P:1e-238	Tpos:53.0,Tstd:27.7,Bpos:50.2,Bstd:29.4,StrandBias:1.6,Multiplicity:1.31
0.001	0.839	0.001	0.159
0.001	0.997	0.001	0.001
0.225	0.773	0.001	0.001
0.162	0.001	0.836	0.001
0.001	0.001	0.001	0.997
0.001	0.997	0.001	0.001
>TCTCTC	5-TCTCTC	4.897430	-520.622539	0	T:10092.0(42.02%),B:8015.8(32.12%),P:1e-226	Tpos:55.0,Tstd:27.4,Bpos:50.3,Bstd:33.7,StrandBias:1.2,Multiplicity:1.34
0.079	0.358	0.001	0.562
0.001	0.758	0.240	0.001
0.114	0.001	0.365	0.520
0.044	0.889	0.001	0.066
0.114	0.001	0.211	0.674
0.001	0.598	0.050	0.351
>AAACCC	6-AAACCC	7.971457	-514.251542	0	T:2325.0(9.68%),B:1178.6(4.72%),P:1e-223	Tpos:53.2,Tstd:26.1,Bpos:50.8,Bstd:33.4,StrandBias:1.8,Multiplicity:1.10
0.997	0.001	0.001	0.001
0.997	0.001	0.001	0.001
0.997	0.001	0.001	0.001
0.280	0.718	0.001	0.001
0.001	0.997	0.001	0.001
0.001	0.997	0.001	0.001
>CATTCC	7-CATTCC	5.817700	-302.193229	0	T:5008.0(20.85%),B:3733.6(14.96%),P:1e-131	Tpos:54.6,Tstd:27.7,Bpos:50.2,Bstd:32.7,StrandBias:1.6,Multiplicity:1.11
0.001	0.997	0.001	0.001
0.649	0.349	0.001	0.001
0.001	0.001	0.128	0.870
0.001	0.001	0.001	0.997
0.001	0.997	0.001	0.001
0.001	0.997	0.001	0.001
>CGTYTC	8-CGTYTC	6.142707	-297.740932	0	T:4276.0(17.80%),B:3086.9(12.37%),P:1e-129	Tpos:52.2,Tstd:27.8,Bpos:49.3,Bstd:31.7,StrandBias:1.1,Multiplicity:1.10
0.001	0.997	0.001	0.001
0.225	0.001	0.767	0.007
0.001	0.001	0.001	0.997
0.007	0.481	0.001	0.511
0.001	0.001	0.001	0.997
0.001	0.997	0.001	0.001
>CCAACC	9-CCAACC	6.632000	-235.202555	0	T:3539.0(14.73%),B:2565.1(10.28%),P:1e-102	Tpos:52.1,Tstd:28.1,Bpos:48.7,Bstd:30.7,StrandBias:1.8,Multiplicity:1.10
0.001	0.997	0.001	0.001
0.223	0.775	0.001	0.001
0.997	0.001	0.001	0.001
0.997	0.001	0.001	0.001
0.157	0.841	0.001	0.001
0.001	0.997	0.001	0.001
>GCCTGC	10-GCCTGC	5.512159	-216.529897	0	T:6202.0(25.82%),B:5067.6(20.31%),P:1e-94	Tpos:52.9,Tstd:28.3,Bpos:50.4,Bstd:31.6,StrandBias:-0.0,Multiplicity:1.14
0.001	0.001	0.997	0.001
0.246	0.752	0.001	0.001
0.001	0.997	0.001	0.001
0.001	0.001	0.174	0.824
0.166	0.001	0.832	0.001
0.001	0.880	0.001	0.118
>CGAGAC	11-CGAGAC	7.319243	-216.020386	0	T:3103.0(12.92%),B:2222.8(8.91%),P:1e-93	Tpos:55.1,Tstd:27.4,Bpos:48.9,Bstd:30.7,StrandBias:-0.1,Multiplicity:1.05
0.001	0.997	0.001	0.001
0.001	0.001	0.997	0.001
0.997	0.001	0.001	0.001
0.001	0.001	0.997	0.001
0.997	0.001	0.001	0.001
0.001	0.624	0.374	0.001
>ATAAAA	12-ATAAAA	6.139353	-205.418518	0	T:4217.0(17.56%),B:3245.3(13.00%),P:1e-89	Tpos:40.7,Tstd:25.4,Bpos:50.2,Bstd:36.9,StrandBias:0.3,Multiplicity:1.13
0.653	0.001	0.001	0.345
0.001	0.001	0.191	0.807
0.997	0.001	0.001	0.001
0.916	0.082	0.001	0.001
0.997	0.001	0.001	0.001
0.997	0.001	0.001	0.001
>CAGACA	13-CAGACA	1.357170	-195.835973	0	T:6433.0(26.78%),B:5353.5(21.45%),P:1e-85	Tpos:51.6,Tstd:27.4,Bpos:50.2,Bstd:30.0,StrandBias:1.0,Multiplicity:1.26
0.001	0.997	0.001	0.001
0.997	0.001	0.001	0.001
0.001	0.039	0.959	0.001
0.960	0.001	0.038	0.001
0.001	0.997	0.001	0.001
0.997	0.001	0.001	0.001
>TCACTC	14-TCACTC	7.241426	-180.810882	0	T:2131.0(8.87%),B:1453.7(5.83%),P:1e-78	Tpos:52.4,Tstd:27.8,Bpos:50.7,Bstd:31.8,StrandBias:1.1,Multiplicity:1.08
0.001	0.001	0.001	0.997
0.001	0.997	0.001	0.001
0.997	0.001	0.001	0.001
0.001	0.997	0.001	0.001
0.346	0.001	0.001	0.652
0.001	0.997	0.001	0.001
>CACCAC	15-CACCAC	7.275520	-167.737017	0	T:3399.0(14.15%),B:2598.6(10.41%),P:1e-72	Tpos:53.6,Tstd:27.6,Bpos:50.4,Bstd:28.8,StrandBias:1.3,Multiplicity:1.18
0.001	0.997	0.001	0.001
0.997	0.001	0.001	0.001
0.001	0.997	0.001	0.001
0.001	0.640	0.001	0.358
0.997	0.001	0.001	0.001
0.001	0.997	0.001	0.001
>TAATAA	16-TAATAA	6.000158	-160.056905	0	T:1169.0(4.87%),B:697.2(2.79%),P:1e-69	Tpos:36.0,Tstd:20.9,Bpos:51.4,Bstd:35.3,StrandBias:0.0,Multiplicity:1.11
0.001	0.001	0.001	0.997
0.898	0.001	0.001	0.100
0.997	0.001	0.001	0.001
0.001	0.001	0.001	0.997
0.997	0.001	0.001	0.001
0.997	0.001	0.001	0.001
>GATAAG	17-GATAAG	6.609581	-156.724753	0	T:1062.0(4.42%),B:618.5(2.48%),P:1e-68	Tpos:43.4,Tstd:24.8,Bpos:47.4,Bstd:31.2,StrandBias:-1.2,Multiplicity:1.04
0.058	0.067	0.671	0.204
0.832	0.001	0.001	0.166
0.001	0.288	0.038	0.673
0.779	0.001	0.219	0.001
0.840	0.103	0.056	0.001
0.061	0.002	0.737	0.200
>CCTTTC	18-CCTTTC	5.838369	-156.354893	0	T:5604.0(23.33%),B:4692.4(18.80%),P:1e-67	Tpos:50.4,Tstd:27.9,Bpos:50.5,Bstd:33.9,StrandBias:0.6,Multiplicity:1.12
0.001	0.813	0.001	0.185
0.001	0.886	0.001	0.112
0.001	0.001	0.141	0.857
0.001	0.001	0.001	0.997
0.001	0.001	0.001	0.997
0.001	0.830	0.001	0.168
>AWCGGA	19-AWCGGA	3.964823	-148.876597	0	T:4036.0(16.80%),B:3236.3(12.97%),P:1e-64	Tpos:50.6,Tstd:28.1,Bpos:50.9,Bstd:31.0,StrandBias:-0.2,Multiplicity:1.11
0.972	0.026	0.001	0.001
0.507	0.001	0.001	0.491
0.025	0.973	0.001	0.001
0.001	0.001	0.997	0.001
0.038	0.027	0.934	0.001
0.997	0.001	0.001	0.001
>CTACTA	20-CTACTA	5.705295	-110.139087	0	T:1474.0(6.14%),B:1031.2(4.13%),P:1e-47	Tpos:45.2,Tstd:26.2,Bpos:48.8,Bstd:30.7,StrandBias:0.2,Multiplicity:1.23
0.001	0.870	0.128	0.001
0.001	0.001	0.001	0.997
0.997	0.001	0.001	0.001
0.001	0.580	0.418	0.001
0.001	0.001	0.001	0.997
0.997	0.001	0.001	0.001
>TAGCTA	21-TAGCTA	6.177716	-49.762642	0	T:578.0(2.41%),B:392.9(1.57%),P:1e-21	Tpos:53.6,Tstd:28.6,Bpos:49.8,Bstd:30.2,StrandBias:0.0,Multiplicity:1.17
0.100	0.100	0.100	0.700
0.700	0.100	0.100	0.100
0.100	0.100	0.700	0.100
0.100	0.700	0.100	0.100
0.100	0.100	0.100	0.700
0.700	0.100	0.100	0.100
>TATATATA	1-TATATATA	4.609927	-1065.697276	0	T:4668.0(19.44%),B:2398.1(9.61%),P:1e-462	Tpos:32.1,Tstd:13.2,Bpos:49.6,Bstd:37.9,StrandBias:0.0,Multiplicity:1.08
0.099	0.055	0.157	0.689
0.546	0.168	0.130	0.156
0.033	0.043	0.041	0.883
0.884	0.005	0.049	0.062
0.199	0.009	0.011	0.781
0.907	0.002	0.034	0.057
0.150	0.103	0.143	0.604
0.708	0.056	0.214	0.022
>CCCAYCCC	2-CCCAYCCC	4.683778	-1001.735417	0	T:12177.0(50.70%),B:9121.9(36.55%),P:1e-435	Tpos:54.4,Tstd:26.9,Bpos:50.2,Bstd:31.4,StrandBias:2.2,Multiplicity:1.63
0.001	0.705	0.001	0.293
0.068	0.930	0.001	0.001
0.366	0.607	0.026	0.001
0.557	0.285	0.117	0.041
0.178	0.348	0.040	0.435
0.001	0.717	0.001	0.281
0.073	0.825	0.101	0.001
0.273	0.678	0.048	0.001
>TTCGTTTC	3-TTCGTTTC	5.114547	-714.511675	0	T:6748.0(28.10%),B:4531.6(18.16%),P:1e-310	Tpos:52.7,Tstd:27.3,Bpos:51.2,Bstd:32.2,StrandBias:0.6,Multiplicity:1.20
0.028	0.173	0.046	0.753
0.065	0.169	0.058	0.708
0.027	0.864	0.033	0.076
0.086	0.205	0.642	0.067
0.111	0.198	0.072	0.619
0.014	0.100	0.036	0.850
0.038	0.104	0.036	0.822
0.028	0.743	0.086	0.143
>TCYCTCTC	4-TCYCTCTC	4.988870	-616.623901	0	T:9387.0(39.08%),B:7129.7(28.57%),P:1e-267	Tpos:55.9,Tstd:26.8,Bpos:50.0,Bstd:32.5,StrandBias:1.5,Multiplicity:1.29
0.186	0.296	0.063	0.454
0.001	0.846	0.001	0.152
0.198	0.279	0.110	0.414
0.001	0.802	0.159	0.038
0.225	0.032	0.054	0.689
0.001	0.959	0.001	0.039
0.207	0.001	0.112	0.680
0.001	0.961	0.001	0.037
>TTTWWTAM	5-TTTWWTAM	4.261068	-615.356908	0	T:4980.0(20.73%),B:3158.2(12.66%),P:1e-267	Tpos:34.9,Tstd:21.0,Bpos:50.3,Bstd:36.6,StrandBias:-0.1,Multiplicity:1.09
0.149	0.048	0.192	0.611
0.395	0.032	0.013	0.560
0.056	0.077	0.014	0.853
0.537	0.040	0.022	0.401
0.465	0.020	0.036	0.479
0.358	0.038	0.047	0.557
0.903	0.055	0.018	0.024
0.379	0.274	0.121	0.226
>GSAGGCGG	6-GSAGGCGG	5.514564	-583.811018	0	T:9508.0(39.59%),B:7312.5(29.30%),P:1e-253	Tpos:56.8,Tstd:27.5,Bpos:49.8,Bstd:31.3,StrandBias:-0.9,Multiplicity:1.31
0.001	0.243	0.755	0.001
0.010	0.420	0.569	0.001
0.690	0.121	0.130	0.059
0.200	0.001	0.646	0.153
0.001	0.001	0.997	0.001
0.001	0.997	0.001	0.001
0.352	0.012	0.635	0.001
0.270	0.001	0.728	0.001
>GGGKTTTR	7-GGGKTTTR	6.468765	-537.313444	0	T:1847.0(7.69%),B:823.8(3.30%),P:1e-233	Tpos:46.8,Tstd:26.3,Bpos:47.3,Bstd:32.4,StrandBias:-1.6,Multiplicity:1.01
0.261	0.037	0.613	0.089
0.001	0.182	0.816	0.001
0.168	0.189	0.642	0.001
0.101	0.074	0.352	0.473
0.132	0.001	0.001	0.866
0.001	0.124	0.004	0.871
0.095	0.107	0.001	0.797
0.431	0.085	0.483	0.001
>TCTCGTCT	8-TCTCGTCT	5.418296	-504.163262	0	T:4411.0(18.37%),B:2842.7(11.39%),P:1e-218	Tpos:53.1,Tstd:27.1,Bpos:50.2,Bstd:29.9,StrandBias:0.9,Multiplicity:1.07
0.101	0.189	0.078	0.632
0.131	0.751	0.098	0.020
0.026	0.211	0.117	0.646
0.077	0.831	0.044	0.048
0.064	0.038	0.812	0.086
0.080	0.064	0.031	0.825
0.068	0.741	0.088	0.103
0.084	0.128	0.022	0.766
>AAACCCYA	9-AAACCCYA	6.018902	-490.883721	0	T:1832.0(7.63%),B:849.2(3.40%),P:1e-213	Tpos:52.8,Tstd:26.0,Bpos:48.6,Bstd:34.0,StrandBias:1.5,Multiplicity:1.05
0.751	0.084	0.071	0.094
0.754	0.035	0.137	0.074
0.772	0.063	0.089	0.076
0.367	0.524	0.054	0.055
0.067	0.662	0.186	0.085
0.063	0.661	0.196	0.080
0.172	0.342	0.121	0.366
0.512	0.183	0.026	0.279
>TCCAGTCC	10-TCCAGTCC	3.237613	-444.708672	0	T:2829.0(11.78%),B:1635.0(6.55%),P:1e-193	Tpos:52.3,Tstd:27.6,Bpos:50.7,Bstd:30.3,StrandBias:1.0,Multiplicity:1.08
0.001	0.208	0.136	0.655
0.001	0.763	0.001	0.235
0.001	0.997	0.001	0.001
0.775	0.223	0.001	0.001
0.001	0.001	0.997	0.001
0.001	0.001	0.001	0.997
0.001	0.997	0.001	0.001
0.017	0.981	0.001	0.001
>CACCGCAC	11-CACCGCAC	6.555336	-405.289836	0	T:2645.0(11.01%),B:1538.2(6.16%),P:1e-176	Tpos:53.3,Tstd:27.3,Bpos:50.0,Bstd:30.3,StrandBias:1.3,Multiplicity:1.09
0.001	0.987	0.011	0.001
0.997	0.001	0.001	0.001
0.023	0.951	0.001	0.025
0.230	0.524	0.184	0.062
0.091	0.001	0.804	0.104
0.001	0.997	0.001	0.001
0.829	0.066	0.068	0.037
0.040	0.942	0.017	0.001
>CACACACA	12-CACACACA	5.582619	-392.565976	0	T:4181.0(17.41%),B:2825.3(11.32%),P:1e-170	Tpos:53.9,Tstd:27.0,Bpos:49.9,Bstd:29.2,StrandBias:1.4,Multiplicity:1.13
0.035	0.886	0.041	0.038
0.785	0.006	0.196	0.013
0.001	0.916	0.064	0.019
0.856	0.054	0.089	0.001
0.023	0.663	0.285	0.029
0.655	0.035	0.211	0.099
0.032	0.870	0.097	0.001
0.573	0.312	0.083	0.032
>GAGTGGCG	13-GAGTGGCG	5.977494	-367.895355	0	T:3589.0(14.94%),B:2362.3(9.47%),P:1e-159	Tpos:53.2,Tstd:28.1,Bpos:50.2,Bstd:31.6,StrandBias:-1.3,Multiplicity:1.05
0.051	0.001	0.918	0.030
0.870	0.095	0.001	0.034
0.001	0.049	0.949	0.001
0.115	0.157	0.001	0.727
0.025	0.001	0.916	0.058
0.077	0.001	0.911	0.011
0.069	0.847	0.001	0.083
0.001	0.001	0.997	0.001
>AACCCTAG	14-AACCCTAG	8.579368	-249.451322	0	T:769.0(3.20%),B:321.5(1.29%),P:1e-108	Tpos:55.9,Tstd:27.5,Bpos:48.4,Bstd:28.7,StrandBias:1.1,Multiplicity:1.00
0.997	0.001	0.001	0.001
0.997	0.001	0.001	0.001
0.001	0.997	0.001	0.001
0.001	0.997	0.001	0.001
0.001	0.997	0.001	0.001
0.001	0.001	0.001	0.997
0.899	0.001	0.001	0.099
0.001	0.163	0.835	0.001
>GCAHCGCA	15-GCAHCGCA	3.006209	-242.914576	0	T:2037.0(8.48%),B:1272.3(5.10%),P:1e-105	Tpos:54.1,Tstd:27.8,Bpos:50.6,Bstd:29.8,StrandBias:0.3,Multiplicity:1.10
0.001	0.001	0.997	0.001
0.001	0.997	0.001	0.001
0.997	0.001	0.001	0.001
0.337	0.314	0.148	0.202
0.195	0.675	0.001	0.129
0.001	0.001	0.997	0.001
0.001	0.997	0.001	0.001
0.997	0.001	0.001	0.001
>CCTTATCT	16-CCTTATCT	8.897765	-175.090386	0	T:419.0(1.74%),B:152.0(0.61%),P:1e-76	Tpos:45.5,Tstd:25.3,Bpos:47.9,Bstd:30.5,StrandBias:1.8,Multiplicity:1.03
0.001	0.997	0.001	0.001
0.001	0.997	0.001	0.001
0.001	0.001	0.001	0.997
0.001	0.001	0.001	0.997
0.997	0.001	0.001	0.001
0.001	0.001	0.001	0.997
0.001	0.997	0.001	0.001
0.114	0.257	0.001	0.628
>CATCACCA	17-CATCACCA	7.423915	-160.145737	0	T:1359.0(5.66%),B:848.8(3.40%),P:1e-69	Tpos:55.1,Tstd:27.2,Bpos:51.0,Bstd:25.3,StrandBias:1.3,Multiplicity:1.04
0.116	0.747	0.041	0.096
0.997	0.001	0.001	0.001
0.001	0.366	0.001	0.632
0.038	0.710	0.001	0.251
0.745	0.005	0.249	0.001
0.001	0.601	0.001	0.397
0.056	0.942	0.001	0.001
0.886	0.003	0.110	0.001
>ACTASTAG	18-ACTASTAG	6.186879	-142.235622	0	T:999.0(4.16%),B:588.4(2.36%),P:1e-61	Tpos:46.2,Tstd:25.6,Bpos:49.9,Bstd:29.6,StrandBias:-0.1,Multiplicity:1.05
0.677	0.062	0.114	0.147
0.040	0.629	0.288	0.043
0.001	0.001	0.001	0.997
0.963	0.001	0.035	0.001
0.001	0.520	0.478	0.001
0.001	0.047	0.001	0.951
0.909	0.068	0.001	0.022
0.001	0.146	0.817	0.036
>CGTCTCGT	19-CGTCTCGT	9.759989	-121.385058	0	T:304.0(1.27%),B:113.9(0.46%),P:1e-52	Tpos:50.1,Tstd:27.8,Bpos:49.9,Bstd:28.1,StrandBias:-0.3,Multiplicity:1.00
0.001	0.728	0.001	0.270
0.001	0.001	0.997	0.001
0.001	0.001	0.001	0.997
0.001	0.997	0.001	0.001
0.001	0.001	0.001	0.997
0.001	0.997	0.001	0.001
0.001	0.001	0.997	0.001
0.001	0.001	0.001	0.997
>ACCAACCA	20-ACCAACCA	7.103416	-109.290360	0	T:629.0(2.62%),B:346.1(1.39%),P:1e-47	Tpos:52.5,Tstd:28.0,Bpos:50.0,Bstd:27.6,StrandBias:1.6,Multiplicity:1.04
0.997	0.001	0.001	0.001
0.001	0.997	0.001	0.001
0.001	0.997	0.001	0.001
0.864	0.001	0.001	0.134
0.997	0.001	0.001	0.001
0.001	0.997	0.001	0.001
0.001	0.997	0.001	0.001
0.704	0.141	0.154	0.001
>TAGCTAGC	21-TAGCTAGC	7.540313	-86.414074	0	T:557.0(2.32%),B:319.0(1.28%),P:1e-37	Tpos:56.2,Tstd:27.3,Bpos:50.1,Bstd:26.8,StrandBias:0.4,Multiplicity:1.15
0.001	0.152	0.001	0.846
0.997	0.001	0.001	0.001
0.001	0.001	0.997	0.001
0.001	0.997	0.001	0.001
0.001	0.001	0.001	0.997
0.997	0.001	0.001	0.001
0.001	0.038	0.921	0.040
0.001	0.907	0.001	0.091
>MGAGTCSA	22-MGAGTCSA	6.439157	-68.562204	0	T:310.0(1.29%),B:156.0(0.63%),P:1e-29	Tpos:52.8,Tstd:25.6,Bpos:51.6,Bstd:30.5,StrandBias:0.6,Multiplicity:1.02
0.350	0.481	0.088	0.082
0.001	0.369	0.629	0.001
0.652	0.100	0.001	0.247
0.259	0.058	0.476	0.207
0.356	0.060	0.001	0.583
0.074	0.736	0.189	0.001
0.170	0.381	0.278	0.171
0.855	0.001	0.143	0.001
>CAGACAGC	23-CAGACAGC	7.693549	-67.034094	0	T:794.0(3.31%),B:540.3(2.17%),P:1e-29	Tpos:52.6,Tstd:26.9,Bpos:49.7,Bstd:29.8,StrandBias:1.0,Multiplicity:1.08
0.001	0.993	0.001	0.005
0.867	0.001	0.001	0.131
0.131	0.001	0.651	0.217
0.764	0.218	0.017	0.001
0.001	0.997	0.001	0.001
0.917	0.007	0.001	0.075
0.060	0.001	0.850	0.089
0.309	0.500	0.188	0.003
>TACAAATA	24-TACAAATA	9.051916	-53.547526	0	T:200.0(0.83%),B:93.2(0.37%),P:1e-23	Tpos:38.5,Tstd:20.2,Bpos:49.0,Bstd:30.5,StrandBias:1.5,Multiplicity:1.01
0.001	0.001	0.001	0.997
0.997	0.001	0.001	0.001
0.001	0.997	0.001	0.001
0.997	0.001	0.001	0.001
0.997	0.001	0.001	0.001
0.997	0.001	0.001	0.001
0.001	0.001	0.001	0.997
0.725	0.141	0.133	0.001
>TTTCTTTA	25-TTTCTTTA	8.236954	-15.496251	0	T:102.0(0.42%),B:61.7(0.25%),P:1e-6	Tpos:39.9,Tstd:27.3,Bpos:44.8,Bstd:34.5,StrandBias:0.8,Multiplicity:1.00
0.100	0.100	0.100	0.700
0.100	0.100	0.100	0.700
0.100	0.100	0.100	0.700
0.100	0.700	0.100	0.100
0.100	0.100	0.100	0.700
0.100	0.100	0.100	0.700
0.100	0.100	0.100	0.700
0.700	0.100	0.100	0.100
