>BBBHTATATA	1-BBBHTATATA	5.317944	-1436.389389	0	T:4104.0(17.09%),B:1709.9(6.86%),P:1e-623	Tpos:31.9,Tstd:11.8,Bpos:50.3,Bstd:36.8,StrandBias:0.1,Multiplicity:1.04
0.107	0.356	0.291	0.247
0.143	0.348	0.291	0.218
0.117	0.266	0.237	0.381
0.324	0.275	0.143	0.258
0.002	0.041	0.013	0.944
0.653	0.021	0.003	0.323
0.114	0.001	0.001	0.884
0.918	0.026	0.001	0.055
0.322	0.006	0.006	0.666
0.879	0.025	0.045	0.051
>CCCCCHCCCC	2-CCCCCHCCCC	5.082287	-1265.830788	0	T:9872.0(41.11%),B:6525.5(26.17%),P:1e-549	Tpos:55.6,Tstd:26.1,Bpos:50.1,Bstd:32.3,StrandBias:2.3,Multiplicity:1.46
0.127	0.555	0.001	0.317
0.064	0.750	0.003	0.183
0.132	0.780	0.033	0.055
0.239	0.653	0.046	0.062
0.264	0.583	0.122	0.031
0.264	0.371	0.078	0.287
0.130	0.603	0.038	0.229
0.093	0.714	0.004	0.189
0.107	0.758	0.044	0.091
0.217	0.776	0.006	0.001
>CBYBYCGTYT	3-CBYBYCGTYT	5.857179	-821.689020	0	T:7198.0(29.97%),B:4761.7(19.10%),P:1e-356	Tpos:54.3,Tstd:26.5,Bpos:49.7,Bstd:32.5,StrandBias:1.0,Multiplicity:1.17
0.001	0.509	0.240	0.250
0.056	0.347	0.276	0.320
0.001	0.405	0.179	0.415
0.001	0.335	0.262	0.403
0.001	0.477	0.001	0.521
0.001	0.902	0.001	0.096
0.016	0.161	0.506	0.317
0.001	0.360	0.001	0.638
0.001	0.457	0.105	0.437
0.017	0.338	0.001	0.644
>MTTCCATTCC	4-MTTCCATTCC	6.249778	-760.048625	0	T:3945.0(16.43%),B:2145.6(8.60%),P:1e-330	Tpos:53.0,Tstd:26.8,Bpos:49.8,Bstd:31.4,StrandBias:1.5,Multiplicity:1.09
0.402	0.284	0.063	0.251
0.119	0.145	0.138	0.598
0.001	0.054	0.131	0.814
0.001	0.897	0.001	0.101
0.034	0.915	0.023	0.028
0.543	0.204	0.175	0.078
0.141	0.137	0.127	0.595
0.001	0.038	0.001	0.960
0.001	0.720	0.008	0.271
0.015	0.947	0.037	0.001
>CVGCCGCHGC	5-CVGCCGCHGC	5.519529	-607.946958	0	T:9021.0(37.56%),B:6794.8(27.25%),P:1e-264	Tpos:57.3,Tstd:26.9,Bpos:49.5,Bstd:31.0,StrandBias:0.9,Multiplicity:1.22
0.279	0.544	0.060	0.117
0.299	0.318	0.229	0.154
0.134	0.255	0.547	0.064
0.001	0.859	0.001	0.139
0.231	0.518	0.060	0.191
0.098	0.022	0.768	0.112
0.001	0.997	0.001	0.001
0.286	0.416	0.023	0.275
0.137	0.044	0.624	0.195
0.001	0.997	0.001	0.001
>AAACCAAACC	6-AAACCAAACC	5.010936	-521.876395	0	T:5282.0(21.99%),B:3556.4(14.26%),P:1e-226	Tpos:50.4,Tstd:26.4,Bpos:50.1,Bstd:32.1,StrandBias:1.5,Multiplicity:1.18
0.698	0.133	0.104	0.065
0.768	0.086	0.097	0.049
0.654	0.111	0.115	0.120
0.119	0.664	0.111	0.106
0.136	0.735	0.087	0.042
0.666	0.146	0.115	0.073
0.783	0.104	0.070	0.043
0.654	0.115	0.113	0.118
0.127	0.673	0.114	0.086
0.119	0.708	0.124	0.049
>TCTCTCTCTC	7-TCTCTCTCTC	4.902821	-513.928934	0	T:6819.0(28.39%),B:4936.6(19.80%),P:1e-223	Tpos:55.6,Tstd:26.4,Bpos:50.4,Bstd:34.0,StrandBias:1.3,Multiplicity:1.14
0.100	0.195	0.125	0.580
0.097	0.630	0.113	0.160
0.097	0.175	0.158	0.570
0.108	0.606	0.124	0.162
0.091	0.188	0.135	0.586
0.099	0.623	0.119	0.159
0.100	0.189	0.143	0.568
0.092	0.620	0.120	0.168
0.090	0.177	0.145	0.588
0.098	0.628	0.110	0.164
>CACACACACA	8-CACACACACA	4.724323	-511.150676	0	T:6404.0(26.67%),B:4566.4(18.31%),P:1e-221	Tpos:54.8,Tstd:26.1,Bpos:51.1,Bstd:29.2,StrandBias:1.6,Multiplicity:1.14
0.105	0.741	0.092	0.062
0.700	0.088	0.124	0.088
0.118	0.724	0.119	0.039
0.672	0.106	0.114	0.108
0.098	0.737	0.111	0.054
0.675	0.082	0.140	0.103
0.128	0.704	0.119	0.049
0.666	0.117	0.123	0.094
0.110	0.737	0.106	0.047
0.645	0.142	0.119	0.094
>AAAACCCTAG	9-AAAACCCTAG	7.148457	-435.213647	0	T:970.0(4.04%),B:334.8(1.34%),P:1e-189	Tpos:53.9,Tstd:26.1,Bpos:53.1,Bstd:32.1,StrandBias:1.2,Multiplicity:1.03
0.639	0.126	0.130	0.105
0.984	0.001	0.014	0.001
0.997	0.001	0.001	0.001
0.986	0.001	0.012	0.001
0.001	0.997	0.001	0.001
0.006	0.984	0.009	0.001
0.001	0.997	0.001	0.001
0.015	0.001	0.006	0.978
0.854	0.100	0.027	0.019
0.059	0.170	0.770	0.001
>CCTTATCYYC	10-CCTTATCYYC	5.268113	-233.173513	0	T:465.0(1.94%),B:148.7(0.60%),P:1e-101	Tpos:44.9,Tstd:23.9,Bpos:47.2,Bstd:35.7,StrandBias:2.4,Multiplicity:1.03
0.001	0.788	0.001	0.210
0.001	0.997	0.001	0.001
0.001	0.001	0.001	0.997
0.001	0.001	0.001	0.997
0.997	0.001	0.001	0.001
0.001	0.001	0.001	0.997
0.001	0.997	0.001	0.001
0.001	0.488	0.001	0.510
0.001	0.490	0.001	0.508
0.001	0.730	0.001	0.268
>TCACTAGTCA	11-TCACTAGTCA	7.810098	-205.061482	0	T:441.0(1.84%),B:148.4(0.59%),P:1e-89	Tpos:52.3,Tstd:25.6,Bpos:50.4,Bstd:25.2,StrandBias:1.2,Multiplicity:1.05
0.045	0.006	0.012	0.937
0.016	0.979	0.004	0.001
0.857	0.043	0.044	0.056
0.041	0.767	0.164	0.028
0.191	0.170	0.143	0.496
0.634	0.245	0.096	0.025
0.108	0.270	0.548	0.074
0.007	0.037	0.019	0.937
0.011	0.979	0.006	0.004
0.871	0.027	0.056	0.046
>CKCACMBCAC	12-CKCACMBCAC	8.503987	-199.492049	0	T:694.0(2.89%),B:308.2(1.24%),P:1e-86	Tpos:54.7,Tstd:27.1,Bpos:52.5,Bstd:32.9,StrandBias:1.5,Multiplicity:1.03
0.223	0.658	0.001	0.118
0.001	0.001	0.453	0.545
0.001	0.997	0.001	0.001
0.626	0.001	0.232	0.141
0.024	0.974	0.001	0.001
0.412	0.365	0.180	0.043
0.001	0.302	0.275	0.421
0.001	0.997	0.001	0.001
0.787	0.001	0.211	0.001
0.045	0.886	0.003	0.066
>TCCATCCATC	13-TCCATCCATC	9.246396	-199.449224	0	T:402.0(1.67%),B:129.7(0.52%),P:1e-86	Tpos:52.5,Tstd:29.3,Bpos:54.5,Bstd:24.6,StrandBias:1.8,Multiplicity:1.01
0.001	0.302	0.001	0.696
0.001	0.853	0.001	0.145
0.001	0.605	0.393	0.001
0.827	0.001	0.171	0.001
0.001	0.035	0.001	0.963
0.001	0.997	0.001	0.001
0.001	0.720	0.278	0.001
0.687	0.001	0.311	0.001
0.044	0.204	0.001	0.751
0.001	0.997	0.001	0.001
>CTGCCTGCCT	14-CTGCCTGCCT	8.612066	-192.765741	0	T:741.0(3.09%),B:345.9(1.39%),P:1e-83	Tpos:52.8,Tstd:27.4,Bpos:47.2,Bstd:27.9,StrandBias:-0.0,Multiplicity:1.01
0.059	0.669	0.131	0.141
0.001	0.290	0.001	0.708
0.001	0.102	0.854	0.043
0.001	0.633	0.365	0.001
0.001	0.997	0.001	0.001
0.085	0.001	0.001	0.913
0.001	0.001	0.997	0.001
0.001	0.772	0.226	0.001
0.001	0.748	0.065	0.186
0.001	0.101	0.122	0.776
>CGAGACTCGA	15-CGAGACTCGA	6.631542	-186.187539	0	T:1351.0(5.63%),B:804.4(3.23%),P:1e-80	Tpos:56.1,Tstd:26.9,Bpos:48.6,Bstd:28.1,StrandBias:-0.1,Multiplicity:1.04
0.007	0.815	0.162	0.016
0.015	0.165	0.731	0.089
0.688	0.190	0.119	0.003
0.001	0.005	0.993	0.001
0.548	0.047	0.015	0.390
0.031	0.769	0.102	0.098
0.018	0.144	0.244	0.594
0.102	0.764	0.113	0.021
0.001	0.285	0.713	0.001
0.802	0.003	0.177	0.018
>GACTGCGAGA	16-GACTGCGAGA	7.928289	-171.219240	0	T:467.0(1.94%),B:183.0(0.73%),P:1e-74	Tpos:54.1,Tstd:25.0,Bpos:45.5,Bstd:28.5,StrandBias:-0.6,Multiplicity:1.00
0.048	0.080	0.859	0.013
0.759	0.029	0.176	0.036
0.113	0.759	0.048	0.080
0.045	0.139	0.128	0.688
0.103	0.047	0.802	0.048
0.044	0.840	0.091	0.025
0.050	0.050	0.879	0.021
0.788	0.057	0.107	0.048
0.036	0.050	0.885	0.029
0.745	0.085	0.072	0.098
>ASTASTAGTA	17-ASTASTAGTA	5.847108	-165.991323	0	T:1199.0(4.99%),B:712.2(2.86%),P:1e-72	Tpos:47.4,Tstd:25.3,Bpos:48.7,Bstd:27.0,StrandBias:0.1,Multiplicity:1.08
0.557	0.091	0.170	0.182
0.050	0.432	0.487	0.032
0.051	0.094	0.054	0.801
0.872	0.020	0.102	0.006
0.032	0.522	0.438	0.008
0.109	0.112	0.034	0.745
0.802	0.001	0.100	0.097
0.042	0.252	0.686	0.020
0.040	0.144	0.051	0.765
0.689	0.100	0.094	0.117
>GCAGCGCAGT	18-GCAGCGCAGT	7.308237	-159.762918	0	T:743.0(3.09%),B:376.2(1.51%),P:1e-69	Tpos:55.0,Tstd:28.0,Bpos:48.2,Bstd:28.6,StrandBias:-0.4,Multiplicity:1.08
0.108	0.109	0.746	0.037
0.069	0.776	0.112	0.043
0.735	0.071	0.112	0.082
0.079	0.186	0.684	0.051
0.175	0.468	0.187	0.171
0.117	0.088	0.731	0.064
0.074	0.735	0.150	0.041
0.720	0.128	0.087	0.065
0.140	0.111	0.697	0.052
0.164	0.219	0.097	0.520
>AGCTAGCTAG	19-AGCTAGCTAG	7.409007	-150.191666	0	T:688.0(2.86%),B:346.3(1.39%),P:1e-65	Tpos:55.5,Tstd:27.4,Bpos:48.0,Bstd:28.1,StrandBias:-0.1,Multiplicity:1.04
0.569	0.075	0.049	0.307
0.250	0.015	0.593	0.142
0.093	0.794	0.112	0.001
0.091	0.156	0.164	0.589
0.778	0.021	0.071	0.130
0.001	0.004	0.957	0.038
0.074	0.908	0.001	0.017
0.187	0.096	0.060	0.657
0.782	0.011	0.206	0.001
0.085	0.106	0.706	0.103
>CMAAWTTYYC	20-CMAAWTTYYC	8.356486	-144.829860	0	T:123.0(0.51%),B:17.6(0.07%),P:1e-62	Tpos:49.0,Tstd:25.3,Bpos:48.6,Bstd:30.0,StrandBias:2.9,Multiplicity:1.00
0.154	0.657	0.125	0.064
0.513	0.431	0.020	0.036
0.864	0.030	0.031	0.075
0.772	0.132	0.018	0.078
0.500	0.079	0.034	0.387
0.299	0.056	0.062	0.583
0.249	0.249	0.038	0.464
0.058	0.521	0.014	0.407
0.051	0.372	0.150	0.427
0.022	0.882	0.022	0.074
>CCACAGYCCA	21-CCACAGYCCA	8.244144	-125.827037	0	T:335.0(1.39%),B:129.5(0.52%),P:1e-54	Tpos:49.5,Tstd:28.5,Bpos:57.5,Bstd:27.9,StrandBias:1.4,Multiplicity:1.02
0.042	0.885	0.058	0.015
0.075	0.730	0.048	0.147
0.821	0.015	0.016	0.148
0.243	0.462	0.293	0.002
0.553	0.075	0.179	0.193
0.086	0.014	0.753	0.147
0.023	0.323	0.236	0.419
0.063	0.705	0.128	0.104
0.034	0.762	0.085	0.119
0.717	0.082	0.158	0.043
>AGGACAGGAC	22-AGGACAGGAC	11.491625	-62.906918	0	T:37.0(0.15%),B:3.7(0.01%),P:1e-27	Tpos:54.6,Tstd:26.5,Bpos:23.1,Bstd:15.0,StrandBias:-0.6,Multiplicity:1.00
0.997	0.001	0.001	0.001
0.001	0.001	0.978	0.020
0.087	0.001	0.911	0.001
0.992	0.001	0.001	0.006
0.001	0.997	0.001	0.001
0.960	0.038	0.001	0.001
0.001	0.001	0.997	0.001
0.116	0.001	0.876	0.007
0.997	0.001	0.001	0.001
0.038	0.960	0.001	0.001
>CCGCTCCACT	23-CCGCTCCACT	8.913673	-51.107889	0	T:96.0(0.40%),B:30.6(0.12%),P:1e-22	Tpos:54.0,Tstd:28.7,Bpos:49.3,Bstd:15.7,StrandBias:1.1,Multiplicity:1.00
0.001	0.997	0.001	0.001
0.001	0.997	0.001	0.001
0.008	0.001	0.990	0.001
0.001	0.974	0.001	0.024
0.001	0.001	0.001	0.997
0.001	0.997	0.001	0.001
0.001	0.974	0.001	0.024
0.997	0.001	0.001	0.001
0.001	0.951	0.001	0.047
0.001	0.001	0.001	0.997
>TAATAATAAT	24-TAATAATAAT	10.269472	-47.283585	0	T:54.0(0.22%),B:11.4(0.05%),P:1e-20	Tpos:36.3,Tstd:23.0,Bpos:28.1,Bstd:15.9,StrandBias:-0.1,Multiplicity:1.04
0.001	0.174	0.001	0.824
0.994	0.004	0.001	0.001
0.956	0.001	0.001	0.042
0.043	0.001	0.043	0.913
0.994	0.004	0.001	0.001
0.994	0.001	0.004	0.001
0.001	0.001	0.001	0.997
0.994	0.004	0.001	0.001
0.897	0.001	0.101	0.001
0.001	0.001	0.001	0.997
>MGTCYCCGWC	25-MGTCYCCGWC	8.958576	-36.998852	0	T:56.0(0.23%),B:15.8(0.06%),P:1e-16	Tpos:57.3,Tstd:26.0,Bpos:46.2,Bstd:18.9,StrandBias:1.1,Multiplicity:1.00
0.464	0.452	0.062	0.022
0.123	0.211	0.652	0.014
0.043	0.076	0.081	0.800
0.065	0.741	0.005	0.189
0.101	0.491	0.004	0.404
0.122	0.851	0.018	0.009
0.036	0.841	0.044	0.079
0.149	0.208	0.476	0.167
0.439	0.031	0.046	0.484
0.266	0.563	0.005	0.166
>TATATAWANVSV	1-TATATAWANVSV	5.037462	-1407.506586	0	T:4498.0(18.73%),B:1997.4(8.01%),P:1e-611	Tpos:32.2,Tstd:12.1,Bpos:49.6,Bstd:35.5,StrandBias:0.1,Multiplicity:1.22
0.084	0.167	0.105	0.644
0.550	0.168	0.017	0.265
0.066	0.012	0.003	0.919
0.841	0.003	0.001	0.155
0.245	0.015	0.020	0.720
0.906	0.013	0.048	0.033
0.306	0.103	0.170	0.421
0.590	0.140	0.178	0.092
0.240	0.239	0.273	0.248
0.328	0.247	0.308	0.118
0.204	0.366	0.290	0.140
0.242	0.305	0.326	0.127
>CCCCCCCCCYCC	2-CCCCCCCCCYCC	4.650163	-1239.921268	0	T:12759.0(53.13%),B:9305.2(37.32%),P:1e-538	Tpos:56.7,Tstd:25.8,Bpos:50.2,Bstd:32.2,StrandBias:2.2,Multiplicity:1.49
0.067	0.654	0.090	0.189
0.074	0.723	0.067	0.136
0.117	0.703	0.081	0.099
0.214	0.509	0.100	0.177
0.101	0.601	0.105	0.193
0.068	0.715	0.061	0.156
0.109	0.592	0.132	0.167
0.086	0.663	0.095	0.156
0.095	0.783	0.038	0.084
0.199	0.413	0.121	0.267
0.075	0.697	0.096	0.132
0.049	0.829	0.049	0.073
>CNTTCCAKTCCM	3-CNTTCCAKTCCM	5.979810	-1022.154649	0	T:5200.0(21.65%),B:2847.9(11.42%),P:1e-443	Tpos:53.8,Tstd:26.6,Bpos:50.5,Bstd:30.2,StrandBias:1.7,Multiplicity:1.08
0.167	0.501	0.169	0.163
0.282	0.288	0.155	0.275
0.120	0.265	0.166	0.449
0.001	0.297	0.117	0.585
0.001	0.810	0.037	0.152
0.171	0.821	0.006	0.002
0.624	0.055	0.259	0.062
0.150	0.203	0.273	0.374
0.003	0.102	0.002	0.893
0.006	0.512	0.132	0.350
0.005	0.920	0.036	0.039
0.334	0.445	0.127	0.094
>TCTYCTCYTCTC	4-TCTYCTCYTCTC	5.552808	-842.670018	0	T:9829.0(40.93%),B:7124.1(28.57%),P:1e-365	Tpos:55.4,Tstd:26.0,Bpos:49.4,Bstd:33.9,StrandBias:1.0,Multiplicity:1.14
0.006	0.358	0.101	0.535
0.009	0.565	0.106	0.320
0.021	0.298	0.226	0.455
0.006	0.416	0.088	0.490
0.014	0.529	0.121	0.336
0.010	0.208	0.129	0.653
0.001	0.667	0.039	0.293
0.020	0.370	0.203	0.406
0.018	0.293	0.093	0.596
0.001	0.646	0.071	0.282
0.019	0.277	0.178	0.526
0.012	0.547	0.109	0.332
>CMAAACCMAACC	5-CMAAACCMAACC	4.655115	-762.279541	0	T:8042.0(33.49%),B:5607.3(22.49%),P:1e-331	Tpos:52.6,Tstd:25.5,Bpos:49.8,Bstd:30.5,StrandBias:1.8,Multiplicity:1.20
0.276	0.516	0.144	0.064
0.488	0.348	0.129	0.036
0.658	0.207	0.109	0.026
0.683	0.174	0.120	0.023
0.486	0.278	0.143	0.092
0.238	0.540	0.153	0.069
0.221	0.621	0.124	0.034
0.378	0.450	0.093	0.079
0.667	0.171	0.066	0.096
0.549	0.177	0.220	0.054
0.259	0.434	0.229	0.077
0.239	0.549	0.136	0.076
>TCACACACACAC	6-TCACACACACAC	6.968511	-382.279767	0	T:1237.0(5.15%),B:532.0(2.13%),P:1e-166	Tpos:56.4,Tstd:25.7,Bpos:50.9,Bstd:26.8,StrandBias:1.9,Multiplicity:1.05
0.190	0.146	0.122	0.542
0.043	0.848	0.064	0.045
0.747	0.058	0.106	0.089
0.041	0.863	0.055	0.041
0.657	0.053	0.171	0.119
0.046	0.793	0.116	0.045
0.686	0.056	0.120	0.138
0.047	0.821	0.085	0.047
0.639	0.048	0.191	0.122
0.030	0.864	0.064	0.042
0.764	0.039	0.108	0.089
0.055	0.775	0.112	0.058
>CACCACTCACCA	7-CACCACTCACCA	7.020991	-314.981513	0	T:1528.0(6.36%),B:790.1(3.17%),P:1e-136	Tpos:54.1,Tstd:26.3,Bpos:51.1,Bstd:26.0,StrandBias:1.9,Multiplicity:1.06
0.063	0.850	0.074	0.013
0.699	0.004	0.152	0.145
0.027	0.674	0.140	0.159
0.038	0.841	0.081	0.040
0.787	0.006	0.167	0.040
0.083	0.698	0.164	0.055
0.158	0.090	0.120	0.632
0.012	0.875	0.099	0.014
0.656	0.040	0.146	0.158
0.025	0.715	0.112	0.148
0.042	0.845	0.069	0.044
0.733	0.086	0.101	0.080
>CGGGACTCGSGA	8-CGGGACTCGSGA	7.906178	-236.067139	0	T:447.0(1.86%),B:137.2(0.55%),P:1e-102	Tpos:56.6,Tstd:25.5,Bpos:48.1,Bstd:28.1,StrandBias:-0.5,Multiplicity:1.06
0.015	0.850	0.046	0.089
0.008	0.136	0.752	0.104
0.057	0.377	0.539	0.027
0.015	0.101	0.883	0.001
0.984	0.001	0.001	0.014
0.023	0.615	0.354	0.008
0.001	0.001	0.014	0.984
0.015	0.903	0.001	0.081
0.015	0.159	0.767	0.059
0.073	0.377	0.500	0.050
0.023	0.124	0.852	0.001
0.962	0.007	0.030	0.001
>CCTTATCYTCTY	9-CCTTATCYTCTY	9.736622	-225.588729	0	T:297.0(1.24%),B:67.5(0.27%),P:1e-97	Tpos:43.2,Tstd:23.6,Bpos:62.5,Bstd:30.0,StrandBias:2.2,Multiplicity:1.03
0.001	0.772	0.092	0.135
0.064	0.934	0.001	0.001
0.001	0.052	0.001	0.946
0.026	0.091	0.001	0.882
0.997	0.001	0.001	0.001
0.001	0.001	0.001	0.997
0.001	0.973	0.001	0.025
0.078	0.444	0.040	0.439
0.001	0.179	0.039	0.781
0.053	0.789	0.026	0.132
0.315	0.074	0.001	0.610
0.189	0.277	0.124	0.410
>CTCGCAGTCTCG	10-CTCGCAGTCTCG	8.525737	-204.187175	0	T:613.0(2.55%),B:252.9(1.01%),P:1e-88	Tpos:54.0,Tstd:26.0,Bpos:52.6,Bstd:29.4,StrandBias:0.7,Multiplicity:1.04
0.037	0.826	0.105	0.032
0.026	0.001	0.052	0.921
0.021	0.903	0.055	0.021
0.016	0.096	0.613	0.275
0.021	0.891	0.057	0.031
0.578	0.068	0.328	0.026
0.058	0.208	0.718	0.016
0.066	0.138	0.094	0.702
0.021	0.896	0.042	0.041
0.037	0.016	0.347	0.600
0.011	0.892	0.086	0.011
0.268	0.064	0.590	0.078
>KAAAACCCTAGK	11-KAAAACCCTAGK	9.290168	-204.066221	0	T:349.0(1.45%),B:99.9(0.40%),P:1e-88	Tpos:51.6,Tstd:25.8,Bpos:50.8,Bstd:23.1,StrandBias:0.4,Multiplicity:1.01
0.066	0.146	0.358	0.431
0.561	0.023	0.257	0.159
0.976	0.001	0.022	0.001
0.997	0.001	0.001	0.001
0.997	0.001	0.001	0.001
0.001	0.997	0.001	0.001
0.001	0.997	0.001	0.001
0.001	0.997	0.001	0.001
0.001	0.001	0.001	0.997
0.845	0.001	0.001	0.153
0.001	0.001	0.997	0.001
0.001	0.279	0.287	0.433
>CTGCCTGCCTGC	12-CTGCCTGCCTGC	8.350199	-199.555841	0	T:727.0(3.03%),B:330.3(1.32%),P:1e-86	Tpos:54.0,Tstd:26.7,Bpos:46.6,Bstd:29.5,StrandBias:-0.0,Multiplicity:1.02
0.032	0.873	0.056	0.039
0.052	0.063	0.108	0.777
0.024	0.035	0.883	0.058
0.043	0.832	0.081	0.044
0.020	0.811	0.075	0.094
0.072	0.052	0.124	0.752
0.018	0.027	0.940	0.015
0.055	0.813	0.072	0.060
0.017	0.909	0.041	0.033
0.052	0.041	0.105	0.802
0.028	0.087	0.825	0.060
0.020	0.793	0.116	0.071
>CTCTGCTCTGCT	13-CTCTGCTCTGCT	7.231222	-156.665463	0	T:1296.0(5.40%),B:802.2(3.22%),P:1e-68	Tpos:57.4,Tstd:26.4,Bpos:48.8,Bstd:31.3,StrandBias:0.2,Multiplicity:1.02
0.090	0.644	0.116	0.150
0.126	0.117	0.230	0.527
0.024	0.704	0.174	0.098
0.099	0.149	0.135	0.617
0.050	0.131	0.713	0.106
0.060	0.776	0.074	0.090
0.130	0.100	0.201	0.569
0.039	0.733	0.164	0.064
0.113	0.153	0.131	0.603
0.052	0.131	0.719	0.098
0.047	0.752	0.104	0.097
0.144	0.166	0.142	0.548
>TGCGAGTTGCGA	14-TGCGAGTTGCGA	8.229859	-145.697233	0	T:291.0(1.21%),B:93.3(0.37%),P:1e-63	Tpos:53.0,Tstd:26.5,Bpos:51.3,Bstd:26.1,StrandBias:-0.6,Multiplicity:1.01
0.040	0.034	0.053	0.873
0.013	0.020	0.954	0.013
0.103	0.843	0.007	0.047
0.092	0.137	0.686	0.085
0.925	0.034	0.034	0.007
0.063	0.073	0.824	0.040
0.034	0.120	0.066	0.780
0.040	0.013	0.087	0.860
0.001	0.027	0.952	0.020
0.103	0.823	0.047	0.027
0.125	0.130	0.639	0.106
0.864	0.034	0.061	0.041
>STASTASTASTA	15-STASTASTASTA	6.718670	-142.385327	0	T:565.0(2.35%),B:267.3(1.07%),P:1e-61	Tpos:48.5,Tstd:24.8,Bpos:47.8,Bstd:26.2,StrandBias:-0.0,Multiplicity:1.03
0.064	0.459	0.414	0.063
0.117	0.121	0.124	0.638
0.620	0.100	0.154	0.126
0.026	0.498	0.452	0.025
0.099	0.117	0.081	0.703
0.686	0.077	0.138	0.099
0.019	0.487	0.477	0.018
0.110	0.119	0.086	0.685
0.687	0.081	0.127	0.105
0.042	0.439	0.484	0.035
0.130	0.113	0.112	0.645
0.626	0.122	0.138	0.114
>TCACAVTTCACA	16-TCACAVTTCACA	10.645607	-129.943735	0	T:85.0(0.35%),B:8.5(0.03%),P:1e-56	Tpos:60.2,Tstd:22.8,Bpos:51.1,Bstd:15.3,StrandBias:2.3,Multiplicity:1.05
0.103	0.069	0.034	0.794
0.001	0.997	0.001	0.001
0.930	0.001	0.068	0.001
0.076	0.889	0.034	0.001
0.709	0.111	0.111	0.069
0.381	0.275	0.344	0.001
0.034	0.135	0.057	0.774
0.034	0.034	0.001	0.931
0.001	0.965	0.001	0.033
0.863	0.034	0.034	0.069
0.001	0.997	0.001	0.001
0.898	0.034	0.034	0.034
>GCTAGCTAGCTA	17-GCTAGCTAGCTA	7.806244	-126.284292	0	T:553.0(2.30%),B:273.1(1.10%),P:1e-54	Tpos:56.5,Tstd:27.6,Bpos:46.7,Bstd:27.7,StrandBias:-0.1,Multiplicity:1.02
0.081	0.066	0.785	0.068
0.068	0.814	0.075	0.043
0.086	0.116	0.138	0.660
0.687	0.108	0.113	0.092
0.038	0.042	0.867	0.053
0.059	0.865	0.043	0.033
0.079	0.126	0.100	0.695
0.678	0.123	0.099	0.100
0.033	0.050	0.863	0.054
0.075	0.808	0.051	0.066
0.092	0.126	0.113	0.669
0.610	0.125	0.182	0.083
>CAGCAGYCAGCA	18-CAGCAGYCAGCA	11.571100	-125.489833	0	T:87.0(0.36%),B:9.9(0.04%),P:1e-54	Tpos:61.3,Tstd:25.7,Bpos:49.6,Bstd:23.3,StrandBias:0.7,Multiplicity:1.01
0.001	0.997	0.001	0.001
0.997	0.001	0.001	0.001
0.001	0.001	0.997	0.001
0.001	0.997	0.001	0.001
0.997	0.001	0.001	0.001
0.327	0.037	0.570	0.066
0.001	0.449	0.003	0.547
0.001	0.834	0.065	0.100
0.609	0.001	0.389	0.001
0.001	0.001	0.997	0.001
0.001	0.997	0.001	0.001
0.997	0.001	0.001	0.001
>TCCATCCATCCA	19-TCCATCCATCCA	10.829961	-105.717982	0	T:85.0(0.35%),B:12.0(0.05%),P:1e-45	Tpos:57.1,Tstd:28.6,Bpos:45.2,Bstd:16.9,StrandBias:2.8,Multiplicity:1.00
0.078	0.138	0.043	0.741
0.015	0.729	0.130	0.126
0.019	0.761	0.107	0.113
0.801	0.024	0.156	0.019
0.024	0.159	0.184	0.633
0.005	0.930	0.041	0.024
0.015	0.838	0.019	0.128
0.519	0.019	0.326	0.136
0.097	0.213	0.073	0.617
0.010	0.770	0.044	0.176
0.005	0.789	0.019	0.187
0.606	0.014	0.224	0.156
>TGCGCCGCAGCT	20-TGCGCCGCAGCT	9.476083	-105.362701	0	T:38.0(0.16%),B:1.9(0.01%),P:1e-45	Tpos:61.1,Tstd:23.6,Bpos:77.7,Bstd:9.8,StrandBias:0.2,Multiplicity:1.00
0.125	0.175	0.171	0.529
0.082	0.143	0.667	0.108
0.115	0.653	0.121	0.111
0.116	0.085	0.681	0.118
0.079	0.704	0.129	0.088
0.129	0.591	0.132	0.148
0.083	0.071	0.741	0.105
0.051	0.789	0.107	0.053
0.553	0.143	0.141	0.163
0.079	0.089	0.746	0.086
0.067	0.783	0.080	0.070
0.121	0.156	0.160	0.563
>TGTAGACTGTAG	21-TGTAGACTGTAG	11.085059	-100.663752	0	T:56.0(0.23%),B:4.8(0.02%),P:1e-43	Tpos:53.6,Tstd:26.3,Bpos:54.3,Bstd:14.7,StrandBias:-1.1,Multiplicity:1.02
0.027	0.001	0.001	0.971
0.072	0.097	0.830	0.001
0.132	0.001	0.094	0.773
0.631	0.001	0.367	0.001
0.049	0.292	0.529	0.130
0.658	0.145	0.125	0.072
0.001	0.676	0.322	0.001
0.001	0.001	0.047	0.951
0.001	0.001	0.997	0.001
0.278	0.193	0.024	0.505
0.997	0.001	0.001	0.001
0.048	0.001	0.950	0.001
>CGCAGATTTTTC	22-CGCAGATTTTTC	11.236459	-89.066869	0	T:41.0(0.17%),B:3.0(0.01%),P:1e-38	Tpos:34.4,Tstd:24.2,Bpos:45.0,Bstd:18.6,StrandBias:1.8,Multiplicity:1.03
0.044	0.665	0.064	0.227
0.081	0.053	0.660	0.206
0.080	0.818	0.061	0.041
0.812	0.030	0.041	0.117
0.041	0.061	0.857	0.041
0.918	0.041	0.011	0.030
0.071	0.020	0.041	0.868
0.020	0.030	0.041	0.909
0.031	0.051	0.010	0.908
0.020	0.061	0.010	0.909
0.021	0.097	0.030	0.852
0.020	0.848	0.061	0.071
>CCGCCGYTKCTT	23-CCGCCGYTKCTT	11.636346	-72.152915	0	T:56.0(0.23%),B:7.7(0.03%),P:1e-31	Tpos:62.7,Tstd:26.8,Bpos:65.1,Bstd:12.9,StrandBias:0.3,Multiplicity:1.00
0.019	0.955	0.019	0.007
0.071	0.668	0.071	0.190
0.038	0.019	0.917	0.026
0.013	0.948	0.026	0.013
0.026	0.695	0.032	0.247
0.109	0.013	0.853	0.025
0.026	0.439	0.045	0.490
0.001	0.083	0.132	0.784
0.065	0.061	0.441	0.433
0.013	0.911	0.051	0.025
0.052	0.139	0.071	0.738
0.013	0.007	0.201	0.779
>RDAATAATAAWA	24-RDAATAATAAWA	9.393273	-50.791385	0	T:51.0(0.21%),B:9.5(0.04%),P:1e-22	Tpos:34.1,Tstd:19.6,Bpos:26.9,Bstd:15.4,StrandBias:0.1,Multiplicity:1.05
0.381	0.146	0.346	0.127
0.256	0.157	0.241	0.346
0.635	0.075	0.231	0.059
0.628	0.146	0.208	0.018
0.334	0.131	0.046	0.489
0.932	0.022	0.026	0.020
0.821	0.024	0.137	0.018
0.044	0.020	0.042	0.894
0.887	0.044	0.025	0.044
0.633	0.115	0.128	0.124
0.411	0.122	0.047	0.419
0.519	0.208	0.143	0.130
>CGATCGATCGAT	25-CGATCGATCGAT	10.890932	-48.011558	0	T:31.0(0.13%),B:3.2(0.01%),P:1e-20	Tpos:48.8,Tstd:31.1,Bpos:59.8,Bstd:10.4,StrandBias:0.1,Multiplicity:1.00
0.001	0.961	0.001	0.037
0.012	0.001	0.986	0.001
0.961	0.013	0.013	0.013
0.001	0.012	0.001	0.986
0.001	0.997	0.001	0.001
0.001	0.001	0.997	0.001
0.973	0.013	0.013	0.001
0.001	0.001	0.012	0.986
0.001	0.848	0.038	0.113
0.001	0.001	0.997	0.001
0.873	0.013	0.113	0.001
0.113	0.001	0.072	0.814
>TATATA	1-TATATA	5.723152	-1278.734905	0	T:4186.0(17.43%),B:1873.6(7.51%),P:1e-555	Tpos:31.9,Tstd:12.5,Bpos:50.3,Bstd:38.1,StrandBias:-0.3,Multiplicity:1.16
0.001	0.001	0.001	0.997
0.621	0.001	0.028	0.350
0.127	0.001	0.001	0.871
0.981	0.001	0.017	0.001
0.001	0.001	0.027	0.971
0.997	0.001	0.001	0.001
>CMCACC	2-CMCACC	5.117382	-695.812633	0	T:8390.0(34.94%),B:6039.7(24.22%),P:1e-302	Tpos:53.4,Tstd:27.6,Bpos:50.2,Bstd:31.0,StrandBias:1.9,Multiplicity:1.27
0.001	0.997	0.001	0.001
0.555	0.443	0.001	0.001
0.256	0.468	0.140	0.136
0.531	0.192	0.001	0.276
0.001	0.888	0.001	0.110
0.356	0.642	0.001	0.001
>TCTCTC	3-TCTCTC	5.209853	-509.611589	0	T:9069.0(37.76%),B:7046.9(28.26%),P:1e-221	Tpos:54.9,Tstd:27.2,Bpos:50.0,Bstd:34.2,StrandBias:1.4,Multiplicity:1.33
0.026	0.224	0.048	0.702
0.001	0.997	0.001	0.001
0.082	0.126	0.066	0.726
0.001	0.997	0.001	0.001
0.001	0.001	0.079	0.919
0.001	0.902	0.001	0.096
>CGCAGC	4-CGCAGC	4.527568	-503.467525	0	T:13233.0(55.10%),B:11202.3(44.92%),P:1e-218	Tpos:56.3,Tstd:27.9,Bpos:49.7,Bstd:31.9,StrandBias:0.8,Multiplicity:1.59
0.087	0.691	0.221	0.001
0.392	0.056	0.551	0.001
0.044	0.954	0.001	0.001
0.537	0.181	0.001	0.281
0.183	0.150	0.552	0.115
0.001	0.875	0.080	0.044
>AAACCC	5-AAACCC	7.990768	-499.403377	0	T:2341.0(9.75%),B:1203.9(4.83%),P:1e-216	Tpos:53.1,Tstd:26.1,Bpos:51.9,Bstd:33.7,StrandBias:1.8,Multiplicity:1.10
0.997	0.001	0.001	0.001
0.997	0.001	0.001	0.001
0.997	0.001	0.001	0.001
0.266	0.732	0.001	0.001
0.001	0.997	0.001	0.001
0.001	0.997	0.001	0.001
>CCCGTC	6-CCCGTC	5.512849	-479.805054	0	T:7994.0(33.29%),B:6092.3(24.43%),P:1e-208	Tpos:52.6,Tstd:28.1,Bpos:49.7,Bstd:30.4,StrandBias:1.6,Multiplicity:1.28
0.001	0.889	0.001	0.109
0.001	0.997	0.001	0.001
0.191	0.807	0.001	0.001
0.113	0.001	0.885	0.001
0.001	0.216	0.001	0.782
0.001	0.997	0.001	0.001
>AAGCGA	7-AAGCGA	5.214319	-463.130757	0	T:8767.0(36.51%),B:6862.7(27.52%),P:1e-201	Tpos:53.0,Tstd:27.8,Bpos:49.5,Bstd:32.1,StrandBias:-0.8,Multiplicity:1.24
0.830	0.001	0.168	0.001
0.622	0.001	0.340	0.037
0.335	0.001	0.663	0.001
0.001	0.863	0.135	0.001
0.002	0.001	0.996	0.001
0.696	0.001	0.302	0.001
>CATTCC	8-CATTCC	4.955803	-411.628389	0	T:7881.0(32.82%),B:6139.8(24.62%),P:1e-178	Tpos:53.3,Tstd:27.5,Bpos:50.3,Bstd:32.0,StrandBias:1.5,Multiplicity:1.21
0.076	0.922	0.001	0.001
0.709	0.289	0.001	0.001
0.001	0.001	0.072	0.926
0.001	0.001	0.001	0.997
0.001	0.741	0.001	0.257
0.001	0.997	0.001	0.001
>CTGTCT	9-CTGTCT	5.685887	-293.494410	0	T:6500.0(27.07%),B:5129.5(20.57%),P:1e-127	Tpos:51.0,Tstd:27.9,Bpos:50.3,Bstd:31.7,StrandBias:0.6,Multiplicity:1.09
0.001	0.997	0.001	0.001
0.120	0.114	0.001	0.765
0.001	0.001	0.801	0.197
0.001	0.203	0.001	0.795
0.001	0.997	0.001	0.001
0.001	0.001	0.001	0.997
>GCCTGC	10-GCCTGC	5.724301	-252.955163	0	T:5002.0(20.83%),B:3841.4(15.40%),P:1e-109	Tpos:51.4,Tstd:27.8,Bpos:48.9,Bstd:30.6,StrandBias:-0.1,Multiplicity:1.13
0.001	0.001	0.997	0.001
0.316	0.682	0.001	0.001
0.001	0.997	0.001	0.001
0.001	0.001	0.068	0.930
0.157	0.001	0.841	0.001
0.001	0.857	0.001	0.141
>CGCATC	11-CGCATC	5.651588	-210.642190	0	T:6190.0(25.78%),B:5071.0(20.34%),P:1e-91	Tpos:52.7,Tstd:28.4,Bpos:49.5,Bstd:30.6,StrandBias:1.0,Multiplicity:1.10
0.001	0.997	0.001	0.001
0.127	0.001	0.871	0.001
0.001	0.997	0.001	0.001
0.554	0.152	0.293	0.001
0.001	0.001	0.001	0.997
0.001	0.997	0.001	0.001
>CAYCAC	12-CAYCAC	5.388295	-188.888854	0	T:4626.0(19.26%),B:3664.6(14.70%),P:1e-82	Tpos:52.8,Tstd:28.0,Bpos:50.6,Bstd:28.7,StrandBias:1.2,Multiplicity:1.17
0.050	0.890	0.001	0.059
0.507	0.145	0.347	0.001
0.001	0.496	0.001	0.502
0.154	0.791	0.001	0.054
0.548	0.070	0.075	0.307
0.001	0.795	0.059	0.145
>TCCGWT	13-TCCGWT	4.765032	-184.946936	0	T:6101.0(25.40%),B:5067.7(20.32%),P:1e-80	Tpos:52.1,Tstd:28.1,Bpos:50.4,Bstd:31.1,StrandBias:0.2,Multiplicity:1.12
0.046	0.167	0.105	0.682
0.001	0.514	0.324	0.161
0.001	0.821	0.102	0.076
0.110	0.001	0.888	0.001
0.425	0.269	0.001	0.305
0.046	0.111	0.001	0.842
>TAATAA	14-TAATAA	6.571137	-184.924445	0	T:1197.0(4.98%),B:686.8(2.75%),P:1e-80	Tpos:36.1,Tstd:21.2,Bpos:48.9,Bstd:35.0,StrandBias:0.0,Multiplicity:1.11
0.001	0.001	0.001	0.997
0.821	0.001	0.001	0.177
0.997	0.001	0.001	0.001
0.001	0.001	0.001	0.997
0.997	0.001	0.001	0.001
0.997	0.001	0.001	0.001
>CCAACC	15-CCAACC	6.125344	-154.491846	0	T:4033.0(16.79%),B:3214.3(12.89%),P:1e-67	Tpos:51.3,Tstd:28.2,Bpos:50.4,Bstd:30.1,StrandBias:1.8,Multiplicity:1.11
0.001	0.997	0.001	0.001
0.001	0.997	0.001	0.001
0.834	0.001	0.001	0.164
0.997	0.001	0.001	0.001
0.001	0.689	0.001	0.309
0.001	0.997	0.001	0.001
>AAGCAA	16-AAGCAA	5.204134	-139.329681	0	T:5935.0(24.71%),B:5069.4(20.33%),P:1e-60	Tpos:49.0,Tstd:28.0,Bpos:50.5,Bstd:34.3,StrandBias:0.5,Multiplicity:1.16
0.997	0.001	0.001	0.001
0.906	0.092	0.001	0.001
0.242	0.001	0.756	0.001
0.202	0.796	0.001	0.001
0.916	0.001	0.001	0.082
0.997	0.001	0.001	0.001
>CTTATC	17-CTTATC	6.177716	-136.887380	0	T:1054.0(4.39%),B:638.1(2.56%),P:1e-59	Tpos:43.9,Tstd:24.9,Bpos:50.5,Bstd:33.9,StrandBias:1.3,Multiplicity:1.04
0.100	0.700	0.100	0.100
0.100	0.100	0.100	0.700
0.100	0.100	0.100	0.700
0.700	0.100	0.100	0.100
0.100	0.100	0.100	0.700
0.100	0.700	0.100	0.100
>TCACAC	18-TCACAC	6.713107	-130.193502	0	T:2366.0(9.85%),B:1764.5(7.08%),P:1e-56	Tpos:51.9,Tstd:27.4,Bpos:49.5,Bstd:30.2,StrandBias:0.9,Multiplicity:1.07
0.001	0.001	0.001	0.997
0.001	0.997	0.001	0.001
0.997	0.001	0.001	0.001
0.001	0.997	0.001	0.001
0.997	0.001	0.001	0.001
0.297	0.498	0.204	0.001
>TTWAAA	19-TTWAAA	7.499781	-110.582835	0	T:1081.0(4.50%),B:700.6(2.81%),P:1e-48	Tpos:33.2,Tstd:20.5,Bpos:51.6,Bstd:37.0,StrandBias:0.2,Multiplicity:1.02
0.001	0.001	0.001	0.997
0.001	0.001	0.001	0.997
0.550	0.001	0.001	0.448
0.997	0.001	0.001	0.001
0.997	0.001	0.001	0.001
0.997	0.001	0.001	0.001
>CTACTA	20-CTACTA	6.421780	-106.127669	0	T:1485.0(6.18%),B:1048.3(4.20%),P:1e-46	Tpos:45.5,Tstd:26.2,Bpos:50.4,Bstd:29.9,StrandBias:0.1,Multiplicity:1.24
0.001	0.779	0.219	0.001
0.001	0.001	0.001	0.997
0.997	0.001	0.001	0.001
0.001	0.694	0.304	0.001
0.001	0.001	0.001	0.997
0.997	0.001	0.001	0.001
>CTAGCT	21-CTAGCT	1.394987	-104.253818	0	T:6118.0(25.48%),B:5393.6(21.63%),P:1e-45	Tpos:54.7,Tstd:28.1,Bpos:49.9,Bstd:31.3,StrandBias:0.0,Multiplicity:1.24
0.001	0.997	0.001	0.001
0.001	0.001	0.001	0.997
0.742	0.256	0.001	0.001
0.001	0.001	0.997	0.001
0.001	0.997	0.001	0.001
0.001	0.001	0.001	0.997
>TGGACT	22-TGGACT	5.855266	-65.495240	0	T:1150.0(4.79%),B:849.7(3.41%),P:1e-28	Tpos:52.1,Tstd:27.5,Bpos:51.2,Bstd:30.5,StrandBias:-0.8,Multiplicity:1.02
0.185	0.001	0.144	0.670
0.001	0.357	0.518	0.124
0.002	0.018	0.969	0.011
0.684	0.001	0.192	0.123
0.154	0.527	0.144	0.175
0.153	0.143	0.001	0.703
>TATGTA	23-TATGTA	6.177716	-35.117363	0	T:518.0(2.16%),B:371.6(1.49%),P:1e-15	Tpos:37.4,Tstd:22.9,Bpos:50.3,Bstd:30.1,StrandBias:-0.9,Multiplicity:1.07
0.100	0.100	0.100	0.700
0.700	0.100	0.100	0.100
0.100	0.100	0.100	0.700
0.100	0.100	0.700	0.100
0.100	0.100	0.100	0.700
0.700	0.100	0.100	0.100
>BATATAWA	1-BATATAWA	6.243934	-1327.568280	0	T:3666.0(15.27%),B:1489.5(5.97%),P:1e-576	Tpos:31.8,Tstd:11.8,Bpos:50.7,Bstd:37.7,StrandBias:0.0,Multiplicity:1.03
0.040	0.370	0.284	0.305
0.496	0.116	0.200	0.189
0.001	0.001	0.001	0.997
0.597	0.001	0.001	0.401
0.001	0.001	0.001	0.997
0.997	0.001	0.001	0.001
0.536	0.001	0.001	0.462
0.997	0.001	0.001	0.001
>CCCAHCCC	2-CCCAHCCC	5.016205	-1146.792032	0	T:9654.0(40.20%),B:6490.6(26.03%),P:1e-498	Tpos:54.4,Tstd:26.7,Bpos:49.9,Bstd:32.0,StrandBias:2.3,Multiplicity:1.47
0.032	0.742	0.001	0.225
0.198	0.706	0.031	0.065
0.376	0.589	0.025	0.010
0.574	0.211	0.087	0.128
0.312	0.267	0.043	0.378
0.048	0.684	0.001	0.267
0.098	0.870	0.012	0.020
0.206	0.728	0.027	0.039
>CTCGTCTC	3-CTCGTCTC	3.913444	-839.348246	0	T:15090.0(62.84%),B:12398.4(49.72%),P:1e-364	Tpos:54.2,Tstd:27.1,Bpos:49.7,Bstd:31.5,StrandBias:1.1,Multiplicity:1.44
0.052	0.746	0.073	0.129
0.065	0.160	0.088	0.687
0.105	0.802	0.031	0.062
0.086	0.093	0.699	0.122
0.094	0.200	0.042	0.664
0.047	0.786	0.039	0.128
0.111	0.034	0.022	0.833
0.054	0.786	0.015	0.145
>CCGCCGCC	4-CCGCCGCC	4.623689	-755.192175	0	T:14050.0(58.51%),B:11476.2(46.02%),P:1e-327	Tpos:57.0,Tstd:27.5,Bpos:49.5,Bstd:31.5,StrandBias:1.2,Multiplicity:1.50
0.032	0.861	0.028	0.079
0.081	0.667	0.150	0.102
0.099	0.073	0.730	0.098
0.013	0.887	0.028	0.072
0.117	0.724	0.060	0.099
0.101	0.144	0.586	0.169
0.012	0.766	0.126	0.096
0.067	0.781	0.017	0.135
>ACACACAC	5-ACACACAC	4.800876	-459.897140	0	T:5264.0(21.92%),B:3646.3(14.62%),P:1e-199	Tpos:54.4,Tstd:26.7,Bpos:50.8,Bstd:30.1,StrandBias:1.6,Multiplicity:1.18
0.735	0.078	0.064	0.123
0.071	0.843	0.065	0.021
0.610	0.113	0.109	0.168
0.065	0.805	0.112	0.018
0.726	0.052	0.093	0.129
0.085	0.778	0.091	0.046
0.736	0.101	0.087	0.076
0.113	0.767	0.113	0.007
>AAACCCTA	6-AAACCCTA	8.615914	-399.275802	0	T:975.0(4.06%),B:356.5(1.43%),P:1e-173	Tpos:53.5,Tstd:25.8,Bpos:53.6,Bstd:33.5,StrandBias:0.8,Multiplicity:1.02
0.997	0.001	0.001	0.001
0.997	0.001	0.001	0.001
0.997	0.001	0.001	0.001
0.001	0.997	0.001	0.001
0.001	0.997	0.001	0.001
0.001	0.997	0.001	0.001
0.001	0.001	0.001	0.997
0.728	0.136	0.086	0.050
>TCTCTCTC	7-TCTCTCTC	5.435633	-383.204209	0	T:5273.0(21.96%),B:3798.8(15.23%),P:1e-166	Tpos:54.8,Tstd:26.9,Bpos:50.8,Bstd:34.7,StrandBias:1.2,Multiplicity:1.18
0.066	0.117	0.106	0.711
0.056	0.763	0.038	0.143
0.071	0.091	0.157	0.681
0.059	0.781	0.067	0.093
0.061	0.056	0.091	0.792
0.053	0.772	0.029	0.146
0.060	0.071	0.134	0.735
0.036	0.765	0.027	0.172
>GAGTGGCG	8-GAGTGGCG	5.794502	-315.940974	0	T:3511.0(14.62%),B:2382.9(9.56%),P:1e-137	Tpos:53.2,Tstd:27.8,Bpos:48.3,Bstd:30.7,StrandBias:-1.2,Multiplicity:1.03
0.178	0.030	0.759	0.033
0.817	0.001	0.088	0.094
0.083	0.122	0.765	0.030
0.097	0.093	0.001	0.809
0.248	0.118	0.547	0.087
0.099	0.175	0.693	0.033
0.001	0.670	0.001	0.328
0.054	0.001	0.944	0.001
>AAACGAAA	9-AAACGAAA	5.128385	-309.361063	0	T:3674.0(15.30%),B:2534.3(10.16%),P:1e-134	Tpos:47.7,Tstd:27.0,Bpos:50.4,Bstd:33.1,StrandBias:0.5,Multiplicity:1.14
0.731	0.111	0.102	0.056
0.785	0.053	0.061	0.101
0.733	0.087	0.077	0.103
0.045	0.806	0.065	0.084
0.099	0.109	0.755	0.037
0.684	0.123	0.163	0.030
0.821	0.062	0.056	0.061
0.690	0.147	0.090	0.073
>CTTCCGTT	10-CTTCCGTT	5.329867	-273.597836	0	T:1305.0(5.43%),B:669.5(2.69%),P:1e-118	Tpos:51.0,Tstd:28.7,Bpos:48.2,Bstd:30.1,StrandBias:1.2,Multiplicity:1.02
0.001	0.997	0.001	0.001
0.015	0.001	0.293	0.691
0.001	0.273	0.001	0.725
0.001	0.997	0.001	0.001
0.001	0.997	0.001	0.001
0.001	0.001	0.997	0.001
0.001	0.001	0.001	0.997
0.001	0.294	0.001	0.704
>TKCCTKCC	11-TKCCTKCC	7.374792	-225.977138	0	T:859.0(3.58%),B:398.4(1.60%),P:1e-98	Tpos:53.7,Tstd:27.7,Bpos:48.7,Bstd:31.6,StrandBias:0.8,Multiplicity:1.11
0.232	0.019	0.001	0.748
0.030	0.217	0.430	0.323
0.096	0.902	0.001	0.001
0.001	0.697	0.162	0.140
0.282	0.038	0.180	0.500
0.017	0.001	0.449	0.533
0.001	0.728	0.082	0.189
0.001	0.826	0.114	0.059
>TCCAGTCC	12-TCCAGTCC	6.650478	-200.140552	0	T:943.0(3.93%),B:480.4(1.93%),P:1e-86	Tpos:50.7,Tstd:27.7,Bpos:48.3,Bstd:29.8,StrandBias:1.1,Multiplicity:1.05
0.001	0.001	0.001	0.997
0.001	0.997	0.001	0.001
0.001	0.997	0.001	0.001
0.640	0.227	0.132	0.001
0.001	0.001	0.997	0.001
0.001	0.001	0.001	0.997
0.001	0.997	0.001	0.001
0.001	0.907	0.001	0.091
>CAAAAACC	13-CAAAAACC	8.218258	-182.748780	0	T:631.0(2.63%),B:279.8(1.12%),P:1e-79	Tpos:49.6,Tstd:24.5,Bpos:49.4,Bstd:28.9,StrandBias:1.7,Multiplicity:1.01
0.001	0.997	0.001	0.001
0.770	0.228	0.001	0.001
0.997	0.001	0.001	0.001
0.997	0.001	0.001	0.001
0.901	0.001	0.001	0.097
0.769	0.001	0.229	0.001
0.001	0.997	0.001	0.001
0.001	0.997	0.001	0.001
>ACAGCACA	14-ACAGCACA	6.532893	-181.666972	0	T:1560.0(6.50%),B:977.5(3.92%),P:1e-78	Tpos:52.3,Tstd:27.6,Bpos:48.7,Bstd:29.9,StrandBias:1.0,Multiplicity:1.08
0.884	0.057	0.058	0.001
0.001	0.973	0.025	0.001
0.947	0.001	0.051	0.001
0.031	0.074	0.870	0.025
0.072	0.727	0.186	0.015
0.922	0.026	0.030	0.022
0.091	0.871	0.016	0.022
0.899	0.063	0.027	0.011
>ASTAGYAG	15-ASTAGYAG	6.287568	-179.355870	0	T:2443.0(10.17%),B:1722.7(6.91%),P:1e-77	Tpos:52.3,Tstd:27.4,Bpos:51.2,Bstd:30.0,StrandBias:0.2,Multiplicity:1.09
0.997	0.001	0.001	0.001
0.001	0.426	0.572	0.001
0.001	0.110	0.001	0.888
0.498	0.263	0.085	0.154
0.001	0.164	0.794	0.041
0.001	0.513	0.001	0.485
0.838	0.160	0.001	0.001
0.001	0.113	0.874	0.012
>TTTATTTA	16-TTTATTTA	6.282912	-164.730012	0	T:667.0(2.78%),B:318.2(1.28%),P:1e-71	Tpos:35.0,Tstd:20.0,Bpos:46.7,Bstd:34.3,StrandBias:-0.3,Multiplicity:1.04
0.001	0.001	0.001	0.997
0.001	0.125	0.077	0.797
0.001	0.001	0.001	0.997
0.997	0.001	0.001	0.001
0.001	0.001	0.001	0.997
0.001	0.001	0.269	0.729
0.091	0.001	0.001	0.907
0.997	0.001	0.001	0.001
>CCTTATCT	17-CCTTATCT	8.799495	-160.066621	0	T:433.0(1.80%),B:168.7(0.68%),P:1e-69	Tpos:42.3,Tstd:24.6,Bpos:50.9,Bstd:31.3,StrandBias:1.6,Multiplicity:1.02
0.001	0.828	0.170	0.001
0.001	0.997	0.001	0.001
0.001	0.001	0.001	0.997
0.001	0.001	0.001	0.997
0.997	0.001	0.001	0.001
0.001	0.001	0.001	0.997
0.001	0.997	0.001	0.001
0.001	0.392	0.001	0.606
>CAAGCAAA	18-CAAGCAAA	7.606119	-157.506216	0	T:987.0(4.11%),B:559.9(2.25%),P:1e-68	Tpos:53.8,Tstd:27.9,Bpos:47.4,Bstd:31.4,StrandBias:0.6,Multiplicity:1.04
0.001	0.938	0.001	0.060
0.997	0.001	0.001	0.001
0.895	0.001	0.103	0.001
0.076	0.001	0.922	0.001
0.001	0.997	0.001	0.001
0.697	0.133	0.067	0.103
0.997	0.001	0.001	0.001
0.897	0.001	0.101	0.001
>MCATTTCC	19-MCATTTCC	6.101785	-139.486649	0	T:1183.0(4.93%),B:737.9(2.96%),P:1e-60	Tpos:50.8,Tstd:27.5,Bpos:47.9,Bstd:32.6,StrandBias:1.4,Multiplicity:1.02
0.439	0.559	0.001	0.001
0.286	0.712	0.001	0.001
0.968	0.030	0.001	0.001
0.001	0.001	0.033	0.965
0.001	0.001	0.001	0.997
0.001	0.001	0.001	0.997
0.001	0.997	0.001	0.001
0.001	0.760	0.238	0.001
>TATTTAWC	20-TATTTAWC	7.865821	-131.206599	0	T:337.0(1.40%),B:127.4(0.51%),P:1e-56	Tpos:32.2,Tstd:13.9,Bpos:50.5,Bstd:35.4,StrandBias:-0.2,Multiplicity:1.00
0.209	0.001	0.201	0.589
0.751	0.001	0.201	0.047
0.001	0.208	0.001	0.790
0.001	0.208	0.001	0.790
0.047	0.001	0.001	0.951
0.997	0.001	0.001	0.001
0.469	0.001	0.001	0.529
0.001	0.674	0.324	0.001
>GCTAGCTA	21-GCTAGCTA	7.409728	-121.552642	0	T:781.0(3.25%),B:446.6(1.79%),P:1e-52	Tpos:54.7,Tstd:28.5,Bpos:49.8,Bstd:27.6,StrandBias:-0.1,Multiplicity:1.15
0.058	0.057	0.771	0.114
0.001	0.997	0.001	0.001
0.001	0.001	0.001	0.997
0.876	0.039	0.001	0.084
0.001	0.001	0.997	0.001
0.001	0.997	0.001	0.001
0.001	0.001	0.001	0.997
0.851	0.001	0.147	0.001
>TACTACTA	22-TACTACTA	8.133295	-120.290729	0	T:318.0(1.32%),B:122.2(0.49%),P:1e-52	Tpos:44.2,Tstd:23.2,Bpos:48.9,Bstd:29.5,StrandBias:0.5,Multiplicity:1.05
0.051	0.001	0.001	0.947
0.997	0.001	0.001	0.001
0.001	0.937	0.061	0.001
0.001	0.089	0.001	0.909
0.997	0.001	0.001	0.001
0.001	0.823	0.175	0.001
0.001	0.001	0.001	0.997
0.919	0.001	0.001	0.079
>AGCCAGCM	23-AGCCAGCM	7.803539	-85.600476	0	T:865.0(3.60%),B:565.3(2.27%),P:1e-37	Tpos:56.1,Tstd:27.3,Bpos:48.6,Bstd:30.0,StrandBias:0.8,Multiplicity:1.11
0.997	0.001	0.001	0.001
0.141	0.001	0.717	0.141
0.064	0.582	0.189	0.165
0.331	0.630	0.001	0.038
0.952	0.001	0.001	0.046
0.046	0.001	0.843	0.110
0.001	0.809	0.063	0.127
0.418	0.477	0.104	0.001
>TTTATTAT	24-TTTATTAT	9.698901	-78.854297	0	T:186.0(0.77%),B:67.7(0.27%),P:1e-34	Tpos:38.3,Tstd:19.7,Bpos:48.8,Bstd:27.4,StrandBias:-0.3,Multiplicity:1.02
0.235	0.001	0.254	0.510
0.001	0.001	0.001	0.997
0.001	0.001	0.001	0.997
0.997	0.001	0.001	0.001
0.001	0.001	0.001	0.997
0.001	0.001	0.001	0.997
0.997	0.001	0.001	0.001
0.001	0.001	0.001	0.997
>ACGCAARC	25-ACGCAARC	7.702677	-64.472175	0	T:419.0(1.74%),B:241.8(0.97%),P:1e-27	Tpos:51.0,Tstd:27.8,Bpos:51.8,Bstd:30.4,StrandBias:0.8,Multiplicity:1.01
0.765	0.037	0.001	0.197
0.005	0.993	0.001	0.001
0.080	0.020	0.899	0.001
0.096	0.902	0.001	0.001
0.997	0.001	0.001	0.001
0.602	0.037	0.203	0.158
0.418	0.001	0.413	0.168
0.001	0.833	0.147	0.019
