>SBTHTATATA	1-SBTHTATATA	5.800352	-1445.548535	0	T:3364.0(14.01%),B:1232.9(4.93%),P:1e-627	Tpos:31.8,Tstd:11.0,Bpos:50.2,Bstd:36.4,StrandBias:0.1,Multiplicity:1.03
0.131	0.370	0.283	0.216
0.129	0.333	0.317	0.222
0.128	0.230	0.218	0.425
0.366	0.235	0.172	0.227
0.023	0.059	0.039	0.879
0.606	0.041	0.046	0.307
0.185	0.015	0.016	0.784
0.869	0.006	0.035	0.090
0.311	0.011	0.051	0.627
0.800	0.073	0.056	0.071
>CCTCCCCTCC	2-CCTCCCCTCC	5.323419	-1104.309402	0	T:11041.0(45.97%),B:7866.2(31.47%),P:1e-479	Tpos:56.7,Tstd:26.2,Bpos:50.2,Bstd:33.1,StrandBias:1.9,Multiplicity:1.54
0.089	0.604	0.018	0.289
0.085	0.605	0.141	0.169
0.054	0.303	0.016	0.627
0.009	0.777	0.022	0.192
0.026	0.588	0.224	0.162
0.186	0.543	0.103	0.168
0.050	0.553	0.197	0.200
0.116	0.060	0.038	0.786
0.003	0.899	0.004	0.094
0.030	0.707	0.056	0.207
>GGAAWCGRRA	3-GGAAWCGRRA	5.126050	-974.474561	0	T:9027.0(37.59%),B:6184.9(24.74%),P:1e-423	Tpos:53.2,Tstd:26.9,Bpos:50.9,Bstd:32.0,StrandBias:-1.1,Multiplicity:1.20
0.033	0.358	0.556	0.053
0.161	0.031	0.807	0.001
0.848	0.013	0.133	0.006
0.604	0.040	0.270	0.086
0.375	0.208	0.090	0.327
0.029	0.483	0.292	0.196
0.090	0.093	0.784	0.033
0.483	0.015	0.499	0.003
0.543	0.022	0.422	0.013
0.531	0.127	0.184	0.158
>MMMMMMMMCM	4-MMMMMMMMCM	4.025337	-828.281397	0	T:11770.0(49.01%),B:9044.8(36.18%),P:1e-359	Tpos:53.5,Tstd:26.0,Bpos:49.6,Bstd:29.6,StrandBias:2.0,Multiplicity:1.35
0.393	0.476	0.074	0.057
0.448	0.479	0.014	0.059
0.442	0.439	0.059	0.060
0.475	0.446	0.071	0.008
0.363	0.473	0.092	0.073
0.424	0.499	0.023	0.054
0.407	0.487	0.055	0.050
0.401	0.534	0.016	0.049
0.366	0.525	0.051	0.058
0.400	0.478	0.059	0.063
>AAACCCTAGY	5-AAACCCTAGY	8.781502	-391.165214	0	T:780.0(3.25%),B:249.2(1.00%),P:1e-169	Tpos:54.4,Tstd:25.2,Bpos:49.9,Bstd:31.0,StrandBias:0.9,Multiplicity:1.02
0.730	0.039	0.072	0.159
0.951	0.012	0.029	0.008
0.947	0.009	0.021	0.023
0.025	0.865	0.083	0.027
0.022	0.934	0.023	0.021
0.016	0.964	0.012	0.008
0.047	0.048	0.030	0.875
0.803	0.095	0.038	0.064
0.206	0.208	0.577	0.009
0.103	0.458	0.083	0.356
>CCGCAGCCGC	6-CCGCAGCCGC	6.985719	-368.192922	0	T:3160.0(13.16%),B:2007.4(8.03%),P:1e-159	Tpos:60.1,Tstd:26.6,Bpos:50.5,Bstd:31.0,StrandBias:1.0,Multiplicity:1.10
0.108	0.769	0.045	0.078
0.055	0.783	0.097	0.065
0.052	0.052	0.865	0.031
0.017	0.913	0.034	0.036
0.687	0.163	0.037	0.113
0.033	0.087	0.847	0.033
0.035	0.775	0.060	0.130
0.068	0.831	0.040	0.061
0.039	0.081	0.749	0.131
0.042	0.783	0.114	0.061
>TCTCTCTCTC	7-TCTCTCTCTC	6.482223	-363.559678	0	T:3326.0(13.85%),B:2152.3(8.61%),P:1e-157	Tpos:56.8,Tstd:26.6,Bpos:50.1,Bstd:34.9,StrandBias:1.2,Multiplicity:1.05
0.042	0.128	0.070	0.760
0.046	0.803	0.092	0.059
0.056	0.069	0.096	0.779
0.029	0.831	0.078	0.062
0.053	0.053	0.090	0.804
0.022	0.880	0.067	0.031
0.063	0.051	0.143	0.743
0.043	0.835	0.062	0.060
0.052	0.095	0.105	0.748
0.042	0.815	0.056	0.087
>AGGCAGGCAG	8-AGGCAGGCAG	7.915423	-274.003829	0	T:1092.0(4.55%),B:519.2(2.08%),P:1e-118	Tpos:54.3,Tstd:26.8,Bpos:51.0,Bstd:29.3,StrandBias:-0.4,Multiplicity:1.02
0.852	0.061	0.050	0.037
0.034	0.001	0.964	0.001
0.152	0.036	0.754	0.058
0.085	0.913	0.001	0.001
0.802	0.001	0.196	0.001
0.112	0.088	0.778	0.022
0.001	0.241	0.747	0.011
0.106	0.892	0.001	0.001
0.712	0.001	0.267	0.020
0.197	0.218	0.584	0.001
>TCASYCSTCA	9-TCASYCSTCA	7.251667	-268.918472	0	T:806.0(3.36%),B:332.2(1.33%),P:1e-116	Tpos:52.9,Tstd:25.7,Bpos:50.9,Bstd:26.0,StrandBias:1.6,Multiplicity:1.05
0.031	0.062	0.087	0.820
0.024	0.921	0.021	0.034
0.932	0.001	0.066	0.001
0.152	0.400	0.277	0.171
0.099	0.415	0.195	0.292
0.266	0.452	0.099	0.183
0.217	0.406	0.277	0.100
0.030	0.001	0.001	0.968
0.013	0.980	0.001	0.006
0.616	0.083	0.206	0.095
>CACACGCACA	10-CACACGCACA	8.014599	-258.498051	0	T:936.0(3.90%),B:425.8(1.70%),P:1e-112	Tpos:55.2,Tstd:27.4,Bpos:51.0,Bstd:28.9,StrandBias:1.5,Multiplicity:1.04
0.001	0.997	0.001	0.001
0.687	0.001	0.294	0.018
0.021	0.815	0.163	0.001
0.845	0.008	0.060	0.087
0.109	0.670	0.220	0.001
0.174	0.001	0.633	0.192
0.001	0.961	0.037	0.001
0.511	0.001	0.297	0.191
0.001	0.982	0.016	0.001
0.777	0.083	0.108	0.032
>TASTASTAGT	11-TASTASTAGT	6.231806	-244.752251	0	T:1065.0(4.43%),B:526.8(2.11%),P:1e-106	Tpos:48.1,Tstd:25.4,Bpos:49.3,Bstd:27.3,StrandBias:-0.1,Multiplicity:1.06
0.054	0.148	0.142	0.656
0.630	0.042	0.117	0.211
0.002	0.514	0.467	0.017
0.024	0.128	0.014	0.834
0.773	0.008	0.138	0.081
0.001	0.455	0.543	0.001
0.001	0.162	0.001	0.836
0.822	0.022	0.055	0.101
0.012	0.276	0.660	0.052
0.147	0.241	0.093	0.519
>GAGTCGCGAG	12-GAGTCGCGAG	7.275330	-237.345539	0	T:1154.0(4.81%),B:597.7(2.39%),P:1e-103	Tpos:56.3,Tstd:26.1,Bpos:47.2,Bstd:31.9,StrandBias:-1.0,Multiplicity:1.06
0.018	0.026	0.955	0.001
0.843	0.126	0.030	0.001
0.018	0.183	0.781	0.018
0.111	0.103	0.075	0.711
0.126	0.457	0.237	0.180
0.001	0.083	0.915	0.001
0.095	0.841	0.002	0.062
0.006	0.034	0.954	0.006
0.811	0.044	0.044	0.101
0.052	0.122	0.757	0.069
>CTTATCCCCT	13-CTTATCCCCT	8.679801	-186.104760	0	T:563.0(2.34%),B:233.9(0.94%),P:1e-80	Tpos:47.3,Tstd:24.7,Bpos:43.0,Bstd:31.0,StrandBias:2.4,Multiplicity:1.02
0.001	0.970	0.001	0.028
0.029	0.055	0.001	0.915
0.033	0.001	0.122	0.844
0.640	0.138	0.150	0.072
0.008	0.001	0.001	0.990
0.002	0.991	0.006	0.001
0.001	0.667	0.107	0.225
0.055	0.512	0.183	0.250
0.047	0.824	0.006	0.123
0.161	0.285	0.048	0.506
>CTRGCTRGCT	14-CTRGCTRGCT	8.709822	-163.847292	0	T:593.0(2.47%),B:269.8(1.08%),P:1e-71	Tpos:56.2,Tstd:26.1,Bpos:49.6,Bstd:29.9,StrandBias:-0.3,Multiplicity:1.04
0.001	0.612	0.272	0.115
0.001	0.104	0.121	0.774
0.415	0.060	0.524	0.001
0.001	0.001	0.997	0.001
0.001	0.997	0.001	0.001
0.091	0.001	0.001	0.907
0.425	0.001	0.573	0.001
0.001	0.158	0.752	0.089
0.001	0.997	0.001	0.001
0.121	0.013	0.001	0.865
>GCTGCHCTGC	15-GCTGCHCTGC	9.205453	-153.176569	0	T:564.0(2.35%),B:258.6(1.03%),P:1e-66	Tpos:54.0,Tstd:27.3,Bpos:50.6,Bstd:28.8,StrandBias:0.3,Multiplicity:1.07
0.247	0.091	0.510	0.152
0.001	0.997	0.001	0.001
0.001	0.001	0.055	0.943
0.001	0.001	0.997	0.001
0.001	0.823	0.175	0.001
0.326	0.247	0.091	0.336
0.001	0.725	0.045	0.229
0.001	0.001	0.001	0.997
0.001	0.001	0.997	0.001
0.001	0.997	0.001	0.001
>SASAGCACAG	16-SASAGCACAG	9.008898	-135.354754	0	T:296.0(1.23%),B:101.2(0.40%),P:1e-58	Tpos:53.0,Tstd:25.5,Bpos:51.0,Bstd:29.0,StrandBias:0.3,Multiplicity:1.03
0.121	0.463	0.415	0.001
0.997	0.001	0.001	0.001
0.001	0.571	0.427	0.001
0.997	0.001	0.001	0.001
0.001	0.001	0.997	0.001
0.001	0.837	0.161	0.001
0.843	0.001	0.155	0.001
0.115	0.883	0.001	0.001
0.997	0.001	0.001	0.001
0.001	0.001	0.997	0.001
>TTWAAAGGCS	17-TTWAAAGGCS	9.541147	-119.480558	0	T:134.0(0.56%),B:26.1(0.10%),P:1e-51	Tpos:35.1,Tstd:20.0,Bpos:62.8,Bstd:34.0,StrandBias:0.3,Multiplicity:1.01
0.001	0.001	0.001	0.997
0.253	0.001	0.001	0.745
0.458	0.173	0.001	0.368
0.997	0.001	0.001	0.001
0.833	0.125	0.041	0.001
0.913	0.055	0.031	0.001
0.001	0.001	0.912	0.086
0.001	0.408	0.560	0.031
0.001	0.751	0.247	0.001
0.011	0.560	0.428	0.001
>CATCCATCCA	18-CATCCATCCA	9.200341	-119.310243	0	T:250.0(1.04%),B:83.8(0.34%),P:1e-51	Tpos:55.7,Tstd:28.9,Bpos:45.1,Bstd:21.6,StrandBias:2.4,Multiplicity:1.01
0.001	0.658	0.301	0.040
0.997	0.001	0.001	0.001
0.001	0.001	0.064	0.934
0.001	0.654	0.085	0.260
0.037	0.606	0.180	0.177
0.814	0.083	0.102	0.001
0.006	0.001	0.001	0.992
0.001	0.782	0.001	0.216
0.001	0.962	0.001	0.036
0.557	0.161	0.281	0.001
>AGCAAGCAAA	19-AGCAAGCAAA	10.689507	-96.029924	0	T:160.0(0.67%),B:45.3(0.18%),P:1e-41	Tpos:54.6,Tstd:27.2,Bpos:51.6,Bstd:35.3,StrandBias:0.6,Multiplicity:1.02
0.804	0.194	0.001	0.001
0.203	0.001	0.795	0.001
0.001	0.997	0.001	0.001
0.805	0.001	0.193	0.001
0.997	0.001	0.001	0.001
0.001	0.131	0.867	0.001
0.001	0.997	0.001	0.001
0.795	0.001	0.001	0.203
0.747	0.251	0.001	0.001
0.665	0.001	0.333	0.001
>YAATAATAAA	20-YAATAATAAA	10.523782	-95.561858	0	T:49.0(0.20%),B:3.6(0.01%),P:1e-41	Tpos:32.4,Tstd:20.2,Bpos:51.7,Bstd:17.5,StrandBias:-0.5,Multiplicity:1.00
0.001	0.455	0.001	0.543
0.796	0.001	0.001	0.202
0.969	0.001	0.001	0.029
0.001	0.001	0.001	0.997
0.997	0.001	0.001	0.001
0.873	0.001	0.125	0.001
0.001	0.001	0.197	0.801
0.583	0.001	0.001	0.415
0.980	0.001	0.001	0.018
0.867	0.001	0.001	0.131
>CTSACCTCAC	21-CTSACCTCAC	10.957719	-92.725490	0	T:48.0(0.20%),B:3.9(0.02%),P:1e-40	Tpos:51.5,Tstd:26.7,Bpos:48.3,Bstd:22.0,StrandBias:1.3,Multiplicity:1.17
0.001	0.930	0.020	0.049
0.294	0.001	0.009	0.696
0.113	0.480	0.406	0.001
0.763	0.001	0.225	0.011
0.119	0.879	0.001	0.001
0.110	0.513	0.193	0.184
0.067	0.001	0.149	0.783
0.001	0.981	0.009	0.009
0.810	0.077	0.001	0.112
0.001	0.973	0.001	0.025
>CAAAGGCCAC	22-CAAAGGCCAC	11.673436	-70.964546	0	T:52.0(0.22%),B:6.2(0.02%),P:1e-30	Tpos:55.9,Tstd:27.0,Bpos:55.8,Bstd:23.7,StrandBias:1.1,Multiplicity:1.00
0.001	0.997	0.001	0.001
0.997	0.001	0.001	0.001
0.880	0.118	0.001	0.001
0.972	0.001	0.001	0.026
0.001	0.001	0.997	0.001
0.001	0.001	0.997	0.001
0.001	0.997	0.001	0.001
0.001	0.997	0.001	0.001
0.997	0.001	0.001	0.001
0.001	0.997	0.001	0.001
>TTATTTAATT	23-TTATTTAATT	10.896846	-48.389041	0	T:57.0(0.24%),B:12.0(0.05%),P:1e-21	Tpos:33.6,Tstd:20.0,Bpos:54.0,Bstd:17.9,StrandBias:-0.2,Multiplicity:1.00
0.322	0.001	0.001	0.676
0.001	0.001	0.001	0.997
0.997	0.001	0.001	0.001
0.001	0.076	0.001	0.922
0.001	0.001	0.001	0.997
0.001	0.001	0.001	0.997
0.997	0.001	0.001	0.001
0.758	0.001	0.001	0.240
0.111	0.001	0.322	0.566
0.001	0.001	0.001	0.997
>GCGAGGCGAC	24-GCGAGGCGAC	8.628764	-42.087995	0	T:81.0(0.34%),B:26.4(0.11%),P:1e-18	Tpos:59.1,Tstd:31.0,Bpos:56.3,Bstd:17.6,StrandBias:-1.1,Multiplicity:1.00
0.001	0.001	0.942	0.056
0.001	0.992	0.006	0.001
0.001	0.001	0.997	0.001
0.997	0.001	0.001	0.001
0.001	0.001	0.997	0.001
0.001	0.001	0.997	0.001
0.001	0.980	0.018	0.001
0.001	0.001	0.980	0.018
0.997	0.001	0.001	0.001
0.001	0.997	0.001	0.001
>NCCAGGTCCN	25-NCCAGGTCCN	6.488928	-42.078375	0	T:53.0(0.22%),B:12.4(0.05%),P:1e-18	Tpos:49.9,Tstd:27.1,Bpos:51.5,Bstd:29.3,StrandBias:0.9,Multiplicity:1.02
0.227	0.208	0.243	0.321
0.152	0.566	0.137	0.145
0.148	0.624	0.117	0.111
0.524	0.187	0.169	0.120
0.170	0.148	0.550	0.132
0.184	0.142	0.488	0.186
0.133	0.167	0.155	0.545
0.145	0.601	0.118	0.136
0.150	0.546	0.148	0.156
0.236	0.265	0.279	0.220
>TATATAWANVVV	1-TATATAWANVVV	5.012302	-1413.802942	0	T:4519.0(18.82%),B:2012.9(8.05%),P:1e-614	Tpos:32.2,Tstd:12.2,Bpos:50.3,Bstd:35.4,StrandBias:0.1,Multiplicity:1.21
0.108	0.178	0.124	0.590
0.520	0.162	0.029	0.289
0.105	0.020	0.003	0.872
0.807	0.004	0.001	0.188
0.261	0.028	0.026	0.685
0.907	0.010	0.044	0.039
0.309	0.121	0.175	0.395
0.560	0.148	0.184	0.108
0.244	0.242	0.280	0.233
0.317	0.238	0.312	0.132
0.219	0.337	0.287	0.157
0.253	0.299	0.314	0.134
>CCCMCCCCCHCC	2-CCCMCCCCCHCC	4.373610	-1037.025871	0	T:14329.0(59.66%),B:11258.2(45.04%),P:1e-450	Tpos:56.6,Tstd:25.8,Bpos:50.2,Bstd:31.3,StrandBias:2.1,Multiplicity:1.62
0.076	0.655	0.116	0.153
0.103	0.691	0.076	0.130
0.130	0.735	0.071	0.064
0.337	0.376	0.125	0.162
0.107	0.624	0.100	0.169
0.084	0.726	0.072	0.118
0.165	0.499	0.179	0.157
0.102	0.692	0.095	0.111
0.114	0.776	0.052	0.058
0.337	0.284	0.136	0.244
0.073	0.746	0.088	0.093
0.060	0.807	0.061	0.072
>TCBTCTCBTCTC	3-TCBTCTCBTCTC	3.365862	-814.259152	0	T:12271.0(51.10%),B:9569.8(38.28%),P:1e-353	Tpos:54.5,Tstd:26.1,Bpos:49.7,Bstd:33.0,StrandBias:1.0,Multiplicity:1.25
0.001	0.142	0.090	0.767
0.013	0.877	0.029	0.081
0.049	0.310	0.383	0.258
0.016	0.168	0.027	0.789
0.011	0.755	0.020	0.214
0.001	0.035	0.004	0.960
0.001	0.929	0.001	0.069
0.054	0.375	0.325	0.247
0.013	0.110	0.023	0.854
0.001	0.870	0.018	0.111
0.007	0.083	0.032	0.878
0.014	0.659	0.052	0.275
>CCAWTCCADTCC	4-CCAWTCCADTCC	6.865668	-638.120348	0	T:2136.0(8.89%),B:944.2(3.78%),P:1e-277	Tpos:54.1,Tstd:26.8,Bpos:50.8,Bstd:29.7,StrandBias:1.9,Multiplicity:1.03
0.063	0.732	0.086	0.119
0.221	0.604	0.121	0.054
0.501	0.167	0.237	0.095
0.281	0.141	0.191	0.387
0.021	0.113	0.028	0.838
0.001	0.981	0.017	0.001
0.035	0.924	0.040	0.001
0.718	0.091	0.177	0.014
0.264	0.086	0.290	0.360
0.017	0.215	0.095	0.673
0.004	0.664	0.084	0.248
0.154	0.676	0.100	0.070
>CCAACCCCAACC	5-CCAACCCCAACC	4.585751	-466.411547	0	T:4228.0(17.60%),B:2750.5(11.00%),P:1e-202	Tpos:51.7,Tstd:26.8,Bpos:49.3,Bstd:30.2,StrandBias:1.2,Multiplicity:1.09
0.055	0.906	0.033	0.006
0.092	0.879	0.028	0.001
0.993	0.001	0.005	0.001
0.943	0.001	0.055	0.001
0.184	0.620	0.163	0.033
0.190	0.434	0.148	0.228
0.171	0.749	0.074	0.006
0.361	0.600	0.038	0.001
0.997	0.001	0.001	0.001
0.712	0.001	0.286	0.001
0.111	0.856	0.011	0.022
0.353	0.549	0.076	0.022
>TCACACACACAC	6-TCACACACACAC	5.393347	-464.604739	0	T:3029.0(12.61%),B:1770.0(7.08%),P:1e-201	Tpos:56.0,Tstd:25.8,Bpos:49.6,Bstd:28.6,StrandBias:1.8,Multiplicity:1.07
0.245	0.137	0.134	0.483
0.065	0.824	0.057	0.054
0.765	0.056	0.103	0.076
0.072	0.811	0.071	0.046
0.693	0.053	0.155	0.099
0.071	0.772	0.112	0.045
0.738	0.052	0.111	0.099
0.078	0.816	0.070	0.036
0.732	0.041	0.129	0.098
0.063	0.839	0.062	0.036
0.771	0.042	0.112	0.075
0.086	0.756	0.105	0.053
>AAACCCYARMCC	7-AAACCCYARMCC	7.765073	-438.775038	0	T:1400.0(5.83%),B:599.3(2.40%),P:1e-190	Tpos:54.0,Tstd:25.4,Bpos:51.3,Bstd:30.9,StrandBias:1.5,Multiplicity:1.04
0.797	0.092	0.102	0.009
0.997	0.001	0.001	0.001
0.997	0.001	0.001	0.001
0.374	0.541	0.065	0.020
0.001	0.997	0.001	0.001
0.001	0.992	0.006	0.001
0.169	0.351	0.009	0.471
0.696	0.063	0.021	0.220
0.435	0.054	0.510	0.001
0.310	0.428	0.185	0.076
0.246	0.429	0.227	0.098
0.188	0.552	0.197	0.063
>CTGCCTGCCTGC	8-CTGCCTGCCTGC	7.376522	-230.112354	0	T:1159.0(4.83%),B:608.2(2.43%),P:1e-99	Tpos:54.5,Tstd:26.3,Bpos:50.9,Bstd:30.9,StrandBias:-0.3,Multiplicity:1.03
0.049	0.775	0.092	0.084
0.080	0.091	0.071	0.758
0.053	0.080	0.782	0.085
0.055	0.729	0.146	0.070
0.073	0.722	0.090	0.115
0.064	0.088	0.142	0.706
0.048	0.095	0.765	0.092
0.058	0.744	0.128	0.070
0.058	0.772	0.071	0.099
0.068	0.085	0.107	0.740
0.059	0.097	0.766	0.078
0.053	0.743	0.127	0.077
>CACAGCACAGCA	9-CACAGCACAGCA	7.127663	-203.331321	0	T:673.0(2.80%),B:292.5(1.17%),P:1e-88	Tpos:56.6,Tstd:25.9,Bpos:49.8,Bstd:31.1,StrandBias:1.1,Multiplicity:1.02
0.127	0.666	0.122	0.085
0.612	0.123	0.169	0.096
0.129	0.667	0.132	0.072
0.633	0.126	0.117	0.124
0.120	0.115	0.680	0.085
0.105	0.724	0.102	0.069
0.639	0.123	0.134	0.104
0.129	0.678	0.126	0.067
0.639	0.132	0.110	0.119
0.108	0.125	0.683	0.084
0.109	0.723	0.099	0.069
0.656	0.118	0.117	0.109
>TASTASTAGTAG	10-TASTASTAGTAG	8.436006	-188.498585	0	T:301.0(1.25%),B:81.3(0.33%),P:1e-81	Tpos:47.3,Tstd:24.6,Bpos:46.1,Bstd:24.2,StrandBias:0.0,Multiplicity:1.04
0.091	0.102	0.103	0.704
0.599	0.089	0.182	0.130
0.019	0.432	0.527	0.022
0.043	0.198	0.017	0.742
0.890	0.011	0.082	0.017
0.006	0.521	0.471	0.002
0.028	0.114	0.009	0.849
0.756	0.046	0.116	0.082
0.007	0.280	0.711	0.002
0.054	0.220	0.036	0.690
0.879	0.024	0.050	0.047
0.030	0.248	0.677	0.045
>GCYAGCTAGCTA	11-GCYAGCTAGCTA	7.909711	-170.748153	0	T:619.0(2.58%),B:281.6(1.13%),P:1e-74	Tpos:56.4,Tstd:26.8,Bpos:49.7,Bstd:27.1,StrandBias:0.4,Multiplicity:1.04
0.051	0.036	0.895	0.018
0.026	0.943	0.026	0.005
0.238	0.295	0.031	0.437
0.716	0.006	0.031	0.247
0.002	0.005	0.990	0.003
0.002	0.979	0.008	0.011
0.220	0.306	0.009	0.464
0.726	0.009	0.035	0.230
0.001	0.004	0.987	0.008
0.018	0.962	0.009	0.011
0.201	0.310	0.030	0.460
0.650	0.061	0.079	0.210
>TCTCGCAGTCTC	12-TCTCGCAGTCTC	11.273416	-166.846726	0	T:79.0(0.33%),B:4.1(0.02%),P:1e-72	Tpos:56.4,Tstd:29.2,Bpos:39.9,Bstd:13.9,StrandBias:0.4,Multiplicity:1.00
0.151	0.073	0.034	0.742
0.011	0.915	0.040	0.034
0.040	0.046	0.071	0.843
0.040	0.870	0.034	0.056
0.023	0.074	0.847	0.056
0.028	0.893	0.051	0.028
0.727	0.045	0.085	0.143
0.034	0.137	0.783	0.046
0.011	0.094	0.029	0.866
0.011	0.927	0.028	0.034
0.023	0.088	0.203	0.686
0.017	0.915	0.034	0.034
>CGCCTCTCTCTC	13-CGCCTCTCTCTC	7.802215	-165.257838	0	T:1269.0(5.28%),B:770.3(3.08%),P:1e-71	Tpos:55.4,Tstd:27.7,Bpos:52.6,Bstd:34.2,StrandBias:1.4,Multiplicity:1.01
0.092	0.714	0.092	0.102
0.083	0.096	0.749	0.072
0.065	0.696	0.106	0.133
0.088	0.717	0.096	0.099
0.075	0.067	0.153	0.705
0.057	0.800	0.074	0.069
0.073	0.078	0.129	0.720
0.063	0.783	0.084	0.070
0.057	0.082	0.138	0.723
0.050	0.815	0.077	0.058
0.054	0.064	0.092	0.790
0.058	0.787	0.089	0.066
>TTGCGAGTTGCG	14-TTGCGAGTTGCG	7.534819	-158.309183	0	T:469.0(1.95%),B:192.6(0.77%),P:1e-68	Tpos:54.2,Tstd:26.4,Bpos:53.3,Bstd:27.5,StrandBias:-0.9,Multiplicity:1.01
0.064	0.096	0.089	0.751
0.062	0.085	0.111	0.742
0.042	0.059	0.797	0.102
0.060	0.770	0.099	0.071
0.070	0.105	0.741	0.084
0.756	0.076	0.073	0.095
0.071	0.164	0.687	0.078
0.057	0.139	0.056	0.748
0.065	0.078	0.143	0.714
0.032	0.071	0.824	0.073
0.064	0.749	0.100	0.087
0.084	0.093	0.723	0.100
>CATCACTCATCA	15-CATCACTCATCA	9.303195	-146.923479	0	T:130.0(0.54%),B:19.5(0.08%),P:1e-63	Tpos:54.2,Tstd:24.1,Bpos:53.7,Bstd:15.0,StrandBias:1.6,Multiplicity:1.03
0.038	0.840	0.076	0.046
0.774	0.141	0.015	0.070
0.038	0.114	0.076	0.772
0.015	0.863	0.054	0.068
0.830	0.046	0.086	0.038
0.066	0.784	0.079	0.071
0.068	0.047	0.047	0.838
0.031	0.870	0.076	0.023
0.766	0.164	0.039	0.031
0.038	0.023	0.038	0.901
0.023	0.938	0.038	0.001
0.846	0.046	0.054	0.054
>CCACSAGTCCAC	16-CCACSAGTCCAC	12.500106	-143.110601	0	T:102.0(0.42%),B:11.3(0.05%),P:1e-62	Tpos:50.1,Tstd:28.8,Bpos:31.5,Bstd:6.6,StrandBias:1.5,Multiplicity:1.00
0.001	0.997	0.001	0.001
0.001	0.997	0.001	0.001
0.997	0.001	0.001	0.001
0.001	0.946	0.052	0.001
0.102	0.311	0.370	0.217
0.793	0.205	0.001	0.001
0.205	0.160	0.634	0.001
0.158	0.053	0.128	0.661
0.001	0.997	0.001	0.001
0.001	0.997	0.001	0.001
0.997	0.001	0.001	0.001
0.001	0.946	0.052	0.001
>TCACRACTCACR	17-TCACRACTCACR	9.540907	-142.998236	0	T:71.0(0.30%),B:4.5(0.02%),P:1e-62	Tpos:58.6,Tstd:22.8,Bpos:60.9,Bstd:12.1,StrandBias:1.5,Multiplicity:1.09
0.150	0.218	0.012	0.620
0.053	0.875	0.068	0.004
0.577	0.085	0.169	0.169
0.041	0.718	0.165	0.076
0.405	0.249	0.340	0.005
0.617	0.129	0.164	0.090
0.126	0.553	0.190	0.131
0.073	0.077	0.145	0.705
0.057	0.851	0.088	0.004
0.568	0.220	0.008	0.204
0.071	0.819	0.098	0.012
0.404	0.170	0.356	0.070
>CTGSAGTCTGSA	18-CTGSAGTCTGSA	6.963831	-136.924253	0	T:352.0(1.47%),B:133.3(0.53%),P:1e-59	Tpos:56.4,Tstd:24.3,Bpos:52.9,Bstd:30.0,StrandBias:-0.4,Multiplicity:1.04
0.072	0.496	0.178	0.255
0.110	0.140	0.128	0.622
0.099	0.219	0.659	0.023
0.268	0.419	0.289	0.024
0.592	0.132	0.127	0.149
0.162	0.135	0.618	0.085
0.146	0.211	0.196	0.447
0.013	0.577	0.170	0.240
0.130	0.145	0.041	0.684
0.119	0.205	0.612	0.064
0.240	0.413	0.283	0.064
0.467	0.158	0.180	0.195
>TTTGGGACTTGG	19-TTTGGGACTTGG	11.343704	-134.141551	0	T:62.0(0.26%),B:3.6(0.01%),P:1e-58	Tpos:49.6,Tstd:25.9,Bpos:37.1,Bstd:4.0,StrandBias:-1.7,Multiplicity:1.00
0.055	0.102	0.053	0.790
0.062	0.054	0.039	0.845
0.016	0.040	0.073	0.871
0.024	0.024	0.882	0.070
0.039	0.047	0.882	0.032
0.078	0.008	0.874	0.040
0.706	0.153	0.070	0.071
0.103	0.702	0.047	0.148
0.008	0.024	0.087	0.881
0.039	0.039	0.063	0.859
0.024	0.024	0.849	0.103
0.039	0.039	0.875	0.047
>CAGAGCCGCGGA	20-CAGAGCCGCGGA	10.548566	-73.669042	0	T:63.0(0.26%),B:9.6(0.04%),P:1e-31	Tpos:57.8,Tstd:25.1,Bpos:64.4,Bstd:22.9,StrandBias:-0.6,Multiplicity:1.00
0.071	0.839	0.088	0.002
0.538	0.193	0.243	0.026
0.088	0.128	0.760	0.024
0.596	0.247	0.131	0.026
0.122	0.005	0.857	0.016
0.001	0.931	0.023	0.045
0.203	0.531	0.097	0.169
0.050	0.058	0.873	0.019
0.081	0.810	0.040	0.069
0.183	0.219	0.567	0.031
0.091	0.112	0.796	0.001
0.479	0.215	0.201	0.105
>TGAATGAATGAA	21-TGAATGAATGAA	9.130136	-68.181374	0	T:39.0(0.16%),B:3.8(0.02%),P:1e-29	Tpos:44.3,Tstd:28.3,Bpos:46.9,Bstd:20.6,StrandBias:-1.4,Multiplicity:1.03
0.174	0.093	0.176	0.557
0.074	0.144	0.729	0.053
0.631	0.120	0.208	0.041
0.717	0.067	0.051	0.165
0.135	0.147	0.146	0.572
0.052	0.192	0.707	0.049
0.608	0.092	0.237	0.063
0.575	0.134	0.117	0.174
0.104	0.079	0.175	0.642
0.101	0.188	0.666	0.045
0.663	0.099	0.174	0.064
0.774	0.043	0.063	0.120
>AGCGCARAGCAG	22-AGCGCARAGCAG	10.748804	-66.746191	0	T:100.0(0.42%),B:26.7(0.11%),P:1e-28	Tpos:57.8,Tstd:26.2,Bpos:59.6,Bstd:31.1,StrandBias:0.6,Multiplicity:1.00
0.723	0.014	0.262	0.001
0.275	0.001	0.723	0.001
0.212	0.498	0.289	0.001
0.204	0.001	0.700	0.095
0.055	0.876	0.068	0.001
0.663	0.068	0.228	0.041
0.467	0.001	0.519	0.013
0.536	0.209	0.180	0.075
0.001	0.001	0.992	0.006
0.001	0.964	0.001	0.034
0.622	0.149	0.001	0.228
0.094	0.001	0.904	0.001
>CAGGCTCGCAGC	23-CAGGCTCGCAGC	9.454389	-61.634397	0	T:88.0(0.37%),B:22.5(0.09%),P:1e-26	Tpos:58.6,Tstd:24.7,Bpos:34.5,Bstd:11.3,StrandBias:0.9,Multiplicity:1.00
0.097	0.748	0.094	0.061
0.682	0.096	0.110	0.112
0.124	0.087	0.713	0.076
0.098	0.108	0.721	0.073
0.070	0.770	0.081	0.079
0.092	0.086	0.103	0.719
0.097	0.723	0.079	0.101
0.067	0.085	0.762	0.086
0.073	0.809	0.080	0.038
0.732	0.084	0.096	0.088
0.052	0.066	0.812	0.070
0.062	0.808	0.056	0.074
>TCSSGABTCSSG	24-TCSSGABTCSSG	7.963699	-60.895556	0	T:81.0(0.34%),B:19.6(0.08%),P:1e-26	Tpos:53.3,Tstd:27.5,Bpos:50.0,Bstd:22.8,StrandBias:0.3,Multiplicity:1.03
0.112	0.143	0.166	0.579
0.047	0.655	0.157	0.141
0.063	0.440	0.420	0.078
0.066	0.465	0.407	0.062
0.106	0.162	0.712	0.020
0.572	0.149	0.150	0.129
0.052	0.341	0.329	0.278
0.098	0.141	0.164	0.597
0.001	0.820	0.176	0.003
0.068	0.431	0.427	0.074
0.077	0.443	0.411	0.069
0.118	0.150	0.615	0.117
>TCGACGCGCCGC	25-TCGACGCGCCGC	12.280533	-51.009029	0	T:36.0(0.15%),B:4.3(0.02%),P:1e-22	Tpos:61.8,Tstd:21.2,Bpos:0.0,Bstd:0.0,StrandBias:0.9,Multiplicity:1.00
0.001	0.099	0.001	0.899
0.001	0.965	0.033	0.001
0.100	0.034	0.832	0.034
0.866	0.099	0.034	0.001
0.034	0.931	0.034	0.001
0.001	0.001	0.997	0.001
0.001	0.965	0.033	0.001
0.033	0.001	0.965	0.001
0.034	0.776	0.001	0.189
0.001	0.965	0.001	0.033
0.001	0.001	0.997	0.001
0.034	0.931	0.001	0.034
>TATATA	1-TATATA	5.498924	-1302.184199	0	T:4162.0(17.33%),B:1844.8(7.38%),P:1e-565	Tpos:31.8,Tstd:12.4,Bpos:50.1,Bstd:38.0,StrandBias:-0.3,Multiplicity:1.17
0.001	0.001	0.001	0.997
0.590	0.001	0.023	0.386
0.105	0.001	0.001	0.893
0.997	0.001	0.001	0.001
0.001	0.001	0.026	0.972
0.997	0.001	0.001	0.001
>CCCACC	2-CCCACC	4.465480	-715.169265	0	T:11945.0(49.74%),B:9439.2(37.76%),P:1e-310	Tpos:53.3,Tstd:27.7,Bpos:50.1,Bstd:31.8,StrandBias:2.0,Multiplicity:1.52
0.001	0.997	0.001	0.001
0.287	0.711	0.001	0.001
0.117	0.881	0.001	0.001
0.638	0.001	0.001	0.360
0.001	0.997	0.001	0.001
0.001	0.997	0.001	0.001
>CATCRC	3-CATCRC	4.785963	-528.392927	0	T:11378.0(47.38%),B:9282.5(37.13%),P:1e-229	Tpos:54.4,Tstd:28.5,Bpos:49.8,Bstd:29.4,StrandBias:1.1,Multiplicity:1.27
0.001	0.997	0.001	0.001
0.499	0.112	0.313	0.076
0.063	0.226	0.103	0.608
0.052	0.946	0.001	0.001
0.414	0.076	0.335	0.176
0.001	0.926	0.001	0.072
>TCTCTC	4-TCTCTC	3.581150	-506.726564	0	T:14689.0(61.16%),B:12745.9(50.99%),P:1e-220	Tpos:55.2,Tstd:27.4,Bpos:50.3,Bstd:33.5,StrandBias:1.3,Multiplicity:1.55
0.040	0.178	0.058	0.724
0.001	0.997	0.001	0.001
0.114	0.001	0.106	0.779
0.001	0.997	0.001	0.001
0.001	0.001	0.102	0.896
0.001	0.927	0.001	0.071
>YCGWTT	5-YCGWTT	2.518587	-425.870990	0	T:7840.0(32.64%),B:6082.4(24.33%),P:1e-184	Tpos:51.8,Tstd:27.8,Bpos:50.4,Bstd:31.6,StrandBias:0.5,Multiplicity:1.18
0.001	0.551	0.001	0.447
0.001	0.997	0.001	0.001
0.001	0.001	0.997	0.001
0.422	0.007	0.001	0.570
0.001	0.012	0.001	0.986
0.001	0.001	0.001	0.997
>CCCGTC	6-CCCGTC	4.954171	-393.778814	0	T:8519.0(35.47%),B:6807.7(27.23%),P:1e-171	Tpos:53.0,Tstd:28.0,Bpos:49.9,Bstd:31.7,StrandBias:1.4,Multiplicity:1.28
0.001	0.823	0.001	0.175
0.001	0.997	0.001	0.001
0.205	0.793	0.001	0.001
0.001	0.001	0.997	0.001
0.001	0.207	0.001	0.791
0.001	0.997	0.001	0.001
>CATTTC	7-CATTTC	5.109875	-382.983734	0	T:9716.0(40.46%),B:8001.0(32.01%),P:1e-166	Tpos:53.2,Tstd:27.7,Bpos:50.1,Bstd:31.8,StrandBias:1.4,Multiplicity:1.25
0.001	0.997	0.001	0.001
0.616	0.382	0.001	0.001
0.192	0.001	0.293	0.514
0.001	0.001	0.001	0.997
0.001	0.260	0.001	0.738
0.001	0.867	0.131	0.001
>AACCCT	8-AACCCT	6.177716	-304.168377	0	T:1851.0(7.71%),B:1046.5(4.19%),P:1e-132	Tpos:53.6,Tstd:27.0,Bpos:49.7,Bstd:31.1,StrandBias:0.9,Multiplicity:1.06
0.700	0.100	0.100	0.100
0.700	0.100	0.100	0.100
0.100	0.700	0.100	0.100
0.100	0.700	0.100	0.100
0.100	0.700	0.100	0.100
0.100	0.100	0.100	0.700
>ATAAAA	9-ATAAAA	5.607013	-287.043638	0	T:3434.0(14.30%),B:2374.5(9.50%),P:1e-124	Tpos:35.5,Tstd:21.4,Bpos:48.9,Bstd:36.9,StrandBias:0.3,Multiplicity:1.19
0.817	0.001	0.001	0.181
0.001	0.001	0.107	0.891
0.997	0.001	0.001	0.001
0.997	0.001	0.001	0.001
0.582	0.001	0.001	0.416
0.997	0.001	0.001	0.001
>CGAGAC	10-CGAGAC	6.412267	-214.297069	0	T:3066.0(12.77%),B:2197.4(8.79%),P:1e-93	Tpos:54.0,Tstd:28.1,Bpos:49.2,Bstd:30.6,StrandBias:0.2,Multiplicity:1.02
0.001	0.997	0.001	0.001
0.001	0.001	0.997	0.001
0.997	0.001	0.001	0.001
0.001	0.001	0.997	0.001
0.997	0.001	0.001	0.001
0.001	0.847	0.151	0.001
>AGCAGC	11-AGCAGC	2.720259	-213.902808	0	T:8235.0(34.29%),B:7054.6(28.22%),P:1e-92	Tpos:55.0,Tstd:28.0,Bpos:49.3,Bstd:31.2,StrandBias:0.5,Multiplicity:1.32
0.685	0.313	0.001	0.001
0.001	0.001	0.997	0.001
0.001	0.997	0.001	0.001
0.981	0.001	0.001	0.017
0.001	0.001	0.703	0.295
0.001	0.997	0.001	0.001
>GCCTGC	12-GCCTGC	5.687656	-213.790565	0	T:5571.0(23.20%),B:4487.0(17.95%),P:1e-92	Tpos:53.3,Tstd:28.5,Bpos:49.4,Bstd:32.2,StrandBias:-0.1,Multiplicity:1.12
0.001	0.001	0.997	0.001
0.250	0.748	0.001	0.001
0.001	0.997	0.001	0.001
0.001	0.001	0.140	0.858
0.056	0.001	0.942	0.001
0.001	0.735	0.001	0.263
>CACACA	13-CACACA	1.258730	-207.263708	0	T:7388.0(30.76%),B:6248.3(25.00%),P:1e-90	Tpos:51.1,Tstd:27.4,Bpos:49.8,Bstd:29.6,StrandBias:1.2,Multiplicity:1.20
0.001	0.997	0.001	0.001
0.997	0.001	0.001	0.001
0.001	0.870	0.128	0.001
0.997	0.001	0.001	0.001
0.001	0.997	0.001	0.001
0.883	0.001	0.001	0.115
>AGGCAG	14-AGGCAG	6.177716	-135.842890	0	T:2267.0(9.44%),B:1668.0(6.67%),P:1e-58	Tpos:53.2,Tstd:27.5,Bpos:49.7,Bstd:31.0,StrandBias:-0.4,Multiplicity:1.11
0.700	0.100	0.100	0.100
0.100	0.100	0.700	0.100
0.100	0.100	0.700	0.100
0.100	0.700	0.100	0.100
0.700	0.100	0.100	0.100
0.100	0.100	0.700	0.100
>CTTATC	15-CTTATC	6.177716	-119.071142	0	T:1054.0(4.39%),B:666.4(2.67%),P:1e-51	Tpos:44.0,Tstd:25.0,Bpos:47.2,Bstd:32.0,StrandBias:1.3,Multiplicity:1.04
0.100	0.700	0.100	0.100
0.100	0.100	0.100	0.700
0.100	0.100	0.100	0.700
0.700	0.100	0.100	0.100
0.100	0.100	0.100	0.700
0.100	0.700	0.100	0.100
>CTACTA	16-CTACTA	7.339846	-114.897474	0	T:1221.0(5.08%),B:810.8(3.24%),P:1e-49	Tpos:46.8,Tstd:26.4,Bpos:49.5,Bstd:30.6,StrandBias:0.2,Multiplicity:1.22
0.001	0.915	0.083	0.001
0.001	0.001	0.001	0.997
0.997	0.001	0.001	0.001
0.001	0.582	0.416	0.001
0.001	0.001	0.001	0.997
0.997	0.001	0.001	0.001
>AAGCAA	17-AAGCAA	6.191267	-112.266508	0	T:4286.0(17.85%),B:3600.9(14.41%),P:1e-48	Tpos:50.0,Tstd:27.9,Bpos:49.5,Bstd:34.1,StrandBias:0.2,Multiplicity:1.16
0.997	0.001	0.001	0.001
0.810	0.188	0.001	0.001
0.001	0.001	0.997	0.001
0.356	0.642	0.001	0.001
0.997	0.001	0.001	0.001
0.997	0.001	0.001	0.001
>TACAAA	18-TACAAA	6.177716	-35.119048	0	T:789.0(3.29%),B:611.1(2.44%),P:1e-15	Tpos:37.7,Tstd:22.5,Bpos:49.7,Bstd:30.3,StrandBias:1.0,Multiplicity:1.02
0.100	0.100	0.100	0.700
0.700	0.100	0.100	0.100
0.100	0.700	0.100	0.100
0.700	0.100	0.100	0.100
0.700	0.100	0.100	0.100
0.700	0.100	0.100	0.100
>CTAGCT	19-CTAGCT	6.177716	-22.435040	0	T:1372.0(5.71%),B:1205.4(4.82%),P:1e-9	Tpos:55.2,Tstd:28.5,Bpos:50.1,Bstd:31.0,StrandBias:0.0,Multiplicity:1.28
0.100	0.700	0.100	0.100
0.100	0.100	0.100	0.700
0.700	0.100	0.100	0.100
0.100	0.100	0.700	0.100
0.100	0.700	0.100	0.100
0.100	0.100	0.100	0.700
>SNTATATA	1-SNTATATA	5.952353	-1376.072688	0	T:3865.0(16.09%),B:1593.8(6.38%),P:1e-597	Tpos:31.8,Tstd:11.8,Bpos:50.8,Bstd:37.2,StrandBias:-0.0,Multiplicity:1.04
0.129	0.390	0.273	0.208
0.213	0.318	0.219	0.249
0.001	0.001	0.001	0.997
0.631	0.001	0.001	0.367
0.001	0.001	0.001	0.997
0.847	0.001	0.001	0.151
0.282	0.001	0.001	0.716
0.997	0.001	0.001	0.001
>CCCMTYCC	2-CCCMTYCC	5.575371	-977.983923	0	T:9954.0(41.45%),B:7036.5(28.15%),P:1e-424	Tpos:54.3,Tstd:27.0,Bpos:50.2,Bstd:32.0,StrandBias:2.1,Multiplicity:1.48
0.001	0.654	0.001	0.344
0.001	0.997	0.001	0.001
0.343	0.580	0.076	0.001
0.365	0.382	0.177	0.076
0.194	0.190	0.180	0.436
0.001	0.565	0.001	0.433
0.001	0.997	0.001	0.001
0.140	0.858	0.001	0.001
>YKCCGCYT	3-YKCCGCYT	4.870258	-819.627108	0	T:7288.0(30.35%),B:4856.0(19.43%),P:1e-355	Tpos:55.5,Tstd:27.3,Bpos:50.4,Bstd:32.2,StrandBias:1.1,Multiplicity:1.21
0.027	0.546	0.016	0.411
0.010	0.242	0.346	0.402
0.017	0.604	0.023	0.356
0.040	0.787	0.084	0.089
0.099	0.042	0.759	0.100
0.024	0.542	0.049	0.385
0.022	0.466	0.038	0.474
0.089	0.140	0.090	0.681
>CCACMVCC	4-CCACMVCC	4.245774	-808.156524	0	T:10164.0(42.32%),B:7520.8(30.09%),P:1e-350	Tpos:55.6,Tstd:27.3,Bpos:49.2,Bstd:30.6,StrandBias:1.5,Multiplicity:1.21
0.198	0.800	0.001	0.001
0.001	0.997	0.001	0.001
0.844	0.001	0.154	0.001
0.001	0.997	0.001	0.001
0.535	0.409	0.001	0.055
0.351	0.362	0.286	0.001
0.087	0.911	0.001	0.001
0.391	0.607	0.001	0.001
>HCWCWCWC	5-HCWCWCWC	4.481956	-626.633450	0	T:10473.0(43.61%),B:8170.0(32.68%),P:1e-272	Tpos:55.9,Tstd:26.9,Bpos:50.4,Bstd:32.2,StrandBias:1.6,Multiplicity:1.33
0.220	0.316	0.137	0.327
0.103	0.662	0.164	0.071
0.322	0.001	0.209	0.467
0.019	0.938	0.042	0.001
0.397	0.110	0.139	0.354
0.031	0.721	0.143	0.105
0.377	0.085	0.153	0.385
0.026	0.814	0.006	0.154
>ATAAAHAC	6-ATAAAHAC	6.595674	-527.126818	0	T:1632.0(6.80%),B:689.7(2.76%),P:1e-228	Tpos:37.9,Tstd:20.2,Bpos:48.5,Bstd:33.3,StrandBias:1.1,Multiplicity:1.05
0.664	0.022	0.122	0.192
0.039	0.285	0.026	0.650
0.899	0.087	0.001	0.013
0.891	0.058	0.050	0.001
0.835	0.029	0.086	0.050
0.311	0.284	0.026	0.379
0.580	0.354	0.065	0.001
0.176	0.527	0.260	0.037
>WAAACCCW	7-WAAACCCW	8.103207	-398.012346	0	T:782.0(3.26%),B:247.5(0.99%),P:1e-172	Tpos:52.8,Tstd:25.9,Bpos:49.8,Bstd:35.1,StrandBias:1.4,Multiplicity:1.03
0.574	0.001	0.001	0.424
0.997	0.001	0.001	0.001
0.997	0.001	0.001	0.001
0.605	0.274	0.120	0.001
0.001	0.780	0.218	0.001
0.001	0.864	0.134	0.001
0.003	0.667	0.083	0.247
0.339	0.220	0.001	0.440
>AANCAAAY	8-AANCAAAY	6.484594	-334.038478	0	T:3665.0(15.26%),B:2488.2(9.95%),P:1e-145	Tpos:47.4,Tstd:26.9,Bpos:49.9,Bstd:32.4,StrandBias:0.8,Multiplicity:1.15
0.997	0.001	0.001	0.001
0.997	0.001	0.001	0.001
0.283	0.200	0.255	0.262
0.121	0.623	0.255	0.001
0.523	0.226	0.250	0.001
0.997	0.001	0.001	0.001
0.997	0.001	0.001	0.001
0.268	0.420	0.001	0.312
>GTGACGTG	9-GTGACGTG	6.184798	-275.541543	0	T:1893.0(7.88%),B:1114.6(4.46%),P:1e-119	Tpos:49.3,Tstd:27.6,Bpos:50.4,Bstd:30.1,StrandBias:-1.2,Multiplicity:1.07
0.022	0.027	0.919	0.032
0.097	0.047	0.042	0.814
0.087	0.095	0.761	0.057
0.644	0.206	0.099	0.051
0.156	0.569	0.071	0.204
0.012	0.028	0.828	0.132
0.148	0.092	0.099	0.661
0.063	0.014	0.808	0.115
>AACCCTAG	10-AACCCTAG	9.633838	-266.395266	0	T:696.0(2.90%),B:265.3(1.06%),P:1e-115	Tpos:56.6,Tstd:27.3,Bpos:50.7,Bstd:28.4,StrandBias:0.7,Multiplicity:1.00
0.997	0.001	0.001	0.001
0.997	0.001	0.001	0.001
0.001	0.997	0.001	0.001
0.001	0.997	0.001	0.001
0.001	0.997	0.001	0.001
0.001	0.001	0.001	0.997
0.997	0.001	0.001	0.001
0.001	0.238	0.760	0.001
>DTCCTTCC	11-DTCCTTCC	6.899625	-243.124773	0	T:2315.0(9.64%),B:1502.0(6.01%),P:1e-105	Tpos:55.0,Tstd:27.7,Bpos:49.3,Bstd:31.4,StrandBias:1.7,Multiplicity:1.09
0.326	0.171	0.196	0.307
0.001	0.063	0.001	0.935
0.001	0.893	0.105	0.001
0.257	0.545	0.197	0.001
0.154	0.055	0.303	0.487
0.034	0.001	0.001	0.964
0.018	0.920	0.001	0.061
0.043	0.955	0.001	0.001
>CGCACCGC	12-CGCACCGC	7.598139	-235.939069	0	T:2208.0(9.19%),B:1425.5(5.70%),P:1e-102	Tpos:55.2,Tstd:28.9,Bpos:49.8,Bstd:30.6,StrandBias:1.0,Multiplicity:1.05
0.001	0.997	0.001	0.001
0.001	0.247	0.751	0.001
0.001	0.997	0.001	0.001
0.528	0.001	0.234	0.237
0.001	0.546	0.205	0.248
0.001	0.937	0.001	0.061
0.241	0.006	0.752	0.001
0.001	0.997	0.001	0.001
>AGCCGCAG	13-AGCCGCAG	5.796805	-193.274703	0	T:3530.0(14.70%),B:2657.5(10.63%),P:1e-83	Tpos:54.6,Tstd:27.6,Bpos:49.6,Bstd:30.1,StrandBias:0.1,Multiplicity:1.08
0.958	0.001	0.040	0.001
0.092	0.001	0.906	0.001
0.099	0.810	0.001	0.090
0.183	0.737	0.001	0.079
0.001	0.029	0.969	0.001
0.111	0.864	0.001	0.024
0.879	0.001	0.119	0.001
0.064	0.012	0.923	0.001
>YCTTATCH	14-YCTTATCH	8.308901	-169.589809	0	T:653.0(2.72%),B:305.9(1.22%),P:1e-73	Tpos:44.6,Tstd:24.4,Bpos:45.9,Bstd:29.6,StrandBias:1.8,Multiplicity:1.05
0.001	0.493	0.001	0.505
0.001	0.891	0.107	0.001
0.001	0.001	0.095	0.903
0.230	0.001	0.001	0.768
0.997	0.001	0.001	0.001
0.001	0.176	0.001	0.822
0.053	0.844	0.001	0.102
0.369	0.336	0.001	0.294
>AGACTAGA	15-AGACTAGA	3.640323	-152.478574	0	T:869.0(3.62%),B:477.3(1.91%),P:1e-66	Tpos:54.3,Tstd:26.1,Bpos:51.1,Bstd:28.9,StrandBias:-0.2,Multiplicity:1.04
0.997	0.001	0.001	0.001
0.001	0.001	0.997	0.001
0.997	0.001	0.001	0.001
0.001	0.997	0.001	0.001
0.132	0.001	0.001	0.866
0.592	0.246	0.161	0.001
0.001	0.001	0.997	0.001
0.997	0.001	0.001	0.001
>ACTACTAG	16-ACTACTAG	6.394731	-150.156042	0	T:828.0(3.45%),B:449.3(1.80%),P:1e-65	Tpos:47.8,Tstd:25.6,Bpos:50.1,Bstd:28.3,StrandBias:0.1,Multiplicity:1.06
0.802	0.071	0.068	0.059
0.018	0.891	0.076	0.015
0.001	0.001	0.001	0.997
0.972	0.001	0.026	0.001
0.001	0.780	0.208	0.011
0.001	0.018	0.001	0.980
0.946	0.001	0.001	0.052
0.009	0.308	0.682	0.001
>TGCCTGCC	17-TGCCTGCC	7.729752	-133.659009	0	T:653.0(2.72%),B:338.6(1.35%),P:1e-58	Tpos:53.2,Tstd:26.6,Bpos:52.4,Bstd:28.9,StrandBias:0.2,Multiplicity:1.10
0.001	0.001	0.001	0.997
0.044	0.001	0.954	0.001
0.001	0.997	0.001	0.001
0.001	0.997	0.001	0.001
0.001	0.001	0.001	0.997
0.001	0.001	0.884	0.114
0.001	0.997	0.001	0.001
0.092	0.906	0.001	0.001
>TAGATAAA	18-TAGATAAA	7.147970	-129.683565	0	T:880.0(3.66%),B:513.5(2.05%),P:1e-56	Tpos:37.3,Tstd:22.5,Bpos:49.1,Bstd:32.9,StrandBias:0.2,Multiplicity:1.02
0.001	0.001	0.001	0.997
0.599	0.399	0.001	0.001
0.119	0.236	0.644	0.001
0.873	0.001	0.001	0.125
0.214	0.001	0.001	0.784
0.887	0.001	0.001	0.111
0.592	0.001	0.001	0.406
0.772	0.001	0.226	0.001
>CAGCCAGC	19-CAGCCAGC	6.375501	-128.251204	0	T:1302.0(5.42%),B:854.5(3.42%),P:1e-55	Tpos:53.4,Tstd:27.2,Bpos:50.5,Bstd:29.1,StrandBias:0.9,Multiplicity:1.08
0.095	0.903	0.001	0.001
0.997	0.001	0.001	0.001
0.001	0.001	0.997	0.001
0.072	0.781	0.146	0.001
0.001	0.997	0.001	0.001
0.929	0.069	0.001	0.001
0.001	0.001	0.997	0.001
0.001	0.997	0.001	0.001
>TAGCTAGC	20-TAGCTAGC	7.701608	-121.244053	0	T:809.0(3.37%),B:469.2(1.88%),P:1e-52	Tpos:56.4,Tstd:27.2,Bpos:48.5,Bstd:29.0,StrandBias:0.1,Multiplicity:1.14
0.001	0.062	0.001	0.936
0.730	0.001	0.001	0.268
0.001	0.001	0.997	0.001
0.001	0.997	0.001	0.001
0.001	0.001	0.001	0.997
0.757	0.001	0.001	0.241
0.001	0.001	0.997	0.001
0.001	0.997	0.001	0.001
>ATTAATAG	21-ATTAATAG	5.399320	-117.176741	0	T:523.0(2.18%),B:261.4(1.05%),P:1e-50	Tpos:36.2,Tstd:20.0,Bpos:49.8,Bstd:37.8,StrandBias:-0.2,Multiplicity:1.02
0.678	0.001	0.001	0.320
0.357	0.001	0.001	0.641
0.001	0.001	0.001	0.997
0.997	0.001	0.001	0.001
0.997	0.001	0.001	0.001
0.001	0.001	0.001	0.997
0.997	0.001	0.001	0.001
0.030	0.001	0.968	0.001
>CATCGCCA	22-CATCGCCA	6.970852	-105.745847	0	T:1231.0(5.13%),B:835.4(3.34%),P:1e-45	Tpos:55.7,Tstd:27.7,Bpos:50.7,Bstd:26.2,StrandBias:0.9,Multiplicity:1.03
0.001	0.962	0.001	0.036
0.887	0.001	0.111	0.001
0.026	0.001	0.042	0.931
0.023	0.888	0.066	0.023
0.088	0.001	0.882	0.029
0.001	0.914	0.024	0.061
0.125	0.842	0.032	0.001
0.907	0.029	0.001	0.063
>CCGATCCC	23-CCGATCCC	8.855259	-65.564808	0	T:340.0(1.42%),B:181.7(0.73%),P:1e-28	Tpos:52.1,Tstd:28.1,Bpos:45.8,Bstd:30.2,StrandBias:1.2,Multiplicity:1.00
0.001	0.997	0.001	0.001
0.001	0.997	0.001	0.001
0.001	0.001	0.997	0.001
0.997	0.001	0.001	0.001
0.001	0.001	0.001	0.997
0.001	0.736	0.001	0.262
0.148	0.850	0.001	0.001
0.001	0.997	0.001	0.001
>GTCTGTCT	24-GTCTGTCT	9.192005	-38.849207	0	T:158.0(0.66%),B:77.9(0.31%),P:1e-16	Tpos:51.0,Tstd:27.5,Bpos:52.4,Bstd:29.4,StrandBias:-0.5,Multiplicity:1.08
0.001	0.001	0.997	0.001
0.001	0.001	0.001	0.997
0.001	0.997	0.001	0.001
0.001	0.001	0.001	0.997
0.001	0.001	0.997	0.001
0.001	0.001	0.001	0.997
0.153	0.845	0.001	0.001
0.001	0.001	0.001	0.997
>TAAAAGCC	25-TAAAAGCC	8.236954	-37.863243	0	T:101.0(0.42%),B:40.0(0.16%),P:1e-16	Tpos:34.9,Tstd:22.7,Bpos:50.7,Bstd:44.6,StrandBias:1.5,Multiplicity:1.00
0.100	0.100	0.100	0.700
0.700	0.100	0.100	0.100
0.700	0.100	0.100	0.100
0.700	0.100	0.100	0.100
0.700	0.100	0.100	0.100
0.100	0.100	0.700	0.100
0.100	0.700	0.100	0.100
0.100	0.700	0.100	0.100
