>TATATADAVS	1-TATATADAVS	5.576334	-1400.594278	0	T:3859.0(16.07%),B:1574.0(6.30%),P:1e-608	Tpos:31.9,Tstd:11.8,Bpos:50.5,Bstd:36.3,StrandBias:-0.1,Multiplicity:1.58
0.024	0.041	0.044	0.891
0.702	0.028	0.011	0.259
0.074	0.013	0.003	0.910
0.838	0.004	0.006	0.152
0.227	0.022	0.036	0.715
0.926	0.015	0.044	0.015
0.239	0.142	0.270	0.349
0.454	0.179	0.246	0.121
0.210	0.293	0.358	0.139
0.223	0.313	0.381	0.084
>CCCCCMCCCC	2-CCCCCMCCCC	5.088387	-1239.011987	0	T:9595.0(39.95%),B:6323.2(25.30%),P:1e-538	Tpos:55.7,Tstd:26.0,Bpos:49.3,Bstd:31.7,StrandBias:2.3,Multiplicity:1.44
0.255	0.481	0.001	0.264
0.221	0.542	0.001	0.236
0.192	0.618	0.013	0.177
0.271	0.665	0.040	0.024
0.298	0.561	0.140	0.001
0.289	0.381	0.138	0.192
0.189	0.451	0.067	0.292
0.170	0.547	0.001	0.282
0.195	0.566	0.079	0.160
0.057	0.941	0.001	0.001
>CTCTCGTCTC	3-CTCTCGTCTC	5.252273	-1006.146366	0	T:9160.0(38.14%),B:6256.0(25.03%),P:1e-436	Tpos:56.4,Tstd:26.6,Bpos:49.8,Bstd:31.6,StrandBias:1.3,Multiplicity:1.23
0.082	0.492	0.220	0.206
0.046	0.165	0.072	0.717
0.010	0.707	0.127	0.156
0.034	0.147	0.178	0.641
0.032	0.919	0.012	0.037
0.054	0.334	0.520	0.092
0.090	0.195	0.101	0.614
0.005	0.853	0.067	0.075
0.046	0.044	0.112	0.798
0.007	0.797	0.057	0.139
>GTGTGGTGTG	4-GTGTGGTGTG	4.909295	-699.903348	0	T:6871.0(28.61%),B:4669.4(18.68%),P:1e-303	Tpos:53.5,Tstd:26.6,Bpos:50.6,Bstd:28.7,StrandBias:-1.6,Multiplicity:1.20
0.073	0.108	0.704	0.115
0.112	0.108	0.128	0.652
0.033	0.106	0.804	0.057
0.100	0.172	0.108	0.620
0.072	0.098	0.694	0.136
0.070	0.157	0.677	0.096
0.128	0.116	0.101	0.655
0.053	0.117	0.749	0.081
0.098	0.119	0.112	0.671
0.067	0.071	0.772	0.090
>TTGGSANTTG	5-TTGGSANTTG	6.219481	-575.717083	0	T:3281.0(13.66%),B:1836.6(7.35%),P:1e-250	Tpos:50.1,Tstd:26.7,Bpos:50.7,Bstd:31.4,StrandBias:-1.0,Multiplicity:1.08
0.088	0.027	0.240	0.645
0.001	0.001	0.016	0.982
0.001	0.001	0.594	0.404
0.001	0.188	0.761	0.050
0.194	0.296	0.411	0.099
0.621	0.034	0.311	0.034
0.283	0.228	0.278	0.210
0.010	0.103	0.007	0.880
0.001	0.001	0.233	0.765
0.001	0.001	0.809	0.189
>TCTCTCTCTC	6-TCTCTCTCTC	5.090161	-541.961007	0	T:6312.0(26.28%),B:4437.3(17.76%),P:1e-235	Tpos:55.9,Tstd:26.3,Bpos:50.2,Bstd:33.3,StrandBias:1.3,Multiplicity:1.13
0.069	0.207	0.142	0.582
0.056	0.638	0.134	0.172
0.116	0.213	0.148	0.523
0.101	0.587	0.142	0.170
0.091	0.189	0.142	0.578
0.041	0.663	0.137	0.159
0.110	0.208	0.101	0.581
0.101	0.597	0.122	0.180
0.099	0.140	0.162	0.599
0.049	0.649	0.120	0.182
>SGAAKCGAAN	7-SGAAKCGAAN	6.800497	-512.596917	0	T:2010.0(8.37%),B:956.7(3.83%),P:1e-222	Tpos:55.7,Tstd:26.7,Bpos:53.5,Bstd:30.7,StrandBias:-1.1,Multiplicity:1.06
0.001	0.564	0.434	0.001
0.096	0.001	0.902	0.001
0.929	0.048	0.022	0.001
0.984	0.001	0.009	0.006
0.055	0.001	0.423	0.521
0.009	0.622	0.353	0.016
0.017	0.019	0.963	0.001
0.765	0.023	0.211	0.001
0.755	0.001	0.227	0.017
0.180	0.272	0.322	0.226
>AAACCAAACC	8-AAACCAAACC	5.788208	-453.249444	0	T:3066.0(12.77%),B:1813.7(7.26%),P:1e-196	Tpos:51.7,Tstd:25.8,Bpos:50.6,Bstd:31.7,StrandBias:1.7,Multiplicity:1.16
0.715	0.135	0.092	0.058
0.761	0.094	0.093	0.052
0.644	0.134	0.117	0.105
0.096	0.701	0.113	0.090
0.140	0.722	0.093	0.045
0.669	0.154	0.102	0.075
0.755	0.094	0.078	0.073
0.689	0.108	0.107	0.096
0.133	0.644	0.138	0.085
0.111	0.703	0.127	0.059
>CCGCMGCCGC	9-CCGCMGCCGC	6.901991	-403.294613	0	T:3772.0(15.71%),B:2463.1(9.86%),P:1e-175	Tpos:59.7,Tstd:26.8,Bpos:49.0,Bstd:31.1,StrandBias:1.1,Multiplicity:1.10
0.127	0.788	0.001	0.084
0.200	0.664	0.012	0.124
0.015	0.028	0.952	0.005
0.001	0.909	0.021	0.069
0.360	0.475	0.013	0.152
0.068	0.069	0.805	0.058
0.110	0.804	0.050	0.036
0.179	0.678	0.068	0.075
0.001	0.030	0.613	0.356
0.052	0.847	0.037	0.064
>ACACACACAC	10-ACACACACAC	6.300060	-337.006862	0	T:1832.0(7.63%),B:994.9(3.98%),P:1e-146	Tpos:55.5,Tstd:25.9,Bpos:50.6,Bstd:27.4,StrandBias:1.8,Multiplicity:1.05
0.672	0.126	0.111	0.091
0.115	0.748	0.088	0.049
0.679	0.095	0.133	0.093
0.115	0.731	0.114	0.040
0.687	0.088	0.136	0.089
0.118	0.726	0.099	0.057
0.676	0.104	0.128	0.092
0.102	0.739	0.119	0.040
0.642	0.124	0.142	0.092
0.128	0.701	0.117	0.054
>AAACCCTAGC	11-AAACCCTAGC	7.794280	-328.246456	0	T:742.0(3.09%),B:258.6(1.03%),P:1e-142	Tpos:53.6,Tstd:26.6,Bpos:47.9,Bstd:31.5,StrandBias:0.9,Multiplicity:1.02
0.920	0.001	0.034	0.045
0.997	0.001	0.001	0.001
0.987	0.001	0.011	0.001
0.043	0.933	0.012	0.012
0.001	0.997	0.001	0.001
0.001	0.997	0.001	0.001
0.001	0.001	0.005	0.993
0.874	0.038	0.023	0.065
0.038	0.001	0.949	0.012
0.069	0.685	0.045	0.201
>CCATCCATCC	12-CCATCCATCC	8.412041	-273.377286	0	T:627.0(2.61%),B:220.6(0.88%),P:1e-118	Tpos:53.1,Tstd:28.2,Bpos:48.9,Bstd:23.8,StrandBias:2.1,Multiplicity:1.01
0.001	0.878	0.046	0.075
0.001	0.671	0.327	0.001
0.719	0.001	0.258	0.022
0.147	0.001	0.001	0.851
0.001	0.997	0.001	0.001
0.001	0.997	0.001	0.001
0.723	0.001	0.275	0.001
0.184	0.016	0.142	0.658
0.001	0.832	0.001	0.166
0.054	0.793	0.152	0.001
>TASTASTAGT	13-TASTASTAGT	5.749160	-155.919404	0	T:1421.0(5.92%),B:906.2(3.63%),P:1e-67	Tpos:47.8,Tstd:25.0,Bpos:51.1,Bstd:27.5,StrandBias:-0.1,Multiplicity:1.06
0.134	0.114	0.166	0.586
0.557	0.035	0.227	0.181
0.001	0.550	0.430	0.019
0.121	0.143	0.001	0.735
0.773	0.001	0.124	0.102
0.001	0.445	0.553	0.001
0.001	0.181	0.001	0.817
0.761	0.024	0.110	0.105
0.015	0.358	0.576	0.051
0.189	0.204	0.065	0.542
>CTGCCTGCCT	14-CTGCCTGCCT	9.295871	-150.117700	0	T:398.0(1.66%),B:153.6(0.61%),P:1e-65	Tpos:52.8,Tstd:27.1,Bpos:52.0,Bstd:29.0,StrandBias:0.1,Multiplicity:1.01
0.097	0.883	0.001	0.019
0.001	0.001	0.001	0.997
0.001	0.013	0.904	0.082
0.043	0.925	0.031	0.001
0.001	0.970	0.001	0.028
0.082	0.001	0.024	0.893
0.001	0.001	0.997	0.001
0.001	0.908	0.040	0.051
0.035	0.919	0.024	0.022
0.058	0.055	0.069	0.818
>AGTCCAGTCC	15-AGTCCAGTCC	8.573347	-144.200009	0	T:194.0(0.81%),B:45.2(0.18%),P:1e-62	Tpos:53.4,Tstd:27.0,Bpos:54.0,Bstd:28.6,StrandBias:1.4,Multiplicity:1.02
0.867	0.061	0.071	0.001
0.019	0.071	0.880	0.030
0.001	0.031	0.003	0.965
0.019	0.961	0.001	0.019
0.003	0.993	0.001	0.003
0.872	0.071	0.001	0.056
0.042	0.030	0.927	0.001
0.001	0.001	0.070	0.928
0.001	0.957	0.001	0.041
0.010	0.859	0.010	0.121
>TTATCCKCTT	16-TTATCCKCTT	7.359167	-143.774122	0	T:372.0(1.55%),B:141.0(0.56%),P:1e-62	Tpos:44.5,Tstd:24.9,Bpos:48.1,Bstd:32.1,StrandBias:1.2,Multiplicity:1.02
0.001	0.006	0.037	0.956
0.001	0.019	0.019	0.961
0.997	0.001	0.001	0.001
0.001	0.001	0.001	0.997
0.006	0.987	0.001	0.006
0.001	0.916	0.001	0.082
0.001	0.139	0.474	0.386
0.019	0.897	0.083	0.001
0.001	0.006	0.001	0.992
0.007	0.083	0.059	0.851
>CTTCCTTATC	17-CTTCCTTATC	9.605598	-139.852678	0	T:89.0(0.37%),B:8.8(0.04%),P:1e-60	Tpos:46.0,Tstd:24.1,Bpos:64.2,Bstd:16.5,StrandBias:2.0,Multiplicity:1.00
0.001	0.997	0.001	0.001
0.001	0.076	0.001	0.922
0.001	0.001	0.150	0.848
0.001	0.997	0.001	0.001
0.001	0.997	0.001	0.001
0.001	0.001	0.001	0.997
0.001	0.001	0.001	0.997
0.997	0.001	0.001	0.001
0.001	0.001	0.076	0.922
0.020	0.978	0.001	0.001
>TTCCGCATTC	18-TTCCGCATTC	8.044980	-116.991585	0	T:135.0(0.56%),B:27.4(0.11%),P:1e-50	Tpos:50.6,Tstd:25.1,Bpos:50.4,Bstd:26.4,StrandBias:1.2,Multiplicity:1.00
0.294	0.054	0.034	0.618
0.003	0.294	0.075	0.628
0.039	0.906	0.011	0.044
0.228	0.746	0.013	0.013
0.065	0.206	0.566	0.163
0.198	0.511	0.241	0.050
0.505	0.254	0.239	0.002
0.033	0.046	0.279	0.642
0.010	0.259	0.029	0.702
0.003	0.726	0.097	0.174
>CTAGCTAGCT	19-CTAGCTAGCT	9.003601	-114.879834	0	T:304.0(1.27%),B:117.5(0.47%),P:1e-49	Tpos:56.7,Tstd:27.1,Bpos:47.5,Bstd:26.4,StrandBias:0.2,Multiplicity:1.02
0.015	0.959	0.025	0.001
0.001	0.087	0.073	0.839
0.997	0.001	0.001	0.001
0.002	0.015	0.961	0.022
0.001	0.993	0.001	0.005
0.051	0.001	0.001	0.947
0.921	0.020	0.058	0.001
0.005	0.021	0.942	0.032
0.001	0.990	0.001	0.008
0.168	0.033	0.001	0.798
>CGGGACTCGG	20-CGGGACTCGG	10.568035	-92.129650	0	T:65.0(0.27%),B:7.1(0.03%),P:1e-40	Tpos:47.5,Tstd:27.6,Bpos:28.1,Bstd:22.3,StrandBias:-1.7,Multiplicity:1.00
0.001	0.997	0.001	0.001
0.001	0.001	0.997	0.001
0.001	0.001	0.997	0.001
0.001	0.001	0.997	0.001
0.879	0.001	0.001	0.119
0.001	0.997	0.001	0.001
0.001	0.001	0.001	0.997
0.001	0.949	0.001	0.049
0.001	0.119	0.879	0.001
0.001	0.001	0.997	0.001
>GCTGTGCCTG	21-GCTGTGCCTG	9.481331	-89.502162	0	T:77.0(0.32%),B:11.1(0.04%),P:1e-38	Tpos:56.1,Tstd:28.0,Bpos:75.7,Bstd:18.8,StrandBias:0.1,Multiplicity:1.00
0.001	0.001	0.997	0.001
0.001	0.997	0.001	0.001
0.001	0.001	0.001	0.997
0.001	0.117	0.881	0.001
0.001	0.001	0.001	0.997
0.001	0.001	0.906	0.092
0.001	0.997	0.001	0.001
0.001	0.997	0.001	0.001
0.001	0.001	0.001	0.997
0.016	0.001	0.913	0.070
>AAATAAAAAC	22-AAATAAAAAC	8.655676	-72.300756	0	T:212.0(0.88%),B:87.0(0.35%),P:1e-31	Tpos:41.4,Tstd:23.7,Bpos:43.5,Bstd:32.0,StrandBias:0.6,Multiplicity:1.02
0.799	0.083	0.035	0.083
0.995	0.001	0.003	0.001
0.779	0.050	0.050	0.121
0.001	0.001	0.001	0.997
0.873	0.001	0.125	0.001
0.949	0.001	0.049	0.001
0.973	0.001	0.022	0.004
0.974	0.001	0.004	0.021
0.874	0.001	0.088	0.037
0.039	0.869	0.058	0.034
>CGCATCGCAT	23-CGCATCGCAT	10.848162	-71.661185	0	T:62.0(0.26%),B:9.4(0.04%),P:1e-31	Tpos:48.9,Tstd:27.4,Bpos:59.6,Bstd:20.5,StrandBias:1.8,Multiplicity:1.04
0.001	0.997	0.001	0.001
0.001	0.001	0.997	0.001
0.001	0.997	0.001	0.001
0.840	0.088	0.067	0.005
0.001	0.001	0.248	0.750
0.001	0.997	0.001	0.001
0.001	0.001	0.997	0.001
0.001	0.997	0.001	0.001
0.997	0.001	0.001	0.001
0.001	0.001	0.001	0.997
>CGCAGGCCGC	24-CGCAGGCCGC	12.379185	-58.187117	0	T:77.0(0.32%),B:18.2(0.07%),P:1e-25	Tpos:54.8,Tstd:27.7,Bpos:24.7,Bstd:19.8,StrandBias:1.4,Multiplicity:1.00
0.001	0.997	0.001	0.001
0.001	0.001	0.997	0.001
0.001	0.997	0.001	0.001
0.997	0.001	0.001	0.001
0.001	0.001	0.997	0.001
0.001	0.001	0.997	0.001
0.001	0.997	0.001	0.001
0.233	0.765	0.001	0.001
0.001	0.001	0.997	0.001
0.001	0.997	0.001	0.001
>AGCAGTTAGC	25-AGCAGTTAGC	10.362082	-46.543804	0	T:34.0(0.14%),B:4.2(0.02%),P:1e-20	Tpos:47.9,Tstd:26.8,Bpos:55.4,Bstd:28.3,StrandBias:1.7,Multiplicity:1.03
0.930	0.001	0.068	0.001
0.001	0.001	0.997	0.001
0.001	0.797	0.001	0.201
0.804	0.001	0.193	0.002
0.146	0.193	0.660	0.001
0.001	0.001	0.142	0.856
0.004	0.417	0.001	0.578
0.997	0.001	0.001	0.001
0.001	0.001	0.997	0.001
0.001	0.535	0.271	0.193
>TATATAWANVVV	1-TATATAWANVVV	5.577007	-1378.131349	0	T:3512.0(14.62%),B:1362.5(5.45%),P:1e-598	Tpos:31.9,Tstd:11.3,Bpos:50.6,Bstd:35.7,StrandBias:0.1,Multiplicity:1.11
0.112	0.163	0.135	0.590
0.505	0.178	0.020	0.297
0.060	0.006	0.008	0.926
0.799	0.001	0.001	0.199
0.250	0.006	0.016	0.728
0.908	0.001	0.028	0.063
0.322	0.075	0.173	0.430
0.595	0.140	0.171	0.094
0.266	0.204	0.284	0.246
0.323	0.242	0.305	0.130
0.216	0.331	0.308	0.146
0.232	0.316	0.327	0.124
>CCCCHCCCCMCC	2-CCCCHCCCCMCC	4.890686	-1178.070437	0	T:10217.0(42.54%),B:6978.5(27.92%),P:1e-511	Tpos:56.3,Tstd:25.7,Bpos:49.6,Bstd:31.4,StrandBias:2.2,Multiplicity:1.39
0.030	0.874	0.017	0.079
0.122	0.707	0.057	0.114
0.096	0.821	0.020	0.063
0.152	0.712	0.088	0.048
0.337	0.372	0.066	0.225
0.076	0.821	0.026	0.077
0.096	0.680	0.090	0.134
0.086	0.726	0.069	0.119
0.081	0.883	0.011	0.025
0.400	0.337	0.123	0.140
0.046	0.860	0.055	0.039
0.013	0.959	0.012	0.016
>TCBYCTCBTCTC	3-TCBYCTCBTCTC	5.470241	-945.085301	0	T:10163.0(42.32%),B:7283.3(29.14%),P:1e-410	Tpos:56.2,Tstd:26.3,Bpos:50.3,Bstd:32.7,StrandBias:1.4,Multiplicity:1.21
0.026	0.347	0.108	0.519
0.018	0.666	0.106	0.210
0.048	0.324	0.285	0.342
0.027	0.349	0.129	0.495
0.022	0.663	0.084	0.231
0.020	0.232	0.127	0.621
0.014	0.670	0.085	0.231
0.037	0.393	0.270	0.300
0.037	0.292	0.139	0.532
0.013	0.681	0.067	0.239
0.023	0.254	0.146	0.577
0.028	0.621	0.106	0.245
>TTCCATTCCATY	4-TTCCATTCCATY	5.736219	-816.728380	0	T:5407.0(22.51%),B:3251.7(13.01%),P:1e-354	Tpos:54.0,Tstd:26.5,Bpos:50.7,Bstd:30.7,StrandBias:1.7,Multiplicity:1.08
0.086	0.118	0.055	0.741
0.004	0.332	0.041	0.623
0.003	0.801	0.006	0.190
0.134	0.786	0.071	0.009
0.515	0.181	0.222	0.082
0.084	0.174	0.023	0.719
0.008	0.125	0.001	0.866
0.008	0.733	0.015	0.244
0.019	0.884	0.077	0.020
0.565	0.206	0.168	0.061
0.080	0.208	0.135	0.577
0.020	0.452	0.027	0.501
>CAAACCAAACCA	5-CAAACCAAACCA	4.869060	-539.742674	0	T:7358.0(30.64%),B:5390.7(21.57%),P:1e-234	Tpos:52.1,Tstd:26.0,Bpos:50.0,Bstd:29.4,StrandBias:1.5,Multiplicity:1.14
0.178	0.680	0.120	0.022
0.654	0.219	0.112	0.015
0.747	0.097	0.134	0.022
0.555	0.148	0.175	0.122
0.130	0.596	0.192	0.082
0.187	0.723	0.077	0.013
0.782	0.142	0.061	0.015
0.743	0.113	0.128	0.016
0.638	0.105	0.150	0.107
0.134	0.586	0.209	0.071
0.182	0.720	0.080	0.018
0.673	0.187	0.107	0.033
>MCACACACACAC	6-MCACACACACAC	5.474966	-472.614362	0	T:3525.0(14.68%),B:2157.4(8.63%),P:1e-205	Tpos:55.9,Tstd:25.2,Bpos:50.3,Bstd:28.6,StrandBias:1.9,Multiplicity:1.09
0.317	0.343	0.181	0.159
0.127	0.773	0.045	0.055
0.639	0.092	0.138	0.131
0.126	0.756	0.095	0.023
0.669	0.036	0.203	0.092
0.097	0.755	0.103	0.045
0.665	0.086	0.136	0.113
0.097	0.750	0.117	0.036
0.683	0.040	0.199	0.078
0.099	0.783	0.093	0.025
0.711	0.080	0.105	0.104
0.107	0.726	0.108	0.059
>VAAACCCTAGCC	7-VAAACCCTAGCC	8.465941	-465.956572	0	T:933.0(3.88%),B:299.1(1.20%),P:1e-202	Tpos:54.8,Tstd:25.6,Bpos:52.9,Bstd:33.4,StrandBias:1.1,Multiplicity:1.03
0.349	0.226	0.338	0.086
0.853	0.001	0.105	0.041
0.997	0.001	0.001	0.001
0.990	0.001	0.008	0.001
0.004	0.988	0.004	0.004
0.001	0.997	0.001	0.001
0.001	0.997	0.001	0.001
0.136	0.009	0.033	0.822
0.895	0.055	0.001	0.049
0.147	0.080	0.756	0.017
0.157	0.440	0.164	0.239
0.229	0.463	0.234	0.074
>CTCGCAGTCTCG	8-CTCGCAGTCTCG	8.209120	-230.589152	0	T:602.0(2.51%),B:229.4(0.92%),P:1e-100	Tpos:54.4,Tstd:27.6,Bpos:47.7,Bstd:28.0,StrandBias:0.9,Multiplicity:1.04
0.023	0.865	0.086	0.026
0.013	0.035	0.036	0.916
0.027	0.920	0.013	0.040
0.020	0.062	0.843	0.075
0.020	0.923	0.040	0.017
0.729	0.041	0.162	0.068
0.033	0.055	0.885	0.027
0.026	0.093	0.048	0.833
0.010	0.930	0.033	0.027
0.017	0.041	0.358	0.584
0.010	0.953	0.017	0.020
0.300	0.042	0.628	0.030
>TGCGGACTGCGG	9-TGCGGACTGCGG	7.495548	-199.959191	0	T:411.0(1.71%),B:134.0(0.54%),P:1e-86	Tpos:55.3,Tstd:25.3,Bpos:52.7,Bstd:30.6,StrandBias:-0.3,Multiplicity:1.05
0.006	0.001	0.006	0.987
0.001	0.370	0.628	0.001
0.017	0.981	0.001	0.001
0.287	0.024	0.472	0.218
0.001	0.001	0.997	0.001
0.942	0.005	0.020	0.033
0.006	0.970	0.018	0.006
0.005	0.001	0.001	0.993
0.001	0.357	0.641	0.001
0.017	0.981	0.001	0.001
0.275	0.006	0.483	0.236
0.001	0.001	0.993	0.005
>CGTYCTTATCTB	10-CGTYCTTATCTB	10.938755	-156.154534	0	T:115.0(0.48%),B:13.9(0.06%),P:1e-67	Tpos:43.4,Tstd:22.6,Bpos:39.8,Bstd:22.6,StrandBias:3.1,Multiplicity:1.00
0.001	0.997	0.001	0.001
0.001	0.115	0.529	0.355
0.001	0.001	0.222	0.776
0.001	0.551	0.001	0.447
0.001	0.997	0.001	0.001
0.001	0.001	0.001	0.997
0.156	0.124	0.001	0.719
0.961	0.001	0.037	0.001
0.001	0.001	0.077	0.921
0.001	0.997	0.001	0.001
0.001	0.399	0.037	0.563
0.001	0.389	0.343	0.267
>GCCTACAAATAC	11-GCCTACAAATAC	9.766404	-137.708220	0	T:56.0(0.23%),B:2.9(0.01%),P:1e-59	Tpos:37.4,Tstd:18.4,Bpos:49.3,Bstd:15.7,StrandBias:2.6,Multiplicity:1.00
0.165	0.001	0.612	0.222
0.001	0.833	0.001	0.165
0.001	0.872	0.089	0.038
0.001	0.001	0.001	0.997
0.922	0.001	0.076	0.001
0.001	0.997	0.001	0.001
0.997	0.001	0.001	0.001
0.997	0.001	0.001	0.001
0.668	0.089	0.001	0.242
0.001	0.001	0.001	0.997
0.885	0.038	0.076	0.001
0.001	0.758	0.076	0.165
>CAGAGTCCAGAC	12-CAGAGTCCAGAC	7.004811	-125.305200	0	T:83.0(0.35%),B:8.5(0.03%),P:1e-54	Tpos:59.4,Tstd:24.4,Bpos:47.4,Bstd:15.5,StrandBias:0.4,Multiplicity:1.02
0.001	0.928	0.070	0.001
0.997	0.001	0.001	0.001
0.001	0.001	0.997	0.001
0.997	0.001	0.001	0.001
0.001	0.001	0.997	0.001
0.001	0.001	0.001	0.997
0.001	0.964	0.034	0.001
0.001	0.964	0.034	0.001
0.997	0.001	0.001	0.001
0.001	0.001	0.997	0.001
0.997	0.001	0.001	0.001
0.001	0.997	0.001	0.001
>STASTASTASTA	13-STASTASTASTA	6.180932	-124.560405	0	T:757.0(3.15%),B:425.5(1.70%),P:1e-54	Tpos:48.1,Tstd:24.7,Bpos:49.8,Bstd:27.6,StrandBias:-0.0,Multiplicity:1.04
0.063	0.480	0.390	0.067
0.115	0.132	0.108	0.645
0.643	0.092	0.150	0.115
0.037	0.488	0.435	0.040
0.091	0.116	0.092	0.701
0.687	0.087	0.124	0.102
0.035	0.475	0.455	0.034
0.106	0.129	0.088	0.677
0.694	0.084	0.119	0.103
0.055	0.432	0.469	0.043
0.016	0.175	0.118	0.691
0.637	0.122	0.125	0.116
>NNGCAGGCAGNN	14-NNGCAGGCAGNN	6.046937	-117.439234	0	T:604.0(2.51%),B:319.6(1.28%),P:1e-51	Tpos:53.0,Tstd:26.3,Bpos:49.5,Bstd:26.1,StrandBias:-0.0,Multiplicity:1.01
0.348	0.221	0.210	0.221
0.208	0.212	0.338	0.242
0.135	0.121	0.548	0.196
0.128	0.565	0.098	0.209
0.663	0.135	0.076	0.126
0.129	0.138	0.576	0.157
0.140	0.097	0.534	0.229
0.144	0.588	0.081	0.187
0.669	0.093	0.112	0.126
0.148	0.104	0.594	0.154
0.246	0.281	0.266	0.207
0.233	0.315	0.220	0.231
>TTGCGAGTTGCG	15-TTGCGAGTTGCG	11.463997	-115.943558	0	T:56.0(0.23%),B:3.8(0.02%),P:1e-50	Tpos:59.2,Tstd:27.4,Bpos:32.0,Bstd:11.3,StrandBias:-0.3,Multiplicity:1.05
0.023	0.046	0.057	0.874
0.017	0.212	0.063	0.708
0.006	0.023	0.948	0.023
0.023	0.771	0.051	0.155
0.023	0.034	0.883	0.060
0.840	0.046	0.052	0.062
0.035	0.058	0.856	0.051
0.029	0.080	0.040	0.851
0.023	0.222	0.057	0.698
0.001	0.005	0.954	0.040
0.028	0.760	0.029	0.183
0.034	0.034	0.872	0.060
>GCRGCCGGCGGC	16-GCRGCCGGCGGC	9.363719	-114.829573	0	T:842.0(3.51%),B:503.4(2.01%),P:1e-49	Tpos:53.8,Tstd:27.3,Bpos:48.2,Bstd:30.9,StrandBias:-0.2,Multiplicity:1.02
0.002	0.220	0.763	0.015
0.121	0.876	0.002	0.001
0.456	0.028	0.515	0.001
0.001	0.001	0.997	0.001
0.001	0.765	0.233	0.001
0.120	0.660	0.206	0.014
0.134	0.148	0.717	0.001
0.001	0.304	0.694	0.001
0.001	0.997	0.001	0.001
0.243	0.163	0.593	0.001
0.069	0.132	0.798	0.001
0.011	0.630	0.358	0.001
>CCGTCCGTCCGT	17-CCGTCCGTCCGT	8.943189	-113.046328	0	T:289.0(1.20%),B:109.7(0.44%),P:1e-49	Tpos:56.4,Tstd:26.2,Bpos:53.9,Bstd:27.6,StrandBias:1.6,Multiplicity:1.00
0.033	0.833	0.049	0.085
0.008	0.893	0.001	0.098
0.092	0.083	0.751	0.074
0.049	0.082	0.091	0.778
0.008	0.947	0.037	0.008
0.065	0.901	0.025	0.009
0.056	0.001	0.869	0.074
0.009	0.095	0.089	0.807
0.025	0.917	0.025	0.033
0.001	0.884	0.090	0.025
0.099	0.108	0.712	0.081
0.122	0.079	0.090	0.709
>CCAAATTTCCCA	18-CCAAATTTCCCA	10.173819	-111.677197	0	T:60.0(0.25%),B:4.2(0.02%),P:1e-48	Tpos:44.9,Tstd:25.0,Bpos:36.8,Bstd:3.4,StrandBias:2.3,Multiplicity:1.00
0.071	0.830	0.063	0.036
0.138	0.763	0.057	0.042
0.861	0.068	0.043	0.028
0.840	0.064	0.068	0.028
0.853	0.036	0.068	0.043
0.071	0.071	0.021	0.837
0.029	0.129	0.043	0.799
0.042	0.056	0.064	0.838
0.014	0.866	0.057	0.063
0.043	0.871	0.036	0.050
0.110	0.833	0.014	0.043
0.824	0.068	0.071	0.037
>GCAGCTTCCTTT	19-GCAGCTTCCTTT	10.333992	-96.369745	0	T:63.0(0.26%),B:6.2(0.02%),P:1e-41	Tpos:54.0,Tstd:25.9,Bpos:59.7,Bstd:22.9,StrandBias:0.9,Multiplicity:1.00
0.036	0.040	0.874	0.050
0.043	0.878	0.043	0.036
0.827	0.036	0.050	0.087
0.043	0.079	0.842	0.036
0.028	0.907	0.015	0.050
0.079	0.057	0.014	0.850
0.057	0.043	0.099	0.801
0.007	0.787	0.100	0.106
0.071	0.836	0.050	0.043
0.058	0.036	0.064	0.842
0.036	0.118	0.057	0.789
0.029	0.104	0.085	0.782
>GCTAGCTAGCTA	20-GCTAGCTAGCTA	9.558094	-94.686832	0	T:221.0(0.92%),B:79.6(0.32%),P:1e-41	Tpos:57.2,Tstd:25.8,Bpos:50.9,Bstd:23.8,StrandBias:0.0,Multiplicity:1.02
0.149	0.049	0.758	0.044
0.068	0.862	0.046	0.024
0.076	0.074	0.070	0.780
0.849	0.029	0.073	0.049
0.011	0.021	0.947	0.021
0.023	0.936	0.018	0.023
0.052	0.049	0.025	0.874
0.835	0.027	0.087	0.051
0.014	0.025	0.936	0.025
0.031	0.915	0.016	0.038
0.142	0.144	0.024	0.690
0.625	0.049	0.204	0.122
>CMCGAGKCACGA	21-CMCGAGKCACGA	11.678538	-74.805182	0	T:46.0(0.19%),B:4.3(0.02%),P:1e-32	Tpos:54.9,Tstd:26.8,Bpos:7.5,Bstd:1.1,StrandBias:1.2,Multiplicity:1.00
0.031	0.966	0.002	0.001
0.341	0.409	0.001	0.249
0.001	0.996	0.002	0.001
0.063	0.001	0.934	0.002
0.819	0.122	0.058	0.001
0.061	0.062	0.638	0.239
0.208	0.032	0.354	0.406
0.001	0.847	0.151	0.001
0.554	0.387	0.058	0.001
0.002	0.996	0.001	0.001
0.066	0.207	0.726	0.001
0.814	0.064	0.117	0.005
>GGCAGAAAAATC	22-GGCAGAAAAATC	9.742065	-73.954608	0	T:69.0(0.29%),B:11.4(0.05%),P:1e-32	Tpos:47.1,Tstd:25.6,Bpos:40.5,Bstd:22.0,StrandBias:0.0,Multiplicity:1.00
0.060	0.030	0.812	0.098
0.070	0.069	0.792	0.069
0.088	0.753	0.060	0.099
0.816	0.089	0.050	0.045
0.048	0.029	0.894	0.029
0.881	0.020	0.070	0.029
0.873	0.029	0.059	0.039
0.843	0.049	0.049	0.059
0.792	0.039	0.069	0.100
0.892	0.001	0.049	0.058
0.069	0.029	0.060	0.842
0.049	0.833	0.059	0.059
>CTAGCTCGCTCG	23-CTAGCTCGCTCG	9.093419	-69.537848	0	T:102.0(0.42%),B:26.3(0.11%),P:1e-30	Tpos:55.8,Tstd:27.2,Bpos:35.2,Bstd:30.0,StrandBias:0.9,Multiplicity:1.00
0.105	0.692	0.106	0.097
0.103	0.150	0.125	0.622
0.518	0.190	0.153	0.139
0.082	0.112	0.695	0.111
0.095	0.715	0.096	0.094
0.084	0.132	0.106	0.678
0.078	0.710	0.108	0.104
0.091	0.123	0.660	0.126
0.106	0.692	0.108	0.094
0.087	0.130	0.135	0.648
0.073	0.710	0.121	0.096
0.091	0.129	0.659	0.121
>ACCCAAAAGGCC	24-ACCCAAAAGGCC	8.778317	-64.397845	0	T:49.0(0.20%),B:6.0(0.02%),P:1e-27	Tpos:46.9,Tstd:25.3,Bpos:61.1,Bstd:14.7,StrandBias:1.8,Multiplicity:1.00
0.623	0.123	0.142	0.112
0.118	0.634	0.140	0.108
0.098	0.684	0.120	0.098
0.134	0.670	0.118	0.078
0.655	0.146	0.120	0.079
0.635	0.149	0.139	0.077
0.654	0.143	0.130	0.073
0.657	0.130	0.095	0.118
0.114	0.111	0.679	0.096
0.081	0.129	0.687	0.103
0.090	0.720	0.106	0.084
0.113	0.701	0.097	0.089
>TTCCCCTGCCGC	25-TTCCCCTGCCGC	10.409522	-41.689909	0	T:77.0(0.32%),B:24.8(0.10%),P:1e-18	Tpos:60.1,Tstd:24.6,Bpos:41.9,Bstd:6.9,StrandBias:2.0,Multiplicity:1.00
0.100	0.100	0.100	0.700
0.100	0.100	0.100	0.700
0.100	0.700	0.100	0.100
0.100	0.700	0.100	0.100
0.100	0.700	0.100	0.100
0.100	0.700	0.100	0.100
0.100	0.100	0.100	0.700
0.100	0.100	0.700	0.100
0.100	0.700	0.100	0.100
0.100	0.700	0.100	0.100
0.100	0.100	0.700	0.100
0.100	0.700	0.100	0.100
>TATATA	1-TATATA	5.614864	-1245.557882	0	T:4184.0(17.42%),B:1900.0(7.60%),P:1e-540	Tpos:31.9,Tstd:12.5,Bpos:50.2,Bstd:38.0,StrandBias:-0.3,Multiplicity:1.16
0.001	0.001	0.001	0.997
0.611	0.001	0.026	0.362
0.111	0.001	0.001	0.887
0.997	0.001	0.001	0.001
0.001	0.001	0.001	0.997
0.997	0.001	0.001	0.001
>CACWCC	2-CACWCC	4.597763	-651.072850	0	T:14661.0(61.04%),B:12366.5(49.48%),P:1e-282	Tpos:54.2,Tstd:27.4,Bpos:50.2,Bstd:31.9,StrandBias:1.9,Multiplicity:1.67
0.001	0.997	0.001	0.001
0.573	0.265	0.001	0.161
0.164	0.576	0.001	0.259
0.416	0.123	0.001	0.461
0.001	0.860	0.138	0.001
0.275	0.723	0.001	0.001
>CGTCTC	3-CGTCTC	6.219021	-497.672089	0	T:7434.0(30.95%),B:5544.1(22.18%),P:1e-216	Tpos:55.5,Tstd:27.6,Bpos:49.1,Bstd:32.0,StrandBias:1.4,Multiplicity:1.19
0.001	0.997	0.001	0.001
0.001	0.254	0.744	0.001
0.001	0.179	0.001	0.819
0.001	0.997	0.001	0.001
0.069	0.001	0.001	0.929
0.001	0.997	0.001	0.001
>CCSGYC	4-CCSGYC	4.383836	-497.011470	0	T:14145.0(58.90%),B:12192.0(48.79%),P:1e-215	Tpos:52.7,Tstd:28.1,Bpos:49.5,Bstd:32.1,StrandBias:1.3,Multiplicity:1.52
0.001	0.957	0.001	0.041
0.164	0.784	0.001	0.051
0.233	0.336	0.430	0.001
0.001	0.338	0.508	0.153
0.123	0.424	0.001	0.453
0.122	0.731	0.106	0.041
>TCGCTC	5-TCGCTC	5.040153	-403.660473	0	T:6828.0(28.43%),B:5182.7(20.74%),P:1e-175	Tpos:54.3,Tstd:27.5,Bpos:49.1,Bstd:31.9,StrandBias:0.8,Multiplicity:1.18
0.171	0.153	0.001	0.675
0.001	0.997	0.001	0.001
0.227	0.125	0.473	0.175
0.001	0.799	0.199	0.001
0.065	0.001	0.171	0.763
0.001	0.593	0.001	0.405
>AAACCC	6-AAACCC	7.861132	-386.496699	0	T:2310.0(9.62%),B:1302.5(5.21%),P:1e-167	Tpos:51.8,Tstd:26.0,Bpos:50.6,Bstd:34.0,StrandBias:1.4,Multiplicity:1.06
0.997	0.001	0.001	0.001
0.997	0.001	0.001	0.001
0.997	0.001	0.001	0.001
0.355	0.643	0.001	0.001
0.001	0.997	0.001	0.001
0.001	0.997	0.001	0.001
>GCAGCG	7-GCAGCG	3.929077	-381.749462	0	T:12715.0(52.94%),B:11020.2(44.10%),P:1e-165	Tpos:56.0,Tstd:28.3,Bpos:49.8,Bstd:31.6,StrandBias:-0.4,Multiplicity:1.43
0.001	0.001	0.997	0.001
0.001	0.997	0.001	0.001
0.718	0.001	0.165	0.116
0.096	0.001	0.902	0.001
0.001	0.997	0.001	0.001
0.001	0.001	0.791	0.207
>AAGCGG	8-AAGCGG	5.229412	-248.713683	0	T:5415.0(22.55%),B:4242.6(16.98%),P:1e-108	Tpos:52.0,Tstd:28.6,Bpos:49.8,Bstd:32.7,StrandBias:-0.6,Multiplicity:1.09
0.905	0.001	0.001	0.093
0.496	0.327	0.177	0.001
0.001	0.001	0.997	0.001
0.001	0.997	0.001	0.001
0.001	0.001	0.997	0.001
0.001	0.001	0.997	0.001
>CCTTCC	9-CCTTCC	5.558737	-227.643349	0	T:6847.0(28.51%),B:5657.2(22.64%),P:1e-98	Tpos:53.1,Tstd:28.0,Bpos:51.2,Bstd:31.6,StrandBias:1.5,Multiplicity:1.20
0.001	0.997	0.001	0.001
0.001	0.918	0.080	0.001
0.258	0.001	0.001	0.740
0.114	0.001	0.001	0.884
0.001	0.823	0.001	0.175
0.001	0.997	0.001	0.001
>CKTATC	10-CKTATC	5.313462	-204.158008	0	T:3670.0(15.28%),B:2756.3(11.03%),P:1e-88	Tpos:49.4,Tstd:27.7,Bpos:49.4,Bstd:31.4,StrandBias:1.1,Multiplicity:1.09
0.040	0.958	0.001	0.001
0.001	0.056	0.542	0.401
0.180	0.257	0.102	0.461
0.583	0.110	0.001	0.306
0.084	0.001	0.210	0.705
0.001	0.960	0.038	0.001
>AGACTG	11-AGACTG	6.916448	-203.708032	0	T:2941.0(12.25%),B:2109.0(8.44%),P:1e-88	Tpos:50.8,Tstd:27.7,Bpos:49.7,Bstd:30.0,StrandBias:-0.8,Multiplicity:1.07
0.491	0.001	0.250	0.259
0.001	0.001	0.997	0.001
0.997	0.001	0.001	0.001
0.001	0.997	0.001	0.001
0.001	0.001	0.001	0.997
0.001	0.001	0.997	0.001
>TAATAA	12-TAATAA	4.252161	-197.664206	0	T:2230.0(9.29%),B:1508.1(6.03%),P:1e-85	Tpos:35.1,Tstd:20.6,Bpos:50.1,Bstd:37.6,StrandBias:-0.1,Multiplicity:1.10
0.001	0.001	0.001	0.997
0.886	0.001	0.001	0.112
0.843	0.001	0.001	0.155
0.001	0.001	0.001	0.997
0.997	0.001	0.001	0.001
0.997	0.001	0.001	0.001
>ASGCAG	13-ASGCAG	6.542505	-196.702460	0	T:6425.0(26.75%),B:5350.3(21.41%),P:1e-85	Tpos:54.1,Tstd:27.6,Bpos:49.3,Bstd:31.1,StrandBias:0.0,Multiplicity:1.22
0.630	0.368	0.001	0.001
0.001	0.466	0.532	0.001
0.001	0.001	0.997	0.001
0.001	0.997	0.001	0.001
0.997	0.001	0.001	0.001
0.001	0.001	0.997	0.001
>AAAAAA	14-AAAAAA	4.510419	-191.671406	0	T:7297.0(30.38%),B:6211.3(24.85%),P:1e-83	Tpos:43.3,Tstd:26.5,Bpos:51.1,Bstd:36.2,StrandBias:0.5,Multiplicity:1.27
0.811	0.001	0.001	0.187
0.498	0.053	0.107	0.343
0.606	0.143	0.092	0.159
0.726	0.236	0.001	0.037
0.843	0.001	0.155	0.001
0.690	0.053	0.083	0.174
>TCGACT	15-TCGACT	4.429786	-184.907248	0	T:3866.0(16.10%),B:2982.3(11.93%),P:1e-80	Tpos:51.5,Tstd:27.7,Bpos:49.3,Bstd:29.5,StrandBias:0.2,Multiplicity:1.08
0.001	0.001	0.001	0.997
0.001	0.997	0.001	0.001
0.001	0.001	0.990	0.008
0.841	0.001	0.001	0.157
0.001	0.865	0.001	0.133
0.001	0.001	0.001	0.997
>AACCAA	16-AACCAA	5.047796	-177.387017	0	T:4191.0(17.45%),B:3301.1(13.21%),P:1e-77	Tpos:51.6,Tstd:27.6,Bpos:50.1,Bstd:31.0,StrandBias:0.9,Multiplicity:1.15
0.600	0.305	0.001	0.094
0.895	0.045	0.002	0.058
0.115	0.495	0.257	0.132
0.128	0.716	0.121	0.035
0.532	0.363	0.104	0.001
0.723	0.062	0.127	0.088
>CACAGC	17-CACAGC	5.721329	-152.140718	0	T:3851.0(16.03%),B:3059.8(12.24%),P:1e-66	Tpos:53.0,Tstd:28.1,Bpos:49.7,Bstd:30.8,StrandBias:0.8,Multiplicity:1.12
0.001	0.906	0.001	0.092
0.997	0.001	0.001	0.001
0.001	0.997	0.001	0.001
0.820	0.001	0.001	0.178
0.001	0.001	0.997	0.001
0.001	0.997	0.001	0.001
>CCACCA	18-CCACCA	6.177716	-139.163687	0	T:3033.0(12.63%),B:2345.1(9.38%),P:1e-60	Tpos:53.8,Tstd:27.9,Bpos:49.8,Bstd:29.5,StrandBias:1.5,Multiplicity:1.19
0.100	0.700	0.100	0.100
0.100	0.700	0.100	0.100
0.700	0.100	0.100	0.100
0.100	0.700	0.100	0.100
0.100	0.700	0.100	0.100
0.700	0.100	0.100	0.100
>GAAWTG	19-GAAWTG	6.569174	-128.597726	0	T:3694.0(15.38%),B:2985.8(11.95%),P:1e-55	Tpos:51.3,Tstd:27.8,Bpos:49.3,Bstd:31.2,StrandBias:-1.4,Multiplicity:1.08
0.001	0.001	0.997	0.001
0.997	0.001	0.001	0.001
0.669	0.001	0.329	0.001
0.569	0.001	0.001	0.429
0.001	0.060	0.001	0.938
0.001	0.001	0.997	0.001
>TCCGTC	20-TCCGTC	6.177716	-108.390641	0	T:1613.0(6.72%),B:1156.5(4.63%),P:1e-47	Tpos:52.5,Tstd:28.7,Bpos:48.8,Bstd:30.4,StrandBias:1.1,Multiplicity:1.05
0.100	0.100	0.100	0.700
0.100	0.700	0.100	0.100
0.100	0.700	0.100	0.100
0.100	0.100	0.700	0.100
0.100	0.100	0.100	0.700
0.100	0.700	0.100	0.100
>CTAGTA	21-CTAGTA	5.388265	-107.446299	0	T:2252.0(9.38%),B:1724.0(6.90%),P:1e-46	Tpos:46.7,Tstd:26.2,Bpos:50.3,Bstd:29.6,StrandBias:0.1,Multiplicity:1.25
0.001	0.614	0.384	0.001
0.001	0.001	0.001	0.997
0.997	0.001	0.001	0.001
0.001	0.164	0.834	0.001
0.001	0.001	0.001	0.997
0.856	0.142	0.001	0.001
>TCRATC	22-TCRATC	4.426852	-104.219378	0	T:3751.0(15.62%),B:3121.4(12.49%),P:1e-45	Tpos:52.4,Tstd:29.3,Bpos:49.7,Bstd:28.7,StrandBias:0.8,Multiplicity:1.11
0.004	0.048	0.001	0.947
0.001	0.997	0.001	0.001
0.432	0.001	0.566	0.001
0.996	0.001	0.002	0.001
0.003	0.001	0.001	0.995
0.001	0.997	0.001	0.001
>GTGCGK	23-GTGCGK	7.566688	-80.228230	0	T:2946.0(12.27%),B:2450.9(9.81%),P:1e-34	Tpos:53.6,Tstd:27.8,Bpos:50.8,Bstd:31.3,StrandBias:-1.3,Multiplicity:1.09
0.001	0.001	0.997	0.001
0.001	0.001	0.001	0.997
0.001	0.001	0.997	0.001
0.001	0.997	0.001	0.001
0.001	0.001	0.997	0.001
0.001	0.001	0.519	0.479
>CTAGCT	24-CTAGCT	6.177716	-19.771887	0	T:1374.0(5.72%),B:1222.0(4.89%),P:1e-8	Tpos:55.8,Tstd:28.2,Bpos:49.1,Bstd:30.5,StrandBias:0.1,Multiplicity:1.27
0.100	0.700	0.100	0.100
0.100	0.100	0.100	0.700
0.700	0.100	0.100	0.100
0.100	0.100	0.700	0.100
0.100	0.700	0.100	0.100
0.100	0.100	0.100	0.700
>BNTATAWA	1-BNTATAWA	5.134902	-1278.635808	0	T:4306.0(17.93%),B:1961.4(7.85%),P:1e-555	Tpos:32.0,Tstd:12.3,Bpos:50.5,Bstd:37.0,StrandBias:0.1,Multiplicity:1.06
0.104	0.252	0.288	0.356
0.246	0.336	0.209	0.208
0.023	0.072	0.021	0.884
0.618	0.032	0.031	0.319
0.224	0.018	0.023	0.735
0.669	0.113	0.001	0.217
0.429	0.019	0.001	0.551
0.729	0.117	0.134	0.020
>CCCMTCCC	2-CCCMTCCC	5.406762	-1147.056229	0	T:11193.0(46.60%),B:7943.0(31.78%),P:1e-498	Tpos:55.4,Tstd:26.7,Bpos:50.0,Bstd:32.2,StrandBias:2.1,Multiplicity:1.55
0.001	0.756	0.001	0.242
0.001	0.997	0.001	0.001
0.318	0.488	0.193	0.001
0.374	0.382	0.059	0.185
0.286	0.226	0.001	0.487
0.001	0.603	0.001	0.395
0.001	0.997	0.001	0.001
0.001	0.997	0.001	0.001
>CCCACCAC	3-CCCACCAC	5.456663	-745.239675	0	T:6840.0(28.48%),B:4571.1(18.29%),P:1e-323	Tpos:53.7,Tstd:27.3,Bpos:50.0,Bstd:30.5,StrandBias:1.8,Multiplicity:1.17
0.218	0.767	0.014	0.001
0.222	0.679	0.061	0.038
0.176	0.798	0.006	0.020
0.625	0.095	0.202	0.078
0.026	0.828	0.048	0.098
0.014	0.872	0.004	0.110
0.673	0.038	0.201	0.088
0.200	0.760	0.020	0.020
>ATAAATAC	4-ATAAATAC	5.327404	-660.237719	0	T:2747.0(11.44%),B:1352.8(5.41%),P:1e-286	Tpos:39.5,Tstd:22.2,Bpos:52.8,Bstd:33.3,StrandBias:0.5,Multiplicity:1.04
0.823	0.038	0.040	0.099
0.071	0.056	0.045	0.828
0.763	0.097	0.043	0.097
0.662	0.094	0.137	0.107
0.654	0.083	0.149	0.114
0.164	0.090	0.066	0.680
0.821	0.064	0.066	0.049
0.069	0.771	0.135	0.025
>TYCGCWDC	5-TYCGCWDC	4.642305	-606.526170	0	T:8840.0(36.81%),B:6640.7(26.57%),P:1e-263	Tpos:56.7,Tstd:28.0,Bpos:49.0,Bstd:31.2,StrandBias:0.9,Multiplicity:1.17
0.087	0.206	0.243	0.464
0.130	0.428	0.067	0.375
0.152	0.834	0.001	0.013
0.197	0.001	0.736	0.066
0.008	0.626	0.001	0.365
0.332	0.214	0.038	0.416
0.216	0.148	0.284	0.353
0.042	0.652	0.195	0.111
>CCTCTCTC	6-CCTCTCTC	4.990893	-543.414863	0	T:9264.0(38.57%),B:7175.0(28.71%),P:1e-236	Tpos:55.8,Tstd:26.8,Bpos:49.7,Bstd:33.0,StrandBias:1.4,Multiplicity:1.26
0.066	0.497	0.110	0.327
0.025	0.737	0.060	0.178
0.075	0.223	0.118	0.584
0.035	0.833	0.103	0.029
0.103	0.018	0.141	0.738
0.001	0.843	0.069	0.087
0.043	0.102	0.221	0.634
0.001	0.689	0.001	0.309
>TCTCGTCT	7-TCTCGTCT	6.552629	-385.191531	0	T:2501.0(10.41%),B:1452.8(5.81%),P:1e-167	Tpos:55.6,Tstd:26.3,Bpos:50.2,Bstd:30.1,StrandBias:1.0,Multiplicity:1.08
0.037	0.337	0.050	0.576
0.069	0.734	0.001	0.196
0.001	0.375	0.099	0.525
0.143	0.779	0.077	0.001
0.001	0.001	0.963	0.035
0.077	0.135	0.087	0.701
0.001	0.997	0.001	0.001
0.022	0.001	0.047	0.930
>AAAMCCCA	8-AAAMCCCA	5.903220	-357.512599	0	T:1281.0(5.33%),B:580.8(2.32%),P:1e-155	Tpos:53.5,Tstd:25.6,Bpos:52.0,Bstd:34.3,StrandBias:1.3,Multiplicity:1.04
0.818	0.070	0.001	0.111
0.690	0.131	0.082	0.097
0.689	0.114	0.067	0.130
0.373	0.421	0.111	0.096
0.166	0.562	0.183	0.089
0.185	0.534	0.199	0.082
0.151	0.446	0.179	0.223
0.510	0.173	0.018	0.299
>CATCCRTC	9-CATCCRTC	7.854269	-300.690123	0	T:1658.0(6.90%),B:903.8(3.62%),P:1e-130	Tpos:53.0,Tstd:28.2,Bpos:50.5,Bstd:27.3,StrandBias:1.9,Multiplicity:1.11
0.001	0.944	0.054	0.001
0.568	0.001	0.372	0.059
0.001	0.408	0.001	0.590
0.001	0.965	0.001	0.033
0.044	0.892	0.063	0.001
0.566	0.001	0.432	0.001
0.001	0.370	0.001	0.628
0.001	0.997	0.001	0.001
>ACACACAC	10-ACACACAC	4.141926	-295.979388	0	T:3907.0(16.27%),B:2768.9(11.08%),P:1e-128	Tpos:54.6,Tstd:26.9,Bpos:50.2,Bstd:28.7,StrandBias:1.6,Multiplicity:1.14
0.763	0.042	0.063	0.132
0.037	0.932	0.020	0.011
0.904	0.001	0.030	0.065
0.023	0.927	0.032	0.018
0.941	0.001	0.034	0.024
0.012	0.965	0.022	0.001
0.938	0.001	0.048	0.013
0.039	0.884	0.057	0.020
>TCCCGTCC	11-TCCCGTCC	6.366829	-285.828451	0	T:1806.0(7.52%),B:1033.1(4.13%),P:1e-124	Tpos:51.2,Tstd:27.7,Bpos:48.4,Bstd:29.0,StrandBias:1.1,Multiplicity:1.06
0.012	0.073	0.001	0.914
0.010	0.926	0.001	0.063
0.027	0.949	0.001	0.023
0.267	0.430	0.163	0.140
0.001	0.001	0.997	0.001
0.001	0.001	0.031	0.967
0.045	0.953	0.001	0.001
0.014	0.984	0.001	0.001
>GCAGGCGG	12-GCAGGCGG	6.659614	-281.155648	0	T:3143.0(13.09%),B:2135.0(8.54%),P:1e-122	Tpos:53.4,Tstd:28.2,Bpos:49.7,Bstd:30.6,StrandBias:-0.4,Multiplicity:1.13
0.203	0.001	0.795	0.001
0.145	0.796	0.001	0.058
0.547	0.190	0.262	0.001
0.154	0.077	0.768	0.001
0.001	0.004	0.947	0.048
0.001	0.939	0.001	0.059
0.243	0.236	0.520	0.001
0.032	0.001	0.966	0.001
>AACCAAAC	13-AACCAAAC	6.759144	-269.816293	0	T:1716.0(7.14%),B:983.1(3.93%),P:1e-117	Tpos:49.3,Tstd:26.3,Bpos:51.7,Bstd:31.6,StrandBias:1.3,Multiplicity:1.09
0.964	0.001	0.001	0.034
0.920	0.017	0.062	0.001
0.060	0.806	0.057	0.077
0.045	0.749	0.205	0.001
0.897	0.041	0.061	0.001
0.948	0.001	0.050	0.001
0.907	0.091	0.001	0.001
0.095	0.903	0.001	0.001
>CTTCCTTC	14-CTTCCTTC	7.404738	-206.656018	0	T:1502.0(6.25%),B:897.9(3.59%),P:1e-89	Tpos:53.3,Tstd:27.1,Bpos:51.6,Bstd:33.4,StrandBias:1.1,Multiplicity:1.05
0.001	0.891	0.001	0.107
0.001	0.001	0.001	0.997
0.001	0.001	0.001	0.997
0.001	0.997	0.001	0.001
0.001	0.997	0.001	0.001
0.001	0.242	0.038	0.719
0.071	0.001	0.001	0.927
0.001	0.871	0.001	0.127
>TCGTCTCG	15-TCGTCTCG	7.713354	-201.077937	0	T:1035.0(4.31%),B:547.7(2.19%),P:1e-87	Tpos:53.2,Tstd:28.0,Bpos:50.5,Bstd:26.1,StrandBias:0.8,Multiplicity:1.02
0.001	0.071	0.001	0.927
0.001	0.997	0.001	0.001
0.001	0.001	0.997	0.001
0.231	0.086	0.001	0.682
0.108	0.890	0.001	0.001
0.001	0.001	0.001	0.997
0.001	0.997	0.001	0.001
0.095	0.001	0.802	0.102
>CACAGCAC	16-CACAGCAC	7.179025	-198.956143	0	T:1346.0(5.60%),B:785.9(3.14%),P:1e-86	Tpos:54.7,Tstd:26.9,Bpos:47.7,Bstd:29.7,StrandBias:1.0,Multiplicity:1.07
0.001	0.971	0.001	0.027
0.997	0.001	0.001	0.001
0.001	0.997	0.001	0.001
0.584	0.086	0.216	0.114
0.097	0.001	0.901	0.001
0.038	0.960	0.001	0.001
0.821	0.111	0.019	0.049
0.001	0.919	0.050	0.030
>CCTTATCC	17-CCTTATCC	8.482020	-164.025339	0	T:438.0(1.82%),B:169.1(0.68%),P:1e-71	Tpos:44.3,Tstd:24.6,Bpos:49.9,Bstd:31.1,StrandBias:1.8,Multiplicity:1.03
0.001	0.881	0.117	0.001
0.001	0.997	0.001	0.001
0.001	0.001	0.001	0.997
0.001	0.001	0.001	0.997
0.997	0.001	0.001	0.001
0.001	0.001	0.001	0.997
0.001	0.997	0.001	0.001
0.001	0.641	0.001	0.357
>CTCATCTC	18-CTCATCTC	8.347128	-126.226315	0	T:820.0(3.41%),B:471.7(1.89%),P:1e-54	Tpos:53.8,Tstd:28.5,Bpos:50.1,Bstd:31.2,StrandBias:2.3,Multiplicity:1.03
0.001	0.997	0.001	0.001
0.001	0.108	0.001	0.890
0.001	0.997	0.001	0.001
0.728	0.001	0.270	0.001
0.001	0.001	0.001	0.997
0.001	0.997	0.001	0.001
0.001	0.001	0.167	0.831
0.001	0.997	0.001	0.001
>ACTAGTAC	19-ACTAGTAC	7.096865	-119.076080	0	T:458.0(1.91%),B:214.8(0.86%),P:1e-51	Tpos:43.9,Tstd:23.8,Bpos:50.9,Bstd:28.2,StrandBias:0.2,Multiplicity:1.06
0.938	0.048	0.001	0.013
0.042	0.912	0.045	0.001
0.038	0.001	0.001	0.960
0.936	0.016	0.001	0.047
0.001	0.205	0.793	0.001
0.001	0.001	0.021	0.977
0.977	0.001	0.001	0.021
0.014	0.688	0.283	0.015
>AAATCGAA	20-AAATCGAA	7.243179	-103.284713	0	T:695.0(2.89%),B:404.1(1.62%),P:1e-44	Tpos:51.6,Tstd:27.2,Bpos:51.2,Bstd:31.9,StrandBias:-0.3,Multiplicity:1.02
0.888	0.001	0.110	0.001
0.997	0.001	0.001	0.001
0.855	0.001	0.001	0.143
0.001	0.001	0.202	0.796
0.001	0.842	0.156	0.001
0.001	0.001	0.997	0.001
0.997	0.001	0.001	0.001
0.997	0.001	0.001	0.001
>TAGCTAGC	21-TAGCTAGC	5.938082	-90.562955	0	T:1851.0(7.71%),B:1409.3(5.64%),P:1e-39	Tpos:54.5,Tstd:27.6,Bpos:49.9,Bstd:28.9,StrandBias:0.0,Multiplicity:1.20
0.134	0.181	0.032	0.653
0.704	0.020	0.064	0.212
0.047	0.044	0.850	0.059
0.108	0.780	0.067	0.045
0.165	0.056	0.077	0.702
0.728	0.069	0.058	0.145
0.057	0.047	0.895	0.001
0.099	0.692	0.045	0.164
>CTTTATTA	22-CTTTATTA	8.613698	-87.580251	0	T:216.0(0.90%),B:80.5(0.32%),P:1e-38	Tpos:37.0,Tstd:19.9,Bpos:55.4,Bstd:32.7,StrandBias:0.3,Multiplicity:1.01
0.139	0.623	0.237	0.001
0.001	0.001	0.141	0.857
0.001	0.001	0.001	0.997
0.001	0.001	0.001	0.997
0.997	0.001	0.001	0.001
0.001	0.001	0.001	0.997
0.027	0.001	0.001	0.971
0.997	0.001	0.001	0.001
>AGTTGCGA	23-AGTTGCGA	8.648486	-76.102978	0	T:270.0(1.12%),B:122.6(0.49%),P:1e-33	Tpos:53.3,Tstd:27.5,Bpos:50.5,Bstd:24.0,StrandBias:-1.2,Multiplicity:1.02
0.997	0.001	0.001	0.001
0.001	0.162	0.836	0.001
0.001	0.001	0.001	0.997
0.001	0.001	0.303	0.695
0.001	0.001	0.997	0.001
0.001	0.997	0.001	0.001
0.001	0.001	0.997	0.001
0.846	0.001	0.001	0.152
>GATTTTTC	24-GATTTTTC	9.303231	-75.675508	0	T:265.0(1.10%),B:119.2(0.48%),P:1e-32	Tpos:37.7,Tstd:26.0,Bpos:53.5,Bstd:33.8,StrandBias:0.4,Multiplicity:1.08
0.001	0.001	0.997	0.001
0.997	0.001	0.001	0.001
0.001	0.001	0.001	0.997
0.171	0.001	0.001	0.827
0.001	0.001	0.001	0.997
0.001	0.001	0.001	0.997
0.001	0.001	0.001	0.997
0.001	0.997	0.001	0.001
>TATTTAAC	25-TATTTAAC	8.236954	-60.898743	0	T:67.0(0.28%),B:13.2(0.05%),P:1e-26	Tpos:32.1,Tstd:12.4,Bpos:66.4,Bstd:13.0,StrandBias:0.8,Multiplicity:1.00
0.100	0.100	0.100	0.700
0.700	0.100	0.100	0.100
0.100	0.100	0.100	0.700
0.100	0.100	0.100	0.700
0.100	0.100	0.100	0.700
0.700	0.100	0.100	0.100
0.700	0.100	0.100	0.100
0.100	0.700	0.100	0.100
